120 1000
1 432         3 8 11 19 22 23 27 32 38 42 57 69 71 81 83 90 103 108 109 112 118 119 
2 265         14 17 18 21 24 25 29 33 40 48 50 64 71 75 79 81 86 88 92 102 105 108 
3 303         1 6 7 15 19 21 28 30 39 44 50 61 68 75 76 91 92 93 96 99 101 103 104 110 115 117 120 
4 365         31 41 45 46 47 49 50 51 52 59 75 79 84 95 101 109 111 116 117 
5 282         12 13 17 19 21 23 24 39 43 62 64 68 75 82 90 92 93 98 100 102 106 107 114 118 119 120 
6 353         3 16 19 22 26 29 35 36 43 44 59 70 75 79 82 94 106 116 
7 448         3 9 12 26 30 43 47 53 54 59 64 66 75 85 86 91 94 97 98 101 106 109 120 
8 260         1 11 13 20 21 25 30 31 37 39 40 41 44 50 56 57 59 69 76 78 89 90 92 94 98 101 103 
9 292         7 13 26 27 30 39 43 54 55 56 61 68 69 75 81 83 88 93 94 107 113 115 
10 496        17 18 20 22 34 41 42 50 61 64 66 69 70 77 82 87 88 89 90 91 99 104 113 
11 250        1 8 16 18 24 42 44 45 47 48 60 64 66 67 76 82 83 92 95 101 102 113 116 
12 254        5 7 13 19 20 21 22 23 24 36 44 49 59 60 62 63 72 75 83 86 88 89 93 96 98 101 110 
13 363        5 8 9 12 16 25 29 30 32 45 48 53 55 60 65 73 81 87 97 98 100 105 
14 265        2 23 49 61 70 81 86 100 107 120 
15 372        3 21 27 35 37 41 48 50 53 54 60 63 65 67 68 69 70 78 86 88 96 98 99 100 101 102 111 118 
16 372        6 11 13 21 33 42 47 51 60 65 75 84 94 113 115 
17 298        2 5 10 24 39 45 53 60 62 63 65 76 83 92 106 112 113 116 117 120 
18 330        2 10 11 20 24 30 42 56 66 67 70 76 89 93 97 99 104 107 111 112 115 
19 491        1 3 5 6 12 22 24 34 37 41 44 48 53 69 73 78 95 99 106 113 117 118 
20 253        8 10 12 18 30 31 32 33 34 35 37 53 56 58 66 69 80 82 84 86 89 91 103 115 
21 256        2 3 5 8 12 15 16 23 27 31 33 35 38 39 51 53 58 62 63 75 94 97 106 114 
22 429        1 6 10 12 19 23 25 27 30 32 34 38 43 45 49 54 61 64 74 78 79 84 88 90 104 105 108 113 114 
23 260        1 5 12 14 21 22 24 37 40 45 47 49 58 60 62 71 72 76 78 82 84 99 100 103 104 
24 311        2 5 11 12 17 18 19 23 30 31 33 53 65 66 67 75 81 82 89 91 92 105 120 
25 392        2 8 13 22 29 35 40 55 64 71 72 103 106 107 
26 268        6 7 9 29 38 43 67 69 72 85 86 95 96 97 104 105 106 107 110 111 
27 340        1 9 15 21 22 35 37 38 44 47 57 61 63 68 73 82 94 95 97 100 103 109 111 113 115 117 119 
28 433        3 31 33 35 42 54 57 60 64 69 71 72 73 74 78 86 87 88 92 106 113 
29 251        2 6 13 25 26 30 31 36 44 48 54 55 56 57 59 62 66 67 68 71 79 85 98 102 109 110 116 
30 316        3 7 8 9 13 18 20 22 24 29 35 43 54 74 77 82 83 89 91 94 102 106 108 111 
31 406        4 8 20 21 24 28 29 37 38 39 43 44 45 46 48 65 67 72 73 82 92 96 103 104 106 107 110 112 118 120 
32 259        1 13 20 22 38 39 42 52 61 62 68 71 79 84 87 88 94 97 100 101 107 108 118 
33 335        2 16 20 21 24 28 45 61 64 74 75 77 79 86 91 96 98 110 111 113 115 
34 365        10 19 20 22 40 41 42 44 48 51 53 59 60 73 85 87 88 93 98 102 104 108 116 
35 252        6 15 20 21 25 27 28 30 38 46 48 50 58 64 65 68 75 82 84 85 90 92 94 107 120 
36 383        6 12 29 55 58 64 67 69 77 80 82 90 92 95 99 105 106 110 113 120 
37 393        8 15 19 20 23 27 31 39 42 58 59 61 67 71 72 76 78 81 91 92 94 97 108 120 
38 271        1 21 22 26 27 31 32 35 40 45 51 52 56 63 65 70 79 80 82 86 87 90 91 105 109 113 115 117 120 
39 336        3 5 8 9 17 21 31 32 37 41 46 48 50 52 66 70 76 79 80 84 90 93 101 103 105 110 111 113 
40 380        2 8 23 25 34 38 48 53 56 62 66 68 73 74 76 77 79 85 99 111 115 116 117 119 
41 303        4 8 10 15 19 34 39 42 43 44 45 46 47 50 52 62 63 65 66 68 69 71 72 73 76 78 82 85 87 98 100 107 110 111 116 
42 317        1 10 11 16 18 28 32 34 37 41 44 47 50 59 61 63 68 69 78 82 95 99 100 109 110 113 120 
43 381        5 6 7 9 22 26 30 31 41 44 49 51 53 56 64 66 70 73 74 75 83 87 90 99 100 103 105 113 118 
44 295        3 6 8 11 12 19 27 29 31 34 41 42 43 59 63 64 66 72 74 79 84 88 97 102 
45 324        4 11 13 17 22 23 31 33 38 41 46 47 54 55 58 62 67 69 70 73 79 80 82 98 99 108 117 119 
46 424        4 31 35 39 41 45 48 52 53 54 62 64 65 67 69 71 74 77 88 91 94 102 103 111 112 114 115 117 118 
47 268        4 7 11 16 23 27 41 42 45 50 52 53 58 59 64 67 78 84 87 89 94 100 101 105 115 118 119 120 
48 308        2 11 13 15 19 29 31 34 35 39 40 46 51 66 69 71 86 87 88 89 97 100 110 115 
49 498        4 12 14 22 23 43 53 59 60 64 65 68 84 90 99 103 116 120 
50 250        2 3 4 8 10 15 35 39 41 42 47 53 55 59 61 64 66 74 93 97 102 104 108 116 
51 252        4 16 21 34 38 43 48 60 65 72 73 78 80 84 94 98 102 104 107 114 115 117 
52 414        4 32 38 39 41 46 47 53 65 84 88 90 94 99 102 104 108 110 115 120 
53 255        7 13 15 17 19 20 21 24 34 40 43 46 47 49 50 52 56 60 61 70 73 75 82 83 88 97 108 113 114 120 
54 331        7 9 15 22 28 29 30 45 46 61 62 64 69 71 79 85 86 88 102 104 111 116 
55 421        9 13 25 29 36 45 50 73 77 79 80 82 91 92 94 100 107 112 114 115 119 
56 268        8 9 18 20 29 38 40 43 53 59 63 64 65 71 75 80 85 101 105 106 107 108 112 113 114 119 
57 311        1 8 27 28 29 58 59 61 62 65 67 70 72 73 75 78 84 85 86 88 95 100 105 116 117 118 119 
58 491        20 21 23 35 36 37 45 47 57 61 63 65 67 69 71 81 83 89 98 100 101 107 108 111 119 120 
59 250        4 6 7 8 12 29 34 37 42 44 47 49 50 56 57 66 71 76 82 87 99 111 
60 259        11 12 13 15 16 17 23 28 34 49 51 53 68 69 73 80 87 93 95 103 116 
61 493        3 9 10 14 22 27 32 33 37 42 50 53 54 57 58 62 63 73 80 92 100 102 114 120 
62 250        5 12 17 21 23 29 32 40 41 45 46 54 57 61 65 81 92 95 99 107 115 116 119 
63 257        12 15 17 21 27 38 41 42 44 56 58 61 72 73 74 75 83 84 85 90 93 95 97 98 102 110 113 120 
64 368        2 5 7 10 11 22 25 28 33 35 36 43 44 46 47 49 50 54 56 76 77 78 84 89 95 100 102 108 115 117 
65 265        13 15 16 17 24 31 35 38 41 46 49 51 52 56 57 58 62 66 69 80 84 85 86 104 107 
66 367        7 10 11 18 20 24 29 39 40 41 43 44 48 50 59 65 72 106 111 112 115 116 
67 408        11 15 18 24 26 29 31 36 37 45 46 47 57 58 68 70 77 92 94 105 106 113 
68 289        3 5 9 15 27 29 32 35 40 41 42 49 60 67 70 79 81 85 104 108 119 
69 303        1 8 9 10 15 19 20 26 28 36 41 42 45 46 48 54 58 60 65 72 74 80 82 88 98 99 116 119 
70 444        6 10 14 15 18 38 39 43 45 53 57 67 68 73 77 79 88 102 107 116 
71 262        1 2 23 25 28 29 32 37 41 46 48 54 56 58 59 75 76 77 84 85 89 98 104 110 112 118 120 
72 294        12 23 25 26 28 31 37 41 44 51 57 63 66 69 76 78 81 90 93 100 106 
73 403        13 19 27 28 31 34 40 41 43 45 51 53 55 57 60 61 63 70 77 83 95 99 102 115 
74 259        22 28 30 33 40 43 44 46 50 63 69 75 80 83 86 88 93 98 99 107 108 110 113 116 
75 338        2 3 4 5 6 7 9 12 16 21 24 33 35 43 53 56 57 63 71 74 102 115 
76 485        3 8 11 17 18 23 37 39 40 41 59 64 71 72 85 88 89 91 94 98 99 102 107 111 117 
77 253        10 30 33 36 40 46 55 64 67 70 71 73 80 84 89 91 93 94 95 96 98 99 101 111 116 118 120 
78 262        8 15 19 22 23 28 37 41 42 47 51 57 64 72 87 96 97 99 101 104 108 110 112 
79 465        2 4 6 22 29 32 33 38 39 40 44 45 54 55 68 70 83 116 118 
80 260        20 36 38 39 45 51 55 56 60 61 65 69 74 77 82 83 87 90 103 108 111 120 
81 275        1 2 9 13 14 24 37 58 62 68 72 82 84 91 93 97 99 101 102 108 109 113 
82 421        5 6 10 11 20 23 24 27 30 31 35 36 38 41 42 45 53 55 59 69 80 81 96 98 101 107 117 
83 254        1 9 11 12 17 30 43 53 58 63 73 74 79 80 86 104 106 109 119 
84 325        4 16 20 22 23 32 35 39 44 47 49 51 52 57 63 64 65 71 77 81 88 89 95 97 109 115 
85 351        7 26 29 34 35 40 41 54 56 57 63 65 68 71 76 87 90 91 99 102 105 114 
86 296        2 7 12 14 15 20 26 28 33 38 48 54 57 65 74 83 97 98 100 105 108 111 116 
87 353        10 13 28 32 34 38 41 43 47 48 59 60 78 80 85 89 92 95 96 99 102 
88 396        2 9 10 12 15 22 28 32 34 44 46 48 52 53 54 57 69 70 74 76 84 100 102 107 
89 276        8 10 12 18 20 24 30 47 48 58 64 71 76 77 84 87 94 97 106 107 111 
90 328        1 5 8 10 22 35 36 38 39 43 49 52 63 72 80 85 91 95 97 98 100 103 107 112 114 118 
91 389        3 7 10 20 24 30 33 37 38 46 55 76 77 81 85 90 92 93 96 98 102 107 112 113 
92 295        2 3 5 8 11 17 24 28 31 35 36 37 55 61 62 67 87 91 93 95 96 98 103 115 116 120 
93 316        3 5 9 12 18 34 39 50 60 63 72 74 77 81 91 92 94 102 105 109 120 
94 483        6 7 8 9 16 21 27 30 32 35 37 46 47 51 52 55 67 76 77 89 93 97 99 107 108 110 113 118 
95 251        4 11 19 26 27 36 42 57 60 62 63 64 73 77 84 87 90 92 99 100 107 110 111 116 119 
96 266        3 12 15 26 31 33 77 78 82 87 91 92 99 106 108 113 117 118 
97 398        7 13 18 21 26 27 32 37 44 48 50 53 63 78 81 84 86 89 90 94 101 113 116 118 120 
98 289        5 7 8 12 13 15 29 33 34 41 45 51 58 63 69 71 74 76 77 82 86 90 91 92 110 112 114 118 
99 313        3 10 15 18 19 23 36 40 42 43 45 49 52 59 62 69 73 74 76 77 78 81 85 87 94 95 96 100 103 117 
100 363       5 13 14 15 23 27 32 41 42 43 47 48 55 57 58 61 64 72 86 88 90 95 99 102 104 115 117 118 119 
101 308       3 4 7 8 11 12 15 32 39 47 56 58 77 78 81 82 97 105 107 108 117 
102 329       2 5 11 15 29 30 34 44 46 50 51 52 54 61 63 64 70 73 75 76 81 85 87 88 91 93 100 103 113 115 116 119 
103 399       1 3 8 20 23 25 27 31 39 43 46 49 60 80 90 92 99 102 105 118 
104 279       3 10 18 22 23 26 31 34 50 51 52 54 65 68 71 78 83 100 107 108 111 112 117 
105 322       2 13 22 24 26 36 38 39 43 47 56 57 67 85 86 93 101 103 109 118 
106 389       5 6 7 17 19 21 25 26 28 30 31 36 56 66 67 72 83 89 96 114 
107 283       5 9 14 18 25 26 31 32 35 41 51 55 56 58 62 65 70 74 76 82 88 89 90 91 94 95 101 104 112 113 114 118 119 
108 328       1 2 22 30 32 34 37 45 50 52 53 56 58 64 68 74 78 80 81 86 94 96 101 104 116 118 
109 402       1 4 7 27 29 38 42 81 83 84 93 105 115 118 
110 251       3 12 26 29 31 33 36 39 41 42 48 52 63 71 74 78 94 95 98 112 115 
111 347       4 15 18 26 27 30 33 39 40 41 46 54 58 59 66 76 77 80 86 89 95 104 115 117 120 
112 357       1 17 18 31 46 55 56 66 71 78 90 91 98 104 107 110 113 118 
113 280       9 10 11 16 17 19 22 27 28 33 36 38 39 42 43 53 56 63 67 74 81 91 94 96 97 102 107 112 114 
114 363       5 21 22 46 51 53 55 56 61 85 90 98 106 107 113 117 119 
115 427       3 9 16 18 20 27 33 38 40 46 47 48 51 52 55 62 64 66 73 75 84 92 100 102 109 110 111 
116 277       4 6 11 17 29 34 40 41 49 50 54 57 60 62 66 69 70 74 77 79 86 92 95 97 102 108 118 120 
117 296       3 4 17 19 27 38 40 45 46 51 57 64 76 82 96 99 100 101 104 111 114 118 
118 375       1 5 15 19 31 32 43 46 47 57 71 77 79 90 94 96 97 98 100 103 105 107 108 109 112 116 117 
119 259       1 5 27 40 45 47 55 56 57 58 62 68 69 83 95 100 102 107 114 
120 366       3 5 7 14 17 24 31 35 36 37 38 42 47 49 52 53 58 61 63 71 77 80 92 93 97 111 116 
