120 1000
1 366         12 20 56 65 93 96 108 112 
2 268         5 18 65 69 71 90 112 113 
3 366         5 6 9 15 23 35 38 50 81 88 90 98 99 100 
4 430         33 54 57 73 75 82 100 102 108 119 
5 263         2 3 26 31 37 39 41 45 49 51 52 60 68 70 112 
6 307         3 13 17 26 28 46 59 60 77 78 83 101 109 118 
7 414         14 15 31 32 51 65 74 101 102 109 110 112 
8 287         17 25 28 31 33 36 43 63 64 68 77 81 95 96 97 104 107 109 115 
9 299         3 50 63 70 88 105 
10 495        17 39 42 46 50 56 57 64 74 82 93 103 108 109 
11 251        12 18 25 49 52 65 72 84 87 92 110 114 119 
12 254        1 11 32 40 48 83 85 94 114 115 117 
13 474        6 23 34 43 60 64 73 87 89 
14 252        7 19 22 24 33 37 47 53 62 74 75 90 97 99 106 
15 274        3 7 30 33 34 42 70 77 106 110 
16 370        19 23 25 27 69 70 79 80 91 92 105 117 
17 269        6 8 10 21 54 55 57 67 71 82 83 85 99 100 105 117 120 
18 361        2 11 23 30 33 41 51 54 64 65 71 75 77 89 95 103 
19 473        14 16 31 59 65 67 70 86 111 117 118 
20 252        1 24 37 46 47 67 79 96 112 115 116 118 120 
21 275        17 27 47 53 54 55 63 64 71 80 84 97 100 107 110 
22 472        14 41 58 66 82 84 102 
23 259        3 13 16 18 29 39 49 50 56 73 78 95 97 104 108 119 
24 269        14 20 50 65 66 68 71 80 91 95 99 103 109 119 
25 444        8 11 16 33 38 50 66 107 
26 258        5 6 36 58 65 66 68 75 84 91 113 117 
27 298        16 21 32 33 56 57 67 91 111 116 120 
28 439        6 8 66 84 98 113 120 
29 273        23 36 38 80 102 105 
30 288        15 18 32 40 53 64 103 108 111 
31 445        5 7 8 19 32 39 42 46 51 52 60 61 68 110 117 
32 272        7 12 27 30 31 43 84 100 108 
33 283        4 8 14 15 18 25 27 45 54 57 72 82 97 102 
34 419        13 15 43 51 58 64 75 95 118 
35 261        3 48 52 73 80 92 93 98 105 106 119 
36 320        8 26 29 43 47 52 55 66 67 70 80 86 95 104 115 
37 363        5 14 20 60 
38 271        3 25 29 45 46 51 53 57 69 112 118 
39 366        5 10 23 31 43 63 71 73 83 88 92 101 
40 355        12 30 54 60 63 65 77 93 98 102 103 110 112 114 
41 273        5 18 22 57 76 87 88 91 94 99 111 112 
42 372        10 15 31 56 63 65 70 79 113 117 
43 466        8 13 32 34 36 39 44 50 56 77 84 95 
44 262        43 53 61 62 64 69 74 90 102 109 110 
45 272        5 33 38 52 76 85 98 107 114 119 
46 357        6 10 20 31 38 52 61 63 70 76 81 86 106 115 
47 292        14 20 21 36 48 49 56 61 66 68 79 103 
48 351        12 35 47 76 80 86 95 97 98 103 118 
49 395        5 11 23 47 55 77 79 83 91 101 102 110 115 
50 255        3 9 10 23 24 25 43 52 54 64 71 73 79 101 102 104 105 109 111 
51 350        5 7 18 31 34 38 67 70 78 80 92 93 
52 350        5 11 31 35 36 45 46 50 57 59 66 69 70 104 112 116 
53 303        14 21 30 38 44 66 76 83 87 95 116 
54 347        4 17 18 21 33 40 50 58 69 74 92 97 103 
55 450        17 21 36 49 59 63 70 74 75 76 85 94 109 113 
56 252        1 10 23 27 42 43 47 78 91 92 101 105 110 114 
57 298        4 10 17 27 33 38 41 52 63 68 72 74 104 116 
58 410        22 26 34 54 61 62 66 68 73 103 117 120 
59 275        6 19 52 55 60 74 92 94 100 
60 315        5 6 13 31 37 40 59 62 65 76 77 
61 407        31 44 46 47 58 72 73 92 104 109 
62 260        14 44 58 60 71 74 77 87 90 100 108 117 
63 333        8 9 21 39 40 42 46 55 57 83 84 90 117 
64 366        8 10 13 18 21 30 34 44 50 66 69 85 112 119 120 
65 271        1 2 7 11 18 19 24 26 40 42 60 70 85 101 108 
66 363        22 24 25 26 28 36 47 52 53 58 64 81 87 99 103 112 116 
67 350        17 19 20 27 36 51 98 118 
68 294        5 8 24 26 31 47 57 58 72 77 83 98 103 
69 356        2 16 38 44 52 54 64 74 88 105 106 
70 480        5 9 15 16 19 36 42 46 51 52 55 65 82 119 
71 253        2 17 18 21 24 39 50 62 102 108 
72 267        11 33 57 61 68 92 97 
73 446        4 13 23 35 39 50 58 61 81 96 100 103 108 117 120 
74 259        7 10 14 44 54 55 57 59 62 69 83 
75 295        4 14 18 26 34 55 79 112 113 
76 376        41 45 46 48 53 55 60 77 79 82 83 103 115 119 
77 267        6 8 15 18 40 43 49 60 62 68 76 87 95 98 112 
78 357        6 23 51 56 79 83 86 89 91 97 120 
79 366        16 20 42 47 49 50 75 76 78 92 96 
80 282        16 21 24 29 35 36 48 51 83 87 93 112 
81 352        3 8 46 66 73 91 94 99 
82 478        4 10 17 22 33 70 76 90 92 96 111 
83 256        6 12 17 39 49 53 63 68 74 76 78 80 86 96 103 107 109 
84 266        11 21 22 26 28 32 43 63 87 98 115 
85 420        12 17 45 55 64 65 98 99 103 107 108 110 116 119 
86 251        19 36 46 48 78 83 90 102 
87 329        11 13 41 53 62 66 77 80 84 89 111 119 
88 434        3 9 39 41 69 119 120 
89 252        13 18 78 87 119 120 
90 314        2 3 14 44 62 63 82 86 96 99 115 119 
91 470        16 24 26 27 41 49 56 78 81 97 
92 254        11 16 35 39 51 54 56 59 61 72 79 82 98 114 119 
93 276        1 10 35 40 51 80 97 100 108 113 
94 497        12 41 55 59 81 108 111 
95 250        8 18 23 24 34 36 43 48 53 77 
96 253        1 8 20 73 79 82 83 90 105 111 114 120 
97 497        8 14 21 23 33 48 54 72 78 91 93 101 102 103 
98 250        3 28 35 40 45 48 67 68 77 84 85 92 103 104 119 
99 253        3 14 17 24 41 66 81 85 90 100 106 111 115 116 
100 445       3 4 17 21 32 59 62 73 93 99 103 118 
101 254       6 7 39 49 50 56 65 97 104 115 
102 301       4 7 22 29 33 40 44 49 50 71 86 97 103 104 106 
103 412       10 18 24 30 40 47 48 54 58 66 68 73 76 83 85 97 98 100 102 108 116 
104 263       8 23 36 50 52 57 61 98 101 102 111 
105 325       9 16 17 29 35 50 56 69 96 111 114 116 
106 400       14 15 35 46 69 99 102 108 110 
107 298       8 21 25 45 83 85 
108 302       1 4 10 23 30 32 62 65 71 73 85 93 94 103 106 
109 362       6 7 8 10 24 44 50 55 61 83 118 119 
110 282       7 11 15 21 31 40 44 49 56 85 106 111 
111 356       19 27 30 41 50 82 87 94 96 99 104 105 110 116 
112 405       1 2 5 7 20 38 40 41 52 64 66 75 77 80 115 
113 259       2 26 28 42 55 75 93 
114 336       11 12 40 45 56 92 96 105 
115 397       8 12 20 36 46 49 76 84 90 99 101 112 120 
116 290       20 27 52 53 57 66 85 99 103 105 111 117 119 
117 313       12 16 17 19 26 31 42 58 62 63 73 116 
118 485       6 19 20 34 38 48 67 100 109 
119 253       4 11 23 24 35 45 64 70 76 85 87 88 89 90 92 98 109 116 
120 262       17 20 27 28 58 64 73 78 88 89 96 115 
