120 1000
1 394         2 5 11 12 13 14 15 18 19 21 22 24 25 26 27 28 29 31 33 34 35 36 37 38 40 44 45 47 50 51 52 54 55 56 60 62 63 69 70 73 82 84 85 89 90 91 92 94 95 96 97 100 102 103 106 107 108 109 110 113 114 115 117 119 
2 280         1 3 4 6 7 8 9 17 19 21 22 26 28 29 30 31 33 35 36 38 41 42 43 44 45 47 48 54 55 57 58 60 64 71 72 74 77 79 82 83 84 85 86 89 93 94 96 100 101 102 104 105 106 108 109 110 111 114 117 118 119 
3 326         2 5 7 8 9 13 14 16 23 24 26 28 29 30 32 34 35 42 43 49 50 51 52 58 59 67 68 77 78 79 82 84 85 88 89 90 91 96 100 104 105 106 107 108 109 112 113 114 115 116 117 118 
4 370         2 5 6 8 11 12 14 15 16 17 18 19 20 21 23 26 27 29 31 32 33 34 36 37 38 39 40 41 42 43 44 45 46 47 49 53 54 57 58 59 60 65 68 74 76 78 80 83 84 86 87 93 96 98 99 100 103 106 109 110 112 113 119 
5 284         1 3 4 8 9 11 15 17 18 20 21 22 27 28 31 35 36 38 39 41 42 44 45 46 47 52 53 55 56 57 60 61 64 66 67 68 69 70 73 74 76 78 79 80 82 86 88 89 91 93 94 97 99 103 106 107 110 111 112 113 114 116 
6 346         2 4 9 10 11 14 15 17 18 22 23 24 25 26 28 30 32 33 37 38 39 40 43 44 48 49 50 51 53 55 57 58 60 61 62 64 65 66 67 69 70 72 73 76 79 80 81 87 88 92 94 96 98 99 102 103 105 106 109 111 112 118 119 
7 427         2 3 9 10 11 14 16 17 19 20 21 22 25 28 29 30 33 34 39 40 41 42 43 44 46 49 53 56 57 60 61 63 64 65 66 68 72 74 75 79 80 81 83 84 85 88 90 91 93 96 98 100 102 104 106 107 108 109 110 111 112 115 116 117 119 
8 259         2 3 4 5 10 11 18 19 20 24 26 27 28 30 33 34 35 37 39 41 50 52 54 55 59 61 62 63 65 67 78 80 81 83 86 88 89 90 97 100 103 104 108 109 110 116 119 120 
9 314         2 3 5 6 7 10 12 13 14 18 20 24 29 30 31 35 37 38 39 41 43 44 46 48 51 54 55 56 58 61 63 64 65 68 73 77 78 81 85 88 90 92 95 96 98 99 100 101 105 107 109 112 118 119 120 
10 430        6 7 8 9 12 16 17 19 20 21 22 24 25 27 29 30 33 34 35 36 37 38 40 42 43 45 47 50 54 56 58 61 63 64 67 69 73 74 76 77 78 80 82 83 85 86 88 89 93 97 98 102 103 104 106 107 109 110 111 113 116 117 118 119 
11 270        1 4 5 6 7 8 12 18 21 22 24 26 29 30 31 35 37 38 39 42 44 45 46 47 48 49 52 54 58 59 62 67 68 70 72 73 74 75 76 77 79 82 83 86 87 91 92 93 95 100 102 104 105 106 111 112 115 117 119 
12 300        1 4 9 10 11 13 16 19 22 25 26 28 29 30 31 33 34 35 36 38 40 50 57 61 62 63 65 66 67 70 72 73 76 78 80 85 86 87 89 90 94 99 100 101 105 106 109 111 112 114 115 116 117 118 119 
13 462        1 3 9 12 15 16 18 20 27 29 31 33 35 38 39 44 45 48 53 56 57 58 60 62 68 69 70 71 74 77 78 83 84 85 86 87 88 90 93 95 101 103 104 105 106 107 109 110 111 119 120 
14 261        1 3 4 6 7 9 17 18 19 20 21 22 23 24 25 26 27 29 32 34 35 38 39 47 48 49 51 52 53 60 62 64 66 67 68 69 70 72 75 78 79 81 82 85 86 88 91 92 94 95 97 100 102 104 105 106 108 109 113 114 115 116 119 120 
15 277        1 4 5 6 13 16 17 19 20 22 24 25 26 27 28 29 32 34 35 37 38 40 41 43 45 46 47 48 49 50 53 54 55 66 69 70 71 76 83 91 93 94 95 100 101 114 115 117 119 
16 356        3 4 7 10 12 13 15 17 20 21 22 23 24 25 26 29 30 31 32 33 34 35 36 38 39 40 41 43 45 49 50 51 52 54 57 66 67 70 71 73 74 76 77 78 79 80 82 83 85 87 89 93 94 97 100 101 102 103 104 106 107 108 109 111 115 119 
17 292        2 4 5 6 7 10 14 15 16 25 26 27 29 34 36 37 38 39 41 42 44 47 49 51 52 54 55 57 59 61 63 66 70 72 73 77 78 79 80 84 85 86 87 89 91 92 95 100 102 105 107 108 110 111 113 114 115 116 119 120 
18 352        1 4 5 6 8 9 11 13 14 20 22 23 25 26 33 34 35 37 38 40 42 43 44 45 46 47 48 49 50 51 55 57 59 62 64 67 68 69 70 71 72 73 74 75 76 77 78 79 82 83 84 85 86 88 91 94 99 102 104 109 110 117 118 119 
19 498        1 2 4 7 8 10 12 14 15 21 23 28 29 31 33 36 37 38 39 40 41 43 44 45 47 50 51 54 55 56 57 59 60 61 62 63 64 66 67 68 71 72 73 76 77 81 83 84 85 90 91 93 95 97 98 101 102 104 105 107 109 110 112 116 118 
20 250        4 5 7 8 9 10 13 14 15 16 18 21 24 27 28 30 32 35 38 39 40 41 42 43 44 46 47 48 52 53 55 58 59 61 62 67 68 70 71 72 74 76 77 78 79 81 83 87 88 91 93 98 100 102 103 107 108 110 111 112 113 114 118 119 
21 252        1 2 4 5 7 10 11 14 16 19 20 22 23 25 27 28 30 31 32 35 37 38 39 42 44 46 47 49 51 52 59 60 61 62 65 67 68 71 74 75 76 77 78 80 81 82 83 84 86 87 88 89 90 91 93 94 97 100 101 103 105 107 109 110 114 115 116 120 
22 432        1 2 5 6 7 10 11 12 14 15 16 18 21 23 24 25 26 27 32 36 38 39 40 42 44 48 52 53 54 55 61 62 69 73 74 76 77 78 83 85 86 88 89 93 95 97 100 102 104 105 106 107 108 109 114 115 116 117 118 
23 276        3 4 6 14 16 18 19 21 22 29 32 33 40 42 44 45 51 53 54 55 56 57 58 60 61 62 63 66 68 71 72 73 74 75 76 78 80 82 84 85 86 88 89 90 91 92 95 96 98 99 102 104 106 110 111 114 115 119 120 
24 292        1 3 6 8 9 10 11 14 15 16 20 22 25 26 27 29 30 31 35 36 39 41 42 43 44 45 47 48 49 50 51 55 56 58 60 61 64 68 69 70 75 76 78 80 82 84 86 87 89 91 93 94 96 97 98 99 100 102 104 105 106 109 112 114 115 116 120 
25 391        1 6 7 10 12 14 15 16 17 18 21 22 24 27 30 31 34 35 36 37 40 42 44 47 52 54 56 57 58 59 60 61 65 66 67 71 73 74 76 77 78 79 80 82 84 85 87 88 91 92 96 98 100 101 102 103 104 106 109 111 112 113 118 120 
26 252        1 2 3 4 6 8 11 12 14 15 16 17 18 22 24 28 31 33 36 37 45 47 48 49 50 51 53 54 56 58 60 62 66 67 69 70 71 74 76 77 83 86 87 89 90 92 94 95 96 98 100 101 104 107 108 109 112 113 115 116 117 119 
27 357        1 4 5 8 10 13 14 15 17 20 21 22 24 25 28 30 31 33 35 36 37 45 47 48 49 51 53 55 56 57 58 59 65 66 70 71 73 74 76 78 79 80 83 84 85 86 87 88 94 96 97 98 99 105 106 109 113 115 119 
28 397        1 2 3 5 6 7 8 12 15 19 20 21 26 27 29 31 33 38 39 40 43 45 46 47 48 51 53 57 58 60 61 62 64 66 70 72 74 75 76 78 81 82 83 85 86 89 90 93 94 95 97 101 102 106 108 110 112 113 114 115 116 119 120 
29 274        1 2 3 4 7 9 10 11 12 13 14 15 16 17 19 23 24 28 31 32 37 39 40 41 48 50 51 52 56 57 58 60 62 63 65 67 70 72 73 75 77 79 80 81 84 85 86 92 96 98 100 104 105 106 107 108 112 113 114 117 118 
30 329        2 3 6 7 8 9 10 11 12 16 20 21 24 25 27 32 40 41 43 45 46 48 50 51 52 55 57 58 59 60 61 62 63 64 67 68 69 70 71 75 79 80 81 84 87 88 89 90 91 94 95 96 98 100 101 102 103 105 106 108 109 110 112 113 114 115 118 
31 490        1 2 4 5 9 11 12 13 16 19 21 24 25 26 27 28 29 32 33 34 37 42 44 45 51 52 60 63 65 66 68 69 73 79 89 90 93 97 101 103 104 107 111 113 115 116 
32 251        3 4 6 14 15 16 20 21 22 23 29 30 31 34 35 37 38 43 44 45 46 48 50 51 53 54 56 58 62 63 64 66 70 71 74 75 76 78 79 80 86 89 90 91 92 95 97 98 102 103 107 108 110 115 118 119 
33 259        1 2 4 6 7 8 10 12 13 16 18 19 23 26 27 28 31 34 36 37 38 39 45 48 50 51 55 58 62 63 64 65 67 68 71 75 77 78 80 82 83 84 89 90 91 93 95 96 97 100 101 103 105 110 111 112 114 115 116 118 119 
34 408        1 3 4 7 8 10 12 14 15 16 17 18 25 31 32 33 36 37 39 40 41 44 48 53 55 56 57 58 60 64 65 66 68 72 74 75 76 78 79 80 82 83 89 90 92 93 94 96 97 100 103 105 108 109 110 112 113 114 115 117 
35 256        1 2 3 5 8 9 10 11 12 13 14 15 16 18 20 21 24 25 27 32 37 40 41 42 44 48 49 53 54 59 63 64 65 66 67 68 69 70 72 73 75 77 79 81 83 86 87 90 92 93 94 96 97 98 101 104 105 114 115 116 118 119 
36 336        1 2 4 5 10 12 16 17 19 22 24 25 26 27 33 34 37 38 39 42 47 48 51 52 53 55 59 60 62 64 66 67 68 69 70 71 73 74 77 80 84 85 86 88 89 94 97 98 100 106 107 109 110 112 113 117 118 119 120 
37 434        1 4 6 8 9 10 11 15 17 18 19 21 25 26 27 29 31 32 33 34 35 36 40 41 42 44 47 51 55 57 58 61 70 71 73 74 75 77 78 80 81 86 87 89 90 92 93 98 101 103 106 107 108 109 113 120 
38 262        1 2 4 5 6 9 10 11 12 13 14 15 16 17 18 19 20 21 22 28 32 33 36 40 41 42 45 46 48 49 50 56 63 64 65 66 75 77 80 81 82 83 84 86 87 92 99 100 102 104 107 110 111 113 114 115 117 118 
39 304        4 5 6 7 8 9 11 13 14 16 17 19 20 21 22 24 28 29 33 34 36 40 42 44 45 46 47 48 50 51 54 55 56 59 61 63 66 67 68 72 73 74 76 80 81 86 89 90 95 96 98 99 100 101 103 106 107 112 113 115 116 117 118 
40 482        1 4 6 7 10 12 15 16 18 19 20 22 23 25 28 29 30 34 35 37 38 39 41 45 46 48 49 50 51 53 54 55 58 61 62 63 64 69 70 73 76 77 82 83 88 92 95 98 101 103 104 108 112 119 120 
41 256        2 4 5 7 8 9 15 16 17 19 20 24 29 30 34 35 37 38 40 43 44 45 47 48 52 54 55 56 58 59 61 63 66 67 69 73 74 75 78 79 80 82 84 85 86 87 89 90 91 92 94 95 96 97 98 99 100 102 104 105 111 112 114 115 119 
42 262        2 3 4 5 7 10 11 17 18 20 21 22 23 24 25 31 35 36 37 38 39 44 45 46 47 48 49 51 59 63 64 69 72 73 76 80 81 84 86 87 88 96 97 98 100 101 102 103 105 107 109 110 111 118 119 
43 387        2 3 4 6 7 9 10 15 16 18 19 20 24 28 30 32 41 47 48 49 50 51 52 54 56 59 60 61 62 64 68 69 71 75 79 80 81 82 86 89 91 95 97 98 100 101 102 104 106 110 111 112 113 116 119 
44 275        1 2 4 5 6 7 9 11 13 17 18 19 20 21 22 23 24 25 31 32 34 35 37 39 41 42 45 46 47 48 49 52 54 55 56 57 58 59 60 63 69 70 72 73 75 78 80 82 83 84 85 86 90 92 93 94 96 98 100 106 109 110 115 118 119 120 
45 338        1 2 4 5 10 11 13 15 16 18 19 23 24 26 27 28 30 31 32 33 38 39 40 41 42 44 47 48 50 53 56 58 59 61 62 63 64 67 68 72 73 76 77 82 83 84 85 87 94 95 96 98 99 103 104 105 107 111 112 113 114 117 118 
46 362        4 5 7 9 11 15 18 20 21 28 30 32 38 39 40 42 44 47 48 50 52 55 56 60 61 62 65 67 68 72 76 77 78 79 84 85 88 89 90 92 93 94 96 99 100 101 102 103 108 111 112 113 114 115 117 118 120 
47 293        1 2 4 5 10 11 14 15 17 18 19 20 21 24 25 26 27 28 36 37 39 41 42 43 44 45 46 48 49 50 53 55 56 59 60 61 62 63 65 67 71 72 75 76 78 79 80 82 86 92 95 96 97 98 100 105 106 107 108 110 111 113 116 119 120 
48 345        2 6 9 11 13 14 15 18 20 22 24 26 27 28 29 30 32 33 34 35 36 38 39 40 41 42 43 44 45 46 47 52 53 54 56 61 62 67 69 71 73 77 80 84 85 87 88 89 92 94 95 98 102 103 104 105 106 109 113 114 117 120 
49 428        3 4 6 7 11 14 15 16 17 18 21 24 26 27 35 38 40 42 43 44 47 51 52 53 54 55 56 57 59 60 62 63 64 65 68 69 72 74 75 76 77 79 81 82 83 84 87 88 89 90 91 92 97 99 107 109 113 115 117 119 
50 284        1 3 6 8 10 12 15 16 18 19 24 26 29 30 32 33 38 39 40 43 45 46 47 52 54 55 56 58 59 60 61 62 66 68 70 73 75 79 80 81 86 89 90 93 96 99 101 102 104 105 106 107 110 113 116 118 119 
51 288        1 3 6 9 14 16 17 18 19 21 23 24 26 27 28 29 30 31 32 33 36 37 39 40 42 43 49 55 57 58 62 63 67 69 70 71 72 75 76 78 79 80 81 82 83 84 85 86 88 89 91 92 95 96 99 100 102 103 105 106 108 113 114 115 117 118 119 120 
52 408        1 3 5 8 11 14 16 17 20 21 22 25 29 30 31 36 41 43 44 46 48 49 50 53 54 55 56 57 59 61 62 63 64 67 68 70 71 72 76 78 79 83 88 89 90 91 97 101 102 103 105 106 107 109 110 112 113 114 116 117 119 120 
53 288        4 5 6 7 13 14 15 20 22 23 26 27 28 32 34 35 36 40 45 47 48 49 52 55 56 57 59 63 66 68 69 71 73 75 76 78 79 80 84 85 89 90 92 94 95 98 99 101 106 107 111 113 114 117 119 120 
54 304        1 2 4 8 9 10 11 15 16 17 19 22 23 25 26 32 35 39 40 41 43 44 48 49 50 52 57 62 63 65 66 68 71 72 74 76 77 79 80 81 82 83 84 89 91 95 96 97 98 99 101 104 109 110 112 114 117 118 119 120 
55 480        1 2 5 6 8 9 15 17 18 19 20 22 23 24 27 30 33 34 36 37 39 40 41 44 46 47 49 50 51 52 53 58 59 61 62 63 64 66 68 69 71 74 81 82 83 85 87 90 92 93 94 95 96 97 98 99 101 105 106 107 108 109 111 113 116 118 119 
56 250        1 5 7 9 10 13 19 23 24 25 26 27 29 32 34 38 39 41 43 44 45 46 47 48 49 50 52 53 58 61 63 64 69 73 74 76 77 80 82 83 84 86 89 92 93 94 99 100 101 103 104 106 108 109 112 114 116 117 120 
57 270        2 4 5 6 7 12 13 16 17 18 19 23 25 27 28 29 30 34 37 44 49 51 52 53 54 59 60 61 64 66 70 71 76 78 80 82 83 84 86 88 89 90 91 93 95 96 97 98 99 100 101 103 105 106 107 108 110 111 112 114 116 118 
58 394        2 3 4 6 9 10 11 13 20 23 24 25 26 27 28 29 30 32 33 34 37 40 41 44 45 50 51 55 56 59 60 61 66 68 69 70 73 75 77 78 80 81 85 86 87 89 90 91 92 97 101 103 104 107 109 110 111 112 114 
59 276        3 4 8 11 17 18 19 20 21 25 27 30 35 36 39 41 42 43 44 45 47 49 50 52 53 55 57 58 61 62 63 64 67 71 74 75 76 77 78 80 81 84 87 89 90 94 95 100 101 107 108 110 113 115 116 118 120 
60 330        1 2 4 5 6 7 13 14 19 21 23 24 25 26 28 29 30 31 34 36 43 44 46 47 49 50 57 58 64 65 70 71 75 81 86 87 88 89 90 92 93 95 97 100 102 103 107 109 112 113 114 117 118 119 
61 361        5 6 7 8 9 10 12 17 19 20 21 22 23 24 25 28 30 37 39 40 41 43 45 46 47 48 50 52 55 56 57 58 59 63 65 66 68 71 73 74 77 81 83 84 87 88 89 91 100 101 104 106 110 112 115 116 117 118 119 
62 253        1 6 8 11 12 13 14 18 19 20 21 22 23 26 28 29 30 32 33 36 40 43 45 46 47 48 49 50 51 52 54 55 59 63 64 67 68 72 74 77 78 79 80 85 86 87 88 89 90 92 93 100 101 102 103 104 107 108 111 112 113 115 116 117 118 
63 386        1 7 8 9 10 12 17 19 23 29 30 31 32 33 35 38 39 40 41 42 44 45 47 49 51 52 53 54 55 56 59 61 62 65 66 69 77 79 80 83 87 88 89 100 103 104 105 107 109 110 111 115 116 118 119 120 
64 375        2 5 6 7 9 10 14 18 19 24 28 30 32 33 34 35 36 38 40 42 43 45 49 52 55 56 57 59 60 62 65 68 69 70 71 74 75 78 79 83 85 89 90 91 92 95 97 98 102 103 106 109 110 113 115 117 118 
65 281        4 6 7 8 9 12 21 25 27 29 31 33 34 35 38 46 47 49 54 60 61 63 64 70 72 73 75 76 77 79 80 83 85 88 90 91 93 95 96 97 98 99 100 102 104 107 110 111 114 116 117 118 119 
66 344        5 6 7 12 14 15 16 17 19 23 25 26 27 28 31 32 34 35 36 38 39 41 50 53 54 55 57 58 61 63 71 73 74 77 78 79 81 82 84 86 88 91 93 94 95 96 98 100 101 102 103 104 108 109 113 114 116 117 
67 478        3 5 6 8 10 11 12 14 16 18 19 20 21 25 26 29 30 33 35 36 39 41 45 46 47 48 51 52 59 62 68 69 70 73 77 79 81 84 89 92 93 95 98 99 103 104 108 109 111 116 117 120 
68 251        3 4 5 7 9 11 13 14 18 19 20 21 23 24 30 31 33 34 35 36 39 43 45 46 49 50 52 53 54 55 58 61 62 64 67 69 70 73 74 78 80 84 86 88 90 93 94 96 98 100 102 103 105 107 110 111 114 117 118 
69 271        1 5 6 10 13 14 15 18 22 24 26 30 31 35 36 40 41 42 43 44 48 49 51 53 55 56 58 63 64 67 68 70 71 75 76 79 81 83 84 85 86 87 89 94 96 97 98 102 103 105 106 107 108 109 114 115 116 118 120 
70 478        1 5 6 11 12 13 14 15 16 17 18 20 24 26 27 28 29 30 32 35 36 37 40 44 50 51 52 57 58 60 64 65 67 68 69 71 72 73 74 76 80 81 83 84 87 89 90 92 94 95 97 98 99 100 102 103 104 105 107 109 110 111 113 118 
71 250        2 13 15 16 18 19 20 21 23 25 26 27 30 32 33 36 37 43 47 48 51 52 53 54 55 57 59 60 61 64 66 69 70 72 75 76 77 78 81 87 89 93 94 95 96 99 100 103 109 110 113 114 116 119 
72 272        2 6 7 11 12 14 17 18 19 20 23 28 29 34 35 39 42 44 45 46 47 49 51 52 54 62 65 70 71 74 75 77 78 84 85 88 90 91 92 94 95 97 99 102 104 105 108 111 113 114 118 
73 356        1 5 6 9 10 11 12 16 17 18 19 22 23 25 27 29 31 35 36 37 39 40 41 42 44 45 48 50 53 56 58 61 65 66 67 68 70 77 78 80 81 84 88 89 90 91 92 95 97 99 102 104 106 107 108 109 112 114 116 117 119 
74 276        2 4 5 7 10 11 13 16 18 20 21 22 23 25 26 27 28 32 34 36 37 39 41 49 54 55 56 59 61 62 64 66 68 70 72 75 77 78 79 83 88 89 91 92 95 98 100 102 104 105 111 112 113 115 116 118 119 
75 368        7 11 14 18 21 23 24 28 29 30 32 33 34 35 37 38 41 43 44 47 49 50 51 53 58 59 60 64 65 69 71 72 74 76 77 82 83 85 86 87 89 90 93 99 100 103 105 106 109 111 113 114 115 116 118 
76 387        4 5 6 10 11 12 15 16 18 19 20 21 22 23 24 25 26 27 28 32 34 39 40 42 45 46 47 49 51 52 53 54 56 57 59 65 69 70 71 75 77 78 79 80 81 82 84 85 88 89 92 93 94 96 97 101 102 103 107 109 111 112 115 116 117 
77 269        2 3 9 10 11 13 16 17 18 19 20 21 22 25 26 29 33 35 36 37 38 40 45 46 48 49 54 56 58 59 61 62 63 65 66 67 71 72 73 74 75 76 78 79 81 82 84 86 87 89 90 94 99 100 101 103 105 108 110 114 115 118 
78 344        3 4 5 8 9 10 12 13 14 16 17 18 20 21 22 23 24 25 27 28 32 33 34 37 41 44 46 47 51 52 53 57 58 59 62 64 66 68 71 72 73 74 76 77 81 82 83 86 88 90 92 94 98 100 101 102 103 108 111 117 118 120 
79 486        2 3 5 6 7 11 14 16 17 18 20 25 27 29 30 31 32 34 35 41 43 46 47 49 50 51 52 53 54 62 63 64 65 66 67 69 74 76 77 80 81 84 85 86 87 91 93 96 99 101 102 103 109 110 111 112 115 118 119 120 
80 252        4 5 6 7 8 10 12 16 17 21 23 24 25 27 29 30 32 33 34 36 37 38 39 41 42 43 44 47 48 50 51 53 54 56 57 58 59 62 63 65 68 70 73 76 79 85 89 92 94 95 96 97 98 99 101 102 104 105 106 107 108 113 117 120 
81 262        6 7 8 9 14 19 20 21 28 29 30 35 37 38 39 42 43 49 50 51 54 55 58 59 60 61 66 67 69 70 71 73 76 77 78 79 83 84 85 91 99 101 106 107 108 109 111 112 114 116 119 120 
82 414        1 2 3 5 10 11 14 16 18 21 23 24 25 28 33 34 38 40 41 43 44 45 47 49 51 54 55 56 57 66 75 76 77 78 83 85 87 89 91 93 94 99 102 106 108 110 112 114 116 117 118 119 120 
83 263        2 4 7 8 10 11 13 15 16 18 19 20 21 22 26 27 28 33 34 35 38 40 44 45 49 51 52 54 55 56 57 61 63 64 65 69 70 74 75 78 81 82 86 88 89 92 93 94 95 97 99 101 102 106 110 111 112 113 114 115 116 119 120 
84 323        1 2 3 4 7 13 17 18 19 21 23 24 25 27 29 30 33 36 38 41 42 44 45 46 48 49 51 53 54 56 57 59 61 66 67 68 69 70 72 73 76 77 79 81 87 89 93 96 98 99 100 102 103 105 107 109 111 113 115 116 118 120 
85 410        1 2 3 7 9 10 12 13 14 16 17 18 19 22 23 25 27 28 29 36 41 44 45 46 48 51 53 55 58 62 64 65 69 72 75 76 79 80 81 82 86 90 93 94 102 103 107 108 110 112 113 115 117 119 120 
86 250        2 4 5 8 10 11 12 13 14 17 18 21 22 23 24 26 27 28 29 32 35 36 37 38 39 41 42 43 44 47 50 51 56 57 58 60 62 66 68 69 75 77 78 79 83 85 87 89 92 94 97 103 108 111 117 118 
87 340        4 6 11 12 13 16 17 20 21 24 25 26 27 30 35 37 38 41 42 45 48 49 55 58 59 60 61 62 63 69 70 71 75 77 79 82 84 86 93 94 95 96 97 103 104 106 107 110 114 117 119 
88 400        3 5 6 7 8 9 10 13 14 18 20 21 22 23 25 27 30 36 40 42 46 48 49 51 52 57 60 61 62 63 65 66 68 72 73 74 76 78 83 89 90 92 93 94 96 99 101 103 105 106 107 109 111 113 114 116 118 120 
89 295        1 2 3 5 8 10 12 16 17 21 22 23 24 26 28 30 31 32 33 34 36 37 39 41 43 46 48 49 50 51 52 53 54 56 57 58 59 60 61 62 63 64 67 69 70 71 73 74 75 76 77 80 82 83 84 86 88 90 92 93 96 97 99 106 108 112 113 114 119 
90 305        1 3 7 8 9 12 13 19 21 23 26 28 30 31 32 33 34 35 37 39 41 44 46 49 50 52 53 55 57 58 59 60 62 64 65 68 70 72 73 75 77 78 85 88 89 91 93 97 99 102 106 110 111 112 113 119 
91 382        1 3 5 7 11 14 15 17 18 19 20 21 23 24 25 30 32 33 41 43 49 51 52 54 57 58 61 64 65 66 72 73 74 79 81 82 90 92 93 94 95 97 98 99 100 101 102 103 104 105 107 108 109 110 112 114 116 117 118 120 
92 282        1 6 9 11 14 17 23 25 26 29 32 34 35 37 38 40 41 44 46 47 48 49 51 53 55 56 58 60 62 64 67 70 72 73 74 76 78 80 83 86 88 89 91 93 95 98 99 100 102 106 110 112 113 114 115 116 117 
93 336        2 4 5 7 10 11 13 15 16 19 20 21 22 24 28 31 33 34 35 37 44 46 50 55 56 57 60 62 65 66 67 68 71 75 76 79 82 83 84 85 87 88 89 90 91 92 95 96 97 99 101 103 104 109 110 112 116 119 120 
94 434        1 2 5 6 12 14 15 16 18 21 24 26 27 28 30 34 35 36 41 44 45 46 48 53 55 56 59 66 68 69 70 71 72 76 77 78 80 82 83 85 86 87 88 91 95 96 97 98 100 101 102 105 106 107 108 111 114 115 116 118 119 120 
95 269        1 9 11 13 14 15 17 19 22 23 26 28 30 32 33 39 40 41 43 45 47 48 51 53 54 55 57 59 60 64 65 66 67 70 71 72 73 74 80 83 87 91 92 93 94 97 99 100 101 102 104 111 112 113 114 115 116 119 120 
96 297        1 2 3 4 6 7 9 23 24 25 26 27 29 30 33 34 35 39 41 42 44 45 46 47 50 51 54 55 57 65 66 68 69 71 76 79 80 84 87 88 89 93 94 100 101 107 111 114 115 116 117 119 120 
97 395        1 5 8 10 14 16 19 21 22 24 27 28 31 32 33 34 35 36 41 42 43 47 49 52 54 55 57 58 60 64 65 69 70 72 73 76 80 83 86 87 89 90 91 93 94 95 98 100 103 104 106 108 110 114 115 116 118 119 120 
98 278        4 6 7 9 10 19 20 23 24 25 26 27 29 30 32 35 36 37 39 40 41 42 43 44 45 47 48 53 54 55 57 64 65 66 67 68 69 70 74 78 80 84 91 92 94 97 100 101 105 107 110 116 118 
99 327        4 5 6 9 12 18 23 24 27 38 39 41 45 46 49 50 51 53 54 55 56 57 65 67 70 71 72 73 75 77 79 80 81 82 83 84 88 89 90 91 92 93 95 100 101 102 103 104 105 111 112 113 116 118 119 120 
100 353       1 2 3 4 7 8 9 11 12 14 15 16 17 20 21 22 24 25 26 29 30 33 34 36 38 39 41 42 43 44 46 47 51 56 57 59 60 61 62 63 65 66 68 70 71 74 75 77 78 84 91 92 94 95 96 97 98 99 102 104 105 107 108 110 111 113 115 119 120 
101 281       2 9 12 13 15 16 19 21 25 26 28 30 31 33 35 37 39 40 42 43 46 50 52 53 54 55 56 57 58 59 61 62 66 76 77 78 79 80 81 83 88 91 93 94 95 96 98 99 102 103 105 109 110 113 114 118 
102 366       1 2 6 7 10 11 14 16 17 18 19 20 22 23 24 25 28 30 32 38 41 42 43 46 48 50 51 52 60 62 64 65 66 68 69 70 72 73 74 76 78 79 80 82 83 84 85 90 91 92 94 95 99 100 101 103 108 109 112 113 114 119 
103 419       1 4 5 6 8 10 13 16 20 21 25 30 31 32 33 34 37 39 40 42 45 46 48 51 52 56 57 58 60 62 63 64 66 67 68 69 70 71 75 76 77 78 79 84 85 86 87 88 91 93 97 99 101 102 104 106 110 112 114 115 116 119 120 
104 285       2 3 7 8 10 11 13 14 16 18 19 22 23 24 25 26 29 31 35 38 40 41 43 45 48 50 54 56 58 61 62 63 65 66 67 70 72 73 74 80 87 91 93 95 97 99 100 103 105 106 108 111 115 119 
105 296       2 3 6 9 11 12 13 14 17 19 21 22 24 27 29 30 33 34 35 41 42 45 47 48 50 51 52 55 57 63 68 69 70 72 74 75 77 80 84 88 91 94 98 99 100 101 104 107 108 109 110 112 113 117 120 
106 362       1 2 3 4 5 6 7 10 11 12 13 14 16 22 23 24 25 27 28 29 30 36 37 39 43 44 47 48 50 51 52 53 55 56 57 61 64 69 73 75 80 81 82 83 87 88 89 90 92 94 97 103 104 107 109 111 113 115 116 117 118 119 120 
107 314       1 3 5 7 9 10 13 16 17 19 20 21 22 26 29 31 32 36 37 38 39 42 45 47 49 50 52 53 55 57 58 59 60 62 63 65 68 69 70 73 76 80 81 84 85 87 88 91 94 96 98 100 105 106 108 109 110 111 112 113 115 117 120 
108 324       1 2 3 7 8 14 16 17 20 22 26 28 29 30 32 34 37 40 46 47 51 55 56 57 59 62 66 67 69 72 73 77 78 80 81 82 85 86 89 91 94 97 100 102 104 105 107 113 114 115 116 117 118 119 
109 495       1 2 3 4 6 7 8 9 10 12 13 14 16 18 19 21 22 24 25 26 27 30 34 36 37 42 44 48 49 52 54 55 56 58 60 63 64 66 67 69 70 71 73 75 76 79 81 84 88 91 93 101 102 105 106 107 110 113 114 115 116 117 118 
110 251       1 2 4 5 7 8 10 13 17 18 19 20 21 23 28 30 32 33 34 36 38 42 43 44 47 50 52 54 57 58 59 61 63 64 65 68 70 71 77 79 82 83 85 87 90 91 92 93 97 98 100 101 103 105 107 109 112 113 115 116 117 118 120 
111 254       2 5 6 7 10 11 12 13 16 17 20 23 25 31 33 38 41 42 43 45 46 47 53 55 57 58 62 63 65 67 68 70 72 74 75 76 78 79 81 83 84 86 88 90 94 95 96 99 100 104 106 107 115 117 118 120 
112 499       3 4 5 6 7 9 11 12 19 20 24 25 26 28 29 30 33 34 36 39 40 41 43 45 46 52 54 56 57 58 60 61 62 73 74 76 79 81 82 83 85 89 90 91 92 93 95 99 102 103 105 107 110 113 118 
113 250       1 3 4 5 10 14 17 20 25 26 27 28 29 30 31 34 36 37 38 39 43 45 46 47 48 49 50 51 52 53 55 59 60 62 64 66 70 71 72 74 75 80 83 84 85 88 89 90 92 95 99 100 101 102 105 106 107 108 109 110 112 114 115 117 119 
114 251       1 2 3 5 12 14 15 17 20 21 22 23 24 28 29 30 33 34 35 38 41 45 46 48 51 52 53 54 56 57 58 60 65 66 68 69 71 72 73 75 77 81 82 83 87 88 89 91 92 94 95 96 97 101 102 103 108 109 113 115 117 119 120 
115 364       1 3 7 11 12 14 15 16 17 21 22 23 24 26 27 28 30 31 32 33 34 35 38 39 41 44 46 49 51 59 61 62 63 64 69 74 75 76 77 79 83 84 85 92 94 95 96 97 100 103 104 106 107 108 109 110 111 113 114 117 119 120 
116 289       3 5 7 8 10 12 14 17 19 21 22 24 26 28 31 33 35 39 43 47 50 52 55 56 57 59 61 62 63 65 66 67 69 71 73 74 75 76 81 82 83 84 88 91 92 93 94 95 96 97 98 99 103 106 108 109 110 118 
117 347       1 2 3 7 10 11 12 15 18 22 26 29 34 36 38 39 45 46 48 49 51 52 53 54 56 60 61 62 64 65 66 67 68 73 76 78 80 82 85 86 87 91 92 96 105 106 107 108 109 110 111 113 114 115 119 120 
118 498       2 3 6 9 10 12 18 19 20 22 25 29 30 32 33 35 36 38 39 42 44 45 46 50 51 54 55 57 59 60 61 62 63 64 65 68 69 70 72 74 75 77 78 79 82 84 86 88 91 94 97 98 99 101 106 108 109 110 111 112 116 120 
119 250       1 2 4 6 7 8 9 10 11 12 13 14 15 16 17 18 20 23 26 27 28 32 33 35 36 40 41 42 43 44 47 49 50 51 52 53 54 55 60 61 63 65 71 73 74 79 81 82 83 85 87 89 90 93 94 95 96 97 99 100 102 103 104 106 108 113 114 115 117 120 
120 252       8 9 13 14 17 21 23 24 25 28 36 37 40 44 46 47 48 51 52 53 54 56 59 63 67 69 78 79 80 81 82 83 84 85 88 91 93 94 95 96 97 99 100 103 105 106 107 110 111 114 115 117 118 119 
