120 1000
1 370         2 5 6 8 10 11 13 14 17 19 21 25 28 30 31 32 36 37 38 39 44 45 49 53 57 58 59 61 62 63 65 68 69 70 71 72 75 76 78 79 82 83 84 85 88 89 92 93 94 95 99 100 101 103 106 110 112 114 115 116 117 118 119 120 
2 286         1 4 6 7 8 9 11 13 14 15 16 19 20 21 23 25 29 31 33 34 36 38 39 40 41 42 47 49 50 51 53 55 56 57 58 61 62 63 64 65 66 67 69 70 73 74 75 76 78 79 80 81 83 84 87 88 89 90 91 93 94 95 96 97 98 99 101 102 106 107 108 109 112 113 114 116 117 118 119 120 
3 344         4 10 11 12 15 17 20 21 23 24 26 29 31 32 36 38 39 41 46 47 49 50 56 57 58 59 60 61 62 63 64 65 66 68 69 70 71 72 73 74 75 77 78 79 80 83 84 85 86 87 90 91 92 93 94 97 98 102 104 105 109 112 113 114 116 119 120 
4 362         2 3 9 10 12 16 19 23 24 25 26 27 29 30 31 34 36 37 38 39 41 43 44 45 46 47 48 49 51 54 57 58 59 60 62 63 64 69 71 72 74 75 78 79 81 84 85 86 87 88 89 92 93 95 96 98 102 103 104 106 107 109 111 114 115 117 119 120 
5 294         1 6 7 9 12 13 14 16 17 20 21 22 24 25 31 33 34 37 38 39 40 42 43 45 47 48 49 50 51 52 57 58 59 64 65 66 68 71 73 74 76 80 81 83 84 87 90 91 94 95 97 99 101 102 104 105 111 112 113 114 115 116 118 120 
6 344         1 2 5 7 8 9 10 11 12 15 16 20 23 25 26 28 29 31 35 37 40 41 42 43 44 45 46 47 48 49 51 54 55 57 58 63 64 65 66 68 69 72 73 75 76 77 78 80 82 85 86 91 92 97 99 101 102 104 106 107 108 110 111 113 114 115 117 118 
7 466         2 5 6 8 9 12 15 16 17 19 20 21 22 23 25 26 27 28 29 30 32 33 34 36 37 38 40 41 42 43 46 51 53 54 56 57 58 61 65 66 67 68 69 72 73 74 75 78 79 80 81 83 84 86 87 89 90 92 93 96 98 99 100 105 106 109 112 113 115 116 117 118 
8 263         1 2 6 7 9 11 12 14 16 17 18 20 21 23 27 28 29 30 32 33 34 35 37 43 45 50 52 54 56 57 60 62 63 67 70 71 72 73 74 75 76 78 79 80 83 87 88 90 91 93 94 96 99 100 101 103 104 106 109 110 117 119 120 
9 271         2 4 5 6 7 8 10 11 12 13 17 18 19 20 21 22 23 24 25 27 29 30 32 33 34 35 36 39 41 42 45 46 47 49 51 52 55 56 57 59 61 62 63 64 65 66 67 68 69 70 71 75 77 79 81 83 84 85 86 87 88 90 91 95 97 98 100 101 102 104 106 108 109 110 114 115 117 119 
10 485        1 3 4 6 9 14 15 16 18 20 21 24 28 29 32 36 38 40 41 42 43 44 48 49 50 51 52 53 54 55 57 58 61 62 63 64 65 66 67 68 70 73 79 82 83 85 86 87 89 91 92 93 94 96 98 99 100 102 104 105 106 108 109 110 113 114 115 119 120 
11 253        1 2 3 6 8 9 12 13 15 16 17 20 21 23 24 25 26 28 29 35 36 37 38 39 40 41 42 43 44 45 48 49 50 51 52 55 56 58 59 60 61 62 65 69 70 72 73 74 75 76 77 78 81 83 84 86 87 89 90 91 93 94 96 97 98 99 100 101 102 105 106 107 109 110 111 114 115 116 117 118 120 
12 262        3 4 5 6 7 8 9 11 14 15 16 17 22 23 27 29 31 36 37 39 40 41 43 44 48 49 52 53 54 55 57 59 60 61 62 64 65 66 69 70 71 72 73 75 76 77 79 82 84 85 87 88 90 91 93 94 95 98 99 100 101 102 105 107 108 109 110 111 112 113 114 115 116 117 118 
13 376        1 2 5 9 11 14 15 17 18 21 23 24 25 27 28 29 31 32 33 34 35 37 38 40 41 42 44 45 47 48 50 51 52 53 54 56 63 65 67 70 71 72 74 77 78 81 82 83 84 85 86 89 90 94 95 96 97 101 102 104 105 106 108 110 112 113 114 115 116 117 119 
14 304        1 2 5 8 10 12 13 17 20 21 22 24 25 26 27 28 29 30 33 35 38 39 43 44 45 48 52 53 55 57 58 62 63 66 70 71 72 73 76 78 80 81 82 86 90 91 93 94 95 98 99 100 101 103 104 105 107 108 109 110 113 116 119 120 
15 320        2 3 6 7 10 11 12 13 17 18 21 22 23 25 27 28 29 30 32 33 35 36 37 39 40 42 45 48 54 55 56 57 58 60 69 72 73 75 76 77 79 81 84 85 86 87 88 89 90 95 96 98 99 100 104 105 106 107 109 110 111 113 115 117 118 
16 413        2 4 5 6 7 8 10 11 12 18 20 21 23 24 25 26 28 29 31 32 34 35 36 37 40 42 43 45 46 47 48 51 52 53 57 58 59 60 61 62 64 65 66 68 69 71 72 73 75 77 78 80 81 82 85 87 88 90 93 95 98 99 100 101 103 104 105 106 107 110 111 113 115 116 117 119 
17 288        1 3 5 7 8 9 11 12 13 14 15 21 22 23 24 25 27 29 31 32 33 34 35 36 37 39 40 41 43 44 46 47 48 50 53 54 55 56 57 58 59 60 61 62 64 66 67 68 69 71 72 75 77 78 79 81 82 83 84 85 87 88 89 90 91 94 96 99 100 101 102 103 106 110 111 113 117 118 120 
18 299        8 9 10 13 15 16 21 22 24 25 26 27 28 30 32 33 34 35 38 43 44 45 46 47 48 49 50 52 53 54 56 58 63 68 69 71 72 73 74 75 76 77 79 84 88 90 92 93 94 96 97 98 99 100 101 102 104 105 106 107 110 111 114 115 119 120 
19 373        1 2 4 7 9 20 22 23 25 26 30 31 32 34 39 40 43 44 45 46 47 49 51 53 54 55 56 58 60 61 62 64 66 67 69 70 71 73 74 76 77 78 80 81 82 85 86 91 93 95 96 98 99 100 106 107 108 111 112 114 115 116 118 119 
20 277        2 3 5 6 7 8 9 10 11 14 16 19 21 22 23 27 30 31 34 39 42 45 46 47 49 50 54 55 57 58 59 60 61 62 63 65 66 68 69 72 73 74 77 79 80 83 85 86 88 90 91 93 94 95 96 99 100 102 104 105 106 108 109 111 112 114 116 117 119 
21 350        1 2 3 5 7 8 9 10 11 13 14 15 16 17 18 20 22 24 26 30 31 32 33 35 36 37 39 41 42 43 44 46 47 51 57 58 60 61 62 63 64 65 66 68 71 77 79 81 82 83 85 86 87 88 90 92 94 95 98 99 100 102 104 106 107 112 113 114 115 116 117 118 
22 426        5 7 9 12 14 15 17 18 19 20 21 23 24 25 27 29 30 32 33 34 35 36 39 41 44 45 48 49 50 52 54 58 59 60 62 64 65 66 67 69 71 73 74 75 76 78 79 80 81 83 84 86 88 89 90 91 92 94 95 96 97 100 101 102 103 104 106 108 110 112 113 114 115 116 118 119 120 
23 263        2 3 4 6 7 8 9 11 12 13 15 16 17 19 20 22 24 25 26 27 29 30 31 32 33 36 38 41 43 45 48 49 52 53 54 56 57 58 61 63 66 70 73 75 76 77 80 81 82 83 86 90 93 94 95 96 97 100 101 102 103 105 110 111 114 118 119 120 
24 311        3 4 5 9 10 11 13 14 16 17 18 21 22 23 25 27 30 31 32 33 34 36 37 40 42 44 46 47 48 49 50 52 53 55 56 57 58 61 62 65 66 67 68 73 75 78 80 82 84 85 86 88 89 90 91 92 94 95 97 99 101 105 107 109 110 111 113 116 117 119 120 
25 480        1 2 4 5 6 7 9 11 13 14 15 16 17 18 19 22 23 24 27 29 31 32 35 36 39 40 43 45 47 48 49 50 52 53 54 57 58 60 61 62 65 67 69 71 77 80 81 84 85 87 88 90 91 93 94 98 100 102 103 104 105 106 107 109 112 113 114 116 117 118 
26 255        3 4 6 7 11 14 16 18 19 21 23 27 28 29 31 33 34 35 36 37 38 39 40 41 42 43 45 46 49 50 51 53 57 62 63 64 65 66 67 68 70 72 73 74 75 78 80 82 83 84 85 86 88 91 93 94 95 97 98 101 102 103 106 107 108 110 111 112 113 116 117 118 120 
27 265        4 7 8 9 12 13 14 15 17 18 20 22 23 24 25 26 31 32 33 34 35 39 41 42 44 46 47 51 52 53 54 57 58 60 61 62 63 64 65 66 68 69 70 72 73 74 75 77 78 79 81 83 84 85 86 87 88 89 90 97 101 102 103 104 105 107 109 110 111 115 117 118 119 120 
28 381        1 6 7 8 10 11 13 14 15 16 18 26 29 30 32 33 36 39 40 41 43 45 47 51 52 53 55 62 65 67 68 69 70 71 72 73 74 76 78 81 83 85 86 87 90 91 92 93 94 95 96 97 98 102 105 107 111 112 118 119 
29 259        2 3 4 6 7 8 9 10 11 12 13 14 15 16 17 22 23 25 26 28 31 32 33 35 36 37 38 39 40 42 44 45 47 48 52 53 60 61 62 63 64 65 66 68 69 70 72 73 74 76 77 78 79 87 88 90 91 92 95 96 97 98 101 102 104 105 106 107 110 112 115 117 119 
30 360        1 4 7 8 9 14 15 18 19 20 21 22 23 24 28 31 33 36 37 38 39 41 42 43 44 45 46 53 54 55 56 57 61 62 63 66 67 69 71 72 73 74 75 77 78 82 84 85 86 87 88 92 95 96 99 104 105 106 107 112 113 114 116 118 119 120 
31 399        1 2 3 4 5 6 12 13 16 17 19 20 21 23 24 25 26 27 29 30 32 34 35 36 37 38 40 41 42 43 45 46 47 48 50 51 52 56 57 58 59 60 61 62 63 65 66 67 68 72 74 75 76 77 79 80 81 82 83 85 86 88 89 91 95 96 99 100 101 102 105 106 107 108 111 113 118 119 120 
32 272        1 3 7 8 9 10 13 15 16 17 18 19 21 22 23 24 25 27 28 29 31 33 34 36 37 38 41 42 43 44 46 47 48 50 54 55 56 61 63 64 65 66 67 68 69 70 71 72 73 74 75 76 79 80 81 84 85 88 89 91 93 95 96 100 101 102 106 110 113 114 117 119 
33 329        2 5 7 8 9 13 14 15 17 18 21 22 23 24 26 27 28 29 30 32 34 36 38 39 43 45 47 48 49 50 54 55 57 58 59 60 61 62 65 67 68 70 72 76 77 78 79 80 82 83 84 86 87 88 89 90 91 94 95 96 98 99 100 101 105 107 110 112 114 115 116 117 118 
34 429        2 4 5 7 8 9 13 16 17 18 19 20 22 24 26 27 31 32 33 35 36 37 38 40 41 44 45 46 47 49 52 55 56 57 58 59 60 62 64 65 67 68 69 71 72 74 76 80 82 84 85 86 87 88 89 91 92 93 94 95 98 101 102 105 106 108 109 110 111 112 113 114 117 120 
35 274        6 8 9 11 13 14 15 16 17 18 21 22 25 26 27 29 31 34 37 38 39 40 41 42 43 44 45 46 49 53 54 57 59 61 62 64 65 70 73 74 77 78 80 83 84 85 86 89 91 92 94 95 96 97 99 100 102 104 109 112 113 114 115 116 117 118 
36 297        1 2 3 4 7 9 10 11 12 15 16 17 21 22 23 24 25 26 28 29 30 31 32 33 34 37 38 39 40 41 44 46 48 49 50 54 56 58 59 61 63 64 66 71 73 75 77 79 81 82 83 87 88 89 91 94 98 99 100 101 105 106 107 108 109 113 115 116 118 120 
37 395        1 4 5 6 7 8 11 12 13 15 16 17 21 24 26 29 30 31 32 34 35 36 39 42 49 54 56 58 60 61 65 67 68 71 73 74 75 77 79 88 90 93 94 95 98 99 101 102 103 104 105 107 109 110 113 115 116 117 118 119 120 
38 258        1 2 3 4 5 7 10 11 13 14 18 23 26 29 30 31 32 33 34 35 36 39 42 43 44 46 47 48 49 50 52 53 56 57 59 60 63 64 65 67 68 73 75 76 78 80 81 82 83 84 85 86 87 88 89 90 91 92 93 94 98 101 103 104 105 107 109 110 111 112 113 114 115 116 117 118 120 
39 347        1 2 3 4 5 9 11 12 14 15 17 19 20 21 22 25 26 27 28 29 30 33 35 36 37 38 40 41 43 44 45 46 47 48 49 51 52 53 54 58 59 61 62 64 66 67 71 75 79 82 83 84 85 86 89 90 91 92 93 96 98 99 102 103 105 108 109 110 113 114 115 116 117 119 
40 463        2 5 6 7 10 11 12 13 15 16 17 19 24 25 26 28 29 31 34 35 36 39 42 43 46 47 48 51 52 53 54 56 59 61 62 63 66 67 75 76 78 83 84 85 86 89 90 92 94 95 96 98 101 105 106 107 108 110 112 113 114 115 117 119 120 
41 257        2 3 4 6 7 9 10 11 12 13 17 21 22 23 26 27 28 30 31 32 34 35 36 39 43 45 47 51 53 54 55 59 61 63 65 67 68 71 72 73 74 75 76 77 78 83 85 91 94 95 97 98 99 103 104 105 106 107 109 111 112 113 114 115 117 118 119 
42 280        2 5 6 7 9 10 11 13 15 16 20 21 24 26 27 29 30 31 32 35 37 38 40 44 45 47 48 51 52 53 54 55 58 59 61 63 64 65 66 67 68 69 70 71 72 73 75 76 77 79 80 81 82 83 84 86 88 89 92 93 98 99 100 101 102 104 105 106 107 108 109 113 118 120 
43 498        4 5 6 7 8 10 11 12 14 16 17 18 19 21 23 25 26 28 30 31 32 33 35 38 39 40 41 44 45 48 51 52 53 54 55 59 61 62 64 65 66 67 68 69 70 71 72 73 74 79 82 83 84 85 87 89 91 92 93 96 97 101 102 103 104 108 109 110 112 113 115 116 117 118 119 
44 250        1 4 6 10 11 12 13 14 17 18 19 21 22 24 27 29 30 32 34 35 36 38 39 42 43 45 46 51 53 54 55 57 58 60 64 66 69 74 75 79 80 83 84 85 86 88 90 92 93 94 95 97 99 100 101 102 104 106 108 109 110 111 116 117 120 
45 252        1 4 5 6 8 9 11 13 14 15 16 18 19 20 22 23 25 26 28 29 30 31 33 34 35 39 41 42 43 44 46 47 48 50 53 54 55 56 57 58 59 60 64 65 66 70 71 72 74 78 79 80 83 86 87 89 90 91 92 95 96 97 100 101 104 105 106 107 108 109 110 111 112 113 114 115 116 118 119 120 
46 412        3 4 6 7 9 16 17 18 19 20 21 24 26 27 30 31 32 34 35 36 38 39 40 44 45 47 48 49 50 52 56 57 58 60 61 62 68 69 70 74 75 76 79 80 81 82 83 85 86 87 88 89 90 91 93 95 96 97 98 100 101 102 104 105 106 108 109 110 112 113 115 116 117 118 119 120 
47 258        2 3 4 5 6 9 13 16 17 18 19 20 21 24 25 27 28 29 31 32 33 34 38 39 40 41 42 45 46 48 49 50 53 55 58 59 60 61 62 63 64 65 68 69 70 73 74 75 76 77 79 82 85 86 88 91 93 95 96 98 99 100 106 107 109 111 113 114 115 116 117 118 
48 330        4 5 6 10 11 12 13 14 15 16 17 18 22 23 24 25 29 31 32 33 36 38 39 40 42 43 45 46 47 49 52 54 57 59 61 62 65 66 67 68 69 71 72 74 76 78 79 81 82 89 90 91 92 96 97 98 100 101 104 106 108 109 112 113 115 116 117 119 
49 499        1 2 3 4 5 6 9 10 11 12 18 19 20 22 23 24 25 26 33 34 35 36 37 38 39 46 47 48 50 51 55 56 58 60 62 63 65 66 67 68 69 71 74 78 79 80 81 84 85 86 88 89 92 93 94 96 100 102 105 107 108 109 112 113 114 118 119 
50 250        2 3 5 8 10 11 13 17 18 20 22 24 25 26 31 32 33 36 38 45 46 47 49 51 53 55 59 60 61 63 64 65 67 71 72 74 75 76 78 79 80 81 82 87 88 89 90 91 93 95 96 97 99 100 102 103 104 106 108 109 110 111 113 116 117 
51 251        2 4 5 6 7 9 10 11 13 16 19 21 26 27 28 31 39 40 41 42 43 44 49 50 52 53 54 56 58 62 63 64 65 66 68 69 70 71 74 75 76 77 78 79 80 81 82 83 84 85 87 88 92 93 94 97 99 100 103 104 105 106 109 110 112 113 116 117 118 119 120 
52 458        5 8 9 10 11 12 13 14 16 18 22 23 24 25 27 28 29 31 34 38 39 40 42 43 46 48 51 53 54 55 56 57 59 64 65 67 68 69 70 72 73 75 77 78 79 81 82 86 87 91 92 93 95 96 98 99 101 102 104 105 106 107 109 110 113 116 117 119 120 
53 267        1 2 7 10 12 13 14 16 17 18 19 23 24 25 26 27 28 29 30 35 38 39 40 41 42 43 44 45 47 50 51 52 56 59 61 62 63 64 65 66 67 68 70 72 75 77 81 88 92 93 94 95 96 97 98 99 100 101 102 104 105 106 107 108 111 112 113 114 116 118 119 120 
54 275        4 6 7 8 10 12 13 15 17 18 19 20 22 23 25 27 30 32 33 35 36 37 39 40 41 42 43 44 45 48 51 52 57 58 59 60 61 62 65 68 70 71 74 75 76 78 79 80 81 84 85 86 87 90 92 93 94 96 97 98 101 102 103 105 106 107 108 109 110 111 112 113 115 116 119 120 
55 350        2 6 9 10 11 12 14 15 17 19 20 24 28 30 32 33 34 41 42 43 44 45 47 49 50 52 57 59 60 62 63 64 65 66 69 70 71 72 74 75 76 77 79 80 81 82 83 85 86 88 89 90 91 92 94 96 97 100 101 103 106 107 109 111 112 114 116 117 119 
56 283        2 3 7 8 9 11 13 15 17 18 19 23 24 30 31 32 34 36 37 38 40 45 46 49 51 52 53 57 58 60 63 64 67 68 69 71 72 74 75 77 78 79 81 83 87 89 90 91 92 94 95 96 97 99 100 102 104 106 107 108 111 113 115 116 119 120 
57 367        1 2 3 4 5 6 7 8 9 10 12 14 15 16 17 20 21 23 24 25 26 27 30 31 33 34 35 38 44 45 46 48 52 54 55 56 61 62 64 66 67 68 70 71 72 74 77 79 81 83 84 85 86 88 89 90 91 95 97 98 99 101 104 105 106 108 109 111 114 115 116 120 
58 434        1 2 3 4 5 6 7 10 11 14 15 16 17 18 19 20 21 22 23 24 25 27 31 33 34 36 37 39 42 44 45 46 47 49 51 54 56 59 60 61 62 63 64 65 67 68 69 71 72 74 76 77 78 81 82 83 86 87 88 90 91 92 93 94 96 97 100 101 102 104 105 107 110 111 112 113 114 116 119 
59 277        1 3 4 5 9 11 12 16 17 20 22 31 33 34 35 36 38 39 40 41 42 43 45 47 48 50 52 53 54 55 58 60 61 62 63 64 65 66 69 70 72 74 76 77 80 81 82 86 89 90 91 92 95 97 99 101 102 104 105 106 108 109 110 112 113 114 117 118 119 
60 289        3 4 8 11 12 15 16 17 19 20 21 22 25 27 29 31 33 34 37 38 44 45 46 47 49 50 54 55 56 58 59 62 64 65 66 67 70 71 73 75 76 77 80 81 82 84 85 87 88 90 91 92 94 97 98 100 101 103 109 110 111 112 113 115 116 118 119 
61 370        1 2 3 7 9 10 11 12 16 17 19 20 21 23 24 25 27 29 30 31 32 33 35 36 37 39 40 41 42 43 46 47 48 50 53 54 57 58 59 62 66 67 68 74 76 77 78 80 81 85 86 91 92 94 96 97 98 100 101 103 105 106 107 110 111 112 113 115 116 117 120 
62 273        1 2 3 4 8 9 10 11 12 14 16 17 19 20 21 22 24 25 26 27 28 29 30 31 33 34 35 39 40 43 46 47 48 49 51 53 54 55 57 58 59 60 61 66 67 68 69 70 71 72 73 74 75 76 77 79 80 81 83 85 86 88 89 90 92 94 97 99 100 102 103 104 107 109 110 111 113 115 117 118 119 120 
63 357        1 2 3 4 6 8 9 10 13 14 18 20 21 23 26 27 29 30 31 32 36 38 40 41 42 47 49 50 51 53 55 56 58 59 64 67 68 69 73 74 77 78 79 83 84 85 86 90 93 94 96 97 98 99 101 104 105 109 110 111 112 114 117 118 120 
64 495        2 3 4 5 6 9 10 12 16 17 19 21 22 26 27 29 32 34 35 36 38 39 42 43 44 45 47 50 51 52 53 55 56 57 58 59 60 63 65 68 69 71 72 74 76 78 79 82 83 87 88 89 91 92 94 95 96 98 99 100 101 106 109 110 113 114 115 116 118 119 
65 250        1 2 3 5 6 7 9 10 11 12 13 16 20 21 22 24 25 26 27 28 29 31 32 33 34 35 37 38 41 42 43 45 47 48 49 50 51 52 53 54 55 58 59 60 64 66 68 71 72 74 75 76 77 78 79 83 84 85 89 93 95 96 98 99 100 101 102 103 104 108 112 113 116 117 118 
66 255        2 3 5 6 7 9 10 12 14 16 17 19 20 21 22 23 24 26 27 29 30 31 32 36 39 40 42 43 44 45 48 49 51 53 55 57 59 60 61 62 65 69 70 73 74 76 82 84 85 86 88 89 91 92 93 94 96 97 98 99 100 101 103 104 105 108 109 110 111 112 113 114 116 118 119 
67 464        2 7 8 9 10 13 17 19 22 24 25 26 28 30 31 32 33 34 37 38 39 40 41 42 43 48 49 50 52 53 56 57 58 60 61 62 63 69 70 71 73 75 78 79 80 81 84 86 88 89 90 91 93 94 95 96 97 98 100 101 102 104 105 106 107 108 109 110 113 114 117 
68 254        1 3 5 6 7 9 10 16 17 18 20 21 24 26 27 28 29 31 32 33 34 37 38 41 42 43 46 47 48 49 51 52 53 54 56 57 58 61 62 63 64 65 69 71 73 74 75 77 78 79 80 83 85 87 88 91 94 96 97 99 101 102 103 104 105 109 110 111 112 114 116 118 120 
69 282        1 2 3 4 6 7 9 11 12 15 16 17 18 19 20 22 25 27 28 29 30 32 34 42 43 44 46 47 48 49 51 52 55 56 58 59 62 63 64 66 67 68 71 73 74 76 77 79 80 81 87 90 91 92 93 94 95 96 98 99 100 101 102 104 105 107 108 109 110 112 115 116 118 119 
70 361        1 2 3 8 9 10 11 12 13 14 19 23 26 27 28 29 32 33 35 42 43 45 46 47 51 52 53 54 55 57 59 60 62 66 67 71 73 74 75 77 79 84 85 87 90 91 92 93 94 95 97 98 100 104 105 106 107 108 109 111 113 115 116 117 118 119 
71 290        1 3 4 5 8 9 12 13 14 16 17 18 19 21 22 25 28 30 32 34 36 37 39 41 42 43 45 48 49 50 51 54 55 56 57 58 60 62 64 65 67 68 69 70 72 73 74 75 76 77 78 80 81 83 84 86 87 88 89 91 92 95 96 97 98 99 100 101 102 103 104 107 108 110 111 112 116 118 119 120 
72 349        1 3 4 6 7 8 11 12 13 14 15 16 17 18 20 26 27 28 29 30 31 32 33 34 41 42 43 45 48 50 52 53 55 56 57 58 59 62 64 65 71 73 74 76 79 80 81 82 83 85 87 89 90 93 96 98 100 101 103 104 106 107 111 112 113 114 115 116 117 118 119 120 
73 351        2 3 5 6 7 8 10 11 12 14 15 16 18 19 20 22 23 24 26 27 28 29 30 32 35 36 37 38 41 42 43 47 52 60 62 63 66 67 68 69 70 71 72 74 76 80 83 84 86 88 89 90 91 92 93 94 100 101 102 106 107 108 110 111 114 116 117 118 119 120 
74 251        2 3 4 5 7 8 11 13 18 19 20 22 26 27 28 29 30 31 32 34 35 37 41 43 44 45 46 47 48 49 50 51 54 55 56 57 58 59 61 62 63 64 65 66 68 69 70 71 72 73 75 77 80 85 87 89 90 93 96 97 98 99 100 102 105 107 108 109 111 112 114 115 116 118 119 
75 398        1 2 3 4 6 7 8 9 11 12 15 16 17 18 22 23 24 26 27 30 31 32 36 37 38 39 40 41 42 44 46 47 50 51 52 53 54 55 56 60 62 65 67 68 70 71 74 76 77 78 81 82 83 84 85 87 88 90 91 94 95 96 97 102 103 104 107 108 109 111 113 118 120 
76 370        1 2 5 6 8 11 12 14 15 18 19 22 23 28 29 31 32 33 34 38 40 41 42 46 47 48 50 51 54 55 58 59 60 61 62 64 65 66 69 71 72 73 75 77 80 81 82 84 86 87 90 91 93 94 96 98 100 102 105 106 108 109 110 111 113 114 117 120 
77 287        3 6 9 11 12 13 15 16 17 18 19 20 21 23 25 27 29 30 31 33 35 36 37 41 42 47 51 52 53 55 56 57 58 59 60 61 62 63 65 68 69 70 71 74 75 76 78 79 81 82 83 84 85 86 87 91 92 93 94 95 97 99 100 101 102 106 107 108 109 111 112 118 119 120 
78 343        1 2 3 4 6 7 8 11 13 14 16 17 19 22 24 26 27 28 29 30 33 35 38 40 41 45 48 49 50 51 52 54 56 58 61 63 64 65 67 68 71 75 77 79 86 88 92 93 96 97 98 100 102 104 105 107 108 109 110 111 113 114 116 119 120 
79 428        1 2 3 4 7 8 9 10 12 15 17 18 20 21 22 27 29 31 32 33 36 37 39 42 43 44 45 46 47 48 49 50 51 52 54 55 56 57 62 63 64 65 67 68 69 70 72 77 78 80 81 82 83 84 87 88 89 90 92 93 94 97 98 102 103 104 107 108 109 111 112 114 115 117 119 120 
80 257        2 3 5 6 7 8 14 16 19 20 22 23 24 25 26 31 32 33 34 35 38 42 44 45 46 49 50 51 54 55 59 60 61 62 67 68 69 71 72 73 74 76 79 81 83 86 87 88 89 90 91 93 95 96 97 98 99 102 103 104 106 107 108 111 113 115 119 120 
81 315        2 4 5 7 9 11 13 14 15 16 17 19 21 22 23 25 27 28 31 32 36 38 42 46 48 49 50 51 52 53 54 55 56 57 58 59 60 61 62 67 69 71 72 75 76 77 79 80 82 83 84 85 89 91 92 93 94 96 97 98 100 101 102 103 104 105 109 110 114 115 117 118 119 
82 445        1 6 10 12 13 14 16 17 19 21 23 24 26 30 31 33 34 36 38 39 42 43 46 47 48 50 51 52 55 58 59 60 64 66 72 75 76 77 79 81 83 84 85 86 88 90 91 92 93 94 95 98 100 101 102 103 105 106 107 108 110 111 112 115 116 117 119 120 
83 272        1 2 3 5 7 8 9 10 11 13 17 20 21 22 23 26 27 28 31 33 35 36 38 39 40 41 42 43 44 45 46 51 55 56 57 58 62 63 64 65 68 71 72 73 75 77 79 80 81 82 84 86 88 91 92 93 94 96 98 99 100 101 104 106 107 108 111 113 115 116 117 118 119 120 
84 283        1 2 3 4 5 7 9 11 12 13 15 17 18 22 24 25 26 27 30 32 33 34 35 38 39 40 42 43 44 49 51 54 57 60 63 65 66 67 70 71 73 75 76 77 79 81 82 83 85 87 88 89 90 91 93 95 96 97 99 100 101 102 103 104 105 106 109 111 112 113 116 117 119 120 
85 440        1 3 4 6 9 10 12 13 15 16 17 19 20 21 24 25 26 27 28 30 31 32 34 35 38 39 40 41 43 44 46 47 49 51 54 55 57 60 61 62 63 65 66 68 70 72 74 75 77 81 82 84 88 89 90 91 93 94 95 96 97 99 100 101 102 103 104 105 107 109 111 112 115 116 119 120 
86 254        3 4 6 7 9 10 11 13 14 15 19 20 21 22 23 24 26 27 28 30 31 33 34 35 38 39 40 42 44 45 46 47 49 52 54 55 57 58 59 61 62 63 66 67 71 73 76 77 78 80 82 83 89 90 91 93 94 97 98 99 100 101 102 103 106 107 108 110 111 113 115 117 118 
87 306        2 3 4 5 7 8 9 10 11 12 15 16 17 21 25 27 28 29 30 33 34 36 38 43 45 46 50 51 52 54 56 58 60 64 68 69 70 71 72 74 75 76 77 79 80 84 88 93 94 95 97 98 99 100 102 103 106 107 108 110 111 112 120 
88 435        1 2 4 8 9 12 15 16 17 18 20 21 22 24 25 26 27 29 30 31 32 33 34 36 37 38 42 44 46 47 49 50 51 53 55 57 58 60 62 64 66 67 68 71 73 75 78 79 80 82 83 84 85 87 89 90 93 94 98 100 101 102 103 105 107 108 109 110 112 113 114 117 118 119 120 
89 279        1 2 4 7 10 11 13 15 17 22 24 27 31 32 33 34 35 36 38 39 40 42 43 45 46 48 49 50 55 56 57 59 62 64 65 66 67 71 72 73 74 79 80 81 84 85 86 88 91 93 95 96 98 99 100 101 103 104 105 107 108 110 111 113 114 116 117 118 119 120 
90 286        2 3 5 7 8 9 11 12 13 14 15 16 17 18 20 21 22 23 24 25 27 28 29 33 37 38 39 40 44 45 46 48 50 54 55 56 57 58 59 60 62 63 67 69 70 72 73 74 75 76 79 80 82 84 85 86 88 91 92 93 94 97 100 101 103 104 105 106 107 111 112 115 116 118 119 120 
91 451        2 3 5 6 8 9 10 11 12 14 17 19 20 22 24 25 26 28 29 31 32 33 34 35 36 38 39 41 43 45 46 47 48 50 52 55 56 57 58 59 60 61 64 66 67 68 69 70 71 73 75 76 77 80 81 82 83 84 85 86 89 90 92 95 98 101 102 104 107 112 114 115 116 119 
92 268        1 3 4 6 7 10 18 21 22 24 28 29 30 34 35 38 39 40 42 43 44 45 48 49 51 52 53 54 55 56 58 59 60 61 62 64 66 69 70 71 73 77 78 79 81 82 83 90 91 94 96 99 100 101 102 103 105 107 108 110 112 114 116 117 118 119 120 
93 281        1 2 3 4 7 8 10 11 12 14 16 18 19 20 23 25 26 28 32 34 37 38 39 42 43 44 46 47 49 50 51 52 53 54 58 63 65 66 67 69 70 72 73 74 76 77 78 79 80 81 82 83 84 85 86 87 88 89 90 94 95 97 100 104 105 106 109 110 112 113 114 116 118 120 
94 430        1 2 3 5 8 10 11 12 13 14 17 18 20 21 22 23 24 25 26 28 33 34 35 36 37 38 40 41 44 49 51 53 54 55 56 58 60 61 62 63 64 66 67 68 69 70 73 75 76 77 79 81 82 83 85 86 87 88 90 92 93 95 101 102 103 104 107 108 112 115 118 119 
95 261        1 2 4 5 9 12 13 14 15 16 19 20 21 22 23 24 26 28 29 30 31 32 33 34 35 37 40 41 44 45 46 47 50 52 53 56 57 59 64 65 67 69 70 71 75 77 80 82 84 85 87 89 91 93 94 96 97 98 99 102 104 106 107 109 112 113 116 117 118 
96 309        2 4 7 8 10 11 13 15 17 18 19 20 22 23 28 29 30 31 32 33 35 39 40 43 45 46 47 48 49 50 52 53 54 55 56 58 61 63 64 65 66 67 68 69 71 72 74 75 76 78 80 81 83 84 85 89 92 95 97 98 100 101 103 104 106 107 108 110 111 114 116 119 120 
97 368        2 3 5 6 9 11 13 18 22 23 24 26 27 28 29 35 41 43 44 45 46 48 50 51 53 54 55 56 57 58 59 60 61 62 63 66 67 68 70 71 74 75 77 78 79 80 81 84 85 86 87 90 93 95 96 98 99 101 102 106 108 109 110 111 114 116 117 118 119 120 
98 274        2 3 4 7 9 10 11 12 14 15 16 18 19 21 25 26 28 29 33 34 36 37 38 39 40 41 42 46 47 48 52 53 54 57 60 61 63 64 65 66 67 69 70 71 72 74 76 78 79 80 81 82 83 86 87 88 89 91 95 96 97 100 101 102 104 105 106 107 108 109 110 111 112 116 119 
99 358        1 2 5 6 7 8 10 11 12 14 15 16 17 18 19 20 21 24 30 31 33 35 36 37 39 41 42 44 47 50 51 52 53 56 57 59 62 63 64 65 66 68 69 71 74 77 80 83 84 85 86 87 89 92 95 97 100 102 103 104 106 108 109 110 111 112 113 115 117 118 119 
100 427       1 7 8 9 10 11 12 14 15 16 17 18 19 20 21 22 23 25 31 32 33 35 36 42 44 45 46 47 48 49 50 51 53 55 56 58 60 61 62 64 65 66 67 69 70 71 72 73 74 76 77 78 81 82 83 84 85 86 87 88 89 90 92 93 96 98 99 104 105 106 111 113 116 117 119 
101 250       1 2 5 6 8 9 11 12 13 14 16 17 18 22 23 24 26 27 29 31 32 33 34 36 37 38 40 42 43 44 45 46 48 52 53 54 55 57 58 59 60 61 63 64 65 66 67 68 69 71 72 73 77 81 82 83 84 85 86 88 89 90 91 92 94 96 97 98 102 105 106 107 108 109 114 115 116 117 
102 323       2 3 4 5 6 9 10 11 12 13 17 18 20 21 22 23 25 26 27 28 29 31 32 34 35 37 39 42 43 44 46 49 50 52 53 54 56 58 59 62 65 67 68 69 71 73 74 75 76 77 78 79 80 81 82 84 85 86 87 88 91 92 94 95 97 98 99 101 104 105 106 108 110 111 112 113 115 117 118 
103 444       1 4 8 14 16 17 22 23 25 26 27 37 38 39 41 43 50 51 54 55 60 61 62 65 66 68 71 72 75 79 80 81 82 84 85 86 87 88 89 90 92 94 96 99 106 108 111 112 113 114 115 116 
104 270       3 4 5 6 8 9 10 13 14 15 16 18 20 21 22 25 27 29 30 35 37 38 41 42 43 44 45 46 48 50 51 52 53 56 57 58 59 62 63 65 66 67 68 69 70 71 72 75 78 79 80 81 83 84 85 89 90 91 93 94 95 96 98 99 100 102 105 106 109 111 113 115 117 118 120 
105 286       3 5 7 10 11 12 13 14 15 16 18 20 23 24 25 27 28 29 30 31 33 34 36 37 38 39 40 41 42 45 46 49 51 52 53 54 57 58 59 61 63 66 67 68 69 70 74 76 78 81 82 84 85 88 89 90 92 93 98 100 101 102 104 106 107 108 109 111 112 113 115 116 117 118 119 
106 494       1 2 4 6 7 8 9 10 11 13 15 16 17 18 19 20 21 22 25 26 29 30 31 32 34 36 40 41 42 44 45 46 47 48 50 51 52 53 54 55 56 57 59 61 64 67 70 72 73 76 77 80 82 83 84 86 87 90 93 95 96 97 98 99 100 101 102 103 104 105 107 108 111 112 113 116 118 
107 250       2 4 6 11 12 14 15 16 18 19 21 24 25 26 27 28 29 30 31 33 36 37 38 40 41 42 45 47 49 52 53 54 55 56 58 61 62 67 69 70 71 72 73 74 75 77 78 79 80 82 83 85 86 87 88 89 90 91 92 94 95 96 98 101 105 106 108 109 110 111 112 113 114 115 116 117 118 119 
108 256       2 6 9 10 12 13 14 19 20 22 26 31 34 36 39 40 42 43 44 45 46 48 49 50 53 54 56 57 59 65 66 67 69 70 71 73 74 75 76 77 78 79 80 82 83 86 87 88 89 92 94 96 97 98 99 101 102 103 105 106 107 109 112 114 116 117 118 120 
109 368       2 3 4 7 8 9 10 11 12 14 15 20 24 25 27 34 35 36 37 38 39 41 42 43 44 45 46 47 48 49 50 51 52 54 55 57 59 60 62 63 64 66 67 68 69 70 74 75 76 77 78 79 81 84 85 88 93 95 97 98 99 101 104 105 107 108 110 111 113 114 115 116 119 120 
110 300       1 6 8 9 10 11 12 13 14 15 16 17 18 22 23 24 26 27 29 32 33 34 37 38 39 40 43 44 45 46 50 51 52 54 58 59 60 61 62 63 64 66 67 68 69 71 73 76 78 81 82 86 87 88 89 92 93 96 97 98 99 102 107 109 112 113 114 118 119 120 
111 332       4 5 6 11 12 15 16 17 18 19 20 23 24 26 27 28 31 34 38 41 44 45 47 50 53 54 55 56 57 58 60 61 62 63 66 68 70 71 72 73 74 75 76 77 78 79 80 82 83 84 85 86 87 89 90 96 97 98 99 100 102 103 104 105 106 107 109 112 113 115 116 117 118 120 
112 491       1 2 3 5 7 12 13 19 20 21 22 25 26 28 29 30 33 34 35 38 40 41 43 45 46 48 49 51 53 54 55 58 59 60 61 63 65 66 68 69 71 72 74 77 79 82 84 85 87 88 90 91 92 93 94 95 98 99 102 103 105 106 107 108 110 111 113 114 119 
113 253       2 3 5 6 7 10 12 13 14 15 16 17 21 22 24 25 26 30 31 32 34 35 36 37 38 39 40 41 42 43 45 46 47 48 49 50 51 52 53 54 56 58 59 60 61 62 64 65 66 67 70 72 75 76 78 80 83 84 86 88 89 93 95 99 100 102 103 104 105 106 107 109 110 111 112 115 116 117 120 
114 256       1 2 3 4 5 6 9 10 11 12 13 18 19 20 21 22 23 25 30 32 33 34 35 38 39 40 41 45 47 49 53 55 57 58 59 63 64 66 67 68 72 73 74 76 78 79 81 88 89 91 92 93 96 97 101 103 107 108 109 110 112 115 116 117 118 
115 426       1 4 5 6 7 9 10 11 12 13 15 16 18 19 21 22 27 29 33 35 36 37 38 39 40 41 43 45 46 47 48 54 56 57 60 61 62 64 69 70 72 74 79 80 81 82 83 85 86 90 91 94 99 101 102 103 104 105 107 109 111 113 114 116 119 120 
116 274       1 2 3 5 7 11 12 13 14 16 19 20 21 22 24 25 26 30 33 35 36 37 38 39 43 44 45 46 47 48 50 51 52 53 54 55 56 57 58 60 61 64 65 66 68 69 70 71 72 73 74 78 82 83 84 85 89 90 91 92 93 95 96 97 98 100 101 103 105 106 107 108 109 111 113 114 115 117 118 120 
117 300       1 2 4 6 7 8 9 11 12 13 15 16 17 20 21 24 25 26 27 29 32 33 34 35 37 38 39 40 41 43 44 46 47 48 50 51 52 55 59 61 62 63 65 67 70 72 73 76 79 81 82 83 84 86 88 89 92 95 97 99 100 101 102 104 105 107 108 111 113 114 116 118 120 
118 495       1 2 5 6 7 11 12 15 17 19 21 22 23 25 26 27 28 30 31 33 35 36 37 38 41 42 43 45 46 47 49 51 53 59 60 62 63 64 65 66 68 69 70 71 72 73 74 75 77 81 83 86 88 89 90 92 93 94 95 97 99 102 104 105 106 107 108 110 111 114 116 117 
119 250       1 2 3 4 8 9 10 13 14 16 18 19 20 22 23 24 27 28 29 30 31 32 37 39 40 41 43 45 46 48 49 51 52 53 54 55 56 58 59 60 62 64 66 69 70 71 72 73 74 77 78 79 80 81 82 83 84 85 88 89 90 91 92 94 96 97 98 99 100 105 107 109 110 112 115 
120 255       1 2 3 4 5 8 10 11 14 17 18 22 23 24 26 27 30 31 34 36 37 38 40 42 44 45 46 51 52 53 54 56 57 61 62 63 68 71 72 73 75 76 77 78 79 80 82 83 84 85 87 88 89 90 92 93 96 97 104 108 109 110 111 113 115 116 117 
