120 1000
1 394         13 14 18 22 23 24 26 32 34 36 49 60 61 68 69 85 88 98 99 104 105 112 115 118 120 
2 280         8 16 23 27 31 32 34 35 38 39 41 55 58 67 76 77 79 83 88 92 94 95 103 106 110 111 118 
3 326         6 10 12 17 20 24 27 35 38 39 41 42 43 47 50 51 58 60 63 64 65 67 72 73 74 82 90 91 100 116 
4 370         8 22 24 29 32 47 48 52 54 64 68 74 79 83 88 91 92 96 98 107 109 113 119 120 
5 284         10 11 15 17 18 25 27 28 30 33 36 67 70 75 76 78 86 90 91 94 95 101 102 104 107 110 111 119 
6 346         3 8 19 22 33 34 36 56 57 63 66 70 85 86 91 96 99 104 105 108 115 116 
7 427         9 11 17 26 28 34 42 45 53 54 55 64 71 72 79 80 94 95 103 107 117 
8 259         2 4 6 10 13 27 38 44 45 48 55 56 61 64 69 72 78 80 99 102 106 108 118 120 
9 314         7 17 35 36 42 55 59 71 75 78 79 80 83 88 90 97 99 100 102 109 112 114 117 
10 430        3 5 8 11 15 21 23 25 32 35 46 47 50 52 60 70 73 74 75 78 89 92 95 97 98 102 104 110 115 116 
11 270        5 7 10 13 15 19 26 30 32 34 37 42 43 46 56 58 59 70 73 75 76 77 80 82 83 84 86 92 93 102 105 120 
12 300        3 14 20 39 46 47 49 52 65 71 81 84 87 98 100 103 109 111 113 114 
13 462        1 8 11 17 29 43 45 47 56 64 67 75 76 78 80 100 101 113 115 
14 261        1 12 15 19 27 32 33 36 43 50 52 57 58 63 66 76 86 87 95 96 100 117 
15 277        5 10 11 14 18 20 34 35 36 42 44 47 48 58 68 83 84 101 102 112 113 
16 356        2 22 23 27 28 29 43 45 49 50 53 55 61 63 64 66 68 73 79 80 90 92 99 100 104 117 118 
17 292        3 5 7 9 13 31 48 52 53 59 62 63 66 67 72 80 83 86 92 98 117 
18 352        1 5 15 19 20 28 30 35 43 45 46 55 59 82 88 96 101 108 114 
19 498        6 11 14 18 29 33 35 43 58 60 62 63 64 84 86 93 95 104 108 109 117 
20 250        3 12 15 18 23 24 37 39 40 51 57 59 76 81 84 88 94 96 99 102 111 112 114 
21 252        10 28 38 47 56 64 65 74 77 78 79 85 91 92 95 100 110 112 116 117 
22 432        1 4 6 16 27 29 31 33 36 41 46 47 63 66 67 69 73 76 77 86 88 89 103 109 112 
23 276        1 2 10 16 20 27 28 35 37 44 46 49 50 58 62 71 74 87 88 89 113 
24 292        1 3 4 20 32 34 35 36 37 45 47 49 50 52 72 78 92 98 103 105 107 109 114 117 
25 391        5 10 30 31 36 45 48 49 51 57 65 68 71 73 81 83 85 89 91 94 98 102 105 
26 252        1 7 11 27 32 34 35 43 44 50 51 57 60 65 67 68 70 78 80 82 87 89 95 101 104 105 107 
27 357        2 3 5 8 14 16 22 23 26 30 31 38 61 69 70 73 81 83 87 91 102 103 104 109 111 114 115 117 
28 397        5 7 16 18 21 23 29 31 33 34 38 39 44 45 51 52 53 54 56 57 58 62 71 73 76 82 83 85 106 108 110 115 116 119 
29 274        4 13 16 19 22 28 33 34 36 38 42 45 59 72 73 75 78 87 94 95 101 110 112 113 114 
30 329        5 11 18 25 27 31 33 36 38 42 44 52 54 58 64 73 87 99 104 
31 490        2 17 22 25 27 28 30 35 47 50 51 56 61 64 65 67 69 72 73 74 81 92 94 107 111 114 
32 251        1 2 4 10 11 14 24 26 41 42 44 45 59 68 74 75 81 83 84 87 90 103 
33 259        5 6 14 19 22 28 29 30 41 52 55 61 64 66 68 71 72 74 76 85 86 87 91 93 94 114 115 118 119 
34 408        1 2 6 7 11 15 24 26 28 29 42 57 76 78 89 93 112 114 116 119 
35 256        2 3 9 10 15 18 19 23 24 26 31 38 45 54 59 64 70 72 78 83 89 99 104 109 113 119 
36 336        1 5 6 9 14 15 22 24 25 29 30 37 63 64 69 72 83 84 87 119 
37 434        11 20 23 24 36 41 42 43 50 57 62 65 68 71 92 95 96 98 104 106 107 113 115 119 
38 262        2 3 8 21 27 28 29 30 35 43 46 55 66 68 69 77 78 88 92 93 103 104 105 114 117 120 
39 304        2 3 12 20 28 46 55 64 65 67 68 81 83 84 85 86 89 90 91 98 99 100 102 107 110 117 
40 482        20 42 45 62 70 72 76 95 98 99 102 107 114 118 120 
41 256        2 3 22 32 33 37 46 53 57 60 61 71 81 88 93 104 105 109 110 113 114 117 120 
42 262        3 7 9 11 15 29 30 32 34 37 40 46 49 51 58 61 66 71 79 82 84 89 94 102 108 110 112 117 
43 387        3 11 13 14 16 18 19 26 37 38 48 50 52 57 60 61 64 65 66 69 79 83 101 119 120 
44 275        8 15 23 26 28 30 32 48 53 55 58 73 87 88 91 93 98 102 108 112 116 
45 338        7 8 13 16 18 24 25 28 29 32 35 40 48 50 52 61 67 69 76 77 84 86 90 92 98 99 106 108 116 
46 362        10 11 12 18 22 23 38 39 41 42 47 63 67 74 77 86 90 91 92 94 101 105 113 115 119 120 
47 293        3 4 10 12 13 15 21 22 24 31 46 50 57 60 65 68 71 79 86 94 98 102 104 108 109 120 
48 345        4 8 15 17 25 43 44 45 53 56 60 62 69 70 75 79 85 89 96 98 104 112 114 115 116 119 120 
49 428        1 12 16 23 24 25 42 50 63 65 67 73 80 93 95 96 112 114 116 117 119 
50 284        3 10 14 16 23 24 26 31 37 43 45 47 49 51 56 62 74 78 99 106 110 113 
51 288        3 20 25 26 28 31 42 50 52 56 61 81 82 86 89 90 94 109 117 118 
52 408        4 10 12 14 17 24 28 30 33 43 45 51 54 61 68 77 79 85 87 92 95 112 
53 288        7 16 17 28 41 44 48 54 88 92 97 100 105 107 108 112 113 115 116 
54 304        4 7 28 30 35 52 53 62 64 68 69 79 82 87 90 91 94 109 117 118 
55 480        2 7 8 9 16 18 33 38 39 44 62 75 77 80 81 82 84 87 99 102 105 107 109 110 115 119 
56 250        6 8 11 13 21 28 31 48 50 51 64 67 70 72 76 89 95 96 97 103 113 118 120 
57 270        6 14 20 25 26 28 34 37 41 43 47 58 61 67 71 72 74 76 85 86 87 92 
58 394        2 3 11 14 15 19 23 28 30 42 44 57 66 71 73 80 88 92 96 97 100 115 119 120 
59 276        9 11 17 18 20 29 32 35 60 62 63 71 73 82 87 91 106 108 111 112 118 
60 330        1 3 10 19 26 41 43 47 48 59 62 70 71 73 86 89 96 106 115 117 
61 361        1 8 16 27 31 33 41 42 43 45 51 52 57 63 64 74 75 76 79 82 84 89 93 94 95 99 106 108 114 117 
62 253        17 19 23 28 37 40 48 50 54 55 59 60 70 71 74 75 76 78 81 90 106 107 109 118 
63 386        3 6 14 16 17 19 22 36 46 49 59 61 64 75 87 88 92 94 99 102 104 105 111 112 115 117 119 
64 375        3 4 7 8 13 16 19 21 30 31 33 35 36 39 43 54 56 61 63 72 74 82 87 102 105 
65 281        3 12 21 25 26 31 37 39 43 47 49 70 76 77 78 81 108 
66 344        6 14 16 17 22 33 38 42 43 58 67 70 76 80 87 88 92 103 104 105 110 112 115 
67 478        2 3 5 13 17 22 26 31 39 45 46 49 56 57 66 82 85 89 98 99 101 105 114 115 116 
68 251        1 4 15 16 25 26 32 33 37 38 39 47 52 54 69 75 76 85 88 100 110 116 
69 271        1 8 22 27 31 36 38 43 45 48 54 68 73 75 79 80 93 99 102 103 114 
70 478        5 6 10 11 26 27 35 40 48 56 60 62 65 66 74 79 85 90 92 95 101 104 
71 250        7 9 12 23 25 28 33 37 41 42 47 57 58 59 60 62 77 80 84 90 92 93 94 95 98 100 102 106 108 111 113 
72 272        3 7 8 17 24 29 31 33 35 36 40 56 57 64 75 77 88 89 92 97 105 107 108 113 119 
73 356        3 10 11 16 22 25 27 28 29 30 31 44 49 58 59 60 69 75 79 81 86 95 97 98 102 104 108 109 110 115 116 117 
74 276        3 4 10 21 23 31 32 33 46 50 57 61 62 64 70 77 81 83 85 87 92 93 94 99 104 117 
75 368        5 9 10 11 13 29 32 48 55 61 62 63 68 69 72 73 78 89 97 105 114 116 119 
76 387        2 5 11 13 14 20 22 28 33 34 40 45 56 57 61 62 65 66 68 77 79 80 82 105 107 110 120 
77 269        2 11 21 22 38 45 46 52 55 65 71 72 74 76 78 85 87 88 98 102 107 118 
78 344        5 8 9 10 13 21 24 26 29 34 35 38 50 62 65 75 77 80 92 103 107 115 
79 486        2 4 7 9 16 21 42 43 47 48 52 54 61 69 70 73 76 90 91 95 96 99 102 106 107 110 111 117 
80 252        7 8 9 11 13 16 17 26 49 55 58 66 69 71 76 78 82 89 91 96 102 103 110 115 
81 262        12 20 25 27 31 32 39 41 51 55 62 65 73 74 88 105 112 
82 414        3 11 18 26 28 42 51 54 55 59 61 64 67 76 80 86 90 92 95 99 103 107 113 114 120 
83 263        2 4 9 11 15 17 25 27 28 32 35 36 39 43 74 90 95 105 115 
84 323        11 12 15 19 20 32 36 39 42 45 55 61 71 89 92 94 99 100 101 103 117 
85 410        1 6 21 25 28 33 39 48 52 57 67 68 70 74 77 91 105 107 109 
86 250        5 6 11 14 17 19 22 33 39 45 46 47 51 57 60 73 82 88 97 100 105 106 107 109 111 112 113 115 
87 340        12 14 23 26 27 29 30 32 33 36 44 52 54 55 57 59 63 64 66 74 77 88 94 97 98 99 117 118 
88 400        1 2 4 9 18 20 22 23 38 41 44 53 58 63 66 68 72 77 81 86 87 89 90 94 117 
89 295        10 22 23 25 26 34 35 39 42 48 51 56 60 61 67 72 75 80 84 88 97 102 107 108 109 113 114 
90 305        3 5 9 16 32 39 45 46 51 54 62 70 71 79 82 83 88 93 100 102 105 107 111 
91 382        3 4 5 6 21 25 27 33 39 44 46 54 59 79 80 85 94 98 99 103 110 113 114 119 
92 282        2 4 10 11 16 17 21 24 31 37 38 45 46 52 53 57 58 63 66 70 71 72 74 78 82 84 93 95 98 101 107 109 113 
93 336        11 19 33 34 38 41 44 49 61 69 71 74 90 92 94 98 100 105 109 114 
94 434        2 5 7 20 25 29 31 33 42 46 47 51 54 61 63 71 74 84 87 88 91 93 104 106 112 113 117 119 
95 269        2 5 7 10 14 19 21 26 29 37 40 49 52 56 61 70 71 73 79 82 83 92 104 107 114 118 119 120 
96 297        4 6 14 18 20 37 48 49 56 58 60 79 80 111 113 119 
97 395        9 10 53 56 58 72 73 75 86 87 89 104 108 117 
98 278        1 4 10 12 17 24 25 37 39 40 44 45 47 48 67 71 73 77 87 91 92 93 119 
99 327        1 6 8 9 16 20 30 35 39 40 45 50 55 61 63 67 69 74 79 82 84 87 91 101 103 110 113 118 
100 353       3 9 12 13 14 16 21 39 53 58 68 71 84 86 90 93 110 118 119 
101 281       5 13 15 18 26 29 43 46 67 70 84 92 99 103 111 
102 366       5 8 9 10 11 15 20 25 27 39 40 42 44 47 55 63 64 69 71 73 77 79 80 89 90 106 107 
103 419       2 7 12 22 24 27 32 38 56 66 69 78 80 82 84 91 99 101 106 114 115 
104 285       1 5 6 10 16 19 26 27 30 35 37 38 41 47 48 63 66 70 73 74 94 95 97 108 113 115 119 120 
105 296       1 6 11 24 25 26 38 41 46 53 55 63 64 66 67 72 75 76 81 83 85 86 90 93 110 111 116 118 
106 362       2 8 28 37 45 50 59 60 61 62 71 79 86 94 102 103 114 115 116 118 
107 314       4 5 7 24 26 31 37 39 40 53 55 62 72 76 77 78 79 82 85 86 89 90 92 95 102 111 112 
108 324       6 8 18 19 28 42 44 45 47 53 59 61 65 71 72 73 89 97 104 113 114 119 
109 495       4 9 12 19 22 24 27 35 41 47 51 54 55 62 73 85 86 89 92 93 110 113 115 
110 251       2 5 10 21 28 29 39 41 42 50 55 66 68 73 76 79 80 91 99 100 105 109 111 112 
111 254       2 5 12 20 27 31 59 63 71 79 86 90 96 101 105 107 110 116 118 119 120 
112 499       1 9 15 20 21 22 29 34 42 44 48 49 52 53 59 63 66 81 86 94 107 110 
113 250       4 12 13 15 23 29 35 37 41 46 50 53 56 71 72 82 86 89 91 92 94 96 99 104 108 109 
114 251       9 12 18 20 24 27 29 31 33 34 38 40 41 48 49 61 67 69 75 82 89 91 93 95 103 106 108 
115 364       1 6 10 13 27 28 33 37 46 48 53 55 58 60 63 66 67 73 78 80 83 86 103 104 106 109 117 119 
116 289       3 6 10 21 28 34 44 45 48 49 53 67 68 73 75 105 106 111 118 
117 347       7 9 14 16 17 19 21 24 27 38 39 41 42 49 51 54 60 61 63 73 74 79 84 87 88 94 97 115 
118 498       1 2 8 16 33 40 51 54 56 59 62 77 87 95 99 100 105 106 111 116 
119 250       4 5 28 33 34 35 36 37 43 46 48 49 55 58 63 72 75 91 94 95 96 98 100 104 108 111 115 
120 252       1 4 8 11 38 40 41 43 46 47 48 56 58 76 82 95 104 111 
