120 1000
1 370         3 5 6 7 8 9 10 12 13 14 16 17 18 20 21 23 25 28 29 30 31 32 33 34 35 36 37 38 39 41 42 43 44 47 48 49 51 53 54 56 57 59 61 62 63 65 66 67 68 70 71 74 76 77 78 79 80 81 82 86 87 88 89 90 91 92 93 96 97 98 99 100 101 103 104 105 107 108 109 111 112 113 115 117 118 119 
2 286         3 4 5 6 8 9 10 11 12 15 16 17 18 20 22 23 24 25 26 27 28 29 31 32 33 34 35 36 37 39 40 41 43 44 45 46 48 49 51 52 53 55 56 57 59 60 62 64 65 68 70 71 72 73 74 75 76 79 80 81 82 83 85 86 88 90 91 92 93 94 96 97 100 102 103 104 105 106 107 108 109 110 111 113 114 115 117 118 120 
3 344         1 2 4 5 6 7 8 9 10 11 12 14 16 17 19 20 22 23 25 26 28 29 30 31 32 33 34 37 40 41 43 44 45 46 48 49 50 52 53 54 55 56 57 58 59 62 64 65 66 67 68 69 71 73 74 75 76 77 78 83 84 86 87 88 90 91 93 94 95 96 98 99 100 102 103 104 105 107 108 110 111 113 114 115 116 117 118 120 
4 362         2 3 5 9 10 11 12 13 14 18 19 20 21 23 24 25 26 28 30 33 34 35 36 39 41 42 43 45 46 47 50 51 53 54 57 58 59 60 61 62 63 64 65 67 69 71 72 76 77 78 79 81 83 84 85 86 87 88 91 92 94 95 96 98 99 100 102 104 106 108 109 110 111 112 113 114 115 120 
5 294         1 2 3 4 6 7 8 9 11 14 17 19 21 22 23 24 26 28 29 30 31 35 38 40 41 42 43 44 45 46 48 49 51 52 55 56 57 59 60 61 62 63 64 66 68 69 70 71 72 73 76 79 81 84 85 88 89 90 93 96 97 98 100 101 102 103 104 105 106 107 108 109 111 112 113 114 116 117 118 120 
6 344         1 2 3 5 7 9 11 12 14 15 19 20 21 22 24 25 26 28 29 30 31 32 33 36 37 38 39 40 41 43 44 45 48 49 50 51 52 53 54 55 57 58 61 62 64 66 67 69 70 72 73 75 76 78 80 81 82 83 84 86 87 88 89 90 91 93 95 96 97 99 102 104 105 106 108 112 113 116 117 118 120 
7 466         1 3 5 6 9 10 11 12 13 14 15 16 18 19 20 21 22 24 25 26 27 28 29 30 31 32 33 34 35 36 37 38 39 40 41 42 43 44 45 46 47 48 49 50 51 52 53 54 55 57 58 59 60 65 67 68 70 73 75 76 77 78 82 83 84 86 88 90 91 92 94 95 96 98 99 101 102 103 104 105 107 109 110 111 112 113 114 115 116 119 120 
8 263         1 2 3 5 10 11 12 13 14 15 16 19 21 22 24 25 27 28 30 33 34 35 36 37 38 40 41 43 46 47 51 53 54 57 58 59 61 63 64 65 66 67 68 69 71 75 76 77 78 81 82 83 84 85 87 88 89 90 91 92 93 94 96 98 99 100 101 102 103 104 106 109 110 112 114 115 118 119 120 
9 271         1 2 3 4 5 6 7 10 11 12 13 14 15 16 17 19 20 21 22 24 25 27 28 29 30 32 34 35 36 37 38 39 40 41 44 45 48 49 51 53 54 55 56 57 61 62 66 67 68 69 72 73 74 76 77 78 79 80 83 84 86 88 90 91 92 94 95 98 101 102 103 104 105 106 107 108 110 111 112 114 116 117 118 119 120 
10 485        1 2 3 4 7 8 9 11 14 16 17 18 19 20 21 22 24 25 26 28 30 31 33 34 35 36 37 39 40 43 44 45 48 50 52 53 54 55 56 59 60 62 63 65 66 68 69 70 74 75 76 77 78 81 82 83 84 85 86 89 90 91 92 94 96 97 98 99 101 103 104 106 108 109 110 111 112 113 114 115 116 117 118 119 
11 253        2 3 4 5 6 7 8 9 10 12 14 15 17 18 19 20 21 22 23 24 25 27 29 30 31 32 33 34 35 37 38 39 41 44 45 46 47 48 50 52 53 57 58 59 61 62 63 64 65 67 69 70 71 72 73 74 75 76 77 78 79 80 81 82 83 84 85 86 89 90 91 92 93 94 96 97 98 99 100 102 103 104 105 106 107 108 109 110 112 113 115 116 118 119 120 
12 262        1 2 3 4 6 7 8 9 11 14 16 18 22 23 24 25 26 29 30 34 35 36 37 38 41 42 43 44 46 48 49 50 51 52 53 54 55 56 57 59 60 62 63 64 65 69 71 72 73 77 78 79 80 81 84 85 87 88 89 90 91 96 97 100 102 103 104 105 106 107 108 110 111 113 115 117 118 119 120 
13 376        1 4 7 8 9 15 16 17 20 21 22 25 26 27 29 30 33 34 36 38 43 44 45 47 48 51 52 53 54 55 58 60 62 63 67 68 69 71 72 74 75 76 77 78 79 80 82 83 86 87 89 91 92 94 96 97 98 101 102 103 104 105 106 107 108 109 110 111 112 114 115 117 118 119 120 
14 304        1 3 4 5 6 7 8 9 10 11 12 16 17 18 19 20 21 22 23 24 26 27 28 29 30 31 32 33 34 36 37 40 41 45 46 49 51 52 53 54 55 58 59 60 61 63 64 65 66 67 68 69 70 72 73 75 78 86 87 89 90 91 92 93 94 95 96 98 99 102 105 106 107 108 110 111 112 113 114 115 116 117 118 119 120 
15 320        2 6 7 8 9 11 13 17 19 21 22 23 24 25 26 27 28 30 32 33 35 36 37 38 41 42 43 44 50 51 52 53 55 60 61 62 63 64 65 67 69 70 71 73 74 75 79 83 87 88 89 91 95 97 98 100 101 104 106 107 109 110 111 112 113 115 117 118 119 
16 413        1 2 3 7 8 9 10 12 13 14 17 18 19 20 23 27 28 29 30 33 34 35 37 38 40 41 42 43 46 47 48 49 51 55 56 57 59 60 61 62 64 65 67 69 70 71 72 73 75 77 78 79 80 81 83 85 86 87 89 90 91 92 93 96 97 98 99 100 101 102 103 104 105 107 108 109 112 113 115 116 117 118 119 120 
17 288        1 2 3 5 9 10 11 13 14 15 16 19 20 21 23 24 25 26 27 28 29 32 33 34 35 36 37 38 39 42 44 45 46 48 49 50 51 53 54 55 56 57 58 59 60 61 63 64 65 66 67 72 79 80 81 85 86 88 90 92 93 94 96 97 98 99 100 101 102 104 105 106 107 108 109 110 111 112 114 115 116 117 118 119 120 
18 299        1 2 4 7 10 11 12 14 16 19 24 26 28 29 30 34 35 36 38 39 40 41 42 44 49 50 51 52 57 59 60 64 65 66 67 68 69 70 73 74 75 77 78 79 80 81 82 83 85 86 87 88 89 90 91 92 95 96 99 100 101 102 106 108 110 111 112 113 115 116 117 118 119 120 
19 373        3 4 5 6 7 8 9 10 11 14 15 16 17 18 20 21 22 23 25 27 28 30 31 32 34 35 36 37 38 39 40 43 44 45 46 47 49 50 51 52 53 54 55 56 57 58 59 60 62 63 70 72 73 75 76 77 78 79 80 82 83 84 85 87 90 91 92 93 94 95 96 98 102 103 104 105 107 108 109 110 111 114 117 119 120 
20 277        1 2 3 4 6 7 9 10 11 13 14 16 17 19 21 22 23 27 29 30 31 33 34 35 40 41 42 45 47 48 52 57 58 59 60 61 62 63 65 66 67 69 71 72 74 75 80 82 84 86 87 88 89 90 91 93 94 95 96 97 98 100 102 103 104 105 106 107 108 109 112 113 114 115 117 118 119 120 
21 350        1 4 5 6 7 8 9 10 11 13 14 15 17 19 20 22 23 25 26 30 31 33 34 35 38 39 40 41 43 45 46 47 48 49 51 53 57 58 59 60 61 63 64 66 67 69 71 72 74 75 77 78 79 80 81 83 86 87 88 90 91 92 93 95 97 98 100 104 105 106 107 108 109 110 111 112 113 114 115 116 118 119 120 
22 426        2 3 5 6 7 8 9 10 11 12 13 14 15 19 20 21 24 25 26 27 28 29 30 31 32 33 34 35 36 39 40 42 43 44 45 48 49 50 52 53 54 55 56 57 58 61 62 63 64 65 68 69 70 72 73 74 75 76 77 78 79 80 81 82 83 84 85 86 87 88 89 91 93 94 95 96 97 98 99 100 101 102 104 105 106 107 109 110 113 114 115 116 117 120 
23 263        1 2 3 4 5 11 12 14 15 16 17 19 20 21 24 26 27 28 29 31 32 33 34 36 38 40 42 43 45 47 48 49 50 51 52 55 57 58 59 60 63 64 65 66 67 68 69 72 73 74 75 77 78 80 81 83 84 85 86 87 88 89 90 91 92 93 94 95 96 97 98 100 101 102 103 104 106 107 109 110 112 113 115 117 118 120 
24 311        2 4 5 6 7 8 9 10 11 12 14 15 17 18 22 23 25 27 28 30 31 32 33 34 35 37 38 39 40 44 45 46 47 49 50 51 52 53 54 55 56 57 59 61 62 63 66 67 70 71 75 77 80 81 82 83 84 86 87 89 90 91 92 93 96 98 99 101 102 104 105 106 107 108 109 110 111 112 114 115 116 117 119 120 
25 480        1 2 3 4 6 7 8 9 10 11 12 13 15 17 19 21 22 24 29 31 32 34 35 38 42 43 45 47 48 49 50 51 52 53 54 56 58 59 61 62 63 65 66 67 69 71 72 73 76 77 78 79 80 81 82 84 85 86 88 89 90 91 93 94 95 96 97 98 99 100 101 102 103 105 106 107 108 110 111 113 114 115 116 117 118 119 120 
26 255        2 3 4 5 6 7 10 12 13 14 15 17 18 21 22 23 28 29 31 33 34 35 36 37 38 39 40 42 43 45 49 50 51 52 53 54 56 57 58 59 60 61 62 63 64 65 66 67 68 69 70 71 72 74 75 78 79 80 81 84 85 86 87 88 89 90 91 93 94 95 96 97 98 100 101 102 103 104 105 106 108 109 110 112 113 115 116 118 119 120 
27 265        2 7 8 9 11 13 14 15 16 17 19 20 22 23 24 28 30 31 32 33 34 35 36 38 41 43 44 45 49 50 51 52 53 54 55 57 58 60 61 62 63 64 67 68 69 70 71 72 73 74 75 77 78 79 80 81 82 83 84 85 86 88 89 90 92 93 94 96 97 98 99 100 102 103 104 107 108 109 111 112 114 115 116 118 119 120 
28 381        1 2 3 4 5 6 7 8 9 10 14 15 16 17 18 19 22 23 24 26 27 30 31 32 35 36 37 38 40 41 44 45 48 50 51 52 53 55 56 57 58 59 60 61 64 65 66 67 68 70 72 74 76 77 78 80 81 82 83 85 87 88 89 90 91 92 93 94 97 98 100 101 103 105 106 107 110 111 114 115 116 118 119 120 
29 259        1 2 3 5 6 7 9 11 12 13 14 16 17 18 20 22 23 25 26 30 31 32 34 35 36 38 40 41 42 43 44 45 46 47 48 49 50 51 54 56 57 58 60 61 62 63 64 65 66 67 68 71 72 73 75 77 78 81 82 83 85 86 89 91 92 95 96 97 98 100 101 102 103 106 107 108 110 111 112 113 114 115 116 117 118 119 120 
30 360        1 3 4 5 6 7 8 9 10 11 12 13 14 15 16 18 19 20 21 22 24 27 28 29 32 33 34 35 37 39 40 41 42 43 44 45 46 47 48 50 51 52 53 56 57 58 59 60 61 62 63 64 66 68 69 70 71 73 74 76 79 80 82 83 84 85 86 87 88 90 91 92 96 99 101 102 103 104 105 106 107 108 109 111 114 115 116 117 118 119 
31 399        1 2 3 5 6 7 10 11 14 19 20 21 22 23 24 25 26 27 28 29 33 34 35 36 37 38 39 41 43 44 45 47 48 49 52 53 55 56 58 60 62 63 65 66 68 69 70 71 72 73 74 75 76 77 79 80 83 84 85 86 87 88 89 90 94 96 97 98 99 104 105 106 107 108 109 110 111 112 113 114 115 117 119 120 
32 272        1 2 3 6 7 9 11 14 15 17 19 22 23 24 25 27 28 29 30 33 34 36 38 39 41 42 43 44 45 46 49 51 52 53 56 58 59 62 65 66 67 68 69 71 73 74 75 76 79 80 81 82 83 84 85 86 87 88 90 92 95 96 97 98 99 100 101 103 104 105 106 107 108 109 110 111 112 113 114 115 116 117 118 119 120 
33 329        1 2 3 4 6 7 8 10 11 13 14 15 16 17 20 21 22 23 24 26 27 30 31 32 34 36 38 39 41 43 44 45 46 47 48 49 53 54 55 56 58 59 60 61 63 64 65 66 67 71 72 73 74 75 76 77 79 82 83 84 85 86 87 88 89 93 95 96 97 99 102 105 107 109 112 113 114 116 117 
34 429        1 2 3 4 7 8 9 10 11 12 13 14 16 17 18 19 20 21 22 23 24 25 26 27 29 30 31 32 33 36 37 39 40 42 43 44 45 47 48 49 50 51 56 57 59 60 62 63 64 65 66 67 68 69 70 73 75 76 79 80 81 82 83 84 85 86 87 88 91 93 95 96 98 99 100 101 102 104 105 106 107 109 110 111 112 113 114 115 116 117 118 120 
35 274        1 2 4 5 7 8 9 10 11 12 15 16 17 18 19 20 21 22 24 25 26 27 28 29 30 31 36 37 38 39 41 44 46 48 49 53 54 59 60 61 63 65 66 68 69 70 71 72 74 75 76 78 79 80 81 82 83 84 85 86 87 88 89 90 91 92 93 95 96 97 98 99 100 101 105 107 109 110 111 112 114 115 117 118 119 120 
36 297        1 2 4 6 7 8 9 10 12 13 14 15 17 18 19 22 23 26 27 28 29 31 32 33 34 35 39 40 41 42 44 45 46 47 48 49 51 52 53 54 55 56 57 58 59 60 62 63 64 66 67 68 69 70 72 74 75 76 77 79 80 81 82 83 84 87 89 90 91 92 93 95 98 99 100 102 103 105 106 109 112 113 115 116 117 119 120 
37 395        1 2 3 6 7 8 9 10 11 12 14 15 16 17 19 24 26 28 30 31 34 35 38 39 40 41 42 43 44 48 49 50 51 53 57 59 60 61 62 63 64 65 66 67 68 73 74 77 78 79 80 82 83 84 85 86 87 88 89 90 92 93 94 95 96 99 100 101 104 105 106 107 108 109 111 112 113 114 115 116 117 
38 258        1 5 6 7 8 9 11 12 13 15 16 17 18 19 21 23 24 25 26 27 28 29 31 32 33 35 37 39 40 42 46 47 48 49 50 51 52 55 57 58 61 62 63 66 67 68 71 72 73 74 78 79 80 81 83 84 88 89 93 94 96 97 98 100 101 102 104 105 107 108 109 110 111 112 113 115 116 117 118 
39 347        1 2 4 6 7 9 10 11 17 18 19 21 22 24 26 30 31 32 33 34 35 36 37 38 40 41 42 43 44 45 47 48 49 50 51 52 53 54 55 58 59 61 62 63 64 65 66 67 68 69 70 73 78 79 80 81 84 85 86 88 89 91 93 95 96 98 101 103 104 105 106 107 108 109 110 111 112 115 117 118 119 
40 463        2 3 5 6 7 8 9 10 14 16 18 19 20 21 22 23 24 26 28 29 30 34 36 37 38 39 46 47 48 49 50 52 53 54 55 56 57 58 61 62 64 65 68 70 72 73 74 75 76 77 78 79 80 81 82 83 85 86 87 88 89 90 91 92 93 95 98 99 100 101 103 104 105 106 107 108 110 111 112 113 114 115 117 118 119 
41 257        1 2 3 4 5 6 7 8 9 11 12 14 15 16 18 20 21 27 28 29 30 31 32 33 35 36 37 39 42 43 45 46 48 49 52 53 54 56 57 58 60 61 62 65 66 67 68 69 70 71 72 73 74 75 78 80 81 82 84 87 88 89 90 93 94 95 96 98 99 100 101 103 104 105 107 108 109 111 113 114 115 116 117 119 120 
42 280        1 4 5 7 12 15 16 17 18 20 22 23 25 26 29 30 32 34 36 37 38 39 41 44 45 46 48 51 52 53 54 56 57 58 60 61 62 64 65 66 67 69 71 72 73 75 76 77 79 80 81 82 84 85 86 87 88 90 92 95 96 98 99 100 101 102 103 105 106 107 108 110 111 113 114 115 116 117 120 
43 498        1 2 3 4 5 6 7 8 10 12 13 15 16 19 21 22 23 25 26 27 29 30 31 32 33 34 37 39 41 44 45 46 47 49 50 53 54 55 56 59 62 63 64 65 67 68 69 70 71 72 74 78 79 80 81 82 83 84 85 86 89 90 92 96 97 98 99 100 101 102 103 104 106 108 109 110 111 114 115 118 120 
44 250        1 2 3 5 6 7 9 10 11 12 13 15 17 18 19 22 24 27 28 29 30 31 32 33 34 35 36 37 39 42 43 45 48 49 50 51 52 53 54 55 56 57 59 61 66 67 68 69 72 73 74 76 77 78 79 80 81 83 85 86 87 89 90 91 92 93 95 96 97 98 99 100 103 106 107 108 109 111 112 113 115 116 118 119 
45 252        2 3 4 5 6 7 9 10 11 13 14 17 19 20 21 22 23 24 25 26 27 28 29 30 31 32 33 34 36 39 41 42 43 44 46 47 52 53 54 55 56 57 58 60 62 64 65 66 67 68 69 71 72 73 75 76 77 78 80 81 82 83 84 85 88 90 92 93 94 95 96 97 98 99 100 103 104 106 107 109 112 114 115 116 118 
46 412        2 3 4 5 7 8 11 12 14 16 17 19 21 24 29 30 32 33 35 36 38 40 41 42 43 45 47 49 50 51 52 54 55 56 57 58 59 60 61 63 64 65 66 68 69 70 71 72 74 75 77 81 83 84 85 86 87 88 91 92 93 94 96 97 100 101 104 105 107 108 109 110 111 112 113 114 116 118 119 120 
47 258        1 4 7 8 11 13 16 19 20 21 23 24 25 29 30 31 33 34 36 38 39 40 43 45 46 48 49 52 54 55 56 58 59 60 61 62 66 67 69 70 71 72 73 77 80 81 82 83 84 85 87 88 90 92 93 95 96 97 98 100 101 102 105 106 107 108 109 110 113 114 115 116 117 119 120 
48 330        1 2 3 5 6 7 9 10 11 12 13 16 17 20 21 22 23 25 28 29 30 31 33 34 35 36 37 38 39 40 41 42 44 47 49 50 51 54 55 56 57 58 59 61 62 63 64 65 67 70 71 72 73 74 75 76 78 79 81 82 85 86 87 88 89 90 91 92 93 94 95 96 97 98 100 102 103 104 106 107 108 109 110 112 113 114 115 116 118 119 
49 499        1 2 3 5 6 7 9 12 14 16 17 18 19 21 22 23 24 25 26 27 29 31 32 33 34 35 36 37 38 39 40 41 43 44 46 47 48 50 53 55 58 59 61 62 63 66 67 68 69 72 73 75 80 81 83 84 85 86 87 88 89 90 91 92 95 96 97 98 100 101 103 104 105 106 108 112 114 118 
50 250        3 4 6 7 10 11 12 15 17 18 19 22 23 24 25 26 27 28 29 30 34 37 38 39 40 43 44 46 48 49 51 52 53 55 57 58 59 61 63 64 65 67 68 71 74 75 76 78 80 81 82 83 84 85 87 89 92 93 94 96 97 98 100 101 104 105 106 107 108 109 111 113 114 115 116 117 120 
51 251        1 2 4 5 6 7 8 9 12 13 14 15 16 17 18 19 21 23 24 25 26 27 28 29 30 32 34 36 37 38 39 42 44 46 48 50 54 55 56 58 61 62 63 65 66 67 68 70 71 72 73 74 76 77 79 80 81 82 84 86 88 89 90 92 94 95 97 100 101 102 103 105 106 107 108 109 111 112 113 115 117 118 119 
52 458        2 3 5 6 7 10 11 12 13 14 15 18 19 20 22 23 24 25 26 27 28 30 31 32 36 38 39 40 41 42 44 45 46 47 50 53 55 56 58 60 61 63 64 67 68 69 70 71 72 73 75 77 79 80 81 82 83 84 85 86 87 88 89 90 91 92 93 94 96 97 100 102 103 106 107 108 109 110 112 113 115 116 119 
53 267        1 2 3 4 6 7 8 9 10 11 12 13 14 15 17 19 21 22 24 25 26 27 28 30 31 32 33 35 36 37 39 40 41 42 43 44 45 49 50 52 54 55 56 58 59 60 63 64 65 66 67 68 69 70 72 74 76 79 80 82 83 85 88 89 90 91 93 94 95 96 97 99 101 102 103 106 107 108 111 112 115 116 117 118 119 120 
54 275        1 3 4 6 7 8 9 10 12 13 14 17 19 22 24 25 26 27 29 33 35 36 39 40 41 42 43 44 45 46 47 48 51 53 55 56 57 58 59 60 62 64 65 66 67 68 70 72 73 75 76 77 78 79 80 81 82 83 84 86 88 90 92 93 97 98 99 100 101 104 105 106 109 110 111 113 114 115 116 120 
55 350        2 3 5 6 7 9 10 12 13 14 15 16 17 19 22 23 24 27 28 31 33 36 38 39 40 43 44 45 46 47 48 49 50 51 52 53 54 57 58 60 62 63 65 67 68 69 71 73 75 77 78 81 82 83 84 86 87 89 90 92 95 96 97 98 102 103 104 105 106 107 108 109 110 111 112 113 115 116 117 118 119 120 
56 283        1 2 3 5 9 10 12 16 17 19 22 24 25 26 28 29 30 31 32 33 34 36 40 41 42 43 44 45 46 47 48 51 52 53 54 58 61 63 67 68 70 73 74 75 79 80 81 82 84 85 86 92 93 94 96 97 99 100 101 102 104 105 106 107 108 110 111 112 113 115 117 118 119 120 
57 367        1 2 3 4 5 6 7 8 9 11 12 16 17 18 19 20 21 22 23 24 26 27 28 29 30 34 36 37 38 40 41 42 44 45 46 48 50 54 55 58 59 61 62 63 64 65 67 68 70 73 74 76 79 81 83 86 87 88 89 90 93 96 97 98 99 100 101 102 105 106 109 110 111 112 113 114 115 116 117 118 
58 434        3 4 6 7 8 11 13 14 17 19 20 21 22 23 25 26 27 28 29 30 31 32 33 36 38 39 40 41 42 45 46 47 48 49 50 51 52 53 54 55 56 57 59 60 61 62 63 64 65 66 68 69 70 71 72 73 74 75 76 77 78 80 82 83 85 86 87 88 90 91 92 94 95 96 97 98 99 101 105 106 108 109 110 111 113 114 115 116 117 118 119 120 
59 277        1 2 3 4 5 7 8 10 11 12 14 16 17 18 19 20 21 23 24 25 26 28 30 32 33 34 35 36 37 39 43 44 46 47 48 49 50 53 54 57 58 60 61 62 63 64 65 66 67 68 69 70 72 74 75 76 77 78 80 81 82 83 85 86 87 89 91 92 94 95 96 97 98 99 100 101 103 104 105 107 108 109 111 112 113 115 118 
60 289        2 4 5 7 10 12 13 14 15 16 17 18 19 20 21 23 26 27 28 29 30 31 33 34 35 36 37 41 42 45 46 47 52 53 54 55 58 59 61 63 64 65 66 67 69 72 73 74 75 76 78 80 81 82 85 86 87 88 89 90 91 92 93 96 97 98 101 104 106 107 108 109 110 111 113 114 115 116 117 119 120 
61 370        1 4 5 6 8 9 11 14 15 16 17 20 21 22 24 25 26 27 28 29 30 33 35 37 38 39 40 41 42 44 46 47 48 49 50 51 52 56 57 58 59 60 62 63 64 65 66 67 68 69 71 72 74 75 77 80 82 83 84 88 89 90 91 92 97 98 99 101 102 103 105 107 109 110 111 112 114 115 116 117 118 119 120 
62 273        1 2 3 4 5 6 9 10 11 12 13 15 16 19 20 22 24 25 26 27 29 30 31 32 34 36 37 38 39 40 41 42 43 45 47 48 49 51 54 55 57 58 59 61 63 64 65 67 68 69 70 71 72 73 74 75 76 77 78 79 80 83 86 88 89 90 92 93 94 95 99 100 105 107 110 111 114 115 116 118 119 120 
63 357        1 4 5 8 10 11 12 13 14 15 17 19 20 21 22 23 24 25 26 27 29 30 31 33 34 35 36 37 38 39 43 46 48 49 50 51 52 53 55 56 57 58 59 60 61 62 64 65 67 69 70 72 74 75 76 77 79 80 81 83 84 85 86 88 89 95 98 99 100 101 105 106 109 110 112 114 115 117 118 119 120 
64 495        2 3 4 5 6 8 11 12 14 15 16 17 18 21 22 23 26 27 28 29 30 33 34 36 37 39 40 42 43 45 46 48 50 52 53 54 57 58 59 60 61 62 63 65 66 67 68 69 71 73 75 76 77 78 79 80 81 84 85 86 88 89 90 92 93 97 98 99 100 102 103 104 105 106 107 109 110 111 112 113 114 115 117 120 
65 250        1 2 3 4 7 8 10 11 12 14 15 16 17 18 20 22 23 25 26 28 29 31 32 33 34 35 37 39 40 41 42 43 45 46 48 50 51 53 54 55 57 58 59 60 61 62 63 64 66 67 70 72 73 74 75 78 79 80 81 82 85 88 90 91 92 93 94 96 97 98 99 100 101 102 103 104 106 107 108 110 111 112 113 114 115 116 120 
66 255        1 3 5 6 8 9 10 14 17 18 20 21 23 24 25 26 28 29 30 31 32 33 34 35 36 37 38 39 41 42 44 45 46 47 49 51 53 54 58 59 60 61 64 65 67 69 71 72 73 74 75 77 78 79 80 81 82 83 87 88 89 90 91 92 93 94 95 97 98 99 100 102 103 104 105 106 107 108 109 112 113 115 117 118 119 120 
67 464        1 3 4 6 7 8 9 11 13 14 15 16 17 18 20 21 23 24 25 26 27 28 29 32 33 34 36 37 38 39 41 42 43 44 45 47 48 49 50 51 52 53 54 55 56 57 59 60 61 62 63 64 65 66 68 69 71 72 73 75 76 77 79 80 81 82 83 84 85 86 87 88 90 91 92 93 94 95 96 97 98 99 101 102 104 106 108 109 110 111 112 113 114 116 117 119 120 
68 254        1 2 3 5 7 8 9 10 13 14 18 22 23 26 27 28 29 30 31 32 34 35 36 37 38 39 40 41 43 44 45 46 49 50 51 52 53 54 55 56 57 58 59 61 62 64 67 69 71 74 75 79 80 81 83 86 87 88 89 90 91 92 93 94 96 97 98 100 102 104 105 106 107 109 110 112 114 117 118 119 120 
69 282        3 4 5 6 8 9 10 11 12 13 14 15 16 18 20 21 22 23 25 26 27 30 31 32 34 35 36 39 41 42 43 44 45 46 47 49 52 53 55 58 59 60 61 62 63 64 66 67 68 70 71 72 73 75 78 79 80 81 83 84 85 89 90 91 92 93 94 95 96 97 98 99 100 102 103 105 106 107 110 112 115 117 118 119 120 
70 361        1 2 5 6 7 10 11 14 15 16 18 19 22 24 26 27 28 30 31 34 35 36 39 40 41 43 46 47 48 51 52 53 54 56 57 58 59 62 63 65 69 71 72 74 75 76 78 80 81 82 83 84 85 87 89 91 94 96 97 99 100 108 109 111 112 113 114 115 116 117 119 120 
71 290        1 2 3 4 5 8 11 12 13 15 16 20 21 24 25 26 27 29 30 31 32 33 35 38 41 42 43 45 46 47 48 50 51 52 55 58 61 62 64 66 67 68 69 70 72 74 75 76 77 79 80 81 82 84 85 89 91 92 93 94 95 98 99 100 102 103 104 105 106 108 109 110 111 112 113 114 115 116 118 119 120 
72 349        2 4 5 6 9 11 12 13 14 16 17 19 20 21 22 23 25 26 27 28 29 31 33 35 36 38 40 41 42 43 44 45 46 47 48 49 51 52 53 54 58 59 60 61 62 63 65 66 67 69 70 71 73 74 75 76 77 78 80 81 82 83 85 87 88 89 92 93 94 95 99 101 102 103 104 105 106 107 108 109 111 113 114 115 118 119 120 
73 351        2 3 5 6 7 9 11 12 14 15 16 18 19 22 23 25 27 29 30 31 32 33 34 37 38 39 40 41 42 44 45 47 48 49 51 52 54 55 56 57 58 60 62 64 65 66 67 69 72 75 76 77 79 80 83 84 85 86 88 89 90 92 93 94 95 96 98 102 103 104 106 108 109 111 113 114 116 117 119 120 
74 251        1 2 3 9 10 11 13 15 18 20 21 22 23 26 27 28 30 31 32 33 35 36 37 38 40 41 43 44 46 48 50 51 53 56 57 58 59 60 61 62 63 65 66 68 70 71 72 76 78 79 80 81 84 86 87 90 92 94 95 96 97 98 100 101 102 103 104 105 107 108 109 110 112 113 116 118 119 120 
75 398        2 3 6 7 8 10 11 13 14 15 16 18 19 20 21 22 23 24 26 27 29 31 32 33 34 35 36 40 41 42 45 46 48 49 50 52 54 55 56 58 59 60 61 62 63 64 65 66 67 68 69 70 71 72 73 76 77 80 81 84 85 87 88 92 93 95 96 97 98 99 100 101 102 103 105 107 109 112 114 115 118 119 120 
76 370        1 2 3 4 5 6 7 8 9 10 11 13 19 22 25 28 30 31 32 33 34 35 36 40 42 44 45 48 50 51 53 54 57 58 59 60 62 63 64 67 70 71 72 73 74 75 77 78 79 80 81 82 83 84 85 86 87 88 89 90 91 92 94 95 96 99 100 101 102 104 105 107 108 109 110 112 113 116 117 118 119 120 
77 287        1 3 4 7 8 9 10 11 12 13 16 18 19 21 22 23 24 25 27 28 29 31 33 36 37 40 42 44 45 46 47 51 52 54 55 58 59 61 62 63 64 66 67 71 72 73 75 76 78 80 82 83 84 85 87 89 90 92 93 94 95 97 98 99 100 101 102 103 105 106 107 108 109 110 111 113 114 116 117 118 
78 343        1 3 4 6 7 8 9 10 11 12 13 14 16 18 19 21 22 23 25 26 27 28 29 35 37 38 39 40 41 43 44 45 48 50 54 55 58 59 60 62 64 65 66 69 70 72 74 76 77 79 82 83 84 86 87 89 90 92 93 94 96 97 100 101 102 103 105 106 109 110 111 112 114 117 118 119 120 
79 428        1 2 4 5 9 11 12 13 15 16 17 18 19 21 22 25 26 27 30 31 32 33 34 35 36 37 38 39 40 42 43 44 48 51 52 53 54 56 57 62 63 64 65 66 67 68 69 71 73 74 76 78 80 81 82 85 86 87 88 91 92 94 95 96 97 98 99 101 102 103 106 107 108 109 110 111 112 113 115 116 119 120 
80 257        1 2 6 9 11 12 13 16 17 18 19 20 21 22 23 24 25 26 27 28 30 31 32 34 35 36 37 38 39 40 41 42 43 44 45 47 49 50 51 52 53 54 56 58 59 60 61 62 63 64 65 66 67 68 69 70 71 72 73 74 75 76 77 79 81 82 83 84 88 89 91 92 94 97 98 104 105 106 107 108 111 114 116 117 118 120 
81 315        1 2 4 5 6 8 10 11 12 16 17 18 21 22 23 24 25 26 27 28 29 32 34 35 36 38 39 40 41 42 43 44 45 46 47 48 49 50 51 52 54 55 56 57 59 60 63 64 65 66 67 68 69 70 71 72 74 75 76 79 80 82 83 88 89 90 91 92 93 94 95 96 97 98 99 100 102 104 105 106 107 109 111 112 113 115 116 117 118 
82 445        1 2 6 7 8 10 11 13 18 19 20 22 24 25 27 28 29 30 32 33 34 35 36 37 40 41 42 43 45 47 48 50 51 52 53 54 55 56 58 59 60 61 65 66 67 70 71 72 76 77 78 79 80 81 85 86 87 88 89 91 92 93 94 96 99 101 102 103 104 105 107 108 109 110 111 113 114 115 116 
83 272        2 3 4 6 7 8 9 10 11 13 15 16 18 19 21 22 23 24 27 28 29 30 31 32 33 34 35 36 37 38 40 43 44 45 46 47 49 50 52 53 54 55 57 58 59 61 62 63 66 67 68 69 70 72 73 76 77 78 80 81 85 86 88 89 90 91 92 93 94 95 98 99 101 104 105 106 108 109 110 111 113 115 116 119 
84 283        3 4 5 6 7 8 9 10 11 12 19 20 22 23 24 25 26 27 30 31 32 33 34 35 36 37 38 39 41 42 43 45 46 47 49 50 51 52 54 55 56 61 63 64 67 69 70 71 73 74 75 76 77 78 80 86 87 88 89 92 93 94 95 96 97 98 99 100 102 104 105 106 107 108 110 111 112 113 115 116 117 118 119 
85 440        2 4 5 8 10 11 12 16 17 18 19 22 23 25 26 27 28 29 30 31 32 33 34 35 37 39 40 42 43 44 45 46 47 48 49 50 52 53 56 58 59 60 63 64 65 67 69 70 71 72 73 75 76 77 79 82 83 86 89 90 92 93 94 95 96 97 98 100 102 103 106 107 108 110 111 113 114 117 118 
86 254        1 2 3 4 6 7 9 10 11 13 14 16 17 18 20 21 22 23 24 25 26 27 29 30 31 32 33 34 35 37 39 40 42 43 44 46 48 49 51 52 54 55 56 57 58 59 60 62 63 64 67 68 73 74 76 78 79 82 83 84 85 89 90 91 93 94 96 97 98 99 100 101 102 104 109 110 111 114 115 117 120 
87 306        1 3 4 6 8 12 13 14 15 16 18 19 20 21 22 23 24 26 28 30 31 32 33 34 35 36 37 40 41 42 44 46 47 48 49 50 52 55 57 58 59 60 66 67 68 70 72 74 75 76 77 78 79 82 84 88 89 90 91 92 93 95 96 97 98 99 100 104 105 106 107 108 109 111 116 118 120 
88 435        1 2 3 4 5 6 7 8 9 12 15 17 18 20 21 22 23 25 26 27 28 30 31 32 33 34 35 37 38 39 40 41 42 45 46 47 48 49 51 52 53 54 57 58 60 61 62 63 64 65 66 67 68 72 73 75 76 79 80 81 82 83 84 87 90 91 92 94 95 100 102 103 104 105 108 109 110 111 112 113 114 115 117 118 120 
89 279        1 5 6 8 10 11 12 13 14 15 16 18 20 22 23 24 25 26 27 28 29 31 33 35 36 37 38 39 40 41 43 44 48 49 50 51 52 53 55 57 59 60 61 62 63 64 66 68 69 70 71 72 73 76 77 78 80 81 82 83 84 85 86 87 90 93 94 96 97 100 102 103 105 107 108 109 112 113 114 115 117 118 119 120 
90 286        1 2 3 5 6 7 8 9 10 11 12 14 16 17 18 19 20 21 23 24 25 26 27 28 30 31 32 35 36 37 40 41 42 43 44 45 47 48 49 51 52 53 54 55 57 58 60 61 62 64 65 66 67 68 69 73 74 76 77 78 81 83 85 86 87 88 89 91 93 95 96 99 100 102 103 104 105 106 107 108 112 114 115 116 118 119 120 
91 451        1 2 3 4 6 7 8 9 10 11 12 13 14 15 16 18 19 20 21 22 23 24 25 26 28 29 30 34 35 36 39 40 44 46 48 49 52 53 58 59 60 61 65 66 67 68 69 70 71 76 79 80 81 82 83 86 87 88 90 93 94 95 97 98 99 100 101 103 104 105 106 107 108 111 112 113 114 116 119 120 
92 268        1 2 4 7 8 9 10 11 13 14 16 17 18 19 21 23 24 27 28 29 30 32 35 36 37 40 42 43 44 45 46 47 48 49 50 51 52 54 55 56 58 59 60 61 62 64 65 66 67 68 69 71 72 73 74 75 76 77 78 79 80 81 82 83 84 85 87 88 93 94 95 97 99 100 101 103 105 106 107 108 109 111 112 114 116 118 119 120 
93 281        1 2 3 5 6 8 11 14 16 17 19 20 21 22 23 24 25 26 27 28 33 34 35 36 37 38 39 40 41 44 45 46 47 48 50 52 53 54 56 57 60 62 64 65 66 67 68 69 71 72 73 75 77 78 81 82 83 84 85 86 87 89 90 91 92 94 95 96 98 99 100 103 104 106 109 110 111 113 114 115 117 119 120 
94 430        2 3 4 7 8 9 10 11 13 14 17 19 20 22 23 25 26 27 28 31 37 38 41 45 46 48 50 51 52 53 56 58 59 62 65 66 67 68 69 70 71 72 73 74 76 77 78 79 80 81 82 83 84 85 86 88 89 91 92 93 97 99 101 102 103 104 105 107 109 110 111 113 114 116 117 118 120 
95 261        3 4 6 7 9 14 15 18 19 20 21 22 23 25 26 29 32 33 34 35 36 37 39 40 41 42 44 45 47 48 49 51 53 55 58 59 62 63 66 67 69 71 72 73 74 75 76 77 79 81 83 84 85 87 88 90 91 92 93 97 99 102 103 105 107 108 109 110 111 112 113 114 115 116 117 118 119 
96 309        1 2 3 4 5 6 7 8 10 11 12 13 14 16 17 18 19 20 22 23 24 25 26 27 29 30 31 32 33 34 35 37 38 39 41 42 43 44 45 46 47 48 49 50 52 53 55 56 57 58 59 60 65 67 68 69 70 73 74 75 76 78 79 81 82 84 85 86 87 89 90 93 97 98 100 104 105 106 107 108 110 112 113 114 116 117 118 
97 368        1 2 5 6 10 11 12 13 15 16 17 20 21 22 23 25 26 27 28 29 31 32 33 35 38 43 44 45 46 47 48 49 50 51 52 53 54 55 56 57 58 59 60 61 64 65 66 67 68 69 70 74 75 77 78 79 80 81 84 85 86 87 89 91 92 94 95 96 98 100 101 103 104 105 106 108 110 111 112 113 114 115 116 117 118 120 
98 274        1 3 4 5 7 8 9 10 11 13 14 15 16 17 19 20 21 22 23 24 25 26 27 28 29 31 32 34 35 36 38 39 40 41 42 43 44 45 47 48 49 50 54 55 57 58 59 60 61 63 64 65 66 67 68 69 71 73 74 75 77 79 80 81 83 84 85 86 87 91 93 96 97 99 100 102 103 104 106 109 113 115 118 120 
99 358        1 3 4 6 7 8 10 11 14 16 17 18 22 24 25 27 30 31 32 33 34 35 36 37 40 41 42 43 44 45 53 54 56 57 58 59 61 62 63 64 65 66 67 69 70 71 72 75 76 77 79 81 82 83 84 86 87 90 91 92 93 94 95 98 100 101 102 103 104 106 107 108 109 110 112 113 114 115 118 119 120 
100 427       1 2 3 4 5 8 11 12 15 16 17 18 20 21 22 23 25 26 27 28 29 32 34 35 36 37 38 40 41 42 43 44 45 46 47 48 49 50 51 52 54 56 57 59 62 63 64 65 66 68 69 70 71 74 75 76 77 78 81 84 85 86 87 88 89 90 91 92 93 96 97 98 99 101 104 105 109 110 111 112 114 115 116 117 118 120 
101 250       1 5 7 8 9 10 13 15 16 17 18 22 23 24 25 26 28 29 30 32 34 35 37 38 39 40 41 42 43 46 47 49 50 51 53 54 56 57 58 59 60 61 63 65 67 72 74 75 76 77 78 79 82 83 86 91 92 94 97 99 100 103 104 105 106 107 108 110 111 113 114 115 117 118 120 
102 323       2 3 4 5 6 7 8 9 11 12 13 14 16 17 18 19 20 22 23 24 25 26 27 29 30 33 34 36 38 42 43 47 48 51 52 53 55 56 57 61 64 65 66 67 68 69 71 72 73 74 75 76 77 78 79 81 82 84 85 86 88 89 90 94 95 98 99 103 104 105 107 108 109 110 111 112 113 115 116 117 118 120 
103 444       1 2 3 5 7 8 9 10 11 12 13 16 19 20 23 25 26 27 28 29 30 32 36 39 40 41 42 43 44 45 48 49 51 52 53 55 59 61 64 65 66 69 71 72 73 74 75 77 78 79 82 85 88 89 90 91 92 93 94 95 97 98 99 101 102 104 105 107 108 109 111 112 113 114 116 117 118 119 120 
104 270       1 2 3 4 5 6 7 8 9 10 11 12 13 15 16 17 19 20 21 22 23 24 26 27 30 31 32 34 37 38 39 40 41 43 45 46 48 49 50 54 55 56 59 60 64 65 66 67 68 71 72 73 74 76 80 81 82 83 84 86 87 88 90 91 93 94 96 97 98 99 100 101 102 103 105 106 107 108 109 110 111 112 114 117 118 
105 286       1 2 3 5 6 7 9 11 12 13 14 16 17 19 20 21 22 24 25 26 28 30 31 32 33 34 35 36 37 38 39 40 41 42 46 47 49 50 51 54 55 56 57 58 59 61 62 63 64 66 68 69 71 72 74 75 76 77 78 80 81 82 83 84 87 88 89 90 91 92 94 95 96 97 100 101 102 103 104 106 107 109 110 114 116 117 118 119 120 
106 494       2 4 5 6 8 9 10 11 12 13 14 15 17 18 20 21 22 23 24 25 26 28 29 30 31 32 34 36 37 39 40 42 43 44 45 47 48 49 50 51 52 53 54 55 56 57 58 60 63 64 65 66 67 68 69 71 72 73 77 78 79 80 81 83 84 85 87 90 91 92 93 96 97 98 99 101 104 105 107 108 109 115 119 120 
107 250       1 2 3 5 7 9 11 12 13 14 15 16 17 19 20 21 22 23 24 25 27 28 29 30 31 32 33 34 35 37 38 39 40 41 42 44 45 46 47 48 50 51 52 53 55 56 59 60 61 62 64 65 66 68 69 72 74 75 76 77 79 80 81 82 84 85 87 89 90 91 92 94 95 96 99 101 102 103 104 105 106 108 109 112 114 115 116 117 119 
108 256       1 2 3 4 5 6 9 10 11 12 13 14 16 17 18 19 20 21 24 25 26 27 29 30 31 32 37 38 39 40 41 42 43 44 46 47 48 49 50 51 52 53 55 56 58 59 60 65 66 67 70 71 72 73 74 76 77 79 80 82 83 84 85 87 88 89 90 91 92 95 96 97 99 101 102 103 104 106 107 109 110 111 113 114 115 117 118 120 
109 368       1 2 4 5 7 8 10 11 13 15 16 17 19 20 21 22 23 24 26 27 30 31 32 33 34 35 36 37 38 39 41 43 44 45 46 47 48 50 51 52 54 55 57 58 59 60 61 63 64 66 67 68 70 71 72 73 74 75 76 77 78 79 81 82 83 86 87 88 89 92 93 94 95 98 99 100 102 103 104 105 106 107 108 110 111 113 114 115 117 118 119 
110 300       2 3 4 7 8 9 10 11 12 13 14 15 17 18 19 21 22 23 24 25 26 28 29 31 32 34 35 38 39 40 42 43 46 47 48 52 54 55 56 57 58 60 61 62 63 64 65 67 68 69 71 74 76 77 78 79 82 83 84 85 86 88 93 94 95 96 97 99 100 101 102 104 105 108 109 112 113 114 115 117 120 
111 332       1 2 3 4 5 7 9 10 12 13 14 15 17 18 19 21 24 25 27 28 29 30 31 32 34 35 37 38 39 40 41 42 43 44 46 50 51 53 54 55 56 57 58 59 60 61 62 64 65 67 70 71 72 73 77 78 79 80 81 82 83 84 85 86 87 88 91 92 93 94 95 97 100 101 102 103 104 108 109 112 113 114 116 117 119 120 
112 491       1 4 5 6 7 8 9 10 11 13 14 15 16 17 18 20 21 23 24 26 27 29 31 32 33 34 35 36 37 38 39 40 44 45 46 48 49 51 52 53 55 56 57 59 61 63 64 65 66 67 68 69 70 71 74 75 76 78 79 81 84 88 89 90 91 92 95 96 97 99 100 102 103 104 107 110 111 113 114 116 117 118 120 
113 253       1 2 3 4 5 6 7 10 11 12 14 15 16 18 20 21 22 23 25 26 29 31 32 33 34 36 37 38 40 41 42 44 46 47 48 50 51 52 54 55 56 57 58 59 60 64 65 66 67 70 71 72 73 74 76 77 79 81 82 83 84 85 88 89 91 93 94 95 96 97 98 99 101 102 103 108 109 110 111 112 116 117 118 119 
114 256       2 3 4 5 7 8 9 10 13 14 17 19 20 21 22 24 25 27 28 29 30 31 32 33 34 35 37 40 41 42 43 45 46 47 48 49 50 54 57 58 60 61 62 63 64 65 67 68 70 71 72 73 75 77 78 80 82 85 86 88 89 90 91 92 93 94 95 96 97 99 100 101 103 104 105 107 108 109 110 111 112 116 117 118 119 
115 426       1 2 3 4 7 8 10 11 12 13 14 15 16 17 18 20 21 22 23 24 25 26 27 28 29 30 31 32 34 35 36 37 38 39 40 41 42 43 44 45 47 48 50 51 52 53 54 55 56 57 58 59 60 61 62 63 64 65 66 69 70 71 72 75 79 81 82 83 84 86 88 89 90 93 95 97 98 99 100 101 102 106 107 108 109 110 118 119 120 
116 274       3 5 6 7 9 10 11 14 16 17 18 21 22 24 25 26 27 28 29 30 32 33 34 36 37 38 41 42 44 45 46 47 48 50 52 53 54 55 57 58 60 61 62 65 67 70 71 73 74 76 77 79 80 81 82 83 84 87 90 91 92 94 95 96 97 100 102 103 105 107 111 112 113 114 118 119 
117 300       1 2 3 5 6 9 10 12 13 14 15 16 17 18 19 20 22 23 24 25 29 30 31 32 33 34 35 36 37 38 39 40 41 42 47 50 51 53 55 56 57 58 60 61 63 64 66 67 68 69 70 73 76 77 78 80 81 84 85 86 88 89 93 94 95 96 97 100 101 102 103 104 105 107 108 109 110 111 112 113 114 118 120 
118 495       1 2 3 5 6 8 9 10 11 12 13 14 15 16 17 18 20 21 23 25 26 27 28 29 30 32 34 35 38 39 40 43 44 45 46 48 49 51 53 55 56 57 58 59 61 62 63 66 68 69 71 72 74 75 76 77 78 80 81 84 85 87 88 89 90 92 94 95 96 97 98 99 100 101 102 103 104 105 108 109 112 113 114 115 116 117 119 120 
119 250       1 7 8 9 10 11 12 13 14 15 16 17 18 19 20 21 24 25 26 27 28 29 30 31 32 35 36 39 40 41 44 46 47 48 51 52 53 55 56 58 60 61 62 63 66 67 68 69 70 71 72 73 74 75 76 78 79 83 84 89 90 91 92 93 95 99 103 105 106 107 109 111 113 114 115 116 118 120 
120 255       2 3 4 5 6 7 8 9 11 12 13 14 16 17 18 19 20 21 22 23 24 25 26 27 28 29 31 32 34 35 36 41 42 43 46 47 50 53 54 55 56 58 60 61 62 63 64 65 66 67 68 69 70 71 72 73 74 75 76 78 79 80 86 87 88 89 90 91 92 93 94 97 98 99 100 101 102 103 105 106 108 110 111 112 115 117 118 119 
