120 1000
1 377         2 3 5 9 15 18 19 23 27 33 36 42 43 47 49 52 53 54 60 61 64 66 69 71 73 75 78 91 92 94 95 96 97 98 99 103 105 106 114 119 
2 284         1 4 7 10 11 19 20 22 28 30 32 35 36 39 42 46 49 51 52 55 57 58 62 63 64 71 76 78 80 81 83 88 89 91 93 96 97 102 103 104 105 109 117 119 
3 339         1 4 13 17 20 22 24 25 26 29 31 35 36 37 42 46 48 55 62 69 74 75 77 78 79 81 85 91 97 98 103 104 105 119 
4 366         2 3 6 10 11 14 15 16 18 22 24 31 36 37 47 48 51 52 59 61 65 75 78 79 81 86 91 93 95 98 103 105 106 108 112 117 120 
5 260         1 6 8 9 10 11 12 18 20 25 26 30 31 32 33 56 59 60 63 66 67 71 72 74 78 83 91 92 94 95 99 103 104 109 111 113 116 117 119 
6 374         4 5 10 11 13 20 22 34 35 40 41 44 48 54 58 64 65 66 69 71 80 82 83 85 86 90 92 93 99 100 106 116 118 
7 469         2 9 12 13 15 16 17 19 28 29 34 38 40 41 42 45 46 48 49 54 55 56 58 61 67 80 86 89 90 91 92 95 97 101 102 107 109 111 114 115 
8 253         5 10 11 13 14 17 20 21 23 28 29 30 31 34 38 43 44 48 51 56 60 64 66 69 70 77 78 81 83 85 86 88 91 93 97 103 113 
9 278         1 5 7 19 20 21 22 25 39 46 48 52 55 57 58 65 68 70 73 74 75 76 81 86 87 95 106 107 115 120 
10 397        2 4 5 6 8 12 14 15 19 34 35 36 44 46 47 51 55 57 58 64 65 66 69 70 72 75 78 81 82 84 91 98 101 110 112 
11 292        2 4 5 6 8 15 16 18 21 23 26 28 31 33 34 38 39 40 55 61 68 73 76 77 80 87 93 98 103 104 106 109 111 114 115 
12 311        5 7 10 14 17 24 28 30 37 45 46 49 53 54 55 58 60 63 70 72 73 76 80 81 86 87 90 96 104 106 107 109 110 112 116 118 
13 429        3 6 7 8 15 16 18 22 23 24 30 31 34 38 40 41 47 48 50 53 63 64 65 66 68 70 73 77 78 80 82 83 84 85 88 90 91 96 99 100 104 107 108 110 111 112 113 115 119 
14 260        4 8 10 12 15 16 25 26 27 29 30 45 66 67 71 73 77 79 81 82 84 89 90 91 99 100 103 108 111 112 114 
15 311        1 4 7 10 11 13 14 16 17 18 20 21 26 30 33 39 40 45 46 50 52 54 59 65 66 76 78 82 86 90 93 96 98 99 102 111 114 117 
16 448        4 7 11 13 14 15 17 18 20 26 29 32 34 37 40 41 45 46 47 48 49 50 55 58 60 62 64 66 73 76 79 80 85 88 98 100 108 114 120 
17 253        3 7 8 12 15 16 18 22 23 32 34 35 36 37 47 51 58 60 62 64 65 66 72 73 78 80 85 87 88 89 90 93 95 99 100 104 108 113 114 116 118 119 120 
18 299        1 4 5 11 13 15 16 17 27 29 33 39 42 43 44 49 50 52 53 54 55 59 60 64 68 76 80 88 89 93 94 95 96 100 103 104 105 106 109 116 118 119 
19 428        1 2 7 9 10 20 23 25 26 31 38 42 49 51 53 58 59 68 73 75 76 79 88 90 97 101 106 108 110 112 115 117 120 
20 269        2 3 5 6 8 9 15 16 19 22 26 28 30 33 34 35 41 43 47 55 58 59 60 64 71 72 75 76 77 85 87 92 93 95 97 99 101 103 105 113 117 120 
21 303        8 9 11 15 25 26 28 34 43 45 46 50 53 56 60 63 65 68 69 70 74 80 83 84 89 91 93 100 101 103 105 107 108 110 111 113 114 118 119 120 
22 491        2 3 4 6 9 13 17 20 25 28 34 35 37 38 45 51 54 55 56 62 63 65 72 79 80 84 85 88 92 94 98 100 101 103 104 105 107 113 115 
23 251        1 8 11 13 17 19 24 26 45 47 49 52 55 56 60 63 66 68 71 73 74 76 78 89 92 105 110 115 116 117 
24 258        3 4 12 13 23 35 37 38 45 46 48 50 51 53 54 57 65 75 76 91 92 93 97 98 102 103 106 108 112 113 
25 357        3 5 9 14 19 21 22 26 27 30 36 37 39 41 43 45 46 49 50 51 52 57 63 64 67 69 75 82 83 86 88 89 92 94 96 99 100 101 104 107 109 112 113 117 120 
26 265        3 5 11 14 15 16 19 20 21 23 25 34 40 44 45 46 47 57 64 65 67 69 76 78 82 86 92 93 94 101 102 104 107 108 109 112 114 118 
27 378        1 14 18 25 28 30 41 42 45 47 49 53 59 66 67 69 70 77 81 84 88 93 97 107 108 112 116 118 
28 350        2 7 8 11 12 20 21 22 27 30 31 32 33 38 51 53 55 56 58 60 61 64 65 67 73 74 76 79 83 84 87 88 92 93 105 106 116 118 119 
29 320        3 7 8 14 16 18 34 38 41 43 47 48 50 52 53 55 56 57 59 65 72 73 84 87 92 94 96 97 99 106 107 111 112 113 115 117 120 
30 330        2 5 8 12 13 14 15 20 25 27 28 35 38 42 43 52 58 59 66 68 70 79 80 83 84 87 96 97 101 102 108 111 112 115 117 
31 453        3 4 5 8 11 13 19 28 36 38 41 46 52 53 55 56 57 61 67 70 72 74 77 78 82 83 92 95 101 105 107 108 110 111 118 119 
32 250        2 5 16 17 28 35 36 38 47 52 55 58 62 65 67 70 72 73 74 75 76 80 81 82 83 88 91 93 99 101 109 111 114 115 117 120 
33 297        1 5 11 15 18 20 28 36 44 50 54 60 61 63 69 72 73 74 76 77 78 81 82 87 88 94 95 117 118 
34 380        6 7 8 10 11 13 16 17 20 21 22 26 29 35 39 42 47 49 50 57 61 63 65 73 74 77 80 81 85 88 94 95 98 101 102 106 110 111 112 114 115 116 118 
35 260        2 3 6 10 17 20 22 24 30 32 34 39 45 47 50 57 58 62 64 67 70 72 73 81 86 89 90 94 100 101 105 106 108 109 118 
36 360        1 2 3 4 10 17 25 31 32 33 38 40 43 45 47 52 59 63 66 67 72 73 83 84 92 94 95 96 97 104 109 110 111 113 115 117 
37 471        3 4 12 16 17 22 24 25 38 41 43 45 46 51 52 54 56 59 61 62 65 68 69 70 71 73 80 85 86 94 97 98 99 100 101 105 106 111 112 117 
38 258        7 8 11 13 19 22 24 28 29 30 31 32 36 37 40 44 45 47 49 55 57 58 60 63 72 73 80 82 84 85 86 87 88 95 111 113 114 115 
39 271        2 9 11 15 18 25 34 35 43 45 50 53 54 57 60 61 63 67 72 73 83 84 85 87 91 100 102 103 104 108 109 112 114 
40 391        6 7 11 13 15 16 26 36 38 49 50 54 58 59 68 69 70 72 81 82 83 86 87 91 92 93 94 95 98 100 101 113 
41 290        6 7 13 16 20 25 27 29 31 37 42 45 48 49 50 61 63 66 67 70 75 82 83 85 89 94 97 100 102 105 110 112 113 115 116 120 
42 319        1 2 3 7 18 19 27 30 34 41 46 48 49 50 54 59 62 64 65 67 68 70 74 75 85 95 105 107 117 
43 465        1 8 18 20 21 25 29 30 36 37 39 44 45 48 52 54 57 58 63 65 68 72 73 77 79 83 87 89 90 92 95 98 102 105 106 115 117 
44 254        6 8 10 18 26 33 38 43 47 49 52 56 62 66 67 70 74 80 83 85 89 90 91 99 106 110 
45 281        7 12 14 15 16 21 22 23 24 25 26 27 35 36 37 38 39 41 43 46 49 52 57 58 59 63 72 82 89 92 94 96 97 98 99 104 106 116 119 120 
46 420        2 3 7 9 10 12 15 16 21 24 25 26 31 37 42 45 48 50 51 53 69 70 75 79 80 89 93 94 96 97 99 110 113 117 120 
47 254        1 4 10 13 16 17 20 23 26 27 29 32 34 35 36 38 44 48 53 54 64 65 69 71 76 77 81 86 95 103 104 109 111 119 
48 326        3 4 6 7 8 9 13 16 24 29 41 42 43 46 47 49 51 52 55 59 60 63 65 70 79 91 95 98 100 104 105 106 108 110 115 120 
49 404        1 2 7 12 16 18 19 23 25 27 34 38 40 41 42 44 45 48 50 59 60 62 66 69 70 71 72 74 75 77 83 92 94 97 110 113 117 
50 297        13 15 16 18 21 24 25 29 33 34 35 39 40 41 42 46 49 52 53 56 57 59 61 64 65 69 70 71 73 74 75 79 80 82 85 88 93 94 96 98 100 101 102 103 108 109 113 117 
51 299        2 4 8 10 17 19 22 24 25 28 37 46 48 58 61 63 65 69 70 73 76 82 85 93 95 97 104 105 106 107 110 111 113 116 
52 364        1 2 4 9 15 18 23 25 29 30 31 32 36 37 43 44 45 48 50 55 57 60 61 62 63 64 67 71 76 99 100 103 107 109 114 115 116 119 120 
53 300        1 12 13 18 19 21 24 27 28 29 31 39 46 47 50 54 56 61 62 65 67 72 74 75 77 78 80 82 85 96 98 101 103 104 107 113 119 120 
54 336        1 6 7 12 15 18 22 24 33 37 39 40 42 43 47 53 61 63 74 75 79 84 85 86 87 88 89 90 95 96 97 99 102 103 110 111 
55 370        2 3 7 9 10 11 12 16 18 20 22 23 28 29 31 32 38 48 52 59 62 63 67 69 70 75 78 79 80 83 84 85 89 91 95 100 101 108 112 119 
56 303        5 7 8 21 22 23 28 29 31 37 44 50 53 58 59 61 62 64 66 72 73 77 85 88 90 93 95 97 101 103 104 107 109 110 111 112 114 117 119 
57 327        2 9 10 24 25 26 29 31 34 35 38 39 43 45 50 52 62 75 78 80 81 88 102 111 112 
58 358        2 6 7 9 10 12 16 17 19 20 28 30 32 35 38 40 43 45 51 56 61 64 67 68 74 76 81 83 84 86 93 95 102 114 118 119 
59 269        4 5 15 18 19 20 27 29 30 36 37 40 42 45 48 49 50 55 56 62 63 64 66 75 76 79 82 85 89 93 96 100 106 111 114 115 117 118 120 
60 373        1 5 8 12 16 17 18 20 21 23 28 33 38 39 48 49 52 61 62 66 69 73 77 86 87 96 97 99 100 102 111 
61 371        1 4 7 11 28 31 33 34 37 39 41 50 51 52 53 54 56 58 60 71 72 74 82 84 85 92 94 98 100 103 104 112 118 
62 254        2 3 16 17 22 32 35 37 42 44 49 52 53 55 56 57 59 60 67 80 82 83 85 94 112 118 
63 375        2 5 12 13 21 22 23 25 33 34 36 38 39 41 43 45 48 51 52 54 55 59 65 66 67 69 80 86 89 90 92 94 98 105 108 115 116 
64 451        1 2 6 8 10 13 16 17 18 20 25 26 28 35 42 47 50 52 56 58 59 72 77 80 85 91 94 101 102 103 111 116 118 120 
65 257        4 6 9 10 13 15 17 21 22 24 26 28 29 32 34 37 42 43 47 48 50 51 53 63 66 70 73 75 76 79 90 91 93 94 96 107 110 112 115 
66 292        1 5 6 8 10 13 14 15 16 17 23 27 30 36 41 44 49 56 59 60 63 65 71 73 75 80 82 84 86 88 97 98 102 108 115 116 
67 380        5 7 14 25 26 27 28 31 32 35 36 39 41 42 44 52 53 55 58 62 63 73 77 84 90 93 100 101 105 110 113 115 120 
68 295        9 11 13 18 19 21 23 30 37 40 42 43 58 69 73 78 79 83 88 90 91 92 95 97 99 100 101 103 105 111 112 114 
69 325        1 3 6 8 10 21 25 26 27 33 37 40 46 47 49 50 51 55 60 63 68 71 73 74 75 77 82 84 86 88 89 90 99 105 111 117 120 
70 357        8 9 10 12 13 21 27 30 31 32 35 37 40 41 42 44 46 48 49 50 51 55 65 74 75 85 97 100 102 104 105 107 110 111 115 118 119 
71 273        1 2 5 6 14 20 23 37 47 49 50 52 61 66 69 72 80 81 83 87 88 92 99 105 110 112 114 
72 370        5 10 12 17 20 22 29 31 32 33 35 36 38 39 40 43 45 49 53 56 61 64 71 73 77 78 80 81 86 88 89 92 93 94 95 97 101 104 105 111 
73 359        1 9 11 12 13 14 16 17 19 23 28 29 32 33 34 35 36 37 38 39 43 50 51 56 60 65 66 67 68 69 72 77 84 85 87 88 97 100 107 111 115 117 119 120 
74 318        3 5 9 21 23 28 31 32 33 34 42 44 49 50 53 54 58 61 69 70 79 80 86 95 97 102 103 104 110 112 116 119 
75 323        1 3 4 9 10 19 20 24 25 32 41 42 46 49 50 53 54 55 57 59 65 66 69 70 76 77 81 82 86 87 88 93 94 99 100 104 105 108 109 115 119 
76 457        2 9 11 12 15 16 18 19 20 23 24 26 28 32 33 47 51 52 58 59 65 75 77 79 82 83 86 87 90 91 93 104 106 107 113 117 
77 262        3 8 11 13 14 20 27 31 33 34 43 47 49 53 56 60 64 67 69 72 73 75 76 83 85 86 88 90 93 94 95 96 99 100 113 115 117 
78 281        1 2 3 4 5 8 10 13 15 17 23 26 31 33 53 55 57 68 72 85 87 92 93 101 102 108 110 117 
79 441        3 4 14 16 19 22 28 30 43 46 48 50 54 55 59 65 68 74 76 83 85 88 92 95 99 106 107 115 
80 255        2 6 7 11 12 13 16 17 18 21 22 30 32 34 37 38 44 46 50 53 55 57 62 63 64 66 71 72 74 81 82 85 86 90 91 101 102 108 110 115 119 
81 304        2 3 4 8 9 10 12 14 27 32 33 34 35 40 47 57 58 71 72 75 80 82 84 86 89 95 97 98 103 112 115 116 120 
82 468        6 10 13 14 15 25 26 31 32 33 38 40 41 45 50 51 53 59 61 62 66 69 75 76 80 81 83 85 89 90 91 93 100 102 103 115 116 117 
83 257        2 5 6 8 13 21 25 28 30 31 32 36 39 40 41 43 44 49 55 58 62 68 71 76 77 79 82 84 86 89 90 93 96 97 104 108 109 111 112 115 116 117 
84 275        10 13 14 21 22 27 28 29 30 36 38 39 54 55 58 61 66 67 69 73 81 83 89 94 95 100 108 111 113 117 118 
85 491        3 6 8 13 16 17 20 22 34 37 38 39 41 42 44 50 51 53 54 55 56 59 61 62 64 70 73 77 78 79 80 82 93 98 100 101 107 109 111 112 115 118 120 
86 252        4 6 7 8 9 12 15 25 26 35 37 38 40 47 54 58 60 63 66 69 72 74 75 76 77 80 81 83 92 98 99 100 101 105 108 113 114 115 116 117 119 120 
87 257        9 11 12 17 20 28 29 30 33 38 39 40 43 54 60 71 73 75 76 78 88 90 92 100 112 117 120 
88 359        2 8 13 16 17 18 19 22 25 27 28 32 33 34 38 50 54 56 57 66 68 69 71 72 73 75 77 79 87 97 98 100 102 103 104 107 109 112 114 
89 266        2 7 14 17 18 21 23 25 35 41 43 44 45 46 54 55 59 63 69 72 81 82 83 84 99 101 102 117 120 
90 375        6 7 12 13 14 15 17 19 35 43 44 54 56 63 65 67 68 69 76 77 80 82 83 87 92 93 94 96 97 107 110 111 112 114 118 
91 459        1 2 3 4 5 7 8 10 13 14 21 24 32 39 40 44 48 55 64 65 68 76 80 82 92 94 98 100 104 106 112 114 
92 252        1 5 6 7 20 22 23 24 25 26 28 29 31 36 40 43 45 49 61 63 68 71 72 78 79 86 87 90 91 102 105 108 109 114 118 
93 289        2 4 6 8 11 15 17 18 20 21 24 26 27 28 32 40 46 50 51 56 58 59 65 67 72 75 76 77 78 82 83 85 90 94 96 98 99 100 101 106 107 111 113 119 
94 427        1 5 18 22 25 26 29 33 34 35 36 37 40 41 45 46 49 50 61 62 63 64 65 72 75 77 84 90 91 93 100 115 116 
95 252        1 4 5 7 9 17 18 20 31 33 34 36 38 40 42 43 47 48 51 54 55 56 58 68 72 74 77 79 81 84 97 102 114 115 
96 321        1 2 12 13 15 18 25 29 30 36 45 46 50 53 54 59 60 65 77 83 90 93 101 106 109 113 
97 461        1 2 3 7 8 19 20 24 27 29 30 36 37 41 45 46 49 51 54 56 60 66 68 70 72 73 74 81 83 88 90 95 99 100 104 105 106 113 118 
98 263        1 3 4 10 11 15 16 22 24 34 37 40 43 45 48 50 53 61 63 66 81 85 86 88 91 93 100 101 102 103 105 116 118 
99 276        1 5 6 13 14 15 17 20 25 29 32 37 44 45 46 52 54 60 68 69 71 75 77 79 86 89 93 97 105 116 
100 425       6 13 14 16 17 18 21 22 25 35 37 39 40 41 48 50 52 55 59 60 61 67 68 70 73 75 77 82 84 85 86 87 88 91 93 94 97 98 110 111 112 113 114 115 118 120 
101 286       7 10 19 20 21 22 25 26 30 31 32 34 35 37 40 50 53 55 56 64 67 68 72 78 80 85 86 89 93 96 98 105 112 114 115 116 
102 289       2 7 15 24 26 30 34 39 41 43 50 54 57 58 60 64 66 70 74 78 80 82 88 89 92 95 98 105 110 115 117 
103 360       1 2 3 4 5 8 11 14 18 20 21 22 24 39 47 50 52 53 54 56 61 64 68 74 81 82 88 98 106 108 113 114 115 119 
104 277       2 3 5 11 12 13 17 18 22 25 26 36 39 45 47 48 51 53 56 61 70 72 74 75 76 83 88 91 97 107 119 
105 363       1 2 3 4 18 20 21 22 23 28 31 35 37 41 42 43 48 51 63 67 68 69 70 71 72 75 86 92 97 98 99 101 102 107 108 110 111 112 119 120 
106 402       1 4 6 9 11 12 18 19 24 28 29 34 35 37 43 44 45 48 51 59 76 79 91 93 96 97 103 108 109 112 115 
107 297       7 9 12 13 21 22 25 26 27 29 31 42 51 52 53 56 65 70 73 76 79 85 88 90 93 104 105 108 110 111 112 113 114 115 117 118 
108 301       4 13 14 16 17 19 21 24 26 27 30 31 35 39 48 50 55 63 66 75 78 80 83 84 86 92 103 105 106 107 110 112 115 118 
109 455       2 5 7 11 12 18 25 26 32 35 36 39 47 50 52 56 75 83 85 88 92 96 106 110 114 120 
110 260       10 12 13 19 21 23 31 34 36 41 44 46 48 49 51 54 56 65 67 70 71 74 78 80 90 100 102 105 107 108 109 114 115 116 
111 285       5 7 11 13 14 15 21 29 30 31 32 34 36 37 38 47 51 54 56 57 59 60 64 68 69 70 72 73 83 84 85 90 93 100 105 107 113 115 
112 493       4 10 12 13 14 19 24 25 26 27 29 30 34 37 39 41 55 56 57 61 62 65 68 71 74 81 83 85 87 88 90 91 100 101 105 106 107 108 114 115 117 118 119 
113 250       5 8 13 17 20 21 22 24 25 29 36 38 40 41 46 49 50 51 53 67 76 77 84 86 93 96 97 100 103 107 111 114 118 
114 257       1 7 11 14 15 16 17 21 26 32 34 38 39 52 56 58 59 68 71 86 88 90 91 92 95 100 101 103 107 109 110 112 113 117 118 119 
115 378       7 9 11 13 19 22 23 29 30 32 34 36 38 41 43 48 52 59 63 65 66 67 70 73 75 77 79 80 81 82 83 85 86 94 95 100 101 102 103 106 107 108 110 111 112 116 118 
116 299       5 6 12 17 18 23 27 28 34 41 45 51 52 63 64 66 74 81 82 83 86 94 98 99 101 110 115 119 
117 323       2 4 5 15 19 20 23 25 29 30 32 33 36 37 42 43 46 49 50 56 59 69 73 76 77 78 82 83 84 86 87 89 102 107 112 114 
118 390       6 12 17 18 21 26 27 28 31 33 34 35 58 59 61 62 64 70 84 85 90 92 97 98 100 107 108 112 113 114 115 
119 285       1 2 3 5 13 17 18 21 28 31 45 47 52 53 55 56 58 70 73 74 75 80 86 93 103 104 105 112 114 116 
120 325       4 9 16 17 19 20 21 25 29 32 41 45 46 48 52 53 59 64 67 69 73 81 85 86 87 89 100 105 109 
