120 1000
1 458         2 4 17 22 25 37 41 54 63 64 75 78 79 
2 252         1 4 18 25 27 43 47 58 60 64 70 71 80 85 90 93 109 117 
3 290         6 13 21 22 24 30 37 38 49 73 84 87 92 104 
4 497         1 2 39 49 57 63 65 66 74 83 97 112 115 
5 250         16 24 29 39 47 51 61 62 68 71 75 93 104 109 
6 253         3 38 54 63 77 107 108 111 118 
7 446         29 35 39 59 61 62 70 72 81 91 94 95 103 104 113 116 
8 276         15 21 24 30 38 41 54 63 83 92 96 111 
9 278         20 24 25 43 44 56 59 60 92 95 96 107 120 
10 387        12 20 37 59 76 99 100 104 
11 274        21 28 38 52 67 68 71 100 102 105 107 
12 339        10 24 32 34 38 49 58 61 75 81 100 
13 462        3 16 20 23 24 28 34 61 67 80 88 97 115 116 120 
14 268        30 40 44 48 64 66 69 73 77 83 91 100 114 
15 270        8 16 20 21 25 27 28 31 85 96 105 
16 472        5 13 15 17 26 29 36 39 52 66 76 98 100 111 
17 258        1 16 53 54 63 76 85 99 103 109 112 113 120 
18 270        2 28 42 53 92 
19 377        38 39 58 63 84 106 109 110 118 
20 276        9 10 13 15 22 23 30 41 60 68 74 75 83 89 92 94 104 105 107 113 116 
21 347        3 8 11 15 23 26 30 52 67 79 81 87 100 101 111 
22 484        1 3 20 28 30 46 49 76 80 85 89 92 93 110 
23 253        13 20 21 28 30 47 59 65 68 89 93 99 110 113 
24 263        3 5 8 9 12 13 40 79 88 96 99 102 103 116 
25 490        1 2 9 15 38 42 52 56 68 69 72 84 95 101 
26 252        16 21 32 33 37 38 41 49 58 68 72 78 84 89 
27 258        2 15 36 60 77 93 95 103 108 109 115 
28 414        11 13 15 18 22 23 35 87 93 119 
29 250        5 7 16 31 32 34 41 44 45 50 64 72 73 91 95 101 110 118 
30 336        3 8 14 20 21 22 23 40 41 48 69 73 89 90 97 104 107 
31 493        15 29 44 49 53 63 85 88 103 112 
32 253        12 26 29 38 43 65 87 94 106 
33 254        26 34 55 71 83 110 
34 470        12 13 29 33 38 42 48 75 92 118 119 
35 257        7 28 51 63 69 72 80 82 96 
36 273        16 27 49 57 66 83 87 97 100 101 106 112 116 
37 403        1 3 10 26 42 44 70 74 78 86 
38 262        3 6 8 11 12 19 25 26 32 34 43 48 57 61 73 76 89 92 98 99 
39 335        4 5 7 16 19 73 86 87 95 97 
40 433        14 24 30 44 48 50 60 75 79 98 116 
41 273        1 8 20 26 29 30 51 71 77 81 89 92 107 113 116 117 
42 294        18 25 34 37 86 101 104 112 
43 375        2 9 32 38 44 54 63 64 73 74 78 92 96 101 106 114 120 
44 276        9 14 29 31 37 40 43 45 69 76 77 88 116 
45 349        29 44 56 72 101 114 
46 422        22 52 60 70 71 77 100 103 104 
47 276        2 5 23 54 66 77 88 97 103 115 
48 302        14 30 34 38 40 54 67 71 74 86 92 94 
49 446        3 4 12 22 26 31 36 58 71 86 92 106 109 114 116 120 
50 274        29 40 54 106 114 
51 280        5 35 41 64 66 68 71 84 99 106 109 115 
52 352        11 16 21 25 46 75 83 94 95 
53 318        17 18 31 54 66 70 92 95 96 110 113 
54 330        1 6 8 17 43 47 48 50 53 75 79 112 
55 402        33 88 98 102 109 111 115 118 
56 269        9 25 45 64 71 81 101 109 119 
57 329        4 36 38 58 59 85 90 92 102 
58 436        2 12 19 26 49 57 67 68 115 117 120 
59 254        7 9 10 23 57 63 80 119 
60 310        2 9 20 27 40 46 61 86 94 95 102 113 119 
61 357        5 7 12 13 38 60 108 115 
62 268        5 7 89 94 
63 375        1 4 6 8 17 19 31 35 43 59 64 74 88 97 101 109 
64 410        1 2 14 29 43 51 56 63 84 89 91 92 
65 262        4 23 32 67 77 78 94 97 98 108 118 
66 328        4 14 16 36 47 51 53 73 78 94 98 112 113 117 
67 352        11 13 21 48 58 65 83 87 88 101 119 
68 275        5 11 20 23 25 26 51 58 72 74 79 90 102 108 
69 373        14 25 30 35 44 72 87 92 106 117 
70 423        2 7 37 46 53 75 80 83 86 87 92 104 112 113 
71 262        2 5 11 33 41 46 48 49 51 56 77 82 86 88 91 
72 315        7 25 26 29 35 45 68 69 84 89 102 108 111 112 
73 426        3 14 29 30 38 39 43 66 75 76 90 
74 266        4 20 37 43 48 63 68 79 86 97 107 112 113 116 
75 308        1 5 12 20 34 40 52 54 70 73 82 84 87 98 103 109 114 115 116 117 
76 388        10 16 17 22 38 44 73 92 96 110 114 
77 251        6 14 27 41 44 46 47 65 71 106 109 
78 361        1 26 37 43 65 66 83 90 93 96 97 105 107 117 
79 386        1 21 24 40 54 68 74 92 
80 272        2 13 22 35 59 70 88 98 103 105 115 
81 342        7 12 21 41 56 104 111 117 
82 374        35 71 75 92 100 113 
83 254        4 8 14 20 33 36 52 67 70 78 86 92 93 96 110 119 120 
84 372        3 19 25 26 51 64 72 75 91 108 111 120 
85 408        2 15 17 22 31 57 97 103 118 
86 287        37 39 42 48 49 60 70 71 74 83 93 100 107 114 
87 305        3 21 28 32 36 39 67 69 70 75 92 96 104 109 118 
88 442        13 24 31 44 47 55 63 67 71 80 107 
89 252        20 22 23 26 30 38 41 62 64 72 98 100 111 
90 306        2 30 57 68 73 78 93 101 116 
91 364        7 14 29 64 71 84 96 
92 302        3 8 9 18 20 22 34 38 41 43 48 49 53 57 64 69 70 76 79 82 83 87 114 
93 334        2 5 22 23 27 28 78 83 86 90 114 
94 363        7 20 32 48 52 60 62 65 66 97 108 114 119 
95 265        7 9 25 27 29 39 52 53 60 99 101 113 115 
96 372        8 9 15 24 35 43 53 76 78 83 87 91 98 
97 396        4 13 30 36 39 47 63 65 74 78 85 94 120 
98 292        16 38 40 55 65 66 75 80 89 96 103 108 
99 312        10 17 23 24 38 51 95 
100 485       10 11 12 14 16 21 36 46 82 86 89 117 118 
101 255       21 25 29 36 42 43 45 56 63 67 90 95 102 105 115 
102 260       11 24 55 57 60 68 72 101 
103 436       7 17 24 27 31 46 47 75 80 85 98 111 113 114 
104 256       3 5 7 10 20 30 42 46 70 81 87 112 
105 308       11 15 20 78 80 101 106 118 
106 445       19 32 36 43 49 50 51 69 77 105 107 109 116 
107 270       6 9 11 20 30 41 74 78 86 88 106 
108 285       6 27 61 65 68 72 84 94 98 
109 419       2 5 17 19 27 49 51 55 56 63 75 77 87 106 120 
110 275       19 22 23 29 33 53 76 83 
111 306       6 8 16 21 55 72 81 84 89 103 116 120 
112 427       4 17 31 36 42 54 66 70 72 74 104 
113 250       7 17 20 23 41 53 60 66 70 74 82 95 103 
114 323       14 43 45 49 50 75 76 86 92 93 94 103 
115 490       4 13 27 47 51 55 58 61 75 80 95 101 117 
116 252       7 13 20 24 36 40 41 44 49 74 75 90 106 111 117 
117 258       2 41 58 66 69 75 78 81 100 115 116 
118 496       6 19 29 34 55 65 85 87 100 105 
119 250       28 34 56 59 60 67 83 94 
120 254       9 13 17 43 49 58 83 84 97 109 111 
