249 1000
1 451         4 9 14 15 16 18 19 22 26 30 36 39 41 48 51 52 53 58 62 65 66 68 71 72 75 77 80 85 86 97 98 99 102 109 113 116 117 119 120 121 122 123 127 128 132 137 139 140 141 143 144 147 150 157 160 161 164 166 168 169 170 175 180 183 189 192 196 197 206 209 221 224 225 228 231 232 235 243 244 247 
2 267         7 12 13 16 20 21 25 27 35 42 43 46 54 56 60 61 71 73 82 84 85 88 90 91 92 96 98 102 110 114 120 123 124 127 129 130 133 134 135 139 142 144 145 149 153 154 156 158 159 162 166 167 169 171 176 185 190 194 200 202 215 216 225 231 241 245 249 
3 282         5 6 8 12 15 18 30 32 35 43 45 51 56 58 64 66 67 68 69 72 76 79 81 82 87 91 92 94 98 99 100 105 108 113 115 118 129 133 137 138 145 148 149 154 158 162 163 166 179 180 182 183 187 190 193 197 199 202 204 205 206 209 213 217 220 222 232 237 239 240 245 
4 438         1 9 10 11 12 14 23 26 30 32 33 36 39 40 42 44 45 47 54 56 59 63 65 71 79 80 85 88 90 93 94 95 97 102 104 106 107 108 114 115 123 126 128 129 137 143 145 150 152 155 156 157 158 159 162 163 164 167 170 171 172 173 174 179 181 184 187 188 191 194 197 206 208 211 217 219 221 222 226 230 232 234 242 244 245 249 
5 275         3 7 8 20 21 30 31 34 35 37 38 39 47 52 54 61 62 63 66 69 70 77 80 84 90 91 92 97 99 101 104 107 111 114 117 124 135 136 137 138 141 144 147 149 154 155 157 158 161 162 164 170 172 177 178 183 185 189 191 200 201 204 205 207 216 221 222 223 227 233 245 246 249 
6 287         3 9 10 13 16 18 19 20 21 23 24 25 31 35 40 41 45 46 54 55 57 60 63 67 68 71 72 78 83 85 94 96 97 103 108 117 118 120 122 123 127 128 129 131 133 134 135 140 144 149 152 154 157 158 163 166 171 176 177 178 179 180 182 184 187 190 191 197 200 202 205 206 213 214 215 216 224 228 230 233 237 238 242 246 248 
7 397         2 5 11 14 18 22 26 27 29 31 33 36 39 40 42 46 48 49 50 56 63 71 75 78 84 87 88 93 99 101 107 112 116 117 118 121 122 128 130 132 134 135 136 150 154 155 162 165 166 172 175 176 182 184 187 189 193 195 196 199 200 203 206 211 216 222 231 234 236 239 240 241 243 
8 274         3 5 10 11 12 14 15 17 26 27 28 29 39 40 45 46 47 48 57 58 59 60 62 69 71 73 79 80 82 83 92 94 96 98 101 102 106 108 110 113 116 117 128 129 133 135 140 161 165 166 168 169 172 177 180 187 197 198 202 204 209 210 211 217 219 221 222 225 228 229 242 244 249 
9 329         1 4 6 10 12 13 15 16 23 24 25 26 30 39 46 47 53 54 57 63 66 68 71 75 76 85 87 89 91 92 98 101 103 106 108 113 115 116 120 129 131 132 133 135 138 145 151 153 156 158 164 166 172 180 181 185 187 189 190 197 203 204 207 209 210 213 219 223 224 225 227 230 235 249 
10 362        4 6 8 9 13 17 18 19 20 28 30 36 37 41 43 44 46 49 50 55 57 60 62 64 71 76 77 83 87 89 90 92 93 99 104 107 109 111 125 126 132 133 134 135 138 139 143 151 152 154 161 162 163 168 170 172 177 179 182 186 187 189 191 193 194 197 207 212 213 218 225 226 227 231 233 234 240 242 244 246 249 
11 303        4 7 8 13 17 19 23 27 34 38 39 40 46 50 61 63 64 65 66 74 75 84 86 87 91 93 97 99 101 104 106 109 111 121 140 141 144 149 151 155 156 165 166 170 171 172 174 178 181 183 186 187 193 197 199 204 210 211 212 214 217 218 219 220 222 228 229 230 232 234 244 248 
12 335        2 3 4 8 9 14 15 30 31 42 45 51 52 53 57 66 67 68 69 70 73 74 75 76 77 80 81 83 85 87 93 95 99 101 105 111 112 117 119 120 121 124 127 134 137 140 143 146 148 151 152 155 156 159 160 161 167 169 173 175 181 185 187 192 202 203 207 210 212 213 221 225 227 229 231 236 237 238 247 249 
13 491        2 6 9 10 11 14 16 22 24 30 34 36 38 41 42 43 44 57 58 59 62 64 65 66 70 72 75 76 78 83 93 94 96 98 111 114 116 119 122 132 137 139 163 165 166 167 172 173 176 182 191 194 195 201 203 205 209 210 220 221 225 230 232 233 235 242 247 249 
14 251        1 4 7 8 12 13 17 20 21 30 31 33 47 49 54 56 57 62 65 69 73 80 82 84 88 94 97 100 104 111 120 122 130 132 136 144 145 146 149 150 154 156 159 162 163 165 168 169 170 172 173 174 175 177 189 192 194 196 198 202 206 207 210 212 213 214 215 219 230 231 236 239 241 244 248 
15 258        1 3 8 9 12 27 32 33 34 41 43 54 55 56 58 59 63 69 71 72 73 86 87 89 95 97 98 99 101 104 105 109 110 115 116 122 124 127 132 133 134 137 138 142 144 151 153 157 160 161 163 167 169 173 176 180 182 187 191 195 206 209 210 215 216 220 223 232 238 239 243 249 
16 379        1 2 6 9 13 19 24 25 35 38 41 46 56 65 67 71 74 76 77 80 93 95 98 100 102 115 116 120 121 127 128 129 130 133 136 139 144 148 151 152 157 159 160 162 166 171 176 177 181 186 188 191 193 195 196 207 208 210 212 217 219 220 222 223 224 231 235 245 
17 256        8 10 11 14 20 23 31 32 34 36 37 38 39 41 43 45 49 55 56 58 60 69 76 78 79 81 83 87 89 90 94 99 100 102 104 108 111 112 117 118 120 121 124 125 129 130 131 135 138 139 142 146 148 149 150 151 158 160 164 165 167 168 170 173 175 180 181 185 190 200 205 208 211 216 217 220 222 224 226 227 230 234 235 237 240 241 244 246 248 
18 365        1 3 6 7 10 19 20 28 31 32 34 37 41 45 48 53 55 61 63 65 68 72 73 77 79 82 85 86 91 93 94 95 104 105 111 114 115 123 124 127 131 132 135 136 139 141 144 146 151 155 156 159 160 161 165 167 173 182 186 192 197 204 207 208 211 213 219 222 224 227 228 236 239 246 247 248 
19 394        1 6 10 11 16 18 20 21 22 26 31 35 41 50 57 61 62 63 64 65 72 74 77 82 86 95 115 117 118 124 127 129 135 136 138 139 141 147 150 158 160 162 164 169 170 173 175 181 185 190 191 197 199 204 205 217 222 226 229 241 247 
20 294        2 5 6 10 14 17 18 19 32 33 34 35 39 42 44 47 51 52 56 59 64 68 71 75 76 77 86 88 90 91 92 94 101 103 104 105 113 114 117 121 122 124 127 128 146 148 149 153 162 164 176 177 180 184 189 197 208 209 212 214 215 217 219 227 234 235 245 247 
21 312        2 5 6 14 19 22 25 28 31 35 37 38 40 45 47 50 51 58 61 68 72 74 75 77 85 86 89 95 100 101 103 105 107 110 115 117 124 126 127 132 134 139 140 141 143 145 149 150 158 161 163 165 167 168 173 174 177 178 183 184 191 193 198 203 205 206 207 211 216 217 221 225 226 233 234 237 239 241 246 
22 437        1 7 13 19 21 25 27 35 38 42 43 46 49 50 55 56 58 61 62 63 66 82 83 85 89 90 93 95 97 98 101 102 103 105 108 111 116 117 121 123 126 129 130 136 138 142 143 146 150 151 155 158 160 161 164 167 168 169 172 173 181 184 193 194 204 214 217 219 220 224 225 226 233 236 246 247 249 
23 274        4 6 9 11 17 24 25 26 27 30 33 34 35 37 43 47 51 53 56 60 64 66 68 77 81 82 84 85 87 89 90 95 98 100 104 106 110 116 119 122 129 133 137 138 141 144 149 151 156 158 164 166 170 176 177 179 180 184 185 186 187 192 197 200 201 205 206 210 213 216 219 223 225 232 233 237 240 241 243 
24 289        6 9 13 16 23 32 40 43 52 53 55 60 63 65 68 72 75 78 80 84 88 89 90 91 92 94 95 98 104 106 112 113 119 122 126 128 130 136 145 149 154 157 159 169 170 171 172 177 178 180 184 185 186 187 198 204 207 211 215 218 219 227 233 235 237 238 240 242 243 245 
25 438        2 6 9 16 21 22 23 29 30 35 37 47 48 49 56 57 60 67 68 69 75 77 82 83 92 93 94 98 100 102 103 104 109 115 119 120 121 123 124 125 129 130 136 139 140 143 146 147 151 153 156 159 166 179 184 192 196 198 200 201 203 204 210 211 225 228 231 233 236 237 246 
26 271        1 4 7 8 9 19 23 32 34 41 47 53 56 61 63 64 66 71 73 75 76 79 83 84 85 89 90 97 98 102 104 105 123 124 128 130 136 141 143 149 154 155 156 157 161 163 169 177 178 180 186 196 199 202 203 205 208 211 212 217 219 220 222 223 227 230 232 233 235 237 238 249 
27 291        2 7 8 11 15 22 23 32 38 39 41 44 48 53 54 55 56 57 62 69 76 84 93 94 95 97 101 102 104 108 112 113 115 117 118 121 134 139 143 145 146 153 160 161 163 165 167 169 179 180 184 188 189 194 200 207 209 213 217 222 228 231 235 245 247 248 
28 398        8 10 18 21 30 37 46 54 57 58 62 65 66 79 81 83 85 87 88 94 95 97 98 102 103 104 106 111 114 115 117 121 122 124 129 130 136 139 141 144 146 147 157 158 159 161 162 164 165 166 174 175 177 178 181 183 184 185 190 194 197 203 205 211 216 219 221 223 225 226 229 235 236 245 246 248 
29 290        7 8 25 30 34 37 43 48 53 57 58 62 63 66 67 68 71 73 74 76 87 90 91 96 99 106 129 134 135 136 143 146 148 155 169 171 172 182 192 199 200 203 211 218 220 222 226 227 229 234 240 241 242 248 
30 312        1 3 4 5 9 10 12 13 14 23 25 28 29 31 35 37 42 44 46 56 59 61 63 66 68 70 72 73 80 83 84 87 89 90 93 96 102 111 112 116 119 120 127 130 134 136 142 148 149 150 155 157 158 162 163 167 168 170 172 175 180 181 183 184 185 188 194 198 210 215 221 226 227 230 238 246 
31 396        5 6 7 12 14 17 18 19 21 30 33 36 37 42 43 48 54 55 58 74 77 78 81 85 86 88 90 92 96 97 98 99 101 102 105 107 112 113 117 119 120 122 129 131 135 139 142 143 145 148 155 160 161 164 165 166 167 169 171 172 176 183 186 188 190 193 196 200 218 219 221 224 225 228 229 232 233 235 240 241 249 
32 261        3 4 15 17 18 20 24 26 27 34 36 39 42 43 52 58 64 70 75 77 80 81 86 87 92 93 94 95 98 100 109 111 112 118 123 127 128 135 137 138 141 144 145 146 148 151 153 158 159 163 168 172 173 175 176 181 187 191 194 195 199 200 201 205 208 219 224 226 227 232 241 
33 343        4 7 14 15 20 23 31 34 44 48 50 51 55 56 61 66 68 69 70 74 75 89 97 99 100 103 104 113 117 125 129 132 136 137 140 141 143 146 157 162 164 165 174 176 186 187 189 191 192 204 206 208 209 212 214 219 224 225 229 232 236 242 244 246 247 
34 482        5 11 13 15 17 18 20 23 26 29 32 33 36 37 43 45 47 49 52 56 58 64 65 66 67 71 82 85 88 90 93 94 97 103 107 108 112 113 115 116 122 124 128 132 133 138 140 141 144 146 150 152 157 162 163 166 169 172 173 174 177 178 179 190 196 197 199 205 207 208 209 211 213 218 220 222 223 231 233 234 237 238 248 249 
35 252        2 3 5 6 16 19 20 21 22 23 25 30 36 42 48 49 50 52 54 55 56 57 59 67 74 76 79 80 81 82 85 93 96 97 104 106 114 116 118 125 128 132 136 138 143 146 150 158 160 164 183 184 185 186 189 192 194 201 205 209 210 213 215 217 219 220 223 227 231 232 234 243 246 247 249 
36 266        1 4 7 10 13 17 31 32 34 35 38 44 46 50 52 59 60 61 65 67 72 75 78 79 82 84 88 99 102 103 106 107 110 111 117 120 122 124 126 132 134 139 141 143 151 154 155 163 165 166 171 178 179 183 185 186 189 192 198 201 206 209 214 218 221 230 231 241 243 246 247 
37 425        5 10 17 18 21 23 25 28 29 30 31 34 43 52 62 68 75 76 78 81 84 86 93 96 97 101 104 106 108 110 112 116 117 118 121 126 127 129 134 135 142 145 146 149 150 156 161 168 170 171 181 182 184 186 189 192 195 196 198 214 216 218 228 230 231 232 233 234 235 247 249 
38 252        5 11 13 16 17 21 22 27 36 42 44 48 51 53 56 59 61 69 72 75 76 78 79 83 93 94 103 104 110 117 118 119 121 123 126 127 129 132 134 136 145 152 154 155 157 158 165 167 169 170 171 174 176 177 179 182 183 185 190 191 196 197 199 208 210 214 216 219 220 222 229 230 231 233 234 238 241 242 243 248 249 
39 323        1 4 5 7 8 9 11 17 20 27 32 44 46 49 52 53 56 60 62 63 67 69 71 77 78 84 91 93 97 100 106 114 117 122 125 126 135 136 140 141 148 155 157 160 170 177 178 185 187 189 191 193 195 202 204 205 209 211 213 214 215 222 228 230 233 238 239 245 247 
40 382        4 6 7 8 11 21 24 41 43 55 63 66 72 74 76 77 79 81 83 89 90 94 96 103 116 117 122 123 124 126 133 136 137 139 143 155 156 159 162 170 175 176 177 181 187 188 189 190 191 199 201 202 209 221 225 232 233 237 240 241 242 243 248 
41 291        1 6 10 13 15 16 17 18 19 26 27 40 42 47 59 62 63 65 69 72 75 77 89 92 93 102 104 105 110 116 121 123 125 131 132 134 143 146 147 152 156 166 178 180 182 183 184 185 191 193 201 202 206 211 212 215 220 223 226 228 229 237 249 
42 327        2 4 7 12 13 20 22 30 31 32 35 38 41 46 48 49 56 57 59 63 67 68 82 91 93 95 97 98 99 100 103 107 112 113 116 117 118 119 120 124 131 148 149 150 169 171 175 181 183 186 192 194 196 197 198 199 200 206 210 215 217 223 224 227 240 241 243 246 249 
43 414        2 3 10 13 15 17 22 23 24 29 31 32 34 37 40 46 50 59 60 61 66 67 70 71 73 76 90 94 109 110 112 113 115 129 130 133 134 136 139 145 164 165 173 174 179 180 183 195 201 204 205 206 208 212 213 217 222 225 228 236 238 241 
44 262        4 10 13 20 27 30 33 36 38 39 46 47 48 50 52 57 58 59 63 66 67 71 72 75 77 78 80 83 84 88 89 94 95 96 115 118 124 127 128 140 143 146 148 166 167 171 172 173 178 179 183 185 190 193 196 212 213 215 217 219 224 229 237 241 248 
45 324        3 4 6 8 12 17 18 21 34 46 47 48 50 53 59 69 73 74 75 77 78 87 89 92 93 101 108 115 118 120 121 123 128 130 134 137 138 139 145 152 157 158 163 170 172 178 179 188 191 193 194 195 197 198 199 207 218 222 228 229 235 239 240 
46 388        2 6 7 8 9 10 11 16 22 28 30 36 39 42 43 44 45 47 49 51 52 53 57 64 70 74 78 80 81 84 85 87 89 90 92 93 94 103 104 106 111 115 117 120 123 125 128 131 133 137 143 144 150 152 156 161 165 166 170 173 175 187 188 196 197 200 201 202 205 209 210 211 215 216 218 219 231 233 235 237 244 247 
47 251        4 5 8 9 14 20 21 23 25 26 34 41 44 45 46 49 50 53 55 64 66 67 70 73 74 82 85 86 91 97 100 104 106 107 109 110 111 112 113 116 117 122 123 130 134 136 145 148 162 163 165 174 179 181 182 183 188 190 191 198 200 204 209 210 211 214 216 217 234 235 236 237 238 240 242 245 246 247 248 
48 361        1 7 8 18 25 27 29 31 33 35 38 42 44 45 51 54 55 60 65 68 72 75 80 81 82 87 89 91 108 113 118 126 128 129 131 134 137 139 146 152 154 155 160 161 164 166 167 168 172 173 180 181 184 186 191 192 195 208 209 213 216 218 219 220 221 222 223 226 227 230 231 233 236 237 239 240 242 243 246 247 
49 426        7 10 14 17 22 25 34 35 39 42 46 47 51 52 53 60 61 69 79 80 81 83 85 86 87 95 98 99 100 102 115 117 118 119 121 132 133 134 139 142 144 145 149 153 155 158 159 160 161 164 177 184 186 188 190 191 192 195 197 203 206 215 217 220 225 226 229 234 235 236 242 244 248 249 
50 259        7 10 11 19 21 22 33 35 36 43 44 45 47 54 55 64 67 69 70 72 75 78 81 86 87 88 89 90 92 94 95 97 105 107 112 113 114 115 116 117 121 124 126 127 130 133 138 139 143 150 152 153 156 160 161 164 165 171 174 176 180 181 182 184 185 189 190 193 194 195 196 199 200 204 207 212 217 220 221 223 238 243 244 246 248 
51 315        1 3 12 20 21 23 33 38 46 48 49 54 58 63 75 76 80 82 83 90 93 95 98 103 105 107 108 109 113 118 121 123 124 125 128 131 136 137 138 151 153 160 162 164 166 168 169 171 172 174 181 182 189 192 198 204 205 209 210 217 220 224 226 231 234 241 246 247 
52 377        1 5 12 20 24 32 34 35 36 37 39 44 46 49 55 56 59 64 68 70 74 77 78 80 83 87 90 95 96 97 100 101 104 107 117 118 121 122 125 126 129 133 136 142 144 153 157 159 162 163 165 172 174 175 180 182 185 186 194 195 205 207 215 218 225 229 230 231 233 234 236 246 
53 258        1 9 12 18 23 24 26 27 29 38 39 45 46 47 49 57 58 60 65 67 70 71 72 77 82 88 89 91 94 98 99 105 107 115 118 119 120 122 127 128 129 138 150 151 161 165 177 179 180 182 184 188 189 195 197 200 204 208 209 210 218 223 224 225 226 228 231 233 239 241 244 245 
54 365        2 4 5 6 9 14 15 27 28 31 35 48 50 51 55 56 60 66 69 73 79 81 83 87 92 95 97 112 114 120 134 137 139 143 146 151 152 153 154 160 161 164 174 180 183 189 190 192 196 198 202 207 212 214 219 220 221 223 224 226 231 236 240 243 244 247 249 
55 455        6 10 15 17 18 22 24 27 31 33 35 40 47 48 50 52 54 61 66 68 69 71 77 80 84 86 87 88 92 95 97 99 100 104 107 108 110 116 120 128 129 133 137 139 144 146 151 153 154 157 158 168 169 173 178 180 187 192 193 203 204 213 218 220 221 222 227 232 233 235 237 238 243 245 249 
56 266        2 3 4 7 14 15 16 17 20 22 23 25 26 27 30 33 34 35 38 39 42 52 54 62 64 71 72 73 78 84 86 88 92 94 108 113 114 116 121 126 130 133 138 141 145 149 150 153 158 162 165 167 170 173 174 176 177 183 187 189 196 197 198 200 202 204 205 210 213 218 229 231 232 233 234 242 
57 279        6 8 9 10 12 13 14 19 25 27 28 29 35 42 44 46 53 60 61 64 65 66 69 72 75 78 82 83 89 107 108 110 111 118 119 120 121 124 128 129 131 136 139 140 141 142 143 145 150 152 158 160 161 166 171 173 181 182 184 185 191 196 200 208 214 216 220 221 223 224 226 227 229 234 235 236 237 239 241 244 245 248 
58 411        1 3 8 13 15 17 21 22 28 29 31 32 34 44 51 53 61 63 70 72 74 76 79 80 84 89 92 97 98 99 100 101 104 107 108 109 111 114 116 119 120 121 124 127 128 129 133 134 135 146 149 150 154 160 162 164 166 170 171 172 173 174 177 178 179 185 192 194 196 199 201 204 205 207 209 210 211 212 216 223 225 233 242 248 249 
59 260        4 8 13 15 20 30 35 36 38 41 42 43 44 45 52 64 67 69 70 78 83 85 86 94 98 99 101 102 107 109 118 140 142 144 149 150 152 155 160 161 165 170 171 172 178 182 188 191 192 199 201 211 214 215 217 223 224 225 228 234 243 247 249 
60 329        2 6 8 10 17 23 24 25 36 39 43 48 49 53 54 57 62 72 73 76 80 81 82 83 84 89 92 96 99 100 101 106 109 110 119 120 126 127 132 136 137 141 143 145 149 150 152 155 157 163 164 177 178 185 186 187 189 190 196 198 201 203 204 209 210 212 213 214 216 219 221 222 223 224 230 235 238 239 240 241 246 
61 356        2 5 11 18 19 21 22 26 30 33 36 38 43 49 55 57 58 62 64 65 69 72 93 95 98 100 101 104 105 108 112 114 117 120 121 123 127 132 133 134 135 136 138 140 144 146 149 150 155 156 159 160 161 164 165 171 173 174 177 179 183 187 189 195 196 198 205 210 211 213 219 225 226 229 231 234 237 244 247 
62 295        1 5 8 10 13 14 19 22 27 28 29 37 39 41 56 60 61 63 64 65 68 69 71 77 80 81 86 89 91 93 98 103 104 105 107 108 109 115 117 120 121 123 125 138 139 140 142 144 145 147 156 160 164 165 167 168 170 176 195 196 206 211 215 228 233 234 235 236 239 244 245 246 248 
63 349        4 5 6 7 9 11 15 18 19 22 24 26 29 30 39 40 41 42 44 51 58 62 67 68 69 71 75 81 83 84 87 92 93 95 97 99 100 107 108 116 117 119 127 129 131 132 136 137 138 141 146 147 156 158 160 166 167 171 173 175 176 180 181 183 184 187 193 198 200 203 204 208 209 212 213 214 220 226 238 239 240 241 242 243 244 245 247 
64 470        3 10 11 13 19 20 23 26 32 34 46 47 50 52 56 57 59 61 62 69 70 72 77 85 89 98 100 103 104 106 110 113 114 117 118 119 128 131 141 144 150 154 156 165 168 170 175 176 178 181 184 185 186 188 196 200 201 202 203 208 211 212 217 218 220 224 225 226 228 229 233 237 240 247 249 
65 257        1 4 11 13 14 16 18 19 24 28 34 36 41 48 53 57 61 62 66 71 79 81 82 84 86 88 89 97 98 101 102 107 108 109 118 119 120 128 133 135 142 145 146 154 160 165 169 173 176 177 180 186 190 191 194 199 200 201 203 206 207 213 214 222 223 224 225 227 234 237 241 242 249 
66 273        1 3 5 9 11 12 13 22 23 26 28 29 30 33 34 40 43 44 47 54 55 57 65 68 70 74 79 83 88 90 97 98 104 110 114 116 119 120 121 126 128 132 133 134 136 137 142 148 150 153 164 170 177 179 182 184 186 188 196 201 206 209 210 219 220 227 228 229 231 233 235 241 243 245 247 
67 449        3 6 12 16 25 29 34 35 36 39 42 43 44 47 50 53 59 63 72 78 80 81 82 85 88 91 94 95 97 99 103 104 105 108 109 110 112 117 125 129 132 135 136 142 143 144 146 147 148 149 156 160 162 165 174 176 185 188 189 197 199 200 203 207 209 210 213 215 216 220 228 229 235 238 
68 252        1 3 6 9 12 18 20 21 23 24 25 29 30 33 37 42 48 52 55 62 63 66 70 71 78 79 83 88 90 93 94 96 102 103 110 117 126 128 130 134 136 146 148 150 155 157 159 162 163 165 166 167 168 171 172 174 180 182 185 198 201 206 209 212 214 215 219 220 226 229 230 232 237 240 242 246 247 248 249 
69 299        3 5 8 12 14 15 17 25 27 33 38 39 41 45 49 50 54 55 57 59 61 62 63 64 76 82 83 85 86 90 94 97 99 100 101 105 111 114 115 119 123 124 127 134 136 137 138 140 141 143 147 154 155 156 157 160 162 163 164 166 168 169 170 171 177 178 181 186 187 188 189 190 191 194 198 199 202 203 207 208 209 212 214 217 218 219 223 226 227 232 233 234 235 237 238 239 247 249 
70 380        5 12 13 30 32 33 43 46 47 50 52 53 58 59 64 66 68 72 73 76 78 87 91 94 96 98 103 104 107 119 122 135 136 137 140 141 144 147 148 153 160 172 175 179 184 185 186 187 196 197 206 208 211 214 215 217 219 226 227 230 231 232 235 240 242 244 245 248 249 
71 280        1 2 4 6 7 8 9 10 15 16 20 26 29 34 39 43 44 53 55 56 62 63 65 68 73 74 75 77 87 88 89 91 93 96 98 100 103 105 109 113 120 122 123 125 127 129 135 136 139 151 152 156 157 158 159 162 164 170 171 177 178 186 187 195 196 200 201 202 206 212 213 214 216 224 225 227 231 235 236 239 241 246 248 
72 340        1 3 6 13 15 18 19 21 24 30 36 38 40 41 44 48 50 53 56 57 58 60 61 64 67 70 77 86 87 90 91 93 96 98 100 101 102 105 107 112 117 119 127 129 147 148 152 153 157 158 160 164 165 166 167 173 178 182 183 185 187 192 195 200 208 209 215 222 225 232 233 234 235 238 244 245 247 249 
73 378        2 8 12 14 15 18 26 29 30 43 45 47 54 56 60 70 71 77 82 83 84 87 89 93 100 102 103 104 105 106 107 108 112 119 125 128 129 130 132 133 137 139 142 143 144 146 149 154 157 159 164 168 175 180 181 188 190 195 198 200 201 202 203 206 207 208 212 213 214 218 220 226 228 229 246 249 
74 305        11 12 16 19 21 29 31 33 35 40 45 46 47 52 58 66 71 78 86 88 92 97 98 100 108 109 110 123 124 126 127 128 133 136 137 138 143 145 152 153 155 156 158 166 167 168 169 170 181 184 185 191 193 199 201 213 215 217 219 224 225 226 235 238 240 241 242 245 247 249 
75 317        1 7 9 11 12 13 20 21 24 25 26 32 33 36 37 38 41 44 45 48 50 51 57 63 71 78 80 81 91 94 98 99 102 105 107 116 117 118 119 121 125 126 139 144 148 149 151 153 154 156 158 159 160 165 166 167 168 171 174 176 178 182 183 190 192 193 194 196 197 203 208 209 210 217 218 220 221 228 232 233 234 243 244 245 246 248 249 
76 440        3 9 10 12 13 16 17 20 26 27 29 35 37 38 40 43 51 58 60 69 70 78 83 87 88 89 90 92 98 102 107 117 119 124 125 132 137 141 146 147 153 156 159 162 163 172 173 175 176 180 182 187 191 195 201 202 203 206 207 220 222 226 228 231 234 238 239 242 245 246 
77 255        1 5 10 12 16 18 19 20 21 23 25 31 32 39 40 41 44 45 52 53 55 62 64 71 72 73 78 80 82 83 86 88 92 106 113 114 115 117 119 121 125 133 137 140 141 143 146 149 160 165 169 170 171 174 179 184 187 189 191 192 193 194 195 197 198 200 204 205 210 213 216 217 218 222 224 226 232 237 239 243 246 247 
78 305        6 7 13 17 24 31 36 37 38 39 44 45 46 50 52 56 57 59 67 68 70 74 75 76 77 87 89 94 97 109 111 113 114 116 117 119 122 124 131 140 143 145 146 151 154 159 162 163 170 172 176 182 189 190 191 194 196 198 200 203 204 214 216 220 223 225 227 230 237 239 240 242 244 
79 435        3 4 8 17 18 26 28 35 36 38 40 49 54 58 65 66 68 86 91 93 102 110 115 118 131 135 136 139 140 141 146 149 154 158 172 175 186 188 202 203 209 212 214 218 220 226 233 238 245 
80 270        1 4 5 8 12 14 16 24 30 32 35 44 46 48 49 51 52 55 58 60 62 67 75 77 81 82 85 87 90 92 98 101 103 104 108 110 111 117 120 122 124 125 130 140 142 148 149 151 154 155 157 158 160 172 176 178 179 181 182 184 187 188 189 194 203 205 206 212 213 215 217 218 219 223 225 227 238 243 249 
81 295        3 12 17 23 28 31 32 35 37 40 46 48 49 50 54 60 62 63 65 67 75 80 85 90 98 99 104 111 112 114 121 125 126 127 129 135 136 142 143 149 150 156 167 169 170 171 173 174 178 179 184 187 192 194 198 200 202 206 213 214 219 223 224 229 235 239 240 
82 478        2 3 8 14 18 19 22 23 25 34 35 36 42 47 48 51 53 57 60 65 67 69 73 77 80 85 87 89 90 92 100 101 104 105 106 108 109 113 114 115 119 120 121 124 125 126 127 128 137 138 140 141 143 144 145 150 170 171 172 173 176 177 180 185 186 187 188 193 194 195 199 200 203 204 207 214 217 218 219 222 224 227 232 234 244 
83 252        6 8 10 12 13 17 22 25 26 28 30 38 40 44 49 51 52 54 57 59 60 63 66 68 69 73 76 77 84 87 94 95 97 101 102 105 111 113 118 119 121 122 127 131 132 135 137 143 144 147 148 156 157 162 165 167 171 177 178 181 183 185 194 196 198 200 203 205 207 210 212 213 214 216 218 220 222 223 227 232 236 237 238 249 
84 270        2 5 7 11 14 23 24 26 27 30 36 37 39 44 46 55 56 58 60 63 65 73 83 85 88 100 107 114 118 119 122 123 124 128 130 132 133 134 136 140 141 142 144 149 150 151 154 156 157 163 165 166 169 170 176 177 186 190 192 198 200 204 205 207 208 210 211 215 216 221 228 230 234 236 238 242 246 247 249 
85 446        1 2 4 6 9 12 18 21 22 23 26 28 31 34 35 46 47 49 59 64 67 69 80 81 82 84 86 89 92 94 95 96 101 104 111 117 125 127 137 143 144 145 148 149 153 155 156 157 165 166 169 170 172 173 183 184 185 191 196 197 198 202 204 205 211 217 219 225 235 237 239 240 249 
86 252        1 11 15 18 19 20 21 31 32 37 47 49 50 55 56 59 62 65 69 72 74 77 79 85 88 92 93 94 96 98 100 102 106 109 111 120 128 129 130 131 133 136 140 151 152 154 158 160 164 167 172 174 180 183 185 186 192 200 201 204 206 208 219 224 225 226 230 232 242 245 247 
87 302        3 7 9 10 11 12 15 17 23 28 29 30 32 45 46 48 49 50 52 54 55 63 70 71 72 73 76 78 80 82 83 91 92 95 96 99 100 103 111 120 121 127 129 132 133 143 147 148 151 153 159 160 162 166 169 182 186 189 191 192 193 195 196 197 207 208 210 219 220 222 225 229 231 234 236 239 240 241 244 
88 388        2 4 7 14 20 24 28 31 34 36 44 50 53 55 56 65 66 67 68 71 74 76 77 84 86 89 90 91 95 97 99 101 102 110 117 119 123 129 130 133 136 137 140 149 153 155 156 161 169 172 173 175 177 178 179 184 190 191 192 193 195 197 202 207 216 217 218 223 229 234 242 246 
89 274        9 10 15 17 21 22 23 24 26 30 33 40 41 44 45 46 48 50 53 57 58 60 62 64 65 71 73 76 78 82 85 88 92 93 94 96 98 101 103 104 109 113 120 122 124 126 127 134 136 140 142 143 144 145 147 150 159 163 165 166 167 180 186 190 198 199 208 225 235 241 245 247 
90 338        2 4 5 10 17 20 22 23 24 26 29 30 31 34 40 43 46 50 51 52 66 68 69 72 76 80 81 82 88 93 95 98 103 106 108 110 112 113 117 118 120 123 127 130 135 136 139 141 145 148 152 155 158 161 164 166 167 170 173 175 176 178 181 182 183 188 189 190 194 199 203 205 208 217 219 220 223 227 232 234 239 242 247 249 
91 476        2 3 5 9 11 18 20 24 29 39 42 47 48 53 62 67 70 71 72 75 79 87 88 93 102 104 105 110 113 118 123 126 127 128 130 139 140 141 142 148 149 150 158 161 162 168 171 175 178 193 194 197 198 202 203 208 212 216 218 221 228 229 231 232 236 243 244 
92 260        2 3 5 8 9 10 20 24 25 31 32 41 45 46 50 54 55 56 58 60 63 74 76 77 80 82 85 86 87 89 93 94 95 110 116 117 118 119 122 125 129 130 139 148 151 152 157 163 164 165 166 172 174 175 178 180 186 187 188 192 197 200 202 206 208 211 212 213 215 216 219 229 233 235 236 239 243 247 249 
93 264        4 7 10 11 12 13 16 18 22 25 27 30 32 34 35 37 38 39 41 42 45 46 51 61 62 63 68 71 72 73 79 86 89 90 91 92 94 98 101 102 103 105 109 111 116 118 124 125 126 129 130 136 137 142 143 148 149 152 157 160 163 164 165 169 177 179 180 182 188 201 202 206 207 208 210 211 214 218 220 225 228 232 238 247 
94 487        3 4 6 8 13 14 17 18 20 24 25 27 28 32 34 38 40 43 44 46 50 53 56 59 67 68 69 70 75 78 83 85 86 89 92 93 95 96 99 107 111 112 114 118 126 131 132 133 134 135 136 139 142 144 146 151 154 166 168 171 172 173 175 176 177 179 180 181 184 185 188 198 204 207 216 220 228 233 234 237 245 246 
95 250        4 12 15 16 18 19 21 22 23 24 27 28 32 42 44 49 50 51 52 54 55 61 63 67 83 85 87 88 90 92 94 99 104 106 112 119 127 129 130 131 133 135 138 140 143 147 151 153 156 162 163 166 168 169 178 179 180 181 187 189 193 196 198 199 201 202 208 210 211 214 215 230 232 236 
96 263        2 6 8 13 29 30 31 35 37 40 44 52 60 68 70 71 72 85 86 87 89 94 97 114 116 118 124 125 131 133 135 137 143 146 147 149 157 159 162 163 168 176 181 182 184 197 205 206 212 213 215 217 221 232 233 234 240 241 
97 469        1 4 5 6 11 14 15 22 26 27 28 31 33 34 35 37 39 42 47 50 52 54 55 58 63 65 66 67 69 74 78 83 88 96 100 102 109 114 119 129 130 138 142 143 146 147 148 149 150 156 160 166 172 174 176 178 179 181 182 183 189 192 193 194 196 199 205 208 209 214 215 216 218 221 223 240 241 243 246 
98 262        1 2 3 8 9 13 15 16 22 23 24 25 26 28 31 32 42 49 51 53 58 59 61 62 64 65 66 70 71 72 74 75 76 80 81 86 89 90 93 101 107 118 120 125 128 131 134 136 137 138 139 140 141 143 148 155 165 166 167 173 176 181 190 195 206 208 210 219 220 222 227 229 231 233 239 241 242 243 249 
99 269        1 3 5 7 10 11 12 15 17 29 31 33 36 42 49 53 55 58 59 60 63 67 69 75 81 87 88 94 95 101 106 114 118 120 125 129 130 131 135 142 148 149 153 155 157 158 159 162 163 168 169 189 191 193 196 199 201 203 207 208 209 212 213 219 220 222 223 225 227 228 230 231 237 242 246 
100 415       3 14 16 17 21 23 25 32 33 39 42 47 49 52 55 58 60 61 63 64 69 71 72 73 74 82 84 86 87 97 105 108 109 110 111 117 119 123 124 127 130 133 134 137 143 150 160 162 172 173 176 177 184 187 188 195 198 211 212 213 218 234 238 239 244 245 247 248 
101 257       5 7 8 9 11 12 15 20 21 22 27 31 37 45 52 58 59 60 61 65 69 72 80 82 83 85 88 89 93 98 99 102 105 110 111 112 117 121 127 130 136 147 149 155 157 158 163 170 176 179 184 185 186 191 192 193 195 201 203 207 208 210 212 213 217 218 227 236 238 
102 328       1 2 4 8 16 17 22 25 26 27 28 30 31 36 41 49 59 65 68 72 73 75 76 79 83 86 88 91 93 97 101 103 104 105 107 110 119 120 122 127 130 131 137 138 140 141 143 144 146 148 149 150 159 161 164 174 176 180 184 185 187 192 196 197 202 211 216 217 218 219 221 224 225 231 
103 369       6 9 20 21 22 25 28 33 34 36 38 40 42 46 51 62 64 67 68 70 71 73 80 87 89 90 93 102 104 105 108 110 124 125 130 132 136 143 146 149 154 159 160 166 173 175 179 183 184 187 191 197 198 200 204 205 210 211 217 220 222 223 225 226 229 230 234 235 236 243 
104 292       4 5 10 11 14 15 17 18 20 23 24 25 26 27 28 33 35 37 38 41 46 47 52 55 58 61 62 64 66 67 70 73 80 81 82 85 89 91 95 102 103 117 124 126 127 130 131 133 138 143 150 151 154 158 159 160 164 169 170 172 179 181 182 184 188 191 192 195 197 198 199 200 207 208 218 219 225 226 229 231 238 239 243 244 248 
105 339       3 12 15 18 20 21 22 26 31 41 50 51 53 61 62 67 69 71 72 73 75 82 83 91 93 100 101 102 103 106 110 112 114 117 121 122 127 128 129 132 135 137 138 139 142 143 144 146 151 159 160 173 174 179 183 189 190 193 202 204 207 214 219 223 224 231 234 236 240 243 246 248 
106 377       4 8 9 11 23 24 28 29 35 36 37 39 46 47 60 64 73 77 82 86 90 95 99 105 111 113 120 123 125 127 128 130 132 137 138 139 151 153 155 167 169 173 175 179 180 182 189 191 204 206 210 211 216 217 228 231 238 239 242 246 247 
107 297       4 5 7 10 21 31 34 36 42 47 50 51 52 53 55 57 58 59 62 63 65 70 72 73 75 76 84 94 98 102 115 117 122 128 129 130 137 140 141 142 153 154 158 159 160 164 172 183 194 195 202 206 207 211 213 220 221 222 232 234 237 238 240 241 243 244 246 
108 326       3 4 6 8 9 17 22 27 34 37 45 48 51 55 56 57 58 61 62 63 65 67 73 74 80 82 90 100 103 109 114 117 121 123 125 128 129 133 134 135 139 141 145 147 148 149 158 164 166 169 170 172 175 178 179 182 183 187 189 192 194 196 197 200 202 209 214 217 219 220 221 222 224 227 236 240 243 249 
109 411       1 10 11 15 25 32 43 47 51 58 59 60 62 65 67 71 74 78 82 86 89 93 97 100 108 110 111 113 119 124 131 135 137 138 139 140 142 152 161 162 163 166 170 173 175 179 181 182 183 185 186 188 190 191 192 193 199 201 208 210 213 225 230 242 243 245 
110 282       2 8 15 21 23 36 37 38 41 43 47 55 57 60 64 66 67 68 74 79 80 88 90 91 92 100 101 102 103 105 109 112 115 116 119 120 121 127 128 129 136 138 139 144 146 147 149 151 154 156 157 161 165 166 168 170 177 178 182 184 190 192 194 195 199 200 204 213 219 221 225 227 235 236 238 240 242 245 246 248 249 
111 307       5 10 11 12 13 14 17 18 22 28 30 32 36 46 47 57 58 69 78 80 81 83 85 86 87 93 94 100 101 106 109 114 115 122 131 132 135 136 139 143 145 148 151 153 156 159 160 163 164 172 173 182 183 186 187 188 197 203 206 211 213 214 215 219 222 233 238 240 248 
112 369       7 12 17 24 27 30 31 32 34 37 42 43 47 50 54 61 67 72 73 81 90 94 95 101 105 110 115 116 117 121 123 137 138 141 143 147 148 149 151 153 157 158 159 162 166 170 173 177 183 193 196 201 202 208 209 213 214 215 218 222 224 230 231 233 234 240 247 
113 281       1 3 8 9 20 24 27 31 33 34 42 43 47 48 50 51 56 64 71 77 78 82 83 89 90 91 106 109 118 119 122 124 128 132 134 135 142 148 154 159 160 162 163 164 169 179 182 184 187 189 191 193 195 201 205 216 226 231 234 240 243 245 247 248 249 
114 350       2 4 5 13 18 20 28 35 39 50 54 56 58 61 64 66 69 77 78 81 82 84 94 96 97 99 105 108 111 116 117 118 121 124 127 129 130 138 144 145 147 148 153 155 160 161 163 166 167 170 177 179 185 192 196 198 202 206 207 209 216 218 226 227 231 233 234 237 238 245 248 
115 436       3 4 9 15 16 18 19 21 25 27 28 34 43 44 45 46 49 50 53 62 69 77 79 82 107 110 111 112 118 120 122 127 128 130 131 136 140 145 147 151 152 153 155 162 165 170 175 177 183 185 186 187 199 203 209 210 212 223 225 226 234 235 243 244 248 
116 267       1 7 8 9 13 15 16 22 23 30 34 35 37 40 41 42 47 50 55 56 58 63 66 75 78 92 93 96 110 112 114 117 120 127 130 132 133 136 139 140 141 142 145 150 153 154 156 157 158 161 163 164 168 170 174 176 178 180 187 189 191 203 204 205 209 217 218 220 228 229 232 233 235 238 241 243 
117 297       1 5 6 7 8 12 17 19 20 21 22 27 28 31 33 36 37 38 39 40 42 46 47 49 50 52 61 62 63 64 67 68 72 75 76 77 78 80 85 88 90 92 100 101 104 105 107 108 112 114 116 120 121 126 134 137 142 144 149 150 152 155 156 157 158 160 163 164 166 167 172 180 183 189 190 196 198 201 204 205 209 212 215 216 218 221 224 225 230 239 240 244 
118 459       3 6 7 17 19 27 32 35 37 38 42 44 45 48 49 51 52 53 57 59 64 65 75 79 83 84 90 91 92 93 94 96 98 99 113 114 115 125 127 136 139 141 149 152 162 163 164 165 167 168 173 175 176 177 178 179 181 186 190 193 198 199 200 201 204 205 210 211 217 219 227 228 234 236 237 238 241 248 249 
119 258       1 12 13 23 24 25 30 31 38 42 49 53 57 58 60 63 64 65 66 69 70 72 73 75 76 77 78 82 83 84 88 92 95 97 100 102 109 110 113 122 124 129 132 137 144 146 147 148 160 161 164 169 172 173 174 177 187 188 189 193 199 200 201 202 204 207 210 215 221 222 228 230 232 234 237 239 240 242 245 
120 283       1 2 6 9 12 14 16 17 25 30 31 36 42 45 46 53 54 55 57 58 60 61 62 65 66 71 80 82 86 87 89 90 98 99 102 106 110 115 116 117 121 122 123 133 134 146 147 148 151 157 161 176 185 186 188 189 192 194 197 200 202 205 208 209 210 211 217 228 230 232 233 234 238 239 243 244 245 246 247 
121 458       1 7 11 12 16 17 20 22 25 27 28 37 38 41 45 49 50 51 52 56 57 58 61 62 66 75 77 81 82 83 87 101 105 108 110 112 114 117 120 122 124 128 131 136 141 143 144 145 146 151 153 154 156 160 165 168 170 171 173 175 181 182 183 187 190 192 195 201 206 211 212 215 217 222 223 228 229 230 231 234 236 238 239 249 
122 268       1 6 7 13 14 15 20 23 24 28 31 34 36 39 40 47 52 53 70 71 78 80 83 84 89 92 102 105 107 111 113 115 119 120 121 124 125 128 131 132 133 139 142 143 146 147 150 151 152 153 161 164 165 166 167 172 174 175 178 179 182 183 186 189 198 199 203 204 208 210 215 217 221 223 237 240 241 244 246 247 
123 274       1 2 4 6 18 22 25 26 32 38 40 41 45 46 47 51 61 62 69 71 74 84 88 90 91 100 106 108 112 120 134 137 138 141 142 144 146 147 148 150 155 158 162 165 168 174 178 181 182 185 188 190 194 205 209 211 213 215 218 220 221 222 223 224 226 234 240 241 243 244 246 247 249 
124 460       2 5 12 15 17 18 19 20 21 25 26 28 34 36 40 42 44 50 51 57 58 69 74 76 78 80 82 84 89 93 96 100 103 104 109 113 114 119 121 122 125 127 129 133 135 137 140 143 161 166 168 169 173 174 176 179 184 185 186 189 194 196 199 204 205 209 211 216 219 223 226 227 233 235 236 243 
125 251       10 17 25 33 35 39 41 46 51 52 62 67 71 73 75 76 77 80 81 82 85 92 93 96 98 99 103 106 108 118 122 124 144 145 146 150 151 158 162 167 168 169 172 173 174 176 179 182 185 186 191 192 194 201 203 209 211 214 219 222 230 231 238 243 
126 289       4 10 21 22 24 36 37 38 39 40 48 50 52 56 60 66 68 74 75 81 82 89 91 93 94 104 117 127 128 134 140 145 154 156 159 160 161 167 170 172 173 175 181 193 198 205 209 214 223 235 236 241 245 247 249 
127 488       1 2 6 12 15 16 18 19 20 21 30 32 37 38 44 50 53 58 60 61 63 69 71 72 74 81 82 83 85 87 89 90 91 95 100 101 102 104 105 106 110 114 115 116 118 124 126 129 131 133 134 136 143 144 146 148 151 155 158 159 171 174 176 177 180 183 189 191 194 196 198 200 202 204 209 213 217 219 223 225 230 233 234 237 243 245 247 249 
128 250       1 4 6 7 8 16 20 24 26 32 34 35 44 45 46 48 51 53 55 57 58 64 65 66 68 73 74 82 84 86 91 98 105 106 107 108 110 113 115 121 122 126 129 132 133 137 138 140 141 142 143 145 146 148 150 156 164 166 167 168 179 187 188 194 197 200 201 203 205 207 208 213 215 226 227 229 232 235 237 244 247 
129 262       2 3 4 6 8 9 16 17 19 22 23 25 28 29 31 33 37 38 43 48 52 53 55 57 58 63 67 71 72 73 81 86 87 88 92 93 95 97 99 105 107 108 110 114 119 124 127 128 131 132 133 143 144 145 146 148 149 158 162 164 165 167 168 170 171 174 175 179 182 183 189 194 195 199 202 204 206 214 220 221 222 224 229 242 245 249 
130 436       2 7 14 16 17 22 24 25 26 28 30 43 45 47 50 56 68 73 80 84 86 88 90 91 92 93 95 97 99 100 101 102 103 104 106 107 114 115 116 131 135 139 144 145 148 149 152 153 156 157 164 168 172 173 174 178 182 188 195 202 204 206 207 210 219 220 225 227 230 231 232 233 234 237 240 243 244 248 249 
131 263       6 9 17 18 31 41 42 46 48 51 57 63 64 78 79 83 86 94 95 96 98 99 102 104 109 111 115 121 122 127 129 130 135 137 142 143 145 150 153 154 155 157 160 162 165 168 176 177 178 184 185 186 188 189 192 194 195 201 204 206 207 209 210 214 217 219 220 222 223 224 227 237 242 
132 301       1 7 9 10 13 14 15 18 21 33 34 35 36 38 41 49 60 61 63 66 67 73 76 83 84 87 94 103 105 106 111 113 116 119 122 128 129 137 139 140 142 145 146 147 151 153 154 160 168 172 174 175 177 182 183 187 197 199 200 204 207 208 211 213 214 215 221 222 224 227 232 234 236 242 246 247 
133 427       2 3 6 8 9 10 15 16 23 34 40 43 46 49 50 52 55 56 58 61 65 66 73 74 77 84 86 87 88 94 95 96 100 104 108 116 120 122 124 127 128 129 134 138 139 148 152 158 159 160 162 169 174 178 181 184 188 192 193 196 199 205 209 210 213 214 217 219 220 223 227 229 231 234 237 239 240 242 247 
134 275       2 6 7 10 12 15 21 27 29 30 36 37 38 41 43 45 47 48 49 54 58 61 66 68 69 84 89 94 98 100 108 113 117 120 123 126 127 133 136 139 140 143 145 148 149 156 161 165 168 172 173 175 177 179 188 196 200 202 203 206 212 214 218 221 224 225 228 229 232 236 237 238 240 241 243 247 248 249 
135 298       2 5 6 7 8 9 10 17 18 19 29 31 32 37 39 58 61 65 67 70 71 79 81 83 90 94 95 96 99 105 108 109 111 113 124 130 131 136 137 138 139 143 148 149 151 152 158 168 170 171 175 178 180 181 187 191 192 199 200 201 204 209 215 220 223 224 227 228 229 230 231 233 235 238 239 243 245 
136 438       5 7 14 16 18 19 22 24 25 26 28 29 30 33 35 38 39 40 43 47 51 52 57 60 61 63 66 67 68 69 70 71 74 79 81 84 86 88 89 90 93 94 98 101 103 110 111 115 116 118 121 127 134 135 138 140 141 143 146 148 150 151 153 158 169 172 174 175 176 179 189 191 193 198 200 205 212 218 221 227 236 241 242 249 
137 273       1 3 4 5 12 13 15 23 32 33 40 45 46 48 51 54 55 60 63 66 69 70 73 74 76 77 82 83 85 88 93 96 98 100 102 105 106 107 109 112 117 119 123 124 128 131 132 135 138 148 149 150 151 152 155 157 161 167 169 172 176 184 186 189 190 192 194 197 198 200 201 204 210 212 216 217 220 221 234 236 239 245 246 247 
138 289       3 5 9 10 15 17 19 22 23 32 34 35 45 50 51 53 56 61 62 63 69 74 82 95 97 98 102 104 105 106 109 110 112 114 123 128 133 135 136 137 139 140 141 147 148 149 151 154 159 160 162 172 176 178 186 188 197 203 205 206 208 209 213 217 220 222 223 230 235 240 244 246 247 
139 460       1 2 10 13 16 17 18 19 21 25 27 28 31 36 40 43 45 48 49 50 54 55 57 62 71 73 75 79 90 91 92 94 98 105 106 108 109 110 111 116 118 122 130 132 133 134 135 138 143 144 145 154 163 165 168 170 171 180 181 191 194 195 202 205 209 210 211 214 222 223 229 239 244 245 
140 269       1 6 8 11 12 21 25 33 34 39 44 57 59 61 62 69 70 77 78 79 80 82 84 86 88 89 91 95 98 102 107 109 115 116 124 126 128 132 134 136 138 143 147 158 159 161 164 167 181 190 196 199 212 219 220 221 223 228 232 233 235 237 240 248 
141 271       1 5 11 18 19 21 23 26 28 32 33 34 36 39 56 57 60 63 64 69 70 76 77 79 82 84 90 91 98 102 107 108 112 116 118 121 123 128 136 138 144 147 149 151 155 159 160 162 167 168 169 170 173 179 180 184 185 186 188 189 195 199 207 212 219 220 223 225 226 230 240 241 248 
142 444       2 15 17 22 30 31 37 49 52 57 59 62 65 66 67 73 80 81 84 89 91 93 94 97 99 105 107 109 113 116 117 122 123 128 131 132 143 146 147 152 154 159 163 164 167 170 176 177 186 187 195 196 202 203 216 217 221 222 235 240 242 243 244 245 246 
143 261       1 4 10 12 21 22 25 26 27 29 31 33 35 36 40 41 44 46 50 54 57 60 67 69 73 74 77 78 81 82 83 85 87 89 93 95 96 97 98 100 102 103 104 105 111 112 121 122 124 127 128 129 131 134 135 136 139 140 142 149 153 155 158 160 161 163 172 181 183 184 185 186 187 189 190 191 195 196 198 199 200 203 206 209 211 214 221 222 225 228 234 238 244 249 
144 295       1 2 5 6 11 14 15 16 18 23 28 32 34 46 49 52 55 59 61 62 64 67 70 73 75 82 83 84 85 89 94 102 105 110 114 117 119 121 123 125 127 129 130 139 141 148 153 155 157 160 162 166 167 174 178 183 186 189 195 197 215 216 217 218 231 234 235 236 238 241 248 
145 477       2 3 4 9 14 21 24 27 31 32 37 38 43 45 47 49 56 57 60 62 65 74 78 82 85 89 90 108 111 114 115 116 121 125 126 128 129 130 131 132 134 139 146 159 163 164 168 174 175 178 180 181 184 186 187 189 190 191 193 194 195 196 198 201 202 207 208 211 212 213 221 223 225 228 232 239 240 242 243 244 
146 255       12 14 17 18 20 22 25 27 28 29 32 33 34 35 37 41 44 48 54 55 58 61 63 65 67 68 73 76 77 78 79 94 96 97 102 103 105 110 119 120 121 122 123 125 127 128 129 132 136 142 145 148 154 162 169 172 178 181 183 189 190 193 201 202 203 204 210 211 215 220 224 233 242 246 248 
147 268       1 5 19 25 28 41 62 63 67 69 70 72 76 83 87 89 95 96 97 101 108 110 112 114 115 119 120 122 123 132 138 140 141 142 149 150 152 154 155 156 159 167 170 174 176 177 178 180 182 187 192 197 199 200 204 205 206 210 212 215 221 224 225 226 228 230 231 234 238 239 246 247 
148 457       3 12 16 17 20 29 30 31 32 39 42 44 47 66 67 68 70 72 75 80 83 85 87 90 91 92 93 97 98 99 102 108 111 112 113 114 119 120 123 127 128 129 130 133 134 135 136 137 138 144 146 154 156 158 165 168 177 178 182 183 185 186 189 196 198 200 202 203 205 209 211 215 216 217 218 220 227 228 235 243 244 247 
149 256       2 3 5 6 11 14 17 20 21 23 24 26 30 37 42 49 56 58 59 60 61 67 73 75 77 79 80 81 84 85 88 91 93 96 97 99 101 102 103 108 110 112 117 118 129 130 134 135 137 138 141 143 147 154 157 158 159 165 166 167 169 170 171 174 180 184 188 193 194 201 209 211 214 216 218 222 224 225 226 227 228 238 240 244 
150 287       1 4 7 14 17 19 21 22 30 34 35 37 42 46 50 53 56 57 58 59 60 61 64 66 68 81 82 84 89 91 97 100 102 104 116 117 122 123 125 128 131 136 137 147 151 152 154 165 166 173 174 177 181 187 189 191 193 202 203 206 207 212 214 215 216 217 225 236 237 240 242 243 245 246 248 249 
151 419       9 10 11 12 15 16 17 18 22 23 25 32 36 51 53 54 55 71 75 78 80 84 86 87 92 94 95 104 105 106 110 111 112 115 120 121 122 125 127 132 135 136 137 138 141 150 152 154 160 166 167 169 171 178 185 186 189 192 199 202 205 206 208 212 214 216 219 220 225 226 229 230 235 241 242 244 246 
152 279       4 6 10 12 16 34 38 41 45 46 48 50 54 57 59 60 71 72 74 86 90 92 93 109 115 117 118 122 130 133 135 137 142 147 150 151 153 154 159 168 175 183 189 190 191 195 196 200 202 203 204 205 207 212 217 218 222 225 227 228 232 235 241 243 245 246 
153 302       2 9 15 20 25 27 32 49 50 51 52 54 55 56 66 70 72 74 75 76 85 87 88 95 99 106 107 111 112 114 115 116 121 122 130 131 132 136 143 144 152 163 164 172 173 177 180 182 184 192 194 206 209 210 217 224 226 228 229 235 237 238 240 241 242 246 249 
154 417       2 3 5 6 7 10 14 24 26 36 38 48 54 55 58 64 65 69 73 75 78 79 80 84 86 94 103 104 107 110 113 116 121 126 131 132 138 139 142 146 147 148 149 150 151 152 155 159 161 165 171 174 175 177 178 179 180 183 188 189 190 191 194 196 197 199 201 202 211 214 219 220 222 225 233 234 236 237 238 239 241 243 247 
155 264       4 5 7 11 12 18 22 26 29 30 31 36 38 39 40 48 49 59 60 61 68 69 74 80 85 88 90 98 99 101 106 114 115 117 123 127 131 137 141 143 144 147 154 156 160 163 164 167 169 171 172 175 177 178 180 184 185 186 190 192 193 194 199 204 205 208 210 214 216 221 224 225 226 229 230 237 238 243 249 
156 319       2 4 9 11 12 14 18 23 25 26 37 40 41 46 50 61 62 63 64 67 69 71 74 75 76 81 83 84 85 88 95 97 110 111 116 117 121 126 128 130 134 147 148 155 157 164 166 167 169 171 174 176 178 179 181 187 191 200 203 204 205 208 209 212 213 214 215 217 219 222 223 225 235 236 237 238 241 243 249 
157 417       1 4 5 6 15 16 24 26 28 30 33 34 38 39 45 52 55 60 68 69 71 72 73 80 83 84 85 92 93 96 99 101 110 112 116 117 120 130 131 137 144 149 156 165 170 171 175 177 178 179 180 181 184 185 187 191 193 195 200 201 202 204 205 207 213 221 227 228 245 246 247 249 
158 271       2 3 4 5 6 9 17 19 21 22 23 28 30 32 35 38 45 49 55 56 57 63 71 72 74 75 79 80 86 90 91 99 101 104 107 108 112 116 117 123 125 127 129 133 135 136 140 143 148 149 160 162 165 167 171 172 173 174 175 178 183 185 189 190 194 196 198 200 207 212 220 225 233 240 244 246 247 249 
159 312       2 4 12 14 16 18 24 25 28 32 40 49 52 61 68 71 73 75 76 78 87 89 96 99 102 103 104 105 107 111 112 113 126 127 133 138 140 141 142 145 147 149 152 154 161 170 171 177 178 179 190 192 195 197 199 200 213 218 219 235 237 238 242 248 249 
160 474       1 12 15 16 17 18 19 22 27 31 35 39 48 49 50 51 54 57 58 59 61 62 63 65 67 69 70 72 75 77 80 86 87 93 97 100 103 104 105 107 111 113 114 117 119 121 126 131 132 133 138 141 143 144 151 155 158 161 164 166 167 176 179 180 191 192 196 198 201 202 207 214 218 219 220 230 234 241 245 248 249 
161 253       1 5 8 10 12 15 18 21 22 26 27 28 31 37 46 48 49 50 53 54 57 59 61 88 90 91 102 109 110 114 116 119 120 122 124 126 134 137 140 143 154 159 160 162 164 169 177 184 186 199 200 204 210 213 215 217 223 224 226 230 236 242 246 
162 273       2 3 4 5 7 10 14 16 19 20 28 30 33 34 40 47 51 52 56 58 67 68 69 71 76 78 83 87 91 95 96 99 100 109 112 113 115 118 123 125 129 131 133 138 141 144 146 158 161 169 180 182 184 185 186 187 189 191 192 198 199 202 204 205 207 208 209 213 216 217 228 230 231 232 240 241 
163 375       3 4 6 10 13 14 15 21 26 27 30 32 34 36 45 47 52 60 68 69 76 78 84 89 92 93 95 96 99 101 109 111 113 114 116 117 118 139 142 143 145 153 155 166 171 183 185 186 194 197 201 203 204 205 206 209 210 212 214 217 220 221 222 226 230 231 233 241 244 247 
164 288       1 4 5 9 17 19 20 22 23 28 31 33 35 43 48 49 50 51 54 58 60 61 62 66 69 71 72 73 86 90 92 93 102 104 107 108 111 113 116 117 118 119 122 128 129 130 140 142 145 153 155 156 160 161 166 172 177 181 182 183 185 188 191 193 195 198 199 200 201 202 203 204 206 211 216 218 220 222 234 239 241 245 249 
165 337       7 8 11 13 14 17 18 21 27 28 31 33 36 38 43 46 47 50 52 53 56 59 61 62 64 65 67 68 72 75 77 83 84 85 89 92 93 98 110 115 118 121 122 123 129 131 134 139 148 149 150 154 157 158 169 170 174 178 181 186 192 193 199 202 211 212 215 219 220 223 227 231 232 236 238 239 240 246 
166 458       1 2 3 6 7 8 9 11 13 16 23 25 28 31 34 36 41 44 46 48 51 57 58 63 68 69 72 74 75 84 85 87 89 90 92 94 95 97 98 103 108 109 110 112 114 117 122 124 128 144 149 150 151 156 160 163 164 167 168 169 174 176 177 179 183 184 186 188 193 194 195 204 206 213 217 228 241 243 249 
167 269       2 4 12 13 15 17 18 21 22 27 30 31 38 44 48 56 62 63 68 72 74 75 81 83 86 89 90 98 106 114 117 118 122 125 126 128 129 137 140 141 142 144 147 149 151 155 156 158 160 166 175 176 179 190 194 195 198 200 201 202 204 212 213 215 216 223 225 226 227 229 235 246 247 248 
168 273       1 8 10 14 17 21 22 30 32 37 48 51 55 62 64 68 69 73 74 75 91 94 95 96 99 110 116 118 121 123 124 125 128 129 130 131 132 134 135 139 141 145 148 152 166 169 171 172 173 176 179 189 190 191 193 196 202 206 213 214 215 220 221 223 230 231 233 235 236 239 243 244 245 249 
169 364       1 2 8 12 14 15 19 22 24 26 27 29 31 34 38 42 51 55 65 69 74 77 81 84 85 87 88 93 95 99 104 106 108 113 119 124 125 133 136 137 141 146 149 151 155 156 161 162 165 166 168 179 181 182 188 197 199 205 217 221 223 224 231 232 238 241 244 246 248 
170 303       1 4 5 10 11 14 17 19 23 24 30 37 38 39 40 45 46 56 58 59 62 64 66 69 71 74 77 78 81 82 84 85 90 101 104 108 109 110 112 114 115 116 121 126 129 135 139 141 142 147 149 157 159 165 173 176 184 186 187 191 192 198 200 201 202 205 206 208 209 213 230 233 241 243 244 247 
171 333       2 4 6 11 16 24 29 31 36 37 38 42 44 50 51 57 58 59 61 63 68 69 71 75 77 81 82 83 91 94 121 127 129 135 139 149 151 154 155 156 157 158 159 163 168 172 181 183 184 187 189 195 199 202 211 216 219 221 225 226 241 245 247 248 
172 381       4 5 7 8 9 10 11 13 14 22 24 29 30 31 32 34 44 45 48 51 52 58 59 68 70 76 78 79 80 82 85 86 88 92 94 97 100 104 107 108 111 117 119 122 125 126 130 132 134 136 137 138 143 146 153 155 158 164 168 171 173 176 182 188 189 191 194 195 196 199 204 209 212 213 214 215 221 223 224 231 235 237 240 247 248 
173 262       4 12 13 14 15 17 18 19 21 22 32 34 43 44 46 48 55 56 57 58 61 63 65 72 76 81 82 85 88 90 94 98 100 103 105 106 109 111 112 118 119 121 124 125 126 130 134 141 150 153 158 168 170 172 187 189 190 196 198 208 210 215 217 220 221 222 223 225 234 236 239 245 246 
174 357       4 11 14 21 28 33 34 38 43 47 50 51 52 54 56 58 61 67 68 75 77 81 86 92 97 102 105 116 119 122 123 124 125 127 129 130 132 133 136 144 145 147 149 150 154 156 158 165 166 175 181 182 185 196 203 206 207 209 211 212 214 218 220 222 227 234 235 236 237 242 244 246 247 249 
175 353       1 7 12 14 17 19 28 30 32 40 42 46 52 63 64 70 73 76 79 88 90 91 92 94 103 106 108 109 115 118 121 122 126 129 132 134 135 136 145 152 154 155 157 158 167 174 176 181 183 186 188 192 193 195 201 202 206 207 211 214 219 220 225 226 230 237 238 240 246 248 
176 307       2 6 7 13 15 16 20 23 31 32 33 38 40 50 56 62 63 64 65 67 75 76 78 80 82 84 90 94 96 97 98 100 101 102 116 118 120 124 125 127 131 136 137 138 142 147 156 160 166 167 168 170 172 175 177 180 182 183 185 187 191 194 196 201 206 225 229 232 234 249 
177 340       5 6 8 10 14 16 20 21 23 24 26 28 34 38 39 40 49 53 56 58 60 61 65 66 69 71 82 83 84 88 93 94 100 110 112 114 115 118 119 127 131 132 134 142 147 148 150 153 154 155 157 159 161 164 166 176 180 187 191 201 202 206 226 230 232 235 236 239 240 242 245 
178 470       5 6 11 21 24 26 28 34 36 39 41 44 45 55 58 59 60 64 69 71 72 75 80 81 83 88 90 91 92 95 97 108 110 116 118 122 123 130 131 133 135 138 144 145 146 147 148 151 154 155 156 157 158 159 165 183 185 186 188 191 193 195 199 204 210 215 217 220 228 230 232 235 237 240 242 243 248 
179 260       3 4 6 10 23 25 27 34 36 38 43 44 45 47 53 58 61 66 70 77 80 81 88 93 94 95 97 101 103 104 105 106 108 109 113 114 118 122 124 125 128 129 134 136 141 154 156 157 159 160 166 167 168 169 183 185 187 188 189 203 208 218 220 225 229 232 233 235 236 243 246 247 248 
180 270       1 3 6 8 9 15 17 20 23 24 26 27 30 41 43 48 50 52 53 54 55 63 65 68 73 76 82 86 89 92 93 94 95 102 106 116 117 127 135 139 141 145 147 149 153 154 155 157 160 162 176 177 183 186 191 193 194 195 197 199 201 202 203 206 215 217 218 219 227 228 229 231 232 241 242 249 
181 366       4 9 11 12 16 17 19 22 28 30 32 37 40 42 47 48 50 51 57 63 64 69 73 74 80 83 90 94 95 96 97 98 104 109 118 121 123 126 133 135 139 140 143 145 146 150 156 157 164 165 169 171 174 175 186 191 195 196 198 199 201 212 214 231 232 235 244 245 
182 289       3 6 7 10 13 15 18 29 37 38 41 47 50 51 52 53 57 59 66 68 72 75 76 78 80 87 90 93 96 97 104 106 108 109 110 111 113 121 122 123 125 129 130 132 147 148 153 162 164 169 172 174 176 189 192 197 199 208 212 224 225 226 235 236 241 245 246 
183 345       1 3 5 11 21 28 30 31 35 36 38 41 42 43 44 47 54 56 61 63 72 75 83 85 86 90 97 103 105 107 108 109 111 112 115 117 121 122 127 129 132 143 144 146 148 152 154 158 163 164 166 171 175 176 178 179 180 188 193 199 200 208 210 212 218 219 225 228 235 237 242 246 
184 384       4 6 7 20 21 22 23 24 25 27 28 30 35 37 41 48 49 50 53 57 63 64 66 70 74 77 80 81 85 88 94 96 100 101 102 103 104 110 113 124 131 133 137 141 143 145 149 153 155 157 161 162 166 170 171 185 191 195 199 200 201 204 208 211 219 233 240 244 249 
185 264       2 5 9 12 17 19 23 24 28 30 35 36 38 39 41 44 50 52 57 58 60 64 67 68 70 72 74 82 83 85 86 94 101 102 109 114 115 120 123 124 125 131 141 143 148 151 155 157 158 162 163 164 174 176 178 179 184 191 196 199 203 204 207 213 216 218 222 226 227 229 235 239 241 242 245 246 247 249 
186 352       10 11 16 18 23 24 26 31 33 35 36 37 42 48 49 52 60 64 65 66 69 70 71 79 82 84 86 87 89 92 101 109 111 115 118 120 122 124 125 131 137 138 141 142 143 144 145 148 151 155 161 162 163 165 166 170 175 178 180 181 187 193 196 199 200 202 205 208 210 211 212 214 215 216 220 222 223 224 227 229 236 238 242 249 
187 369       3 4 6 7 8 9 10 11 12 15 23 24 32 33 39 40 46 55 56 60 61 63 69 70 71 72 76 77 80 81 82 92 95 100 102 103 108 111 113 115 116 119 121 128 132 135 142 143 145 147 150 156 157 162 170 171 173 176 177 179 186 191 197 198 209 210 211 212 213 215 216 217 218 219 222 223 225 238 245 248 
188 259       4 16 27 30 31 40 45 46 47 49 53 59 64 66 67 69 73 79 80 82 90 92 93 94 100 104 109 111 119 120 123 128 130 131 133 134 138 141 149 154 164 166 169 172 175 178 179 183 190 191 192 194 196 197 202 203 204 212 213 219 221 222 224 226 230 232 235 237 238 241 243 
189 372       1 5 7 9 10 14 20 27 33 35 36 37 39 40 50 51 53 54 56 60 61 67 69 77 78 80 87 90 95 97 99 105 106 108 113 116 117 119 120 122 124 127 129 131 136 137 141 143 144 145 146 148 150 151 152 154 158 162 168 171 172 173 179 182 191 199 200 202 212 213 216 217 219 229 232 236 241 242 245 246 248 249 
190 470       2 3 6 9 17 19 28 31 34 38 40 44 47 49 50 54 60 65 69 73 75 78 84 88 89 90 98 105 109 110 117 118 121 123 137 140 143 145 146 152 154 155 158 159 167 168 173 188 197 201 202 205 213 215 216 217 218 225 229 231 232 233 240 248 249 
191 255       4 5 6 10 13 15 16 19 21 32 33 38 39 40 41 45 47 48 49 57 59 65 69 74 76 77 78 85 87 88 99 101 103 104 106 109 113 116 125 127 135 136 139 143 145 150 152 154 156 157 160 162 164 168 170 172 176 177 178 180 181 184 185 187 188 189 193 194 197 201 202 206 215 219 220 223 224 227 228 236 239 243 246 247 249 
192 275       1 12 14 18 23 25 29 33 35 36 37 42 48 49 51 54 55 58 59 72 75 77 81 84 86 87 88 92 97 101 102 104 108 109 110 114 120 121 125 131 133 135 137 147 151 153 155 159 160 162 165 170 175 182 188 197 210 212 214 216 217 220 221 223 230 233 237 241 242 243 245 246 249 
193 471       3 7 10 11 16 21 22 31 39 41 44 45 50 55 63 74 75 77 82 87 88 91 95 97 99 101 105 109 112 113 118 119 126 133 136 145 146 149 150 155 157 164 165 166 168 175 178 180 183 186 191 194 199 204 206 207 208 209 213 214 215 230 232 236 237 239 240 247 
194 255       2 4 10 13 14 22 27 28 30 32 35 42 45 50 52 58 65 69 75 77 78 80 81 82 83 90 91 97 107 108 110 120 123 124 125 127 128 129 131 137 139 145 149 153 154 155 158 163 166 167 172 176 180 188 191 193 198 201 203 204 206 217 221 222 226 227 233 237 239 242 243 245 246 247 248 
195 274       7 13 15 16 32 37 39 43 45 48 49 50 52 53 61 62 71 72 73 76 77 82 87 88 98 100 101 104 107 110 113 121 129 130 131 139 141 142 143 144 145 152 157 159 164 166 167 171 172 175 178 180 181 184 196 197 198 202 203 212 214 217 219 221 224 228 230 233 236 239 241 
196 424       1 7 14 16 25 26 31 34 37 38 42 44 46 50 54 56 57 58 60 61 62 64 66 70 71 75 78 83 85 87 95 97 99 102 108 112 114 117 124 127 133 134 140 142 143 145 148 152 154 158 160 168 172 173 174 176 181 185 186 188 195 197 199 209 218 221 223 230 232 248 249 
197 280       1 3 4 6 8 9 10 11 18 19 20 23 28 34 38 42 45 46 49 53 56 67 70 75 77 85 87 88 91 92 96 102 103 104 108 111 120 128 132 137 138 144 147 154 159 163 169 180 182 187 188 190 191 192 195 196 198 199 200 205 207 211 214 216 221 224 225 232 234 245 246 248 
198 296       8 14 21 24 25 30 36 37 42 45 47 51 54 56 60 61 63 68 69 73 77 78 81 83 84 85 89 91 94 95 100 103 104 114 117 118 122 126 127 136 137 143 145 148 158 160 162 164 167 170 173 181 187 194 195 197 199 200 203 206 209 210 212 216 217 225 229 235 237 239 242 247 248 
199 440       3 7 11 19 26 29 32 34 38 40 42 45 50 58 59 65 67 69 74 82 89 90 95 97 99 104 109 110 115 118 119 122 124 129 132 133 135 140 141 143 147 151 154 155 159 161 162 164 165 169 171 172 178 180 181 182 183 184 185 186 189 193 196 197 198 201 203 206 212 216 217 218 221 224 228 229 234 237 242 243 247 
200 269       2 5 6 7 17 23 25 27 29 31 32 42 46 47 50 53 56 57 63 64 65 67 71 72 73 77 78 81 82 83 84 86 92 103 104 108 110 118 119 120 127 128 132 134 135 136 137 143 147 148 152 156 157 158 159 161 164 167 170 183 184 186 189 197 198 202 208 214 215 216 218 222 228 231 237 238 241 246 247 
201 291       5 13 23 25 32 35 36 40 41 43 46 58 59 60 64 65 66 68 71 73 74 76 86 93 95 99 101 109 112 113 117 118 119 121 125 128 131 135 137 145 146 149 154 157 160 163 164 167 170 175 176 177 180 181 184 190 191 194 199 202 203 206 208 211 212 213 214 223 225 231 232 235 237 242 245 
202 386       2 3 6 8 12 14 26 39 40 41 46 54 56 64 69 71 73 76 79 81 85 88 91 92 93 95 102 105 107 108 112 114 119 120 127 129 130 134 139 142 145 146 148 150 151 152 154 157 160 162 164 165 167 168 170 171 175 177 180 186 188 189 190 191 195 200 201 207 208 220 227 234 237 241 244 249 
203 250       7 9 12 13 21 25 26 28 29 49 55 60 63 64 65 67 69 73 75 76 78 79 80 82 83 90 91 99 101 111 115 116 122 125 128 134 138 142 143 146 148 150 152 156 163 164 174 179 180 185 188 194 195 198 199 201 206 209 211 216 218 219 222 223 226 233 239 244 248 
204 364       3 5 8 9 11 18 19 22 24 25 33 39 43 47 50 51 53 55 56 58 60 63 77 78 82 84 85 86 94 103 105 106 110 116 117 118 119 122 124 127 129 130 131 132 135 137 146 147 152 155 156 157 161 162 163 164 166 167 172 178 184 185 188 193 194 205 211 216 220 235 241 243 
205 460       3 5 6 13 17 19 21 23 26 28 32 34 35 39 43 46 51 52 56 58 61 77 80 83 84 85 90 96 97 103 113 116 117 118 120 123 124 126 128 133 136 138 139 147 148 151 152 155 156 157 162 163 169 170 186 190 197 204 206 211 212 217 225 230 233 235 236 242 
206 255       1 3 4 6 7 14 15 21 23 33 36 41 42 43 49 62 65 66 68 70 71 73 76 80 81 86 92 93 96 98 106 107 111 114 121 129 130 131 134 138 143 147 150 151 153 163 164 166 168 170 174 175 176 177 180 191 193 194 198 199 201 203 205 209 213 217 218 222 225 230 235 237 238 240 244 245 
207 285       5 9 10 12 14 16 18 21 24 27 34 45 50 52 54 58 65 67 69 73 76 82 83 84 87 88 93 94 99 101 104 105 107 114 119 128 130 131 132 141 145 150 152 157 158 160 162 174 175 185 193 197 202 209 210 212 213 214 215 220 223 225 226 229 236 237 241 246 
208 376       4 16 17 18 20 26 32 33 34 38 43 48 53 57 63 64 69 70 72 73 75 84 86 87 89 90 91 92 93 95 97 98 99 101 104 109 112 120 122 128 132 138 145 151 155 156 162 170 173 179 182 183 184 186 193 200 201 202 211 212 213 216 218 221 228 229 230 232 243 244 245 
209 292       1 3 8 9 13 15 20 27 33 34 35 36 39 40 46 47 48 51 53 58 60 63 66 67 68 69 72 75 79 97 99 108 112 114 115 116 117 120 123 124 125 126 127 131 133 135 138 139 143 148 149 153 156 162 163 170 172 174 187 193 196 198 203 206 207 212 218 221 223 224 225 228 229 231 233 235 240 241 242 248 249 
210 332       8 9 11 12 13 14 15 16 23 25 30 35 38 42 46 47 51 53 56 58 60 61 66 67 75 77 83 84 87 93 95 98 101 103 106 109 115 118 119 120 122 130 131 133 137 139 146 147 153 155 161 163 173 178 183 186 187 192 198 207 212 213 215 217 219 226 233 238 241 242 246 247 
211 356       4 7 8 11 17 18 21 24 25 26 28 29 34 39 41 46 47 58 59 61 62 64 70 84 85 92 93 95 100 102 103 106 107 111 118 120 121 123 124 125 132 139 143 145 146 148 149 154 164 165 171 174 175 184 186 187 197 201 203 204 205 208 212 217 219 220 221 226 230 232 235 237 238 239 242 245 247 248 
212 303       10 11 12 14 16 20 26 33 41 43 44 50 54 58 60 63 64 68 69 71 73 79 80 83 91 92 96 99 100 101 115 117 121 134 136 137 140 141 145 147 150 151 152 156 158 163 165 167 172 174 181 182 183 186 187 188 189 192 195 198 199 201 205 207 208 209 210 211 214 216 219 223 228 232 233 234 235 239 241 245 247 248 
213 341       3 6 9 10 12 14 18 23 27 34 35 39 43 44 48 55 56 60 61 63 65 67 71 73 74 77 80 81 83 92 96 99 100 101 107 109 110 111 112 123 127 128 132 133 138 145 156 157 159 161 162 166 167 168 170 172 185 187 188 189 190 193 201 206 207 208 210 218 219 221 226 228 229 232 243 246 
214 480       6 11 14 20 22 33 36 37 38 39 47 54 57 59 60 63 65 68 69 70 71 73 78 79 81 82 83 93 95 97 105 108 111 112 125 126 129 131 132 133 134 139 143 149 150 151 154 155 156 160 163 168 172 174 175 181 186 192 193 195 197 200 201 207 212 216 217 220 223 232 233 235 238 240 243 246 
215 257       2 6 14 15 20 24 30 35 39 41 42 44 46 49 52 59 62 67 68 70 72 74 80 84 92 95 96 97 111 112 117 119 121 122 123 128 132 135 144 146 147 148 150 156 161 165 167 168 172 173 178 180 186 187 190 191 193 200 207 210 221 222 223 226 227 228 229 230 231 235 239 240 241 242 
216 263       2 5 6 7 15 17 21 23 28 37 38 46 47 48 57 58 60 67 71 77 78 83 84 88 91 92 94 97 102 106 113 114 117 124 137 142 144 148 149 150 151 155 162 164 167 171 185 186 187 189 190 192 197 198 199 200 203 204 208 212 214 221 222 228 232 238 239 243 245 246 248 
217 424       3 4 8 11 16 17 19 20 21 22 26 27 35 42 43 44 47 49 50 51 59 64 69 70 74 75 77 80 82 85 88 90 96 101 102 103 106 108 116 118 120 121 122 127 131 133 137 138 142 144 148 150 152 153 156 161 162 163 166 169 173 178 180 187 189 190 192 194 195 198 199 205 206 210 211 214 220 229 245 246 247 249 
218 268       10 11 24 29 31 34 36 37 45 46 48 52 53 55 56 64 69 73 75 77 79 80 82 83 88 91 93 97 100 101 102 104 112 114 116 117 123 134 136 144 148 149 152 159 160 164 174 179 180 183 185 187 190 196 199 200 203 206 208 209 213 225 227 228 232 235 237 246 
219 308       4 8 9 11 14 16 18 20 22 23 24 26 28 31 32 33 35 38 44 46 48 54 60 61 66 68 69 70 74 80 81 82 85 86 87 90 92 98 99 102 104 105 108 110 111 118 124 125 127 130 131 133 140 141 151 154 156 159 160 165 171 175 180 183 184 187 188 189 191 195 203 210 211 212 213 224 228 229 233 234 235 236 237 240 241 245 248 
220 370       3 11 13 15 16 17 22 26 29 34 35 38 41 48 49 50 51 54 55 57 63 64 66 67 68 73 75 76 78 79 83 87 90 93 94 98 99 103 107 108 116 123 129 130 131 133 135 137 138 140 141 146 148 151 154 158 160 163 164 165 168 173 174 175 178 179 186 191 192 202 204 207 211 214 217 222 224 227 230 231 232 235 236 237 249 
221 275       1 4 5 8 12 13 21 28 30 31 36 40 48 50 54 55 57 60 75 84 91 96 97 102 107 108 110 117 119 122 123 129 132 134 136 137 140 142 143 145 147 155 157 163 168 169 171 172 173 188 192 194 195 196 197 199 208 209 211 213 215 216 222 223 224 226 230 233 234 235 248 
222 355       3 4 5 7 8 11 16 17 18 19 26 27 29 34 38 39 43 45 48 55 60 65 72 76 77 82 83 87 98 99 103 107 108 111 112 119 121 123 125 129 131 132 138 139 142 143 149 152 154 156 163 164 173 174 185 186 187 188 194 200 203 206 215 216 220 221 223 225 230 232 234 237 242 244 248 249 
223 494       5 9 15 16 23 26 28 34 35 41 42 48 50 53 54 57 58 59 60 65 69 78 80 81 83 88 90 97 99 103 105 115 121 122 123 124 126 127 131 133 135 138 139 140 141 145 156 161 165 167 168 169 172 173 186 187 191 192 196 201 203 207 209 212 214 215 221 222 224 226 228 232 233 239 241 242 
224 250       1 6 9 16 17 18 22 31 32 33 42 44 51 53 54 57 59 60 64 65 71 74 77 81 82 86 102 105 108 112 117 123 129 131 132 134 135 146 147 149 153 155 161 169 172 182 186 188 191 195 197 199 209 219 220 221 223 226 229 231 238 248 249 
225 256       1 2 8 9 10 12 13 21 22 23 25 28 31 33 40 43 49 52 53 58 59 61 64 65 71 72 74 78 80 85 86 87 89 93 99 102 103 104 109 110 115 117 127 130 134 141 143 145 147 149 150 151 152 154 155 156 158 167 171 173 175 176 179 182 183 187 190 197 198 201 205 206 207 209 218 222 226 227 228 233 234 235 236 238 243 244 246 248 
226 434       4 10 17 19 21 22 28 29 30 32 41 48 49 51 53 54 57 61 63 64 68 69 70 73 74 76 77 79 86 103 104 113 114 115 123 124 128 141 147 149 151 153 155 161 163 167 171 175 177 182 185 188 194 203 207 210 211 213 215 221 223 224 225 234 236 239 243 247 
227 264       5 9 10 12 17 18 20 24 26 29 30 32 35 42 48 55 57 65 66 69 70 71 78 80 82 83 90 98 99 101 108 110 114 118 124 128 130 131 132 133 135 136 148 149 152 157 165 167 174 180 185 186 191 194 202 215 218 220 225 228 229 239 240 243 247 249 
228 302       1 6 8 11 18 25 27 31 37 39 41 43 45 53 59 62 64 66 67 73 75 76 84 91 93 94 99 106 116 118 119 120 121 134 135 140 143 145 147 148 149 152 153 157 162 166 178 180 183 191 195 199 200 208 209 212 213 215 216 218 219 223 225 227 236 237 244 249 
229 463       8 11 12 19 28 29 31 33 38 41 44 45 49 52 56 57 61 64 66 67 68 73 81 87 88 91 92 98 103 104 116 121 128 129 133 134 135 139 151 153 155 167 176 179 180 185 186 189 190 198 199 207 208 209 213 215 217 219 224 227 230 231 236 237 240 241 242 243 
230 267       4 6 9 11 13 14 17 26 30 36 37 38 39 48 52 60 68 70 78 84 86 95 99 103 109 112 117 119 120 121 125 127 130 135 138 141 147 151 155 160 161 162 163 168 170 175 177 178 188 192 193 195 196 205 206 208 211 215 220 221 222 229 232 234 236 240 244 246 
231 270       1 2 7 10 12 14 16 25 27 34 35 36 37 38 46 48 51 52 53 54 56 61 66 70 71 76 87 91 98 99 102 104 105 106 112 113 114 121 125 130 133 135 144 147 162 163 165 168 169 172 180 181 190 200 201 209 215 220 224 229 232 234 236 237 243 245 247 248 
232 411       1 3 4 11 13 15 23 26 31 32 33 35 37 40 55 56 68 69 70 72 75 77 82 83 86 90 91 93 95 96 107 116 119 120 128 130 132 134 140 145 152 162 165 169 176 177 178 179 180 181 188 189 190 193 196 197 201 208 211 212 213 214 216 218 220 222 223 230 231 234 238 241 
233 280       5 6 10 13 21 22 23 24 25 26 31 34 37 38 39 40 46 48 52 53 55 56 58 62 64 66 69 72 75 79 92 94 96 98 111 112 114 116 120 124 127 130 135 140 146 154 158 163 168 170 179 184 190 192 194 195 203 205 209 210 212 214 219 221 223 225 238 241 244 246 248 
234 309       4 7 10 11 17 20 21 29 34 35 37 38 47 49 51 52 56 57 59 61 62 65 69 72 75 76 82 84 87 88 90 94 96 100 103 105 107 112 113 114 115 118 119 120 121 123 127 130 132 133 137 143 144 147 154 160 164 173 174 176 197 199 202 212 219 221 222 225 226 230 231 232 237 238 239 244 246 
235 427       1 9 13 16 17 20 24 26 27 28 31 37 45 46 47 49 55 57 60 62 66 67 69 70 71 72 74 81 85 89 92 103 110 115 116 124 126 128 135 138 140 142 144 148 151 152 153 156 159 167 168 172 174 177 178 179 181 182 183 185 188 198 201 204 205 206 209 211 212 214 215 218 219 220 221 225 236 237 240 243 248 
236 255       7 12 14 18 22 25 28 33 43 47 48 49 52 54 57 62 71 83 84 87 91 92 95 101 103 105 108 110 118 121 124 126 132 134 136 137 144 150 154 156 161 165 168 173 174 177 179 182 186 189 191 193 195 205 207 219 220 225 226 228 229 230 231 235 239 240 246 247 248 
237 318       3 6 12 17 21 23 24 25 26 34 40 41 44 46 47 48 55 57 61 64 65 68 69 77 78 83 85 94 99 107 114 118 119 122 127 128 130 131 133 134 140 150 153 154 155 156 159 172 174 175 178 183 188 192 193 194 198 199 200 201 202 206 207 211 218 219 220 222 228 229 231 234 235 238 243 245 246 247 
238 466       6 12 15 24 26 30 34 38 39 43 47 50 55 60 63 67 69 72 74 76 79 80 83 84 93 100 101 104 106 107 110 111 114 116 118 120 121 125 134 135 143 144 147 149 153 154 155 156 159 165 169 175 186 187 188 200 206 210 211 214 216 224 225 232 233 234 237 
239 259       3 7 14 15 18 21 39 45 48 53 57 60 62 63 69 71 76 77 78 81 85 87 90 92 98 100 104 106 117 119 120 121 133 135 137 139 145 147 154 164 165 168 173 177 185 191 193 194 195 198 203 211 212 215 216 223 226 227 234 236 241 247 
240 275       3 7 10 17 23 24 29 31 40 42 45 47 48 54 60 63 64 68 70 74 78 81 85 87 96 97 105 107 108 110 111 112 113 117 119 122 123 130 133 134 138 140 141 142 145 149 150 153 158 162 165 172 175 177 178 184 190 193 206 209 214 215 219 227 229 230 235 236 241 243 246 
241 491       2 7 14 17 19 21 23 29 31 32 36 38 40 42 43 44 51 53 57 60 63 65 66 71 74 87 89 96 97 98 107 116 118 122 123 126 134 136 141 144 151 152 153 154 156 160 162 163 164 166 169 170 171 180 182 185 188 189 192 195 200 202 204 207 209 210 212 215 219 223 229 232 233 239 240 247 249 
242 252       4 6 8 10 13 24 29 33 38 40 47 48 49 56 58 63 65 68 70 74 76 78 84 86 88 90 98 99 106 109 110 119 129 131 132 133 136 142 145 146 150 151 153 159 161 174 177 178 180 183 185 186 189 192 194 198 199 201 205 209 210 211 215 222 223 229 247 248 
243 257       1 7 15 23 24 35 36 38 40 42 48 50 54 55 59 63 66 75 77 80 91 92 97 98 103 104 105 107 108 109 113 115 116 120 123 124 125 127 130 134 135 142 145 148 150 152 154 155 156 166 168 170 178 179 188 191 192 194 199 204 208 213 214 216 225 226 227 229 231 235 237 240 244 245 246 249 
244 400       1 4 8 10 11 14 17 33 46 49 50 53 54 57 61 62 63 70 72 75 78 82 87 91 100 104 107 115 117 120 122 123 128 130 138 139 142 143 145 148 149 151 158 163 168 169 170 174 181 184 202 203 206 208 222 225 228 230 233 234 243 248 
245 286       2 3 4 5 16 20 24 27 28 39 47 53 55 57 62 63 66 70 72 74 75 76 79 86 89 94 100 109 110 113 114 119 120 126 127 129 135 137 139 142 150 152 157 160 164 168 171 173 177 181 182 185 187 189 192 194 197 201 206 208 211 212 216 217 219 231 237 243 246 
246 314       5 6 10 17 18 21 22 25 28 30 33 35 36 42 47 48 50 51 52 60 62 68 71 73 75 76 77 84 88 94 97 99 105 106 107 110 120 122 123 132 137 138 142 146 147 150 151 152 153 157 158 161 165 167 169 173 174 175 179 182 183 185 189 191 192 194 197 200 207 210 213 214 216 217 218 225 230 233 234 236 237 240 243 245 249 
247 446       1 12 13 18 19 20 22 27 33 35 36 37 39 46 47 48 51 54 59 61 63 64 66 68 69 72 74 77 84 86 89 90 92 93 100 106 112 113 120 122 123 126 127 128 132 133 134 137 138 147 148 154 157 158 163 167 170 171 172 174 179 185 191 193 194 198 199 200 210 211 212 217 226 227 231 236 237 239 241 242 248 
248 260       6 11 14 17 18 27 28 29 34 38 40 44 47 49 50 57 58 62 68 70 71 75 100 104 105 110 111 113 114 115 118 130 134 140 141 144 146 150 159 160 167 169 171 172 175 178 179 187 189 190 194 196 197 198 203 209 211 212 216 219 221 222 224 225 231 233 235 236 242 244 247 
249 294       2 4 5 8 9 10 12 13 15 22 26 31 34 35 37 38 41 42 49 54 55 58 59 64 65 68 69 70 72 73 74 75 80 83 84 85 90 92 98 108 110 113 118 121 123 126 127 129 130 134 136 143 150 153 155 156 157 158 159 160 164 166 168 174 176 180 184 185 186 189 190 191 192 196 202 209 217 220 222 224 227 228 241 243 246 
