249 1000
1 358         3 8 9 10 12 14 16 18 19 26 27 32 35 39 41 42 45 46 49 50 57 60 61 63 65 67 75 76 78 81 85 88 91 94 98 101 110 115 116 118 123 127 129 131 136 137 140 141 146 147 148 151 152 154 155 158 162 163 164 165 166 167 170 177 189 192 200 209 213 220 221 222 228 231 232 238 242 243 245 248 249 
2 285         4 5 6 8 11 15 23 26 27 31 33 37 42 46 48 50 52 53 57 62 73 77 80 83 84 87 88 92 95 99 106 113 115 116 122 131 133 136 138 157 158 160 161 164 165 166 167 177 187 191 193 200 201 204 206 208 209 212 216 220 222 223 224 228 230 233 234 235 236 241 244 246 248 
3 357         1 9 14 16 23 27 38 41 44 47 48 49 53 58 61 63 65 81 84 88 93 95 103 107 108 117 119 125 127 129 131 132 135 137 138 140 145 152 154 161 162 163 166 167 168 174 181 183 186 187 188 190 191 194 200 206 216 219 225 231 232 233 237 240 243 245 246 247 
4 483         2 5 21 27 34 39 42 44 52 53 54 56 57 58 60 61 70 76 84 88 89 91 95 98 102 103 104 105 108 111 115 116 117 120 132 137 140 144 158 159 160 162 164 165 167 169 170 176 177 184 189 191 192 200 204 206 207 208 210 211 212 213 215 216 217 226 227 228 229 234 235 236 238 241 243 244 245 246 247 
5 257         2 4 10 13 18 19 32 33 34 36 38 48 56 57 62 70 72 73 74 75 78 96 97 98 101 112 113 115 118 121 134 135 137 138 143 144 147 153 156 157 158 161 162 163 168 174 175 180 182 183 186 195 204 205 208 210 213 219 220 229 231 238 241 248 
6 260         2 9 11 16 18 22 25 29 31 32 36 37 41 42 43 44 45 51 54 55 63 66 68 72 73 74 85 87 91 93 95 97 99 103 107 108 119 122 124 125 128 131 136 138 141 142 145 148 151 156 161 165 173 176 182 184 185 186 189 197 200 202 204 206 207 208 211 212 214 216 220 224 231 233 234 240 241 247 249 
7 479         8 14 15 16 41 43 49 52 53 54 57 59 65 66 67 68 70 71 76 81 89 94 95 96 98 100 101 106 107 112 119 122 124 128 130 138 140 144 146 149 150 152 155 157 159 161 162 165 166 168 169 174 176 179 184 190 192 195 198 201 204 211 216 223 225 226 229 230 232 242 244 
8 258         1 2 7 10 12 17 21 26 27 32 38 39 40 41 42 46 47 48 49 50 51 54 56 57 59 67 69 72 74 76 77 79 80 81 83 88 93 96 97 102 104 108 111 113 115 119 121 123 127 128 129 130 132 137 140 142 144 147 149 152 156 160 161 163 171 176 177 180 181 182 186 191 197 198 199 201 203 206 208 220 221 223 230 232 235 238 240 241 
9 263         1 3 6 11 14 18 22 27 31 36 40 43 45 50 60 63 68 69 71 74 75 77 79 81 82 86 88 91 95 97 100 101 103 105 110 116 122 123 129 132 133 135 136 139 141 143 144 152 159 168 174 177 178 181 182 185 186 187 188 206 215 217 230 235 237 239 243 245 246 249 
10 438        1 5 8 13 15 16 17 18 21 23 27 28 33 40 45 48 50 51 52 53 58 59 62 72 74 77 78 80 85 87 89 94 101 108 109 110 111 117 118 127 129 135 136 140 145 147 148 149 151 154 156 163 167 170 171 175 183 191 206 213 215 224 225 228 231 232 233 236 239 240 243 245 246 247 
11 279        2 6 9 12 15 21 25 27 29 30 31 39 45 46 47 55 57 59 61 66 72 74 78 79 81 82 83 93 99 112 116 119 124 127 130 131 133 134 135 136 137 139 144 145 150 151 152 156 158 159 162 164 166 167 169 172 174 176 179 181 185 186 190 191 207 209 210 211 215 216 218 221 223 224 228 240 241 242 244 248 249 
12 283        1 8 11 20 27 30 32 39 41 46 48 50 55 59 60 62 64 67 73 75 79 80 81 82 86 96 97 102 104 106 110 111 112 113 118 127 129 138 142 143 144 147 150 151 154 156 159 160 166 167 168 181 183 191 197 199 202 203 212 219 222 223 224 228 229 234 235 236 239 243 244 246 249 
13 459        5 10 14 15 19 20 21 22 23 31 34 37 39 40 44 45 47 50 51 52 53 56 58 61 62 66 71 72 74 75 77 84 86 87 92 94 96 102 103 106 107 110 112 121 131 138 139 142 146 147 149 152 156 164 165 166 170 173 175 177 180 182 183 184 188 190 192 197 198 201 203 205 209 210 214 215 219 220 221 222 226 229 231 232 236 237 244 247 
14 266        1 3 7 9 13 18 19 31 32 33 36 45 48 49 55 61 64 67 68 70 74 78 80 83 84 89 96 105 113 118 128 130 131 133 136 138 143 146 148 149 151 153 155 157 159 165 168 175 178 184 185 188 193 194 196 199 200 201 205 211 214 215 216 219 224 230 231 232 238 239 242 249 
15 275        2 7 10 11 13 16 19 20 24 38 42 49 50 51 54 55 57 60 62 63 65 67 70 73 74 81 82 88 89 91 94 101 106 107 111 113 115 120 123 126 127 129 131 134 137 139 145 148 150 156 162 166 169 177 178 184 196 197 198 199 201 202 206 207 214 219 223 225 233 235 236 239 241 242 244 245 248 
16 402        1 3 6 7 10 15 21 23 26 27 28 29 32 39 48 50 53 57 59 60 64 65 68 72 74 78 80 82 84 86 89 92 97 101 104 106 108 110 113 114 118 119 120 125 127 132 140 142 146 149 151 158 160 164 167 169 172 179 182 184 190 191 192 193 196 197 198 200 202 203 204 205 208 209 210 214 217 218 221 224 227 229 231 234 238 241 242 243 249 
17 284        8 10 20 25 30 35 36 39 42 46 50 54 56 57 67 68 72 77 78 80 81 86 93 95 98 99 101 105 106 107 110 112 116 121 124 125 126 127 131 138 142 143 147 149 151 154 162 174 178 185 186 187 193 196 197 201 207 208 209 211 220 222 223 224 225 226 230 232 234 237 242 243 247 249 
18 314        1 5 6 9 10 14 22 28 31 40 46 54 56 59 67 68 76 82 83 84 85 101 106 107 112 121 125 130 131 133 137 141 142 143 144 146 148 154 155 156 159 161 164 174 181 193 197 199 207 211 214 216 225 229 234 238 240 245 
19 483        1 5 13 14 15 27 30 32 33 34 36 39 40 41 42 46 48 49 53 54 55 58 59 67 73 76 77 79 88 90 91 94 96 101 103 105 109 110 119 122 125 133 142 144 147 149 153 154 156 160 161 165 171 173 177 181 182 191 192 201 203 205 206 210 212 215 224 227 230 235 239 241 
20 250        12 13 15 17 24 31 37 40 42 44 48 61 62 64 69 71 74 79 85 87 89 94 98 102 106 107 108 112 119 120 121 126 128 131 133 137 138 140 144 145 148 150 153 158 161 162 163 164 166 170 173 175 179 182 183 184 189 190 191 198 199 201 202 206 208 215 216 218 226 229 231 236 241 249 
21 267        4 8 10 11 13 16 23 28 33 34 35 40 47 49 51 54 63 70 71 72 73 75 78 79 82 96 103 109 113 114 117 120 125 130 132 136 143 144 148 153 154 164 175 176 181 185 187 190 192 201 213 217 218 221 222 226 227 228 229 230 232 233 236 238 240 243 245 246 249 
22 482        6 9 13 18 29 31 32 35 39 40 42 51 57 59 63 64 65 68 69 70 72 75 81 83 84 88 90 91 96 97 99 102 106 108 117 121 122 127 132 134 136 140 144 155 158 159 163 166 167 174 175 177 181 184 189 193 194 196 200 201 203 205 206 207 208 209 210 225 226 227 234 237 239 
23 250        2 3 10 13 16 21 30 31 32 33 34 41 42 48 49 53 55 56 58 64 75 78 80 86 87 90 93 96 97 98 99 100 104 108 110 112 118 119 133 138 141 142 144 145 149 156 162 166 167 168 169 171 174 178 179 180 187 189 190 192 199 200 203 204 215 223 227 228 229 232 233 235 236 237 238 247 249 
24 268        15 20 26 27 30 31 32 41 45 47 51 52 55 56 65 67 69 73 74 75 77 80 84 87 89 93 94 95 110 112 113 118 119 121 124 126 128 132 133 134 136 140 147 151 152 157 158 167 172 175 181 182 186 190 191 192 193 195 197 201 202 204 206 208 211 213 214 216 220 221 223 224 225 229 233 237 242 244 245 248 
25 465        6 11 17 26 27 29 30 38 42 48 52 55 56 61 64 66 72 74 76 81 83 90 91 92 95 96 113 114 119 124 126 137 143 146 148 149 152 156 159 161 165 167 171 175 176 180 182 183 185 194 195 198 204 205 210 215 217 225 227 230 234 236 237 243 247 
26 264        1 2 8 16 24 25 30 31 37 38 46 48 56 66 71 75 76 78 84 86 87 89 93 94 95 98 99 104 105 106 109 110 115 116 117 118 121 124 125 128 131 132 133 136 138 140 143 144 145 146 152 155 156 161 162 164 165 168 170 174 176 179 182 186 187 192 195 199 203 210 212 214 216 219 221 225 227 231 235 248 
27 271        1 2 3 4 8 9 10 11 12 16 19 24 25 28 39 42 44 58 62 63 69 79 80 81 82 97 100 101 103 105 106 109 116 119 120 123 124 127 130 133 135 150 151 155 156 158 162 163 164 166 167 168 172 175 177 179 180 182 185 190 194 195 196 198 200 201 202 213 216 223 227 228 231 235 236 241 243 
28 445        10 16 18 21 27 32 34 36 37 46 52 58 61 63 73 75 77 80 81 87 88 98 100 103 105 107 108 109 110 111 112 116 122 126 132 134 137 142 144 145 146 150 155 156 161 169 171 175 176 178 182 185 192 194 195 197 198 204 205 207 212 216 224 226 227 233 234 235 238 240 242 245 247 248 
29 260        6 11 16 22 25 35 44 45 50 60 65 66 71 75 76 78 79 81 90 91 95 99 106 108 110 111 117 123 133 134 144 149 151 155 156 166 172 173 176 178 180 183 187 188 190 200 209 211 215 217 220 222 239 240 242 243 244 245 249 
30 295        11 12 17 19 23 24 25 26 33 35 40 41 48 50 53 54 58 59 64 66 67 74 76 79 84 93 97 98 99 104 105 107 111 113 115 118 122 124 126 130 131 135 136 142 143 149 159 165 167 174 181 184 188 191 201 203 216 218 220 230 233 238 247 248 
31 479        2 6 9 11 13 14 18 20 22 23 24 26 33 36 42 46 49 53 54 55 60 61 64 67 68 71 72 77 83 85 88 92 98 99 100 104 105 107 113 115 117 119 120 121 126 129 130 131 132 133 135 136 151 152 155 156 158 163 168 171 178 185 186 190 192 194 200 203 204 206 208 209 211 215 217 219 221 222 225 229 233 234 235 237 244 
32 252        1 5 6 8 12 14 16 19 22 23 24 28 33 41 42 46 47 48 50 52 55 58 61 68 70 72 73 74 77 78 79 81 82 86 92 93 95 96 98 107 108 117 119 120 122 123 128 129 132 148 152 154 155 156 161 165 166 167 168 172 177 178 180 186 187 193 195 197 200 201 204 207 208 213 220 222 225 226 227 228 229 231 233 234 236 239 248 
33 269        2 5 10 14 19 21 23 30 31 32 34 38 47 51 55 56 57 61 70 72 73 79 81 83 86 90 97 100 101 107 114 116 118 132 141 146 150 154 165 166 167 170 192 195 199 200 206 209 210 211 213 215 218 227 230 235 237 240 241 
34 401        4 5 13 19 21 23 28 33 37 41 46 50 55 62 69 70 72 77 79 86 87 97 99 104 108 112 113 116 119 123 125 126 128 129 130 134 135 140 148 149 150 151 154 159 162 163 169 171 175 176 178 179 180 184 186 189 190 191 202 204 205 206 207 217 219 220 221 225 227 231 236 238 240 243 244 246 247 
35 268        1 17 21 22 29 30 37 41 48 53 54 57 69 77 78 81 87 89 92 95 97 104 111 115 119 127 129 131 132 134 151 152 154 162 163 164 168 169 170 172 180 181 183 184 189 190 191 192 198 200 201 202 208 211 219 220 231 232 239 243 247 249 
36 331        5 6 9 14 17 19 28 31 37 40 43 47 49 55 57 58 63 64 66 68 74 77 78 86 87 93 95 96 99 104 106 109 110 111 112 117 120 122 125 126 130 131 132 134 135 136 137 150 151 152 155 157 159 160 168 172 177 178 180 181 182 185 187 189 201 205 207 208 215 217 219 221 226 229 231 232 235 236 241 244 246 249 
37 449        2 6 13 20 26 28 34 35 36 39 40 45 51 53 54 62 71 72 73 76 79 82 86 93 94 98 99 104 105 120 123 126 127 130 136 137 139 142 143 145 148 154 155 156 160 163 166 168 169 170 179 180 183 184 191 194 195 196 203 204 205 208 210 211 214 215 222 231 233 237 238 241 242 243 245 
38 265        3 5 8 15 25 26 33 39 40 45 47 55 61 64 65 67 68 82 83 84 85 86 87 92 95 96 97 102 103 108 110 114 119 122 124 128 129 130 132 134 135 141 142 144 146 147 149 150 153 154 156 161 168 170 173 193 194 195 197 205 206 211 216 220 226 229 233 234 
39 286        1 4 8 11 12 13 16 17 19 22 27 37 38 41 46 48 51 54 56 64 65 66 67 69 81 84 94 95 97 98 99 104 106 109 113 114 127 132 133 137 143 147 150 155 157 160 162 164 173 174 176 180 188 194 198 200 201 218 221 225 226 227 230 233 236 239 242 245 
40 490        8 9 10 13 18 19 20 21 22 30 36 37 38 41 42 45 47 50 53 54 55 58 67 69 80 81 82 83 85 86 87 91 92 93 94 95 96 99 100 102 103 107 112 113 115 118 121 124 125 126 128 129 132 133 134 145 146 151 156 157 160 161 162 165 169 170 181 189 191 193 194 201 206 208 209 212 214 216 219 222 226 227 230 232 233 234 237 238 239 241 245 
41 251        1 3 6 7 8 12 19 23 24 30 32 34 35 39 40 46 49 52 62 67 71 73 74 77 79 81 83 88 90 92 93 96 99 101 103 105 106 110 114 116 117 118 124 127 128 129 131 133 134 138 142 148 149 150 152 160 162 168 169 170 174 178 180 182 184 192 203 204 208 213 215 222 226 227 229 236 237 238 239 242 243 248 249 
42 259        1 2 4 6 8 15 17 19 20 22 23 25 27 31 32 40 43 44 47 51 52 55 56 62 67 69 71 74 79 82 85 87 88 96 99 100 105 111 113 121 124 125 132 134 136 137 139 151 163 164 167 171 174 175 182 187 188 189 191 193 195 199 202 203 204 205 209 211 214 228 233 235 238 244 246 247 248 
43 386        6 7 9 36 42 46 47 55 58 63 66 68 70 71 79 85 86 89 97 111 115 116 119 123 128 133 134 139 140 145 147 150 152 161 165 166 168 175 181 183 184 187 188 189 191 192 199 202 203 206 210 211 212 213 218 220 223 226 232 234 235 238 239 241 248 
44 278        3 4 6 13 20 27 29 42 45 48 49 51 52 53 54 55 56 57 60 64 65 67 68 72 73 76 77 85 86 92 99 100 103 111 113 115 118 127 130 133 140 144 148 155 156 165 169 175 179 182 183 184 190 195 201 202 203 212 214 215 216 220 232 233 237 241 243 249 
45 336        1 6 9 10 11 13 14 24 29 37 38 40 44 46 48 53 61 62 68 70 76 78 79 81 82 86 90 93 94 96 99 101 107 115 117 118 122 123 128 132 137 143 147 148 152 157 158 159 166 170 173 176 183 186 188 191 192 193 194 196 202 207 208 210 211 217 225 229 230 231 236 240 241 244 247 
46 498        1 2 8 11 12 17 18 19 26 28 31 32 34 39 41 43 45 53 55 61 65 67 72 73 78 83 90 91 93 96 98 99 106 107 108 109 110 112 113 114 118 122 124 125 127 130 131 135 139 141 145 147 148 149 150 151 153 158 161 164 171 173 174 179 182 183 186 187 188 189 190 193 195 196 197 199 203 205 206 207 209 211 212 215 226 229 231 236 237 239 241 244 247 
47 250        3 8 11 13 21 24 32 33 36 38 40 42 43 49 51 52 53 55 57 59 64 65 74 94 98 99 101 102 103 107 108 113 118 122 123 124 128 130 131 132 133 138 152 160 161 164 169 171 176 177 178 182 187 188 189 190 192 197 202 214 215 218 219 224 229 232 241 244 247 
48 252        2 3 5 8 10 12 14 16 19 20 23 25 26 30 32 35 39 44 45 58 61 63 64 69 70 71 72 73 78 80 81 85 88 90 94 95 100 102 106 111 116 129 130 138 140 143 148 157 159 161 174 176 179 180 182 185 187 191 192 194 197 199 204 206 207 209 212 214 220 223 226 227 234 239 242 246 247 248 249 
49 476        1 3 7 8 14 15 19 21 23 31 36 41 44 47 53 54 59 65 66 67 77 81 82 84 86 88 90 96 98 117 121 122 123 128 132 139 145 160 165 169 171 175 176 179 192 197 202 203 206 207 208 209 211 216 220 221 222 224 225 226 227 229 230 233 240 
50 250        1 2 8 9 10 12 13 15 16 17 29 30 32 34 40 52 56 61 62 65 67 71 84 85 101 102 104 109 112 116 119 121 122 123 125 127 128 132 138 141 150 151 152 161 164 170 173 174 181 183 184 185 186 192 193 197 200 203 204 205 207 210 216 219 228 230 233 237 239 240 244 246 
51 274        6 8 10 13 15 21 22 24 33 37 39 42 44 47 55 58 60 62 63 65 66 69 70 71 74 81 88 108 111 114 116 117 121 123 125 127 133 136 137 138 139 140 142 146 154 161 182 184 186 188 190 191 193 194 195 199 202 206 207 211 212 218 243 245 
52 363        2 4 7 10 13 24 25 28 32 41 42 44 47 50 54 59 61 63 72 77 86 93 95 97 100 102 105 106 108 110 112 115 119 123 127 128 129 130 132 134 137 138 142 144 146 149 150 153 154 158 164 165 166 169 172 173 177 181 184 185 187 190 193 195 197 198 201 212 216 220 226 227 230 231 233 236 237 239 240 244 245 246 247 
53 257        2 3 4 7 10 13 16 19 23 30 31 35 37 40 44 45 46 47 49 56 60 61 62 64 65 67 69 70 73 74 75 77 81 84 86 89 91 92 97 98 99 104 106 108 110 117 122 123 127 128 130 139 152 156 161 162 164 167 174 176 177 179 182 187 198 200 205 206 207 211 215 217 219 223 231 233 234 
54 380        4 6 7 8 15 17 18 19 21 30 31 35 37 39 40 44 49 52 57 66 75 76 78 82 85 96 97 98 100 102 104 105 109 111 118 121 124 133 136 140 143 145 151 163 165 167 174 177 184 187 196 202 203 206 213 216 217 227 235 236 240 244 245 246 
55 383        6 11 12 14 15 19 23 24 25 31 32 33 34 36 38 40 42 43 44 46 47 51 58 60 61 69 70 73 77 80 83 93 96 97 98 100 108 109 111 112 114 115 119 125 126 127 128 129 139 140 144 146 149 150 152 154 161 165 166 172 173 174 175 176 179 181 183 184 190 202 203 205 208 209 213 214 222 226 227 228 234 236 238 239 241 246 248 
56 269        4 5 8 13 17 18 23 24 25 26 33 39 42 44 50 53 60 62 67 69 74 76 80 82 84 86 92 95 96 100 104 105 108 110 114 117 121 132 134 139 141 143 145 148 152 158 164 168 169 174 177 182 187 189 190 196 197 199 201 204 207 209 210 211 212 215 217 229 230 233 243 244 248 
57 348        1 2 4 5 7 8 11 15 16 17 22 33 35 36 44 47 54 63 66 68 69 71 74 76 87 95 98 105 107 110 111 114 115 117 119 122 125 126 128 131 133 136 141 143 144 147 155 158 159 160 162 165 169 176 182 184 185 187 188 190 195 198 199 200 203 211 212 214 219 222 230 233 235 236 242 244 
58 488        3 4 10 13 19 23 27 28 30 32 36 40 43 48 51 55 65 67 68 70 72 73 78 79 82 84 88 92 94 97 98 102 105 106 108 109 111 114 116 125 126 129 130 131 133 134 140 142 143 146 147 148 153 155 156 159 162 163 167 168 170 171 174 175 176 178 185 187 190 192 195 207 213 216 223 225 227 228 231 233 234 236 238 242 246 249 
59 252        7 8 10 11 12 16 18 19 22 30 47 49 52 63 66 67 70 71 72 74 76 79 82 84 85 92 93 95 96 97 103 107 112 114 116 118 122 131 135 140 145 147 149 150 154 155 156 157 158 159 162 163 164 167 170 171 173 174 179 180 182 201 205 208 211 220 224 228 233 242 249 
60 260        1 4 9 12 15 16 29 31 44 51 53 55 56 61 62 69 70 74 77 78 79 80 84 85 87 97 98 99 102 103 107 108 113 114 115 119 124 128 129 130 131 134 141 142 153 159 160 166 170 173 175 176 179 180 182 183 184 190 206 209 213 217 221 223 234 236 239 242 249 
61 448        1 3 4 11 13 14 20 25 28 31 32 33 38 45 46 48 50 52 53 55 60 67 70 75 81 85 90 91 97 99 102 105 106 112 116 117 120 121 123 128 133 134 138 139 143 149 153 155 158 172 174 175 178 182 183 187 188 195 197 199 202 204 210 213 216 219 221 225 227 228 230 233 234 243 248 
62 261        2 5 10 12 13 15 20 27 34 37 41 42 45 50 51 53 56 60 63 71 75 78 81 84 94 97 98 102 104 105 108 109 118 122 127 128 132 133 134 138 143 146 148 151 161 162 163 164 166 171 173 178 179 190 192 193 196 198 200 201 206 210 214 216 217 218 230 232 233 240 243 244 248 
63 291        1 3 6 9 15 21 22 27 28 36 43 48 51 52 57 59 62 64 65 67 69 75 76 77 81 83 85 87 97 98 99 101 107 113 118 121 123 124 126 129 132 133 134 138 149 151 153 156 157 163 164 168 174 175 176 178 180 185 194 196 197 203 204 207 210 216 218 227 228 230 237 239 246 
64 468        12 14 16 20 22 23 25 30 31 36 38 39 44 47 48 53 63 67 94 95 99 103 105 109 110 125 126 127 130 131 132 137 146 148 151 152 164 166 170 172 175 178 179 183 190 195 196 203 207 210 211 218 222 229 231 235 236 239 247 
65 262        1 3 7 15 16 22 24 29 38 39 44 46 47 49 50 51 53 58 63 67 71 73 79 82 84 88 89 92 96 97 98 100 101 102 109 111 114 116 118 121 125 126 130 132 133 134 137 140 143 145 149 151 152 153 156 158 163 171 176 178 179 180 184 188 193 198 200 201 206 208 209 210 214 215 216 219 224 227 230 234 243 248 
66 270        6 7 11 13 25 26 29 30 36 39 43 49 51 54 57 59 67 69 73 74 87 89 94 99 101 102 104 105 106 110 112 113 115 119 120 121 122 124 130 131 132 134 137 138 140 142 146 147 149 156 160 162 163 165 177 181 186 196 204 205 207 212 216 217 220 221 225 228 232 233 234 235 237 239 248 
67 388        1 7 8 12 14 15 17 18 19 24 30 31 38 39 40 41 42 44 46 49 50 53 56 58 59 61 63 64 65 66 70 72 75 76 78 85 87 88 90 91 94 97 99 101 104 112 130 132 133 138 139 143 144 152 158 159 161 162 163 164 169 170 171 173 176 178 181 184 189 192 193 194 197 201 203 211 212 217 219 221 226 230 231 235 240 241 244 245 246 248 249 
68 263        6 7 9 14 16 17 18 22 31 32 36 38 43 44 45 57 58 69 74 75 77 78 83 85 91 93 94 97 99 101 103 108 109 110 112 114 116 118 119 121 122 127 133 135 137 138 140 143 147 152 154 157 160 162 163 166 168 169 171 172 174 176 178 179 181 196 198 200 202 203 208 212 216 218 226 228 235 237 
69 349        8 9 20 22 24 27 34 35 39 40 42 48 51 53 55 56 57 60 63 66 68 70 71 76 78 81 86 88 104 105 106 108 114 115 117 120 131 133 136 137 141 142 146 148 150 151 156 158 160 166 168 169 171 173 177 181 182 186 197 206 213 219 234 238 246 247 249 
70 351        4 5 7 14 15 21 22 32 33 34 43 45 48 51 53 55 58 59 60 61 67 69 71 76 82 83 87 97 99 104 105 106 113 116 117 123 124 135 136 139 140 149 152 153 158 163 165 166 168 175 176 180 186 190 194 195 197 201 206 209 211 213 216 217 227 232 233 235 236 241 242 247 
71 260        7 9 13 20 21 26 29 31 37 41 42 43 48 50 51 57 59 62 65 69 70 81 86 95 99 109 118 120 121 130 131 135 142 143 149 153 155 157 161 165 166 167 171 175 178 184 185 186 187 193 197 198 205 208 209 210 212 218 220 221 226 227 231 232 233 234 235 238 239 241 242 247 249 
72 389        5 6 8 10 11 13 16 17 21 22 25 31 32 33 34 37 44 46 48 52 58 59 67 79 82 85 89 92 94 99 111 112 114 117 122 126 130 134 136 137 139 143 144 154 161 163 176 180 187 193 194 195 196 200 203 205 212 213 218 222 239 245 247 
73 435        2 5 6 12 15 19 21 24 28 32 33 37 41 44 46 48 53 55 58 65 66 75 87 93 94 98 101 103 104 106 107 108 109 110 111 113 114 116 122 123 127 130 131 138 147 152 153 154 155 160 162 164 165 173 177 178 181 187 188 192 194 200 202 208 212 218 224 233 239 240 245 246 
74 252        5 6 8 9 10 11 13 14 15 16 20 24 25 30 32 36 41 42 47 51 53 56 57 59 60 66 68 83 92 95 96 102 103 104 106 107 109 110 116 117 118 119 124 127 130 134 138 140 151 154 156 157 158 159 161 166 167 168 172 174 175 177 179 183 187 190 193 196 202 204 210 212 213 215 216 217 218 219 221 222 223 224 225 231 233 236 237 238 241 244 245 246 248 
75 313        1 5 9 12 13 21 22 23 24 26 28 29 53 54 61 62 63 67 68 73 76 78 91 92 107 108 111 112 127 129 134 142 147 150 153 156 159 164 170 172 174 177 180 182 187 189 190 193 195 199 201 202 205 209 211 221 222 227 232 233 234 236 237 238 240 241 242 243 249 
76 350        1 4 7 8 18 19 25 26 29 30 37 44 45 54 56 57 59 63 67 69 70 75 77 81 82 87 92 94 102 105 106 108 113 119 120 121 124 127 134 138 141 143 145 148 161 163 165 167 169 172 175 177 178 181 192 203 204 206 211 214 218 226 227 240 244 246 247 248 
77 281        2 8 9 10 13 17 19 24 28 31 32 34 35 36 41 44 49 52 53 55 60 63 68 76 79 82 83 84 85 86 87 88 89 94 96 102 105 108 112 117 120 133 134 139 140 141 146 147 148 165 166 168 170 177 178 184 197 203 205 207 208 209 210 213 215 216 219 220 225 239 240 242 245 248 
78 369        1 5 10 11 14 16 17 21 23 26 29 32 35 36 45 46 48 54 58 60 62 67 68 69 75 81 82 84 85 88 90 92 93 102 103 104 106 116 124 129 130 132 133 136 140 150 153 154 160 161 168 179 182 183 184 189 194 196 197 198 199 200 203 207 213 215 222 224 227 231 234 235 237 243 244 246 
79 436        8 9 11 12 19 20 21 27 29 30 32 33 34 37 41 42 43 45 58 59 60 65 72 77 81 86 87 88 90 91 92 95 104 105 106 107 114 115 118 119 122 123 127 130 135 140 141 144 147 149 153 163 170 178 187 188 195 196 197 202 205 208 214 215 218 219 227 233 236 237 238 241 244 246 248 
80 269        2 8 10 12 14 16 17 23 24 27 28 40 48 55 56 60 81 83 90 100 103 105 107 109 111 113 114 115 123 126 127 128 130 131 143 144 146 148 151 152 153 155 156 165 171 176 181 186 188 193 195 197 199 200 205 206 208 212 213 214 216 218 221 224 227 230 237 240 249 
81 295        1 3 7 8 9 11 12 15 17 22 25 27 28 29 32 33 35 39 40 41 45 48 49 51 53 61 62 63 69 71 76 78 79 80 87 88 89 90 93 94 98 101 103 105 106 109 113 117 118 120 125 126 127 130 131 132 135 138 139 142 146 151 152 155 159 165 168 172 181 189 199 200 202 203 204 208 214 217 218 225 233 235 238 246 
82 451        9 11 12 15 16 18 21 27 32 37 38 40 42 45 49 54 56 58 59 65 70 72 76 77 78 83 89 97 98 100 115 117 122 128 131 134 135 138 148 149 156 157 159 162 166 169 172 177 178 184 187 192 194 195 198 200 206 208 209 212 213 214 215 217 222 223 226 228 232 235 236 238 241 
83 271        2 8 11 14 18 22 25 31 33 38 40 41 46 55 63 68 70 74 77 80 82 87 89 91 95 96 98 103 110 113 114 116 120 124 125 138 143 146 150 156 160 164 173 174 176 178 181 186 187 188 194 198 200 201 205 206 211 217 221 222 223 232 236 238 241 243 245 249 
84 278        2 3 4 13 14 16 18 22 24 26 30 38 39 49 50 53 56 58 59 60 62 65 77 78 86 92 95 99 103 104 107 110 116 121 125 127 133 138 139 142 144 147 150 151 153 157 159 172 175 178 180 182 189 193 194 197 199 203 204 205 206 209 210 215 216 219 220 222 225 228 232 237 241 242 247 
85 442        1 6 10 18 20 31 38 40 42 43 44 48 50 54 59 60 61 63 67 68 72 77 78 87 88 90 95 98 102 103 105 111 116 120 121 122 124 127 129 131 132 137 145 148 152 156 157 159 161 164 171 173 175 179 184 197 201 204 205 206 213 218 219 220 221 229 232 237 238 240 244 245 246 248 
86 251        9 12 13 16 17 23 26 32 33 34 36 37 38 40 43 44 45 49 52 53 56 69 71 77 79 84 90 94 102 103 106 108 115 117 120 122 128 130 131 139 140 148 151 152 153 157 158 159 163 176 180 191 196 201 203 210 212 215 216 218 223 227 228 230 231 234 237 239 240 241 
87 307        2 6 10 13 20 23 24 26 28 34 35 36 38 40 42 57 60 63 66 67 70 73 76 77 79 81 83 85 91 95 98 99 104 109 110 112 117 126 133 135 146 151 153 160 168 173 178 186 190 202 203 206 213 216 220 221 224 227 228 231 233 238 243 244 248 
88 377        1 2 3 4 8 9 15 19 22 28 31 41 42 48 49 51 58 65 67 69 77 78 79 81 85 89 97 98 102 103 110 112 113 115 118 125 127 128 129 131 135 137 146 151 152 153 159 160 161 165 169 172 174 176 178 179 189 190 192 195 196 200 201 205 207 208 209 212 213 217 220 223 224 227 232 233 
89 306        4 7 10 14 15 16 20 24 26 35 43 53 65 66 72 77 81 82 83 88 90 93 95 96 98 101 108 111 112 119 121 133 140 146 148 156 160 162 163 165 167 173 182 184 186 194 195 196 197 203 204 207 211 212 213 215 217 219 220 226 232 233 235 236 240 241 242 243 244 248 
90 317        19 22 23 25 29 33 41 45 46 48 49 61 67 78 79 80 81 85 86 89 94 96 103 105 109 111 112 113 115 120 125 127 131 136 137 139 143 145 149 152 155 158 160 162 168 169 171 179 180 183 184 187 190 191 195 202 203 208 212 219 221 222 223 225 226 230 231 233 241 243 248 249 
91 398        1 4 6 9 15 19 22 25 29 40 46 53 61 67 68 75 79 83 87 92 99 101 103 110 116 117 118 121 122 128 132 146 151 153 161 162 165 166 171 173 175 176 180 181 183 184 186 191 193 195 200 202 204 206 211 217 223 229 230 236 237 238 240 245 246 247 248 
92 263        2 13 16 25 31 32 35 38 40 41 44 53 56 58 59 65 72 74 75 76 78 79 84 91 93 99 101 102 104 106 107 108 109 110 114 115 120 126 127 128 130 131 132 135 139 145 147 148 149 153 157 159 162 164 166 168 169 171 177 178 179 181 184 189 192 195 196 201 204 208 209 212 219 225 227 229 231 233 235 245 
93 339        3 6 8 11 17 23 24 26 30 32 36 37 40 41 45 46 52 55 59 68 73 78 81 89 92 94 96 99 105 112 113 115 117 122 132 134 136 139 140 147 148 149 150 155 160 173 182 184 185 188 195 197 200 201 207 209 211 215 226 229 232 234 235 238 240 241 243 244 245 249 
94 480        1 7 10 13 15 19 20 24 26 37 39 40 45 47 48 58 62 64 66 67 68 72 73 76 77 81 86 90 93 96 100 101 111 112 113 114 115 125 126 128 130 132 133 135 136 139 140 148 151 164 165 169 175 178 184 185 186 193 196 197 198 201 202 205 207 210 212 215 216 217 226 228 229 230 231 236 237 240 243 245 248 
95 254        2 3 4 6 7 9 17 24 25 26 29 32 35 36 38 39 40 48 52 56 57 59 64 71 74 79 83 84 85 87 89 99 100 102 103 106 109 111 113 115 118 121 122 125 127 139 150 151 152 154 155 156 157 161 177 178 184 186 187 199 203 205 207 208 209 212 217 219 220 221 222 224 226 229 231 232 246 
96 266        5 7 8 12 13 14 19 21 22 23 25 32 36 38 40 41 42 45 46 49 54 55 56 59 65 74 77 83 89 90 93 94 97 102 104 105 118 121 123 125 126 128 129 131 132 134 135 137 139 144 145 151 152 157 159 161 164 168 171 172 174 178 179 180 183 184 187 188 189 195 202 203 207 217 222 225 227 236 238 239 244 246 
97 396        5 6 8 9 12 16 22 23 27 30 33 34 35 38 39 43 52 53 54 55 58 59 60 61 62 63 65 67 68 70 82 88 96 100 104 105 106 107 109 113 118 121 123 124 125 127 128 130 135 140 141 142 144 156 158 162 164 165 166 169 171 173 177 178 179 180 183 186 189 190 195 197 208 213 216 224 225 226 236 237 240 241 242 244 246 247 
98 269        1 4 5 7 17 20 23 26 28 30 31 32 37 39 46 47 49 53 54 55 57 58 60 62 63 65 73 81 82 83 85 87 88 89 106 110 112 121 130 134 138 140 141 146 147 151 152 154 158 166 167 172 174 176 180 183 185 186 187 188 189 192 196 199 203 210 211 216 220 221 222 228 229 230 231 232 233 234 236 243 244 246 
99 335        2 6 11 17 22 23 26 29 30 31 34 36 37 39 40 41 42 44 45 46 47 53 60 61 63 64 66 67 68 70 71 72 84 87 91 92 93 95 101 102 107 108 117 119 122 127 134 135 136 137 139 141 142 144 148 152 153 156 161 162 163 168 171 175 184 186 187 191 192 195 196 203 219 227 234 235 237 241 244 249 
100 404       7 9 23 27 28 31 33 40 42 44 48 52 54 55 56 65 80 82 94 95 97 104 105 107 108 116 118 124 127 129 132 133 136 140 143 144 145 147 158 162 168 169 171 172 176 179 181 184 186 187 188 190 191 195 196 197 199 203 204 210 217 218 228 231 232 233 236 237 240 241 242 244 245 
101 256       1 5 7 9 10 15 16 17 18 19 27 33 41 45 47 50 63 65 66 67 68 73 81 89 91 92 94 99 103 108 112 117 120 122 123 126 128 130 136 142 143 144 147 149 151 152 154 155 156 161 169 170 175 177 179 182 183 185 191 192 197 199 201 203 209 215 217 221 222 226 228 232 236 238 240 241 243 249 
102 340       4 8 12 13 20 22 38 40 47 48 50 52 54 58 60 61 62 65 66 74 76 77 78 85 86 88 92 95 96 99 103 111 112 117 123 124 127 134 135 141 142 144 149 152 155 156 157 158 161 162 163 164 170 171 174 180 183 186 189 191 194 198 200 203 205 207 209 211 215 217 224 232 235 239 240 246 
103 482       3 4 6 9 13 19 21 27 28 38 40 41 44 47 59 60 64 68 73 74 78 80 81 83 84 85 86 88 90 91 95 101 102 107 110 122 126 129 132 135 136 138 139 140 148 150 156 162 167 169 170 171 173 176 180 181 182 189 190 197 201 208 219 220 222 223 225 226 228 230 232 237 242 243 247 249 
104 255       4 8 12 16 23 26 30 31 34 35 36 37 39 50 53 54 56 62 66 67 69 70 73 74 78 79 84 87 92 96 97 100 106 107 109 113 126 137 140 142 144 149 155 157 160 162 163 165 170 176 180 185 188 191 195 202 205 207 217 218 222 223 224 226 227 230 231 233 235 236 240 
105 263       4 9 14 17 19 26 27 28 30 31 37 41 42 52 54 56 57 58 61 62 64 66 69 70 76 77 79 80 81 85 90 93 96 97 100 106 109 110 112 115 116 121 125 128 137 142 143 149 153 158 160 163 165 166 167 169 175 177 181 184 191 195 196 197 198 199 201 209 214 219 229 231 237 238 
106 382       2 7 12 13 15 16 17 18 20 22 26 27 29 36 39 41 46 48 52 53 58 61 66 69 70 73 74 76 78 79 81 86 92 95 97 98 104 105 109 111 120 124 126 131 136 143 151 152 160 167 168 174 175 177 180 186 189 191 196 197 206 207 214 215 216 219 220 221 225 230 231 232 238 243 244 246 
107 298       3 6 7 13 15 17 18 20 28 30 31 32 33 40 45 46 47 57 59 60 63 73 74 75 79 80 84 92 97 99 100 103 104 112 114 115 120 129 132 135 137 139 142 143 144 147 148 151 162 164 168 173 174 177 183 185 188 190 191 196 197 199 202 206 213 216 219 221 227 239 243 248 249 
108 320       3 4 6 8 10 16 20 22 23 28 29 32 34 38 46 47 51 52 53 55 56 58 60 62 68 69 73 75 76 77 86 89 92 99 100 101 110 111 112 113 114 115 117 122 124 126 129 131 137 138 144 146 155 156 159 160 162 168 170 171 173 179 180 183 189 204 205 208 210 211 216 218 224 225 228 236 238 241 242 245 247 
109 408       10 19 21 26 27 28 36 39 46 50 54 55 58 62 64 65 68 71 73 74 80 81 87 90 92 95 97 104 105 106 110 114 116 118 119 125 128 129 131 142 146 147 152 153 154 157 161 169 174 175 178 180 182 190 194 196 198 201 208 211 213 220 222 229 230 232 233 236 238 245 248 
110 267       1 9 10 12 13 16 17 19 23 24 26 28 29 36 38 41 46 52 53 56 57 64 66 68 73 74 83 84 87 88 91 92 98 103 105 108 109 111 112 114 116 117 123 124 127 128 133 141 145 146 147 156 157 159 162 163 169 173 176 179 182 184 186 187 188 191 196 199 204 214 223 232 233 237 241 242 243 245 246 
111 325       4 8 10 12 15 28 29 30 35 36 42 43 44 48 51 54 55 57 58 65 72 73 75 80 85 89 90 94 95 102 106 108 110 117 121 125 129 133 136 138 141 145 149 150 153 156 157 160 167 169 180 186 189 195 197 200 203 208 214 217 220 227 235 236 238 239 240 243 
112 360       5 7 11 12 13 17 18 20 23 24 28 34 36 40 46 50 52 55 59 61 66 67 68 72 75 77 87 88 89 90 93 94 98 101 102 105 107 108 110 116 118 120 121 127 128 129 130 133 134 137 138 150 153 164 165 167 168 172 175 179 181 182 191 194 198 199 202 203 206 207 209 214 221 225 226 227 230 240 241 243 244 246 249 
113 255       2 5 8 12 14 15 16 21 24 25 30 31 34 39 40 42 44 46 47 60 63 66 70 73 76 80 81 83 88 90 93 94 95 97 104 108 115 121 122 127 129 133 143 148 149 152 167 169 170 174 177 181 185 188 192 193 196 204 209 216 219 226 229 234 238 243 246 248 249 
114 385       16 21 25 33 38 39 41 46 51 55 56 57 58 59 60 65 68 69 72 73 79 80 83 92 94 107 108 109 110 117 119 121 122 123 124 129 131 134 150 153 156 159 160 162 163 165 169 173 175 181 183 187 189 192 194 196 198 205 207 213 215 220 221 224 225 232 237 239 241 248 
115 449       1 2 4 5 8 15 26 30 31 35 40 43 44 45 52 55 57 60 66 69 79 80 82 86 88 90 92 93 94 95 105 107 108 113 118 126 131 134 136 139 140 142 144 145 146 153 159 162 163 166 168 173 176 180 186 189 192 194 196 200 208 212 213 217 226 228 234 236 237 240 247 
116 250       1 2 4 9 11 17 26 27 28 33 34 41 43 48 50 51 58 59 61 65 68 70 73 74 78 83 84 85 91 100 105 109 110 112 117 120 123 128 131 141 143 144 147 149 162 163 164 166 167 171 172 177 181 183 186 188 190 193 194 195 201 207 211 213 214 218 227 229 232 235 238 249 
117 301       3 4 10 21 22 26 29 31 32 36 41 45 49 51 53 56 57 61 69 70 72 74 77 81 82 86 87 91 93 99 101 102 108 110 111 114 116 118 121 122 126 133 135 136 140 143 153 157 163 165 170 176 184 189 191 194 196 197 198 202 221 224 228 230 233 235 237 238 241 242 
118 455       1 5 10 12 14 16 23 24 26 30 33 40 41 44 45 46 47 54 59 62 63 65 68 71 74 79 81 88 91 95 96 97 100 109 112 115 117 119 120 122 127 129 136 137 143 146 147 149 154 159 165 166 168 173 176 179 184 186 188 190 191 197 205 208 209 210 217 223 225 227 229 231 233 236 239 240 241 246 247 249 
119 270       3 6 7 8 11 16 19 20 23 24 25 27 31 32 34 35 38 43 50 52 55 57 60 66 68 74 76 79 89 99 109 114 118 123 125 130 133 135 136 140 141 142 143 147 150 151 156 157 171 179 183 184 187 188 192 194 195 199 200 203 208 209 218 220 223 224 227 232 240 247 
120 275       4 15 16 20 21 27 31 32 36 37 61 66 69 71 76 77 81 83 85 86 90 92 101 106 107 112 116 118 125 126 128 131 134 136 138 141 143 144 145 157 159 160 163 165 168 174 175 178 185 196 197 198 200 201 202 203 204 208 211 212 213 218 221 223 225 228 237 239 245 248 
121 396       5 8 13 17 18 20 22 24 26 31 40 42 49 50 51 54 56 61 63 65 66 68 71 76 84 85 89 91 95 96 97 98 105 111 112 113 114 117 122 131 135 140 141 142 146 148 160 172 173 177 180 185 187 188 192 196 199 201 207 212 214 215 219 220 224 227 229 230 231 233 234 235 236 237 239 240 244 248 
122 270       2 6 7 9 19 22 28 30 32 36 38 45 46 47 49 50 53 57 59 62 66 68 72 73 79 82 85 86 91 93 95 99 101 103 108 113 114 117 118 121 125 126 131 136 137 138 141 142 143 147 150 152 153 154 155 161 163 165 168 173 175 180 181 182 185 193 194 197 200 202 203 208 213 214 221 223 227 231 235 241 243 
123 334       1 8 9 15 27 29 32 34 37 43 45 47 49 50 51 52 53 61 63 70 73 79 80 96 97 101 102 110 114 116 119 125 127 130 136 141 146 150 153 155 156 163 164 169 170 172 173 176 178 179 182 186 190 192 193 197 199 202 204 207 208 209 210 211 218 221 222 223 224 229 231 232 238 239 246 249 
124 450       6 7 11 17 24 25 26 27 30 38 40 41 42 46 47 54 60 63 66 70 74 76 78 83 85 97 100 102 106 108 110 114 127 130 143 144 151 152 155 156 158 162 167 169 173 178 181 182 186 188 190 198 199 200 203 206 208 211 213 214 224 228 230 236 238 239 240 246 248 249 
125 273       3 6 16 17 18 19 21 26 34 36 40 42 46 50 51 55 57 58 64 65 81 83 84 88 90 94 95 96 97 105 109 111 119 120 122 123 127 129 131 133 137 139 145 147 148 150 152 153 154 162 163 167 171 174 182 188 189 195 199 202 213 214 217 218 220 222 234 238 239 240 244 246 248 
126 277       15 17 20 24 25 28 30 31 34 36 37 40 55 57 58 63 64 65 72 80 81 87 92 94 96 101 103 104 106 108 115 117 120 122 130 136 141 143 144 145 146 151 153 157 162 166 172 178 181 185 188 189 195 196 201 212 213 219 232 235 247 
127 371       1 3 8 10 11 12 15 16 17 22 27 35 37 39 41 44 46 50 51 52 53 55 62 64 68 73 74 75 76 79 80 81 84 85 88 90 92 95 97 99 100 102 110 112 113 118 123 124 125 129 131 132 137 138 140 146 151 152 158 160 162 164 169 176 177 179 182 183 188 190 207 209 211 214 223 230 234 235 236 238 239 
128 258       6 7 8 14 20 24 26 32 34 38 40 41 43 45 47 49 50 52 53 55 57 60 61 62 80 82 86 88 91 92 94 96 97 101 105 109 110 112 116 120 132 141 147 152 153 154 157 164 165 177 179 181 191 193 194 199 202 204 205 208 210 211 212 214 220 221 222 225 226 227 229 235 239 241 246 249 
129 371       1 3 8 9 10 12 15 31 32 34 35 38 40 41 48 52 55 58 60 63 75 78 85 88 96 100 103 107 108 109 111 112 113 114 118 125 127 130 131 132 133 135 138 144 146 147 148 157 159 160 170 173 174 186 188 189 192 195 196 198 201 202 203 205 210 215 223 227 230 232 238 242 243 244 247 
130 362       7 8 11 14 18 21 27 30 31 34 36 37 38 44 46 47 48 52 53 58 60 64 65 66 67 71 72 73 74 78 79 80 81 86 92 94 97 98 101 112 119 123 124 126 129 132 137 138 147 155 160 163 168 180 189 192 193 195 198 199 200 201 202 205 207 209 214 215 216 220 222 227 228 233 237 239 240 241 242 243 247 
131 275       1 2 3 6 11 13 14 15 17 18 20 26 30 31 35 36 41 46 47 57 58 59 60 64 66 69 71 73 80 81 82 85 86 88 90 92 96 106 108 109 114 115 116 120 121 122 125 127 129 135 140 141 143 150 152 154 156 158 159 160 177 180 182 183 189 191 193 194 197 206 208 209 211 213 218 219 220 222 225 233 237 238 239 240 241 243 245 248 
132 363       3 4 8 9 16 21 22 24 26 28 31 32 33 35 36 38 39 40 42 45 47 49 50 52 56 62 63 64 65 66 67 78 81 85 91 92 93 94 96 100 103 107 127 128 129 130 136 143 144 145 147 150 164 171 173 176 178 181 183 184 187 191 193 197 200 204 209 210 215 216 219 221 223 224 227 230 233 237 246 247 249 
133 378       2 9 11 14 18 19 20 23 24 26 27 29 31 39 40 41 43 44 47 51 54 57 58 61 62 63 65 67 68 69 77 78 84 87 89 94 100 110 111 112 113 117 119 125 129 140 144 146 149 153 155 157 158 161 162 163 165 168 173 174 181 183 189 202 204 209 218 222 223 224 225 227 234 246 
134 275       5 11 15 22 24 28 29 34 35 36 38 40 41 42 43 52 56 58 60 61 62 63 65 66 72 74 75 76 77 82 93 96 98 99 102 112 114 115 120 136 145 151 153 155 157 158 161 164 165 172 175 176 177 179 181 189 190 191 197 204 212 215 216 218 220 221 222 224 232 235 
135 347       3 5 9 10 11 27 30 31 34 36 38 46 59 68 70 71 79 81 82 87 88 92 94 96 97 99 102 103 107 117 119 121 129 131 140 142 149 152 153 157 162 163 171 172 173 175 176 180 187 188 196 198 201 205 207 211 216 219 220 224 225 226 228 229 230 231 239 241 243 248 
136 498       1 2 6 9 10 11 14 21 22 24 26 30 31 36 37 42 51 54 57 69 70 72 78 90 93 94 99 100 101 103 106 111 115 117 118 119 120 122 123 126 132 134 141 144 148 153 155 156 158 164 168 170 172 174 175 176 178 181 183 185 186 194 196 199 202 206 211 216 221 222 227 239 240 
137 250       1 3 4 5 8 11 15 18 20 25 28 36 37 39 42 45 51 52 64 65 66 68 69 72 85 88 90 96 99 104 105 107 108 112 118 122 125 127 130 142 144 150 156 157 158 161 162 163 168 190 192 199 204 209 212 213 215 216 218 219 226 228 232 237 239 
138 252       2 3 5 6 7 12 13 14 17 20 23 26 41 47 48 50 51 52 61 62 63 66 67 68 73 74 76 81 82 83 84 98 103 108 111 112 120 122 127 129 130 139 144 151 154 158 159 162 166 168 177 178 179 183 184 189 190 191 195 196 202 203 208 209 215 222 225 227 230 233 237 243 244 245 248 
139 367       9 11 13 15 37 42 43 46 49 51 53 55 56 61 67 70 72 77 81 84 86 90 92 93 94 95 96 99 103 107 115 125 138 148 149 159 162 168 170 173 174 175 176 178 179 181 182 184 188 190 191 195 200 205 210 212 215 220 221 223 229 230 232 233 241 242 244 246 
140 309       1 3 4 7 8 10 16 20 22 24 26 34 43 44 48 51 54 55 58 59 65 66 68 70 74 77 78 79 86 89 93 94 97 98 100 103 104 115 117 119 121 127 131 133 135 143 148 152 160 165 167 169 170 172 178 179 180 186 188 189 190 191 199 201 208 210 216 226 228 229 246 247 249 
141 324       1 6 9 18 23 33 38 46 50 56 57 60 69 76 77 79 97 98 99 102 110 111 116 119 120 121 122 123 126 128 131 136 147 156 161 168 171 172 178 189 192 197 198 200 212 214 224 226 231 233 235 237 240 243 246 247 
142 481       6 8 12 13 16 17 18 19 23 28 30 37 38 41 51 52 58 60 66 69 71 75 81 84 97 99 101 102 104 105 107 109 115 119 121 122 135 137 144 145 146 149 150 151 160 163 168 169 170 172 173 177 178 184 188 189 191 192 202 203 209 211 222 223 224 226 233 238 244 247 
143 255       5 9 12 14 17 18 21 25 26 30 37 39 45 48 54 56 57 58 61 62 65 67 68 71 72 76 80 83 90 100 101 105 106 107 113 116 117 118 119 120 122 124 126 131 132 140 144 146 148 149 150 151 161 164 170 172 173 176 178 180 181 182 187 195 199 200 204 206 210 211 212 213 221 224 230 231 233 241 
144 264       4 5 7 8 9 11 12 18 19 20 21 22 23 26 28 29 38 44 52 55 57 67 72 79 80 84 96 97 99 100 101 102 104 107 108 115 116 120 124 126 129 132 133 136 137 138 142 143 145 152 154 158 160 174 177 178 183 184 185 187 189 191 193 195 197 199 201 204 206 208 209 211 212 217 220 221 223 228 230 233 236 244 245 246 
145 488       3 6 10 11 15 20 23 26 28 37 40 43 46 49 54 56 59 65 76 85 90 92 96 100 110 111 115 120 125 126 132 134 142 144 146 148 154 156 158 159 169 170 173 193 203 205 207 211 221 222 223 227 229 230 234 237 241 247 
146 253       1 7 13 14 16 18 25 26 28 33 38 40 51 52 55 58 62 64 66 69 77 80 81 83 87 88 89 91 98 108 109 110 115 118 121 123 126 127 129 133 142 143 145 149 153 157 158 165 167 171 174 177 178 181 185 197 199 203 205 207 208 216 218 221 223 224 238 239 240 241 245 
147 259       1 5 8 10 12 13 17 19 24 38 39 43 45 46 57 58 59 66 68 73 75 77 79 84 92 93 98 100 101 107 109 110 116 118 119 122 125 128 129 130 132 141 148 150 151 152 159 163 168 170 171 173 175 177 180 182 183 185 186 188 190 191 193 196 203 208 212 213 214 216 217 220 224 229 237 238 246 247 
148 487       1 6 10 14 15 18 20 21 25 32 34 37 41 44 45 46 48 56 58 62 64 69 76 77 80 82 85 86 89 92 93 94 99 103 107 113 121 125 129 136 139 140 143 145 147 149 150 153 156 157 160 161 165 168 174 178 179 181 184 187 193 194 202 204 209 212 215 219 220 223 227 228 231 233 238 242 244 248 
149 250       7 8 10 13 14 16 17 19 23 25 29 30 34 38 41 46 52 55 59 61 63 65 66 70 71 79 82 90 92 93 101 102 104 105 111 113 116 118 133 135 139 142 143 146 148 156 174 182 183 185 186 187 191 195 199 203 206 208 210 217 218 219 220 226 227 230 232 235 245 248 
150 263       7 11 12 15 20 27 28 33 34 36 38 39 41 43 46 50 52 55 59 69 75 78 83 84 93 95 103 111 112 114 119 122 123 125 131 132 137 142 143 147 148 159 162 164 168 179 180 183 187 188 191 192 193 198 206 208 210 212 213 217 219 222 224 232 234 236 246 
151 366       1 6 10 11 12 14 16 17 24 27 29 31 34 35 36 40 42 46 50 54 62 63 64 65 69 74 80 81 84 86 87 88 91 94 95 96 98 101 106 107 119 124 126 127 134 138 142 143 147 152 154 156 167 171 175 176 179 187 194 204 208 209 213 217 218 219 220 225 232 238 241 248 
152 300       1 3 7 8 9 11 13 24 25 26 31 32 35 36 41 43 45 47 50 53 55 56 64 65 67 68 70 73 80 81 85 86 88 90 95 96 98 99 101 102 106 109 113 122 124 125 127 128 131 135 140 144 147 151 153 156 160 166 170 171 174 175 179 183 184 185 193 194 205 212 216 217 218 219 220 222 223 229 231 233 235 237 238 242 246 249 
153 334       5 14 19 20 21 38 46 52 58 60 61 63 65 70 71 73 75 78 79 80 84 86 87 88 91 92 99 105 109 111 112 114 115 117 122 123 125 126 128 133 134 135 136 146 148 152 157 162 166 167 168 173 178 179 180 184 185 187 190 196 199 207 208 212 213 214 223 224 225 231 234 238 240 241 246 247 248 249 
154 355       1 3 10 12 17 18 19 21 32 33 34 35 37 38 51 52 55 59 68 72 73 74 78 95 98 101 109 118 122 125 128 131 138 144 145 151 156 157 160 161 163 170 172 174 175 180 181 182 183 190 202 204 208 209 210 211 214 219 220 225 226 228 229 234 235 238 240 242 244 248 
155 319       1 7 14 18 22 26 27 28 29 31 32 36 37 39 44 57 58 59 61 71 73 80 81 90 93 95 101 102 104 108 122 123 124 130 133 134 136 162 170 171 174 175 176 183 184 187 200 204 208 209 213 214 215 228 231 235 239 240 241 242 243 247 249 
156 326       5 6 8 10 11 12 13 15 18 19 23 25 26 27 28 29 31 32 37 38 40 44 53 58 59 63 65 66 69 74 75 80 82 83 85 89 95 97 99 101 102 103 108 110 111 114 119 123 124 131 136 137 141 145 148 149 151 152 154 160 161 162 165 180 182 183 185 192 198 199 206 207 210 211 212 213 214 215 216 219 221 223 228 232 238 239 243 246 247 
157 403       2 5 7 14 24 36 39 40 45 48 59 63 68 71 74 82 84 85 86 92 95 96 102 104 109 110 111 117 119 120 126 128 129 133 134 135 137 146 148 153 154 159 160 161 166 167 171 176 180 181 186 192 199 200 202 203 207 212 215 218 220 221 222 227 228 232 235 236 237 238 243 244 246 249 
158 254       1 2 4 5 11 16 20 22 24 27 31 45 46 52 56 57 59 61 65 67 69 70 74 86 90 97 98 100 102 105 124 127 131 133 134 136 137 138 144 145 146 164 171 172 173 174 175 177 178 180 184 185 186 192 196 197 199 202 206 207 209 210 212 214 215 217 221 225 227 228 230 231 245 246 248 249 
159 343       4 7 9 11 12 14 18 22 25 30 34 36 45 48 57 58 59 60 67 74 75 81 82 84 85 86 88 92 96 108 110 114 115 118 120 129 131 138 139 145 147 150 157 160 164 171 177 179 181 185 188 189 201 204 207 215 216 223 225 228 230 233 235 238 241 243 247 248 
160 466       2 4 8 12 16 19 36 37 39 40 41 47 49 57 60 66 68 69 73 78 83 87 88 89 90 93 104 105 106 108 111 114 120 121 127 129 130 131 140 142 144 148 152 154 156 157 159 161 163 164 171 183 201 204 205 214 215 217 218 220 223 227 237 245 247 248 
161 259       2 3 5 6 7 8 18 19 20 25 26 28 32 38 40 43 46 47 48 50 51 53 55 62 67 71 72 74 76 78 85 88 91 95 96 99 101 102 109 122 133 134 137 141 143 148 154 156 157 160 165 167 168 182 185 194 195 198 199 205 212 214 215 225 228 234 236 239 242 243 
162 275       1 3 4 5 7 11 15 17 20 23 26 27 34 35 39 40 41 53 57 58 59 62 66 67 68 73 82 89 90 91 92 97 99 100 102 103 104 107 108 110 114 115 116 124 125 126 127 133 135 137 138 139 150 153 155 156 163 168 170 174 176 179 182 184 187 189 193 197 201 203 205 211 212 215 218 219 220 221 225 228 229 232 241 248 
163 402       1 3 5 8 10 20 22 27 31 34 35 37 42 54 58 59 62 63 65 66 67 68 70 72 76 79 86 89 99 102 104 105 110 114 115 116 117 120 122 123 125 130 133 135 137 142 147 154 160 162 166 168 169 170 173 174 180 186 188 192 198 199 202 204 206 211 214 215 218 221 222 225 226 227 229 230 237 240 241 244 
164 278       1 2 4 11 13 16 18 20 21 26 27 35 39 42 46 47 50 52 53 56 59 62 63 64 67 73 75 83 85 92 94 96 97 102 107 112 116 123 127 128 132 134 136 143 150 158 159 160 168 169 171 172 174 177 179 181 185 186 188 189 190 191 204 205 207 208 217 218 219 222 223 224 227 229 233 234 240 241 
165 320       1 2 4 6 7 13 14 19 25 26 30 32 33 40 43 44 49 52 54 55 57 66 70 71 73 76 77 80 81 88 89 91 94 97 104 105 112 114 117 118 120 122 128 133 134 140 146 148 156 161 166 179 181 182 184 185 186 188 189 198 199 205 213 217 221 223 224 225 232 249 
166 459       1 2 3 7 11 12 13 15 20 22 23 27 29 32 33 37 43 45 52 55 60 62 64 68 69 70 71 74 77 82 91 92 97 98 105 115 116 118 126 138 152 153 157 163 165 172 176 177 178 179 180 184 188 190 192 196 198 205 206 212 216 234 235 236 237 245 247 248 
167 266       1 2 3 4 10 11 12 16 22 23 24 25 27 30 32 33 42 53 54 58 59 71 74 76 89 98 103 105 106 111 112 113 116 124 125 140 146 151 153 157 161 168 169 171 172 177 181 183 184 187 190 193 195 198 204 205 208 212 215 216 224 228 239 241 246 248 
168 275       3 5 7 9 12 14 23 26 27 31 32 35 36 37 38 41 43 56 58 63 68 69 70 74 77 78 81 87 90 92 96 99 100 106 107 108 112 115 118 120 122 130 133 136 137 138 139 141 142 147 148 150 153 161 162 163 164 167 170 171 176 183 184 191 194 195 196 201 202 203 206 207 209 216 217 225 229 238 248 
169 395       4 7 11 15 16 23 28 34 35 37 40 41 44 47 49 52 56 57 67 68 69 76 82 88 90 92 94 97 100 101 103 105 109 110 111 113 114 123 124 127 140 142 145 163 164 167 170 173 175 176 179 184 185 189 192 197 204 215 219 220 221 225 227 228 231 232 233 234 237 242 246 247 248 249 
170 254       1 4 10 13 20 26 33 35 37 38 40 41 45 50 58 59 60 64 67 75 77 79 101 102 103 104 108 113 117 123 129 136 139 140 142 143 145 147 152 154 155 162 163 168 169 172 175 179 182 183 188 195 197 202 205 213 218 225 226 232 233 234 244 246 247 
171 351       8 10 19 23 25 28 31 34 42 46 47 49 58 59 62 65 67 68 69 71 80 85 90 91 92 96 97 99 100 102 103 108 116 119 125 132 135 141 146 147 151 152 155 157 158 159 160 164 167 168 176 179 180 184 187 188 198 199 203 207 210 215 216 218 230 231 232 236 239 240 243 248 
172 378       11 16 24 27 29 32 35 36 52 55 61 64 68 74 75 76 81 82 84 88 96 98 100 112 116 121 123 126 134 135 136 140 141 142 143 154 158 164 166 167 170 176 177 190 191 195 199 204 209 215 229 231 234 236 239 243 244 247 248 
173 305       6 13 19 20 29 38 39 45 46 50 52 55 59 60 62 67 69 73 83 85 87 89 91 93 97 103 107 108 110 114 115 118 121 122 123 124 129 132 133 135 139 142 143 145 147 153 158 163 169 174 176 184 190 195 196 198 199 200 202 205 206 207 209 219 221 229 237 242 243 244 246 247 
174 317       3 5 7 9 11 17 18 22 23 26 30 39 41 42 46 48 50 53 54 55 56 58 59 61 63 68 74 75 83 88 96 98 102 106 107 109 113 120 125 129 133 136 139 144 146 148 149 152 154 155 158 162 163 164 173 177 179 180 182 186 187 188 195 199 201 210 212 218 219 230 232 233 239 240 242 243 
175 383       5 10 13 14 20 21 22 24 25 27 28 34 42 43 44 49 55 58 60 61 63 64 70 71 74 76 84 85 91 94 99 101 105 106 109 112 114 120 122 134 135 136 139 147 151 152 154 155 158 169 170 187 188 192 194 201 205 206 207 210 211 219 220 223 225 226 231 232 233 236 238 240 243 246 249 
176 271       4 6 7 8 11 21 25 26 28 29 34 39 45 47 48 49 53 55 57 58 60 63 65 67 68 70 72 80 83 86 88 91 98 100 103 104 110 115 117 118 123 127 132 134 135 136 139 143 151 155 157 162 166 168 169 171 172 173 180 186 192 194 196 197 209 210 220 221 222 223 224 226 227 230 235 238 239 242 244 248 
177 346       1 2 4 8 9 13 15 19 22 27 32 36 47 52 53 54 56 66 69 73 74 75 76 77 82 92 95 97 101 105 106 107 113 116 121 127 128 131 134 138 142 144 146 147 158 159 164 166 167 172 174 178 179 185 188 194 196 203 207 213 215 218 224 227 228 232 233 238 240 243 245 247 
178 406       9 14 15 17 23 28 29 31 32 34 36 41 47 58 61 62 63 64 65 67 68 71 73 76 77 79 82 83 84 87 88 92 94 95 96 97 109 120 123 124 126 132 136 138 139 140 141 142 143 144 146 148 153 158 166 177 180 186 188 190 194 197 199 202 208 211 212 213 216 230 237 238 240 244 245 
179 286       7 11 16 20 23 26 27 34 37 44 46 48 49 53 55 59 60 62 64 65 68 74 78 85 88 90 92 96 97 100 101 108 110 112 118 119 123 127 128 134 138 139 140 148 150 151 152 153 159 162 164 165 166 169 170 171 174 177 184 186 193 197 198 202 204 207 208 211 214 216 219 228 233 234 238 241 246 247 248 
180 308       5 8 13 23 25 27 29 32 34 35 36 37 39 41 48 59 60 63 65 70 72 75 84 86 90 91 96 97 98 102 103 104 106 108 109 111 115 121 122 130 131 135 140 143 147 150 153 154 156 157 158 163 166 171 174 176 178 185 190 198 199 206 208 212 215 216 220 221 223 224 229 231 234 236 237 239 241 242 244 
181 447       3 8 9 11 12 18 19 21 22 24 30 35 36 40 43 50 52 55 66 67 68 69 73 76 80 81 83 91 92 100 103 105 112 113 114 116 122 124 126 128 132 133 134 136 139 143 146 148 154 157 159 164 165 167 182 184 187 196 197 198 199 208 209 217 218 226 232 234 236 243 246 
182 270       5 6 8 9 13 16 19 20 24 25 26 27 28 36 41 42 44 46 47 48 51 53 56 57 59 60 61 69 75 78 84 89 93 101 103 109 110 112 122 123 124 125 127 131 139 143 147 149 154 156 161 162 165 170 174 181 183 185 186 187 193 194 202 206 207 209 213 214 215 216 220 226 240 246 247 249 
183 283       3 5 10 12 13 20 25 29 35 37 43 44 45 46 50 55 60 61 64 74 78 90 91 96 97 98 101 102 107 108 114 116 119 127 131 132 133 136 138 144 147 149 150 152 154 155 156 160 167 168 170 182 185 188 192 194 196 203 204 212 213 214 216 218 221 222 224 227 229 232 236 240 245 249 
184 493       4 6 7 13 14 15 16 20 22 30 34 35 37 41 43 44 50 51 52 54 55 57 60 65 67 71 77 78 82 85 89 90 91 92 93 94 95 96 99 100 105 110 117 118 119 132 138 139 142 144 148 152 153 155 158 162 165 166 167 168 169 171 173 179 181 189 191 198 203 205 207 211 214 216 217 218 219 220 223 228 229 230 232 233 239 240 241 242 
185 251       6 9 11 14 17 21 25 27 28 31 36 48 50 52 57 58 63 71 93 94 98 101 104 107 113 120 121 122 126 136 144 146 147 149 152 153 156 158 159 161 164 165 169 177 180 182 183 186 191 209 210 211 212 215 216 220 221 227 233 236 238 241 242 243 244 245 
186 256       3 5 6 8 9 11 17 24 26 31 32 34 45 46 50 51 66 69 70 71 80 83 87 89 91 94 95 97 98 99 100 102 106 110 111 115 116 118 123 124 129 136 140 147 149 157 158 163 164 165 174 176 178 179 182 185 188 191 193 198 202 203 204 205 208 211 219 220 221 222 225 233 234 238 242 246 249 
187 454       2 3 9 17 21 23 26 29 32 36 42 43 46 47 48 52 53 54 56 57 58 61 71 72 73 74 75 79 82 83 90 95 96 98 99 100 110 114 119 121 132 135 143 144 148 149 150 151 153 155 162 167 171 174 175 181 182 188 190 194 197 198 201 206 209 211 216 218 219 230 232 233 234 235 237 241 242 247 249 
188 267       3 9 13 14 29 30 39 42 43 45 46 47 51 57 61 65 73 79 80 83 93 96 98 100 104 107 110 113 116 118 119 121 124 125 126 127 129 135 139 140 142 147 150 159 163 164 165 166 170 171 174 175 177 178 183 186 187 195 199 208 210 213 214 220 223 226 227 233 235 245 246 248 
189 279       1 4 6 20 22 23 34 35 36 40 42 43 46 47 56 67 75 78 81 84 88 92 96 97 98 102 103 106 108 111 114 115 117 125 126 129 130 131 133 134 138 140 141 142 144 159 162 164 165 169 184 192 196 197 198 203 205 206 210 220 224 227 231 233 234 239 241 248 
190 469       3 7 11 13 16 20 21 23 24 27 29 31 34 35 44 46 47 51 52 55 56 57 58 60 62 64 70 74 75 87 88 90 97 100 103 107 109 116 118 123 124 127 134 137 138 139 140 147 153 154 164 166 167 172 173 178 180 187 191 194 195 196 197 198 204 209 212 214 218 221 222 228 233 237 242 244 246 247 
191 261       2 3 4 8 10 11 12 16 19 20 24 30 34 35 37 40 42 43 45 48 51 86 90 91 99 100 101 102 104 105 106 107 110 112 117 118 128 131 132 134 138 139 140 142 144 147 149 150 164 168 172 184 185 186 190 192 193 194 198 199 201 202 215 221 222 224 227 232 240 241 242 
192 270       1 4 7 13 16 19 21 23 24 26 28 31 33 35 41 43 45 47 48 49 50 58 62 67 73 76 82 88 92 98 99 101 113 114 115 119 121 123 129 130 137 141 142 150 156 157 158 163 166 169 175 176 183 189 191 193 195 202 209 218 227 230 235 236 238 239 244 
193 359       2 14 16 17 18 22 24 32 38 40 42 45 46 50 51 52 62 65 67 71 72 74 75 80 84 91 94 113 116 122 123 128 130 131 132 144 145 147 148 150 152 162 167 179 182 186 191 192 198 207 218 220 221 223 225 228 229 230 231 233 237 241 242 243 245 246 
194 262       3 14 22 25 27 28 31 37 38 39 40 45 48 51 63 67 70 72 73 78 82 83 84 89 102 109 112 114 115 116 117 119 122 128 131 136 148 151 152 161 168 175 176 177 178 182 183 187 190 191 195 196 204 220 221 229 234 235 237 238 239 242 244 245 246 248 
195 379       5 7 24 25 26 27 28 32 33 37 38 42 44 46 51 52 57 58 61 64 70 72 75 79 80 82 88 89 90 91 92 93 96 97 99 100 104 105 111 116 119 125 126 129 130 138 139 143 144 149 161 167 168 170 172 173 174 188 190 192 194 196 204 207 210 213 215 217 222 223 226 233 234 236 237 241 247 
196 402       14 15 16 17 22 27 37 45 46 54 56 62 63 64 66 68 72 74 78 79 86 88 89 92 94 98 99 100 105 106 107 109 110 113 114 115 117 120 121 126 129 135 136 138 147 153 158 166 168 173 176 177 181 183 189 190 194 195 203 204 205 213 220 222 228 229 230 234 237 240 241 243 245 247 248 
197 278       6 8 12 13 15 16 17 18 24 28 32 38 46 47 48 49 50 52 56 61 63 67 69 70 71 77 78 79 80 84 85 89 93 94 97 100 101 103 105 106 107 111 117 118 120 122 123 131 132 134 141 144 146 158 162 169 170 176 178 179 181 187 189 190 206 211 212 216 217 220 221 222 223 227 231 233 239 240 241 243 244 245 249 
198 320       7 8 13 15 16 20 25 27 28 35 39 52 53 57 62 65 68 71 78 82 83 94 102 105 109 112 114 117 120 124 129 130 135 141 150 156 161 163 165 166 167 171 173 179 180 181 184 186 187 189 190 191 193 200 206 207 209 213 219 229 232 234 244 246 249 
199 429       8 12 14 15 18 20 23 26 33 42 43 46 48 51 56 57 61 75 78 80 81 84 95 98 100 101 105 107 110 112 119 121 123 124 125 128 130 136 137 140 143 144 146 149 153 156 157 158 161 163 165 171 172 173 174 178 180 181 188 191 201 203 208 209 211 216 220 221 230 233 235 236 238 242 244 247 
200 254       1 2 3 4 6 14 16 22 23 27 29 31 32 33 35 39 50 53 57 62 65 68 72 73 78 80 81 82 83 88 91 93 102 111 115 119 120 122 124 130 132 139 141 143 155 157 173 198 203 206 212 218 219 220 225 226 236 237 
201 317       2 7 8 13 14 15 17 19 20 21 22 24 27 30 32 35 36 39 40 44 52 56 59 62 65 67 70 75 83 85 86 88 92 93 94 101 103 105 109 116 120 121 126 129 130 135 140 144 159 160 162 168 174 175 187 191 199 203 209 214 215 216 217 221 224 225 235 237 238 240 242 243 245 249 
202 365       6 12 15 16 20 24 27 34 35 42 43 44 45 47 49 51 54 55 61 68 73 74 75 79 81 87 90 91 94 96 104 107 112 117 120 122 123 125 128 129 130 133 136 138 142 148 154 157 158 163 168 170 173 178 179 182 186 191 192 208 212 219 220 224 226 228 234 237 238 239 243 245 248 249 
203 289       8 12 13 16 19 22 23 26 30 31 37 41 42 43 44 46 49 50 54 55 57 63 64 67 68 72 76 77 78 81 84 86 87 89 90 95 96 98 99 100 101 102 111 112 119 120 122 124 129 138 142 145 146 147 149 157 162 168 171 177 183 184 186 189 196 199 200 201 204 208 211 213 215 218 219 220 227 230 233 235 237 238 239 240 244 
204 346       2 4 5 6 7 16 23 24 25 28 31 32 34 37 41 42 48 50 56 61 63 66 74 76 81 84 85 89 91 92 100 108 110 113 120 123 128 132 133 134 137 143 144 148 151 154 155 159 160 163 164 167 169 172 179 183 186 190 194 195 196 203 205 206 209 210 216 218 220 223 224 232 234 243 244 
205 391       5 13 14 16 19 22 25 28 34 36 37 38 42 46 50 53 55 59 66 71 72 75 77 79 80 83 84 85 88 94 95 102 104 108 114 118 128 129 130 135 139 145 146 152 160 161 162 164 165 166 167 170 173 175 184 186 189 196 204 208 209 212 214 215 216 217 218 219 221 226 228 230 235 236 242 243 244 247 
206 264       2 3 4 6 8 9 10 15 19 20 22 24 31 33 34 38 40 43 46 48 49 51 53 54 60 62 65 69 70 76 80 82 83 84 85 87 91 106 107 112 124 131 136 143 144 149 150 156 158 163 166 168 173 175 180 182 187 189 197 198 200 204 211 212 213 220 222 231 232 235 236 237 238 239 244 248 249 
207 345       4 6 11 15 17 18 22 28 32 34 36 45 46 48 49 50 51 53 56 58 63 64 66 77 78 88 89 93 94 95 96 102 104 106 112 114 116 121 123 127 130 135 145 146 153 156 157 158 159 164 168 171 173 175 177 179 182 184 193 195 198 210 213 214 219 221 224 226 229 233 241 242 243 244 245 
208 395       2 4 5 6 8 16 17 20 22 24 31 32 35 36 37 40 41 45 49 55 59 65 68 71 73 77 79 80 81 82 88 90 92 95 97 103 108 109 111 115 118 119 120 122 123 124 128 131 138 140 144 146 147 149 150 151 153 154 155 164 167 178 179 180 181 186 188 199 202 203 205 209 212 217 218 219 220 226 231 238 240 241 242 247 249 
209 286       1 2 11 13 16 17 22 29 31 33 40 42 46 48 49 55 56 60 65 70 71 75 77 82 84 88 92 93 95 101 102 105 112 113 118 119 123 127 130 131 132 133 137 138 142 144 148 151 154 155 158 168 172 173 176 181 182 185 187 190 192 198 199 201 204 205 208 210 211 212 214 216 219 220 222 224 228 233 236 237 238 
210 319       4 5 11 13 16 19 22 25 26 33 37 43 45 50 56 61 62 63 64 65 71 74 77 84 86 94 98 100 108 118 123 128 129 132 139 140 143 149 150 154 156 158 171 174 175 176 185 188 189 195 204 207 209 215 221 224 225 226 227 229 230 236 237 245 246 
211 411       4 6 7 11 14 17 18 24 29 31 33 35 37 38 42 43 45 46 49 51 53 56 57 59 64 67 70 75 76 83 89 91 93 98 102 108 109 116 120 123 124 127 128 131 135 136 142 143 144 145 154 156 162 163 175 178 179 184 185 186 187 197 199 203 206 209 221 222 224 227 228 231 232 246 247 248 
212 276       2 4 6 12 19 26 28 40 43 44 46 48 51 52 56 57 66 67 68 71 72 73 74 80 82 86 88 89 90 92 94 95 115 120 121 126 128 134 137 139 141 143 144 147 148 150 152 153 156 157 158 161 162 166 167 174 178 180 183 185 190 197 200 202 205 206 208 209 213 216 218 219 221 223 224 236 238 239 242 243 247 248 
213 313       1 4 5 10 21 24 27 32 33 41 43 54 55 58 60 61 69 70 72 74 77 78 80 82 85 87 88 89 97 107 109 114 115 116 120 122 124 125 126 131 137 143 147 150 151 153 155 156 165 170 177 178 182 183 188 195 196 198 203 206 207 212 214 215 220 222 226 229 238 239 245 246 247 249 
214 382       6 13 14 15 16 18 24 26 37 40 42 44 47 48 55 57 62 65 76 79 80 81 82 105 106 110 111 112 116 121 122 124 125 127 128 130 141 147 153 154 155 156 158 160 161 163 179 182 183 184 188 190 201 205 207 209 213 221 228 233 237 239 241 
215 293       4 9 10 11 13 14 19 20 23 25 29 31 33 36 37 41 44 46 47 53 56 65 74 77 78 79 82 84 86 89 93 94 101 102 106 114 121 129 130 132 134 137 138 139 148 155 156 157 158 159 160 161 162 163 167 169 171 172 177 180 182 185 191 195 201 203 205 210 213 216 217 218 222 226 228 232 236 240 241 244 246 247 
216 325       2 3 4 6 7 11 14 18 20 24 26 27 28 30 38 40 44 49 50 52 54 58 61 62 63 65 66 68 70 74 77 80 84 86 87 94 97 98 106 107 108 113 130 132 134 135 136 137 140 146 147 152 156 159 166 167 168 171 178 179 180 182 183 184 185 187 197 199 201 204 205 209 212 215 220 223 229 230 231 232 233 
217 378       4 9 16 21 25 29 31 34 36 45 53 54 56 60 62 66 67 70 74 81 82 83 88 89 91 94 95 96 100 101 102 104 111 115 118 125 144 147 149 150 151 152 158 160 164 165 168 181 184 195 197 201 205 208 215 219 220 223 228 232 234 240 245 
218 288       11 16 20 21 30 33 39 43 47 51 62 63 64 68 71 72 73 74 76 79 80 81 85 86 100 104 108 116 119 120 123 125 131 133 134 137 146 149 151 152 157 160 162 163 164 170 171 174 177 181 183 184 187 190 192 193 200 203 204 205 208 212 215 220 222 224 227 228 229 230 232 237 241 244 246 248 249 
219 334       3 5 12 13 14 15 26 31 34 35 36 40 47 50 53 57 61 65 67 69 74 77 79 84 85 89 90 92 95 99 103 105 106 107 113 121 126 131 132 135 137 148 149 150 151 152 154 156 162 164 169 173 174 175 179 184 186 187 198 200 202 203 205 207 208 209 212 217 225 227 239 240 242 248 249 
220 401       1 2 5 6 8 13 17 24 29 30 32 34 35 38 43 44 48 49 52 59 66 71 77 84 85 87 88 89 95 98 103 106 109 111 114 119 121 125 128 130 131 134 135 139 144 147 148 149 151 152 154 157 160 162 169 175 176 180 182 184 185 186 188 189 193 194 196 197 199 200 202 203 204 206 208 209 213 216 217 218 222 224 225 228 230 231 232 235 236 238 239 241 
221 287       1 8 11 13 16 21 24 26 31 34 36 39 49 60 61 66 67 71 74 75 80 83 85 87 90 95 98 101 106 107 112 114 117 120 122 123 128 132 134 136 139 143 144 145 146 156 157 158 162 163 165 169 173 176 180 183 185 186 190 191 193 194 197 199 201 205 207 210 211 212 214 223 225 229 235 241 245 247 249 
222 312       1 2 12 13 17 21 29 31 32 37 40 41 49 55 57 64 72 74 75 78 82 83 84 90 95 96 98 101 103 104 109 123 125 128 130 131 133 134 136 138 142 145 150 152 157 163 164 176 183 186 190 191 195 196 197 206 209 211 213 215 218 220 223 224 231 232 233 237 241 243 244 245 246 248 
223 436       2 7 8 11 12 15 17 23 24 27 43 48 53 58 60 74 82 83 86 88 90 91 103 104 110 118 119 120 122 123 127 129 132 133 139 142 144 145 146 148 152 153 156 159 160 164 165 175 176 180 184 188 193 195 197 204 212 216 217 221 222 234 238 239 240 245 246 248 249 
224 264       2 6 10 11 12 14 16 17 19 24 28 47 49 59 65 73 74 78 80 87 88 95 97 102 104 108 114 117 119 121 123 124 132 133 134 135 141 142 143 146 147 150 153 164 165 167 176 177 180 183 189 191 201 202 204 207 209 210 211 212 218 220 222 230 235 239 241 246 249 
225 300       3 7 10 15 17 18 22 24 25 26 31 32 34 39 45 49 58 61 66 74 77 81 84 90 92 96 97 103 106 108 112 114 118 120 128 131 133 135 138 151 153 154 158 159 161 162 163 165 168 169 170 175 186 193 200 201 210 219 220 221 227 228 235 240 
226 442       4 7 13 17 20 21 22 28 32 36 38 39 40 41 43 46 48 49 52 55 67 68 71 76 82 89 90 93 94 95 97 101 103 104 112 113 115 128 135 137 140 141 142 149 154 163 170 175 176 181 182 188 195 200 202 205 207 208 210 213 215 229 233 235 236 237 239 241 247 
227 250       4 16 19 21 22 23 25 26 27 28 32 33 34 39 40 41 48 49 52 54 55 58 61 63 65 70 71 75 76 78 79 80 86 87 88 92 96 99 104 107 111 112 116 118 119 121 122 128 129 130 132 133 136 138 145 148 149 157 158 160 163 164 169 176 177 183 185 188 189 191 192 197 203 210 211 218 219 225 232 234 235 237 244 245 246 248 249 
228 308       1 2 4 10 11 12 21 23 27 32 42 50 55 58 59 61 63 66 68 82 84 86 87 94 98 100 101 103 108 115 117 120 124 130 135 137 140 144 148 154 155 156 157 158 159 161 162 167 169 177 179 184 190 193 196 202 205 209 211 214 215 217 218 220 225 233 235 236 245 246 248 249 
229 407       4 5 7 12 13 16 18 20 21 23 24 31 32 36 38 41 45 46 47 49 56 64 85 91 92 93 94 95 98 105 109 113 116 118 121 123 128 135 139 140 145 147 152 154 162 163 164 168 172 173 180 183 184 193 194 196 198 207 210 213 216 218 221 226 231 234 235 237 241 242 243 244 248 
230 276       2 7 8 9 14 17 19 21 25 30 33 39 40 45 49 50 52 56 57 61 62 63 65 67 80 86 90 91 94 98 103 104 106 109 112 117 121 124 127 129 132 135 138 139 143 144 145 149 158 159 163 171 174 176 178 184 187 192 193 196 199 203 205 210 216 218 220 224 233 235 236 241 243 244 245 249 
231 317       1 3 5 6 10 13 14 16 20 26 27 32 34 35 36 37 45 46 52 53 58 64 67 71 74 78 86 87 90 92 94 95 98 100 104 105 106 118 121 122 123 135 141 143 148 152 153 155 158 169 171 172 175 180 189 193 197 206 208 211 216 220 222 229 236 237 239 243 244 246 
232 493       1 3 7 8 10 13 14 17 21 23 35 36 40 43 44 47 62 66 70 71 75 82 83 84 85 88 89 93 95 98 100 101 102 103 106 109 110 114 116 119 123 126 129 134 137 139 149 150 151 156 157 162 165 169 170 171 174 175 177 181 183 184 187 191 198 204 206 211 215 216 217 218 220 222 227 234 235 243 246 247 248 
233 252       2 3 6 10 15 21 23 24 28 30 31 32 37 38 39 40 42 44 49 50 52 53 56 57 58 59 61 62 66 70 71 73 74 75 79 81 87 88 89 90 92 98 100 104 109 110 117 118 121 130 131 132 138 139 141 142 143 144 148 152 159 164 169 170 174 175 177 179 184 185 186 187 188 189 190 193 195 197 199 203 207 209 214 216 222 226 228 230 240 247 
234 255       2 4 6 12 16 17 18 22 25 28 31 32 38 40 43 48 53 55 58 60 61 65 66 69 71 75 78 86 93 98 99 113 115 121 125 127 133 145 150 153 154 161 164 166 169 170 172 179 180 181 186 187 189 194 195 196 198 202 204 217 223 227 229 232 235 238 239 
235 464       2 4 8 9 12 15 19 23 26 27 28 31 33 36 42 43 54 57 64 66 67 68 70 71 78 81 82 89 92 93 99 102 104 111 116 117 121 122 126 127 128 134 141 149 152 154 155 157 159 166 176 187 188 192 194 199 201 203 205 206 220 221 224 225 226 227 228 229 230 232 234 236 238 239 243 248 249 
236 261       2 4 10 12 13 15 20 21 23 25 27 32 34 36 39 41 45 46 52 54 55 57 58 60 64 70 74 75 79 82 83 89 91 94 96 97 98 100 101 104 108 109 111 115 118 121 124 127 144 150 157 161 166 171 172 175 180 181 183 185 192 195 199 200 205 206 209 210 212 215 220 226 228 230 231 235 242 246 247 249 
237 275       3 9 13 17 22 23 24 25 31 33 37 40 41 44 46 50 52 63 66 68 74 75 78 79 80 84 85 86 91 94 97 99 100 103 105 110 114 115 117 120 121 130 131 132 137 138 141 145 147 152 157 160 163 166 169 173 178 180 187 190 193 194 195 196 200 201 202 203 206 209 210 214 218 222 226 227 229 231 240 246 248 
238 405       1 4 5 8 14 16 18 21 23 28 30 34 37 40 41 42 43 55 58 69 71 74 75 79 81 82 83 85 87 91 93 96 101 105 106 108 109 111 113 116 117 123 124 125 127 129 131 142 146 147 148 151 152 153 154 156 157 159 168 175 176 177 178 179 185 186 192 194 199 201 202 203 206 208 209 212 213 220 223 234 235 244 245 246 247 249 
239 257       9 10 12 14 15 19 22 29 32 35 39 40 41 43 46 48 50 52 55 60 63 64 66 71 72 73 77 86 96 102 107 111 114 118 120 121 123 124 125 127 128 130 131 135 136 137 146 155 156 161 167 171 172 174 176 180 184 189 192 194 197 202 203 206 212 213 214 219 220 223 224 226 231 234 235 241 248 
240 338       3 6 8 10 11 18 21 28 29 33 34 45 49 50 52 54 62 67 73 75 76 77 80 85 86 89 91 93 94 97 100 101 102 104 111 112 115 118 119 121 124 125 130 131 136 141 146 153 154 155 163 164 171 174 175 177 178 182 183 184 191 196 197 201 203 208 215 217 219 223 225 233 237 245 
241 404       2 4 5 6 8 11 15 16 19 20 27 33 36 37 40 43 44 45 46 47 55 67 70 71 74 75 79 82 83 84 86 89 90 93 97 99 100 101 108 110 112 114 117 118 122 128 130 131 135 139 143 145 146 151 153 155 159 162 163 164 167 179 180 184 185 187 189 191 193 195 196 197 207 208 214 215 218 220 221 222 224 226 229 230 239 244 247 249 
242 262       1 7 11 14 15 16 17 24 28 29 37 39 41 48 57 58 59 60 70 71 75 77 84 89 97 100 103 108 110 117 129 130 139 148 152 154 155 161 169 173 174 176 180 184 185 186 187 190 191 193 194 199 201 205 207 208 212 219 229 236 244 245 
243 334       1 3 4 9 10 12 16 17 21 25 27 29 34 35 37 41 44 51 56 61 62 65 75 78 83 87 89 90 93 94 98 101 103 106 107 110 111 112 113 122 129 130 131 135 138 141 155 156 157 159 161 171 172 173 174 175 177 181 185 193 196 197 201 202 204 205 207 212 222 229 230 231 232 235 244 
244 475       2 4 7 11 12 13 15 24 29 31 34 36 42 45 46 47 50 52 54 56 57 62 67 74 76 78 79 85 87 89 93 96 97 98 99 100 106 112 121 125 129 138 139 142 144 148 154 157 163 170 172 173 176 178 180 185 190 192 194 197 198 199 203 204 205 206 207 215 218 222 227 229 230 231 238 241 242 243 
245 258       1 3 4 9 10 15 18 21 24 28 29 37 39 40 51 52 54 67 72 73 74 77 83 85 91 92 93 94 100 108 109 110 120 131 138 144 146 149 158 160 166 177 178 183 185 188 193 194 196 197 201 202 207 210 213 217 221 222 223 227 228 230 238 240 242 
246 267       2 3 4 9 10 12 21 34 36 42 48 50 52 54 55 58 63 67 69 73 74 76 78 79 81 85 91 95 96 97 98 102 106 110 112 113 118 123 124 125 128 132 133 139 140 141 144 147 150 152 153 156 157 158 167 169 170 173 175 179 181 182 186 188 190 193 194 198 210 211 213 215 218 222 223 224 227 228 231 232 236 237 238 
247 363       3 4 6 10 13 17 23 25 28 30 34 35 42 45 46 47 48 52 64 69 70 71 72 76 84 91 97 103 108 115 118 119 126 129 130 132 140 141 142 145 147 153 155 156 159 160 166 169 170 172 173 177 179 182 187 190 195 196 199 205 208 211 212 213 215 221 226 232 233 236 238 241 248 
248 276       1 2 5 11 15 24 26 28 30 32 41 42 43 48 55 56 61 62 65 66 67 74 76 77 79 85 87 89 90 91 94 107 109 113 114 120 121 124 125 131 135 138 148 149 151 153 154 158 159 160 162 166 167 168 169 171 172 176 179 188 189 194 196 202 206 211 212 218 219 222 223 227 228 229 232 235 237 239 247 249 
249 361       1 6 9 11 12 14 16 17 20 21 23 29 35 36 41 44 48 58 59 60 67 69 71 75 80 83 90 93 99 101 103 107 112 113 116 118 123 124 128 132 140 152 153 155 157 158 165 169 175 182 183 186 187 197 198 201 202 206 208 213 218 219 221 223 224 227 228 230 235 236 238 241 248 
