249 1000
1 466         4 6 7 10 12 18 19 23 25 27 28 29 30 34 35 36 37 38 39 40 44 48 51 52 59 60 67 70 76 81 83 87 89 91 92 99 100 103 109 113 116 118 119 122 123 126 129 130 132 133 138 140 141 143 145 152 155 156 158 162 164 167 172 173 175 177 178 181 183 184 186 189 191 192 194 195 196 197 200 201 203 209 210 213 218 221 229 231 233 237 238 242 244 247 248 249 
2 261         7 9 11 16 18 20 21 24 33 35 37 47 51 55 58 60 61 63 64 66 67 71 74 80 81 86 92 94 97 98 99 106 108 113 117 120 122 127 129 130 132 140 141 142 143 148 150 152 153 158 159 164 169 170 174 176 179 180 181 184 190 192 194 195 197 198 199 200 201 202 209 210 213 215 216 220 225 227 228 230 235 236 237 238 241 243 247 249 
3 273         6 7 8 11 18 23 26 31 32 37 39 40 42 45 46 47 51 58 60 63 70 73 74 76 78 79 82 83 84 87 88 89 94 97 98 99 102 103 109 114 121 123 127 128 129 130 133 137 141 146 147 148 149 150 151 153 156 158 160 162 164 168 169 170 172 176 178 182 185 192 194 195 196 202 203 207 209 211 212 213 216 217 218 224 225 227 228 233 237 238 242 245 246 247 248 249 
4 497         1 5 6 8 16 18 20 21 22 26 27 31 32 33 36 37 40 41 43 50 53 54 55 57 58 61 68 73 74 76 78 83 84 85 87 89 91 94 98 100 101 104 105 107 110 111 114 115 116 125 126 127 128 129 134 135 137 140 141 143 144 145 147 148 154 156 158 159 164 170 172 174 178 181 184 186 189 191 193 194 197 202 207 208 210 212 213 214 216 218 219 220 221 225 229 231 232 237 238 241 242 243 245 248 
5 250         4 7 11 13 14 16 18 26 29 30 32 33 34 35 36 42 45 49 55 58 59 60 64 69 71 74 75 76 78 80 84 85 91 94 96 98 102 103 105 109 116 120 121 122 124 126 127 129 133 141 144 145 147 148 150 151 153 159 160 163 165 166 167 169 172 173 178 180 183 184 185 187 192 193 197 200 205 206 207 209 213 214 217 221 222 223 224 225 226 229 231 232 233 234 235 236 240 242 244 245 248 
6 253         1 3 4 7 15 17 28 30 32 34 37 38 39 40 48 52 53 54 55 56 61 62 67 68 70 77 82 87 91 95 96 99 100 102 106 109 113 115 118 119 123 125 127 130 132 134 136 138 144 145 152 153 157 162 164 166 176 177 179 180 183 186 188 189 190 193 194 196 197 200 201 202 206 207 208 209 210 213 214 217 221 224 226 229 230 231 233 234 236 237 240 241 247 248 249 
7 382         1 2 3 5 6 8 10 13 14 16 17 18 21 23 25 30 32 34 35 39 41 42 45 49 54 55 58 66 67 68 71 74 79 81 82 84 86 89 90 92 94 95 96 101 105 107 108 110 117 119 123 124 128 130 132 133 137 148 149 152 155 158 159 162 163 166 169 171 174 175 176 177 178 180 181 183 187 189 190 191 193 201 202 203 205 206 209 211 214 215 221 231 232 233 235 236 238 242 245 247 248 249 
8 308         3 4 7 12 14 16 17 20 25 28 31 34 39 42 45 47 48 50 52 53 58 60 64 66 67 73 74 76 79 82 85 87 88 94 95 101 108 113 117 119 126 130 131 132 133 136 139 141 148 151 152 153 159 161 167 169 170 174 176 179 180 181 186 188 192 194 196 199 203 205 206 208 211 212 213 214 217 221 222 223 224 226 227 229 230 231 234 235 236 238 239 241 244 245 246 247 
9 310         2 18 19 22 28 29 30 32 33 43 45 47 48 49 54 55 56 57 58 65 66 70 71 72 74 76 77 84 86 93 94 96 100 101 102 103 105 108 110 113 114 115 117 118 119 121 129 130 132 135 137 139 140 145 147 148 150 151 154 155 157 159 166 168 169 170 174 178 183 184 186 187 188 189 193 194 197 198 199 200 210 211 213 214 215 217 220 222 226 228 230 232 236 237 238 239 240 242 247 248 
10 424        1 7 11 15 18 19 20 21 22 23 24 26 27 28 30 33 35 42 47 50 51 53 56 57 62 64 65 67 68 70 71 77 79 82 85 86 87 89 90 91 96 97 99 102 103 106 108 113 114 116 117 124 125 126 127 131 133 135 136 137 139 140 141 142 144 145 148 149 151 153 154 155 156 159 160 161 164 166 167 168 169 171 174 178 184 185 187 192 208 209 211 218 220 222 223 227 230 232 235 237 239 243 244 245 247 
11 273        2 3 5 10 12 13 14 15 16 17 18 23 25 27 31 32 33 34 37 38 43 44 45 48 49 50 51 57 58 60 61 64 66 67 70 72 75 80 81 83 85 87 89 90 91 98 101 103 106 107 108 110 113 114 119 123 127 129 131 134 135 138 142 143 144 147 149 150 152 154 155 157 159 161 168 169 170 171 172 173 174 176 177 180 181 184 185 188 192 197 200 202 204 206 207 213 216 218 224 232 234 237 240 241 242 245 247 249 
12 303        1 8 11 13 16 19 20 25 26 31 33 37 46 54 55 56 57 58 62 64 65 66 68 69 70 73 78 81 82 85 86 88 91 92 93 96 97 99 104 106 107 109 112 114 115 116 119 120 122 125 126 127 128 129 131 137 141 146 147 149 151 155 160 161 162 163 170 172 173 175 177 178 179 184 186 188 189 190 191 192 196 197 198 200 206 208 210 213 215 220 222 224 225 227 229 230 232 235 247 248 249 
13 385        5 7 11 12 20 21 22 23 24 28 29 30 31 33 36 43 52 54 55 57 58 59 60 61 63 64 68 69 70 73 74 76 77 78 81 82 86 87 90 91 94 97 101 106 107 108 109 110 117 119 120 123 124 125 126 127 129 131 133 135 136 137 141 143 145 147 148 152 153 156 159 162 164 170 174 177 179 180 183 186 187 189 191 193 196 198 203 204 206 207 212 217 221 222 227 228 236 237 240 241 242 243 249 
14 283        5 7 8 11 17 23 25 28 29 30 31 33 34 41 46 47 52 53 54 56 58 60 62 65 66 69 70 75 76 81 83 84 87 89 90 94 95 96 101 103 107 108 110 114 115 117 119 120 123 130 133 134 139 140 141 148 149 150 151 152 155 158 159 160 162 163 165 170 175 176 179 180 181 186 190 194 197 198 201 203 204 210 214 215 219 220 222 223 224 225 227 231 232 238 241 245 246 249 
15 332        6 10 11 16 17 18 19 26 27 29 31 34 35 36 38 39 40 41 42 43 44 46 47 49 51 54 55 57 59 60 61 63 68 69 80 82 85 87 90 91 98 100 103 107 109 110 111 113 114 115 118 120 124 125 126 127 129 131 132 133 134 135 136 138 148 149 151 152 154 158 160 161 163 165 166 168 169 170 174 176 177 178 181 182 187 188 189 193 204 205 206 209 212 213 215 218 220 225 226 227 228 230 234 235 237 238 239 241 245 248 
16 425        2 4 5 7 8 11 12 15 17 18 22 25 27 28 34 35 36 38 43 46 47 50 54 55 57 58 64 65 66 68 71 72 73 74 80 81 83 84 90 91 92 93 95 96 97 98 101 107 112 113 117 120 121 130 134 136 141 144 147 153 156 160 169 172 175 180 182 183 192 193 195 196 200 202 204 207 208 210 211 213 214 215 220 221 224 225 226 227 229 234 235 237 241 242 243 246 247 248 
17 254        6 7 8 11 14 15 16 18 19 20 24 25 31 33 37 38 41 43 47 49 51 53 55 56 58 64 65 67 76 78 79 80 81 90 91 94 95 97 98 99 105 110 116 120 121 122 127 129 130 131 136 138 140 144 146 148 149 151 153 154 160 163 166 171 175 176 177 178 181 186 187 188 190 196 197 199 203 204 206 208 214 219 221 227 229 230 231 234 236 244 246 
18 321        1 2 3 4 5 7 9 10 11 15 16 17 19 21 25 26 27 32 36 37 40 45 49 52 58 60 62 64 69 73 77 78 88 90 94 95 96 97 99 103 106 107 108 109 111 119 120 128 131 132 133 134 135 137 138 139 140 143 146 148 152 153 154 155 156 160 163 164 169 170 172 176 178 184 187 189 190 193 195 198 199 201 202 215 216 217 218 219 220 223 224 230 232 233 234 235 236 238 241 249 
19 464        1 9 10 12 15 17 18 21 28 30 32 33 35 38 43 44 46 48 51 53 55 56 57 59 60 62 64 65 71 72 77 78 80 81 82 83 85 87 88 90 91 92 102 107 113 114 124 125 129 130 135 136 140 146 149 153 155 160 162 164 165 166 170 171 174 180 181 182 185 188 190 191 193 194 197 199 200 203 204 207 208 211 212 216 217 229 232 239 240 247 249 
20 253        2 4 8 10 12 13 17 22 26 28 29 32 34 37 40 41 42 43 44 46 47 50 51 52 54 56 57 58 59 60 64 65 69 71 73 74 79 82 89 92 94 95 97 100 101 103 104 105 108 109 111 112 114 115 118 119 120 122 124 125 130 136 137 139 141 142 151 153 159 160 162 163 165 166 167 173 175 177 178 181 183 184 185 187 189 191 193 194 198 202 203 205 207 208 211 212 214 217 219 220 222 224 227 232 233 235 237 239 246 
21 283        2 4 7 10 13 18 19 23 24 25 26 27 34 38 39 40 45 49 50 54 55 56 62 63 64 68 71 72 73 76 79 80 81 82 83 85 91 92 93 94 97 98 103 111 113 114 118 120 126 127 129 130 134 135 141 144 145 155 160 161 165 166 173 177 179 181 186 189 191 192 195 198 203 206 211 214 217 221 223 228 230 234 236 241 242 243 247 248 249 
22 443        4 9 10 13 16 20 23 28 29 33 37 45 50 51 52 56 57 59 61 68 69 76 79 80 81 84 85 86 90 92 93 94 96 101 103 104 106 108 109 112 116 118 121 125 127 128 130 131 135 140 141 142 143 146 152 156 157 158 160 163 164 165 166 167 170 171 172 174 178 181 182 183 185 196 200 204 205 206 207 210 213 216 218 227 229 230 235 236 239 240 241 244 245 247 248 
23 258        1 3 7 10 11 13 14 21 22 25 30 33 40 46 48 50 51 52 56 60 62 63 65 66 72 75 76 80 81 87 89 91 92 93 94 95 100 105 106 107 109 110 111 115 126 131 134 135 136 140 145 146 148 150 151 153 155 156 159 160 161 162 163 166 170 171 177 181 187 188 190 199 200 202 204 206 209 211 212 213 218 219 220 222 224 228 229 232 233 235 236 243 248 249 
24 299        2 10 13 17 21 26 30 34 35 36 41 42 46 48 49 50 52 54 56 59 65 67 74 78 79 84 86 88 89 94 97 98 102 105 106 107 112 113 116 121 124 125 127 132 134 138 139 144 145 146 147 148 151 152 154 155 156 158 159 160 161 164 165 166 167 173 174 176 179 183 184 189 191 192 194 195 197 202 204 207 210 214 216 219 221 223 227 228 229 239 240 241 244 247 249 
25 401        1 7 8 11 12 14 16 17 18 21 23 27 29 30 31 33 39 40 42 45 50 51 55 59 60 61 63 70 72 74 78 81 84 87 93 96 98 99 100 101 102 103 105 107 108 110 112 115 116 118 121 124 126 127 131 132 134 140 146 152 153 154 161 163 164 167 169 170 171 175 176 178 179 180 181 184 186 187 188 189 191 192 197 200 202 203 204 205 208 210 213 214 216 217 220 221 222 223 224 225 229 230 232 233 234 236 239 240 244 
26 276        3 4 5 10 12 15 18 20 21 24 27 32 34 38 40 47 56 61 62 63 65 71 75 76 80 83 84 86 87 90 103 111 115 123 130 133 135 136 139 140 142 143 145 150 151 161 165 166 173 175 178 180 190 191 193 195 196 198 203 204 205 206 207 210 212 213 215 216 219 221 224 225 228 230 231 237 238 243 245 246 
27 323        1 4 10 11 15 16 18 21 25 26 28 29 35 43 44 48 49 52 54 56 59 61 62 64 66 67 68 69 71 72 76 77 80 81 84 85 87 90 91 97 99 101 103 104 105 110 111 114 116 117 120 122 124 125 126 129 130 133 134 135 136 138 140 141 142 151 154 155 156 158 162 163 173 174 176 177 178 179 180 183 186 188 189 191 193 194 196 197 199 200 202 203 208 210 214 217 219 220 221 223 224 227 232 234 238 243 245 246 247 248 
28 488        1 6 8 9 10 13 14 16 19 20 22 27 32 33 45 47 49 50 52 53 54 61 62 66 69 70 76 78 79 84 85 89 94 100 102 104 105 106 107 112 113 115 116 119 121 123 124 127 129 133 134 137 138 140 141 143 144 145 147 148 152 153 154 156 157 160 162 164 165 166 167 168 176 177 178 181 184 185 189 192 196 199 200 201 204 205 208 212 218 219 221 222 224 225 228 229 234 235 237 241 242 245 
29 255        1 5 9 13 14 15 20 22 25 27 38 41 42 43 49 51 55 61 63 64 66 71 72 74 76 78 80 81 87 88 91 93 95 96 98 100 101 105 107 109 111 112 113 125 128 138 139 141 148 149 150 151 153 156 157 159 161 164 165 173 175 178 182 184 186 187 192 193 195 196 199 200 202 206 207 208 209 211 213 215 218 220 221 222 223 224 228 229 230 233 238 241 243 245 
30 257        1 5 6 7 9 10 13 14 19 23 24 25 36 37 39 46 48 56 61 63 64 65 68 74 76 78 82 84 89 93 94 95 96 97 102 103 104 105 108 109 110 112 114 115 118 121 129 130 131 133 137 138 142 146 150 151 152 153 156 157 160 162 167 171 172 176 177 179 184 187 188 190 191 192 193 195 196 197 198 200 201 202 205 209 210 213 229 234 237 239 242 245 246 248 249 
31 431        3 4 8 11 12 13 14 15 17 25 33 37 38 39 41 42 45 47 48 49 50 51 55 59 62 66 67 68 70 71 73 76 80 81 82 85 86 87 88 91 97 98 99 104 105 108 109 111 114 117 123 124 125 128 129 130 131 135 136 138 144 145 147 150 152 153 155 156 164 165 171 178 184 185 189 190 192 193 196 198 199 200 202 204 212 213 214 215 217 225 233 234 235 237 238 240 241 245 246 
32 250        3 4 5 6 7 9 11 18 19 20 26 28 41 42 47 48 49 50 52 54 55 57 58 61 63 64 68 69 74 75 76 85 86 90 91 93 95 102 109 112 115 118 120 122 127 129 131 134 135 137 142 143 144 145 151 152 156 164 166 169 170 171 172 175 176 178 181 183 189 190 193 195 199 200 201 202 204 205 206 207 216 217 220 221 223 225 229 235 236 239 243 246 247 249 
33 319        2 4 5 9 10 11 12 13 14 17 19 22 23 25 28 31 36 38 39 43 46 47 52 59 60 68 74 78 79 80 82 84 89 90 91 92 96 99 101 102 107 109 112 115 118 120 124 126 127 128 132 134 136 138 146 147 148 151 153 156 157 158 159 161 167 168 172 180 181 182 183 185 187 188 191 197 201 210 211 215 216 217 219 220 221 225 226 227 231 238 240 241 242 247 
34 460        1 5 6 7 8 11 14 15 16 20 21 24 26 35 38 39 40 46 47 51 53 56 57 58 62 64 65 67 69 70 71 73 74 81 85 86 88 89 92 93 95 96 100 102 103 104 111 113 115 119 125 127 138 139 140 141 145 146 150 154 156 162 163 168 169 174 175 183 184 188 193 201 202 208 209 212 213 214 219 222 223 228 233 235 236 239 243 244 
35 263        1 2 5 7 10 15 16 19 24 27 34 36 37 38 40 46 48 49 51 52 57 58 66 68 72 78 80 83 87 88 90 91 92 94 98 100 102 104 107 109 111 119 120 122 126 128 129 130 131 132 133 139 140 141 146 147 148 151 153 157 159 161 167 172 174 177 179 181 183 185 187 193 195 197 201 206 207 208 211 213 216 217 223 233 234 236 238 241 244 
36 277        1 4 5 13 15 16 18 24 30 33 35 41 44 50 53 55 56 64 71 73 74 75 76 77 78 81 82 84 86 90 91 97 101 105 106 108 113 116 118 120 121 122 123 125 126 127 130 134 139 142 143 145 147 148 149 150 153 155 164 165 167 168 170 171 175 176 178 180 183 185 189 192 193 198 199 202 206 210 212 215 217 218 220 223 226 227 228 235 238 240 242 245 248 
37 381        1 2 3 4 6 11 12 17 18 20 22 30 31 35 38 39 40 42 43 47 48 50 52 53 57 60 61 65 67 68 71 73 74 76 77 78 80 81 87 88 93 97 98 100 106 108 109 114 118 119 120 121 124 125 126 130 132 134 135 137 138 142 143 144 145 147 156 161 162 163 164 165 167 174 175 183 184 185 188 189 191 196 197 198 201 204 206 209 210 212 213 216 218 219 222 225 227 228 229 232 233 234 235 237 240 243 244 246 247 248 249 
38 302        1 6 11 15 16 17 19 21 26 29 31 33 34 35 37 39 44 47 51 56 57 58 60 61 62 65 67 70 72 73 76 80 82 83 87 89 91 92 102 110 115 118 127 130 131 133 141 142 143 145 146 149 150 151 152 153 156 157 161 165 166 167 168 170 174 175 178 181 183 188 189 190 195 203 204 206 212 217 218 221 222 225 229 230 234 236 238 239 240 241 244 245 
39 317        1 3 6 7 8 15 21 25 30 31 33 34 37 38 41 44 45 48 49 51 56 59 60 61 62 68 69 70 74 77 81 82 85 88 89 94 97 98 99 100 101 102 104 105 107 113 116 118 126 128 134 136 143 147 148 149 154 155 156 157 158 162 166 167 169 174 176 179 181 182 186 191 192 193 196 197 198 199 200 201 203 205 206 207 208 209 210 213 217 218 219 221 223 224 225 227 229 232 236 238 239 241 242 244 246 
40 397        1 3 4 6 15 18 20 21 23 25 26 34 35 37 42 43 44 46 47 48 49 53 54 56 57 58 62 66 71 72 73 74 75 76 78 80 83 89 91 92 93 96 97 99 105 107 109 113 114 115 118 120 123 124 125 126 129 131 132 133 137 140 142 143 145 151 153 154 157 164 166 167 176 181 182 183 184 186 187 188 189 196 198 199 200 203 205 207 208 220 228 231 233 237 240 249 
41 260        4 7 14 15 17 20 24 29 31 32 36 39 43 47 48 49 50 53 55 56 59 61 62 64 65 66 67 70 74 75 77 78 79 80 81 84 86 88 89 90 92 95 99 100 102 103 104 107 108 111 113 114 116 117 118 123 125 126 134 135 138 139 140 141 142 144 148 151 152 154 155 164 165 166 168 169 170 171 175 176 180 181 182 186 188 190 192 193 198 200 201 204 205 206 216 218 223 224 225 226 227 231 232 233 240 241 242 244 247 249 
42 343        3 5 7 8 10 15 20 24 25 29 31 32 37 40 44 48 52 54 56 58 62 68 72 75 83 84 90 91 93 100 103 106 115 116 117 121 124 128 131 134 135 138 141 142 148 149 150 155 156 160 164 165 167 169 171 173 179 183 184 187 188 190 195 196 199 200 202 204 205 207 209 210 211 212 213 214 215 216 217 218 224 226 231 232 236 237 238 242 243 244 245 
43 380        4 9 11 13 15 16 17 19 20 27 29 33 37 40 41 44 48 51 55 57 60 61 65 66 68 69 72 74 75 76 77 79 82 84 85 87 94 99 100 102 103 104 112 114 115 116 119 121 122 123 127 128 131 135 137 140 142 143 144 150 152 153 154 156 158 159 161 162 163 164 165 166 168 170 173 174 175 183 187 197 202 204 216 219 223 228 232 235 239 240 242 243 244 245 248 
44 289        1 11 15 19 20 27 36 38 39 40 42 43 50 60 62 63 64 68 69 70 72 73 76 79 83 85 87 88 90 91 92 100 103 105 108 110 111 112 114 116 118 120 121 126 129 138 139 143 145 148 150 151 152 154 156 158 160 161 162 167 169 170 172 176 178 181 182 183 184 189 190 191 195 196 197 198 199 201 203 204 206 209 210 211 216 219 221 222 223 226 228 231 233 234 235 236 239 243 244 246 247 
45 331        3 5 7 8 9 11 18 21 22 25 28 31 39 46 49 50 51 53 54 55 56 59 60 62 64 66 67 68 69 70 72 74 75 81 82 83 84 86 88 90 92 94 95 96 97 100 107 109 115 116 119 125 126 129 130 135 141 142 143 154 155 171 174 177 183 184 186 191 193 194 196 197 199 200 202 211 220 222 224 225 226 227 228 230 231 233 236 237 239 241 242 243 246 247 249 
46 385        3 12 14 15 16 19 20 23 24 30 33 34 35 40 45 48 49 50 52 55 59 61 63 64 66 68 72 73 74 76 78 83 84 85 86 87 93 95 96 98 99 105 106 111 113 114 116 121 124 125 128 129 131 132 136 139 143 146 151 153 160 161 166 167 178 181 183 185 187 191 192 195 199 202 206 209 210 211 212 214 222 223 224 226 227 228 230 231 232 234 235 236 242 243 245 248 
47 250        2 3 8 9 10 14 15 16 17 20 26 28 31 32 33 34 37 38 40 41 53 54 56 60 65 68 69 70 73 74 75 76 82 83 85 86 89 90 92 93 98 104 107 108 109 111 112 115 117 119 121 123 126 135 137 138 139 140 144 151 152 153 154 155 156 157 160 165 171 172 173 175 176 182 186 187 188 190 191 192 194 196 197 198 200 201 203 204 205 206 209 215 216 218 223 225 229 231 233 236 239 245 247 
48 365        1 6 8 9 11 19 23 24 27 30 31 32 35 37 39 40 41 42 43 46 51 53 55 56 57 58 59 63 65 66 67 73 76 86 87 89 91 95 96 97 99 100 101 102 104 107 108 111 117 118 120 122 123 124 127 128 133 134 140 141 148 150 152 153 154 163 165 170 173 175 177 180 187 190 194 196 205 211 212 215 216 217 219 220 221 227 229 230 232 233 234 235 236 237 240 242 244 245 246 
49 441        5 7 9 11 15 17 18 21 24 27 28 29 31 32 35 39 40 41 45 46 51 52 56 57 61 63 66 68 69 70 73 75 78 80 90 98 104 108 110 118 122 129 130 134 139 141 142 146 151 155 157 163 166 167 169 170 171 173 175 176 177 178 180 181 183 187 188 190 191 195 196 197 198 200 210 212 214 216 217 219 225 227 231 232 234 235 238 239 241 243 245 247 
50 263        4 8 10 11 16 20 21 22 23 24 25 28 31 32 36 37 41 44 45 46 56 57 60 61 62 63 67 71 73 75 77 80 83 93 94 97 100 101 103 104 105 108 110 111 113 114 115 117 119 120 124 125 126 133 134 135 136 144 146 148 149 150 153 160 171 172 174 175 176 179 181 184 186 187 189 192 194 195 196 198 199 202 204 205 208 209 212 213 215 218 222 223 228 229 234 240 242 243 246 248 249 
51 296        1 2 3 10 11 15 17 19 20 22 23 25 29 31 34 35 38 39 43 45 48 49 52 53 55 57 59 62 65 69 72 73 79 80 84 85 87 92 93 94 96 97 100 101 102 103 105 108 111 113 114 115 125 129 133 135 137 139 141 149 153 155 158 162 164 171 175 179 181 182 187 190 191 193 194 196 201 202 203 204 205 211 212 214 217 220 224 225 227 229 232 233 234 235 237 239 242 243 244 245 249 
52 492        1 6 8 13 14 18 20 22 23 24 27 28 32 33 35 37 42 46 49 51 53 54 56 58 59 60 66 68 71 73 74 77 79 81 83 84 88 89 96 97 99 102 105 106 107 112 113 114 116 117 120 126 129 139 140 142 145 150 155 156 159 160 163 168 171 172 175 176 178 182 185 187 188 189 192 193 194 195 215 216 218 223 225 227 228 229 243 244 247 249 
53 253        4 6 8 10 14 17 19 28 34 36 37 40 41 45 47 48 51 52 54 55 56 63 65 66 67 68 70 77 78 86 87 89 90 93 100 103 104 107 108 113 114 115 119 125 126 128 129 131 132 137 141 143 146 151 153 154 156 159 160 166 167 169 171 175 176 178 185 186 187 190 195 197 200 203 205 208 209 210 212 215 216 217 218 219 220 223 224 228 229 231 236 240 242 
54 255        4 6 7 9 12 13 14 15 16 20 21 24 27 28 32 40 42 45 47 52 53 56 57 58 59 60 62 66 73 77 79 84 87 91 95 99 104 105 106 107 108 117 118 119 122 123 125 126 128 132 134 135 136 141 144 152 156 157 158 162 164 165 169 173 175 178 185 187 191 193 194 196 197 201 205 206 207 212 215 220 225 228 231 234 238 239 248 
55 431        2 4 5 6 7 9 12 13 15 16 17 19 21 25 29 31 32 36 41 43 45 46 48 51 53 56 57 58 59 70 72 73 74 76 78 83 88 89 91 92 95 96 97 98 99 101 102 104 105 110 111 112 113 114 115 116 118 123 125 126 127 128 129 130 134 138 139 141 144 147 149 151 153 155 158 162 166 167 172 173 175 177 179 181 182 184 187 189 190 191 194 195 197 200 202 203 206 208 209 214 216 217 218 220 222 225 226 228 231 233 236 237 238 239 241 244 245 248 249 
56 260        6 9 10 12 14 17 19 20 21 22 23 24 26 27 30 34 36 38 39 40 41 42 45 47 48 49 50 52 53 54 55 57 62 63 64 71 72 74 75 76 79 80 81 82 85 86 92 101 102 106 107 108 111 112 114 115 116 117 120 125 129 130 132 134 136 137 138 141 143 148 152 154 155 156 157 162 165 167 170 171 173 174 177 179 181 182 183 184 188 194 195 200 201 205 206 208 210 211 213 215 217 220 222 223 226 230 233 234 236 238 240 242 249 
57 309        4 9 10 11 12 13 15 16 19 20 22 32 34 35 37 38 40 43 48 49 50 51 54 55 56 60 67 71 72 75 82 83 84 88 92 93 95 97 99 100 103 108 110 111 114 115 118 119 120 128 130 135 138 139 142 144 145 146 147 148 152 153 156 157 158 166 167 168 169 170 172 176 178 179 181 183 187 192 193 194 198 199 200 201 202 203 205 207 208 209 210 211 212 213 215 217 218 219 220 223 226 227 228 229 230 236 238 240 242 248 
58 487        2 3 4 5 7 8 9 11 12 13 14 16 17 18 20 32 34 35 38 40 42 48 52 54 55 66 69 70 73 77 83 84 87 90 101 109 113 114 116 118 119 120 121 124 127 128 129 130 132 136 140 142 143 145 149 152 154 156 157 159 161 171 173 176 180 182 185 187 189 191 192 193 195 196 197 199 202 203 205 208 209 214 215 217 218 219 220 221 224 228 230 233 234 236 237 238 240 241 242 243 244 249 
59 255        1 5 13 15 19 20 22 24 25 27 31 33 39 41 45 46 48 51 52 54 55 67 69 72 75 78 80 81 84 86 87 89 92 95 97 98 101 112 113 116 119 126 127 129 130 132 133 134 135 139 140 148 153 155 156 161 162 163 167 169 171 173 175 176 178 180 182 188 189 190 191 192 195 197 198 201 204 207 208 210 211 213 216 217 219 220 221 225 227 229 230 235 243 247 249 
60 258        1 2 3 5 8 11 13 14 15 18 19 20 23 25 33 37 38 39 43 44 45 47 50 52 54 57 61 63 65 66 67 73 74 77 79 82 83 87 88 90 91 92 93 95 96 99 100 102 104 106 109 110 115 120 125 133 136 139 140 141 145 146 147 149 150 151 153 154 157 159 161 166 168 170 174 175 179 182 183 185 187 189 190 191 192 193 195 196 197 200 201 202 204 208 210 213 214 215 221 222 224 226 228 229 230 234 235 236 237 238 240 241 243 244 245 246 249 
61 407        2 4 6 11 13 15 22 25 26 27 28 29 30 32 37 38 39 41 43 46 49 50 60 62 63 64 65 67 68 69 70 81 87 89 94 95 96 97 98 99 102 103 104 110 111 115 118 119 125 128 130 132 135 136 138 141 142 154 159 162 165 166 168 171 172 174 181 182 184 187 189 193 194 196 200 201 204 206 207 208 211 215 216 217 220 221 223 225 228 232 234 235 236 239 240 242 244 249 
62 259        6 10 12 14 18 19 21 23 26 27 28 31 34 38 39 40 41 42 44 45 50 51 54 56 61 67 68 70 71 74 78 81 83 84 86 88 93 100 103 104 106 107 108 112 114 119 123 125 127 131 134 135 138 139 141 144 145 149 150 151 152 155 156 159 168 170 171 172 174 180 181 185 187 188 193 197 198 203 204 206 213 218 223 230 232 237 241 243 248 
63 334        2 3 13 15 21 23 25 26 29 30 32 44 46 48 49 50 53 56 60 61 64 65 67 68 69 71 73 74 79 81 83 85 87 89 90 91 99 100 102 104 105 106 110 111 112 116 117 118 119 120 121 122 123 124 128 129 131 136 140 141 143 144 148 150 153 156 161 162 164 165 166 168 170 172 173 174 175 176 177 178 179 181 184 187 193 194 199 201 205 206 209 213 216 222 229 234 237 238 239 240 241 243 244 
64 480        2 5 8 10 11 12 13 16 17 18 19 20 21 27 29 30 32 34 36 41 44 45 46 56 61 63 65 68 69 70 73 74 77 82 89 90 92 94 97 102 105 108 110 112 113 114 115 116 117 118 119 120 122 124 133 140 141 144 148 150 155 157 161 163 169 170 174 186 188 189 193 196 197 198 200 202 203 206 208 215 216 217 218 223 224 225 232 243 244 245 246 248 
65 255        9 10 12 14 16 17 19 20 23 24 26 30 34 37 38 41 43 47 48 51 53 60 61 63 64 66 72 74 78 80 82 84 85 87 88 89 93 96 98 99 109 110 111 114 115 121 123 125 126 127 132 133 137 143 144 145 148 150 154 156 157 158 161 167 169 172 174 175 176 178 179 180 185 188 191 193 196 198 200 203 207 210 211 212 214 221 224 230 232 238 240 242 246 247 248 
66 265        2 7 8 9 11 12 14 16 23 27 28 29 31 35 40 41 43 45 46 48 49 52 53 54 58 60 65 67 69 73 74 76 77 78 79 80 82 86 92 97 98 103 107 108 112 114 115 117 118 121 123 124 127 128 133 134 135 136 138 140 141 143 146 150 152 158 161 163 165 166 172 173 174 176 178 180 183 184 185 186 192 204 210 211 214 217 219 220 223 227 235 236 237 239 240 241 243 244 
67 428        1 2 6 7 8 10 11 17 24 27 31 34 37 38 41 45 48 50 53 57 59 60 61 62 63 66 68 69 71 72 73 74 76 81 83 84 90 91 92 95 101 102 103 111 112 113 117 120 123 127 131 133 136 137 144 146 147 150 153 157 158 164 167 176 178 180 181 182 184 189 195 201 202 203 204 205 207 210 216 218 220 223 224 225 229 231 232 236 240 242 248 249 
68 279        4 6 7 10 12 13 15 16 21 22 27 30 31 32 33 35 37 39 42 43 44 45 46 47 49 52 53 61 62 63 64 67 69 70 72 73 76 79 80 84 88 89 91 92 93 96 102 103 105 107 109 112 114 116 118 119 120 124 128 132 134 137 138 139 142 143 144 146 148 149 153 156 160 163 165 169 172 181 183 184 186 187 188 191 192 193 194 195 198 200 202 203 208 210 211 212 215 219 220 225 226 232 235 238 240 243 244 246 248 249 
69 293        5 12 13 14 15 18 20 22 27 28 32 34 39 43 44 45 47 49 51 58 59 61 63 64 66 67 68 73 74 75 76 78 81 84 85 87 96 98 100 103 104 106 109 113 118 120 121 125 126 128 133 140 141 142 143 147 148 151 157 158 159 161 162 164 166 167 170 171 174 175 177 178 180 183 184 185 199 209 212 215 216 219 220 221 224 225 226 227 232 234 237 238 243 
70 387        1 3 6 9 10 11 12 13 14 25 28 31 34 38 39 41 44 45 47 49 53 55 58 61 62 64 68 72 73 76 78 79 80 81 87 94 96 98 109 110 113 114 117 121 122 124 126 127 130 132 136 138 140 144 146 149 150 151 152 154 157 159 161 164 169 172 175 176 177 178 184 188 189 192 195 201 204 207 208 209 211 214 219 220 226 229 231 232 236 240 241 242 243 244 247 
71 281        2 5 7 9 10 16 19 20 21 26 27 29 31 34 36 37 40 50 52 56 57 62 63 67 73 75 76 77 80 89 90 91 92 96 98 104 106 107 110 112 117 119 122 125 127 130 133 134 135 136 137 139 147 148 149 153 155 156 157 158 159 167 168 170 171 172 175 176 180 183 187 188 189 191 193 196 198 202 204 206 208 211 213 220 221 224 225 227 230 231 232 234 240 243 
72 332        9 11 16 19 21 23 25 27 29 35 38 40 42 43 44 45 46 51 55 56 57 59 65 67 68 70 73 76 77 78 80 82 83 84 85 87 89 95 98 100 101 102 104 105 107 110 111 112 117 127 128 132 134 136 137 138 140 141 142 143 145 146 147 151 155 164 165 170 174 176 178 183 188 189 192 195 205 209 213 216 218 219 220 221 226 229 237 239 240 242 243 245 249 
73 444        3 4 8 12 13 16 18 20 21 31 34 36 37 38 40 44 46 47 48 49 50 51 52 54 55 58 60 63 64 66 67 68 69 70 71 72 74 75 76 78 80 82 84 87 88 90 91 92 95 97 98 99 102 103 105 107 109 111 115 126 131 132 137 138 140 141 143 145 146 148 149 150 157 160 162 164 166 167 168 169 170 173 177 186 191 192 196 198 200 203 205 207 209 211 213 215 217 223 225 226 228 231 233 237 239 240 241 243 246 248 
74 251        2 3 4 5 7 8 9 13 16 20 24 25 29 30 32 33 34 36 37 39 40 41 43 45 46 47 52 55 56 60 62 63 64 65 66 67 69 73 75 84 86 88 90 91 92 94 97 99 100 102 103 107 108 111 112 113 118 121 123 126 131 134 136 137 139 144 147 148 149 150 151 154 157 160 163 165 168 170 173 177 179 184 188 189 190 191 192 193 195 196 203 204 211 214 215 216 217 218 219 221 222 223 229 230 235 236 237 238 240 243 244 247 248 
75 305        5 11 14 23 26 32 36 40 41 42 43 45 47 49 50 56 57 59 69 71 73 74 77 78 79 80 82 83 89 91 93 94 98 99 106 108 111 112 116 117 121 124 128 129 130 131 133 134 135 137 138 140 141 143 146 147 153 159 163 164 165 166 167 170 174 175 181 183 184 186 187 190 191 192 195 197 198 200 201 202 203 206 207 210 211 213 214 219 220 224 230 231 232 233 235 237 240 243 244 
76 489        1 3 4 5 8 9 13 14 17 21 22 23 26 27 28 29 30 31 32 36 37 38 40 43 44 46 47 48 55 56 66 67 68 69 70 71 72 73 77 79 80 84 86 89 90 95 98 101 103 104 105 107 119 120 121 122 130 131 134 138 139 142 143 146 153 154 160 161 163 164 165 167 169 178 180 181 182 183 184 185 189 190 191 192 193 195 199 207 209 210 211 216 217 218 219 224 226 228 229 231 239 242 243 246 
77 254        6 9 10 13 18 19 27 36 37 39 41 43 50 52 53 54 58 60 64 66 71 72 75 76 80 81 82 83 87 91 92 93 95 96 97 98 100 103 106 107 109 110 118 122 124 127 131 134 137 139 141 144 148 149 150 151 152 156 159 161 164 166 168 170 175 181 183 185 190 192 195 196 201 202 203 204 207 209 214 216 218 219 220 221 223 224 228 231 233 239 243 246 
78 257        3 4 5 12 13 17 18 19 24 25 28 29 30 33 35 36 37 40 41 46 49 53 55 59 62 65 66 69 70 72 73 75 79 80 81 82 85 87 89 91 94 95 98 100 102 103 104 105 106 111 113 114 115 117 118 120 121 122 123 126 128 129 134 135 139 140 150 153 155 158 161 163 164 171 172 175 182 188 189 191 197 203 205 208 216 217 220 223 225 229 230 231 232 235 237 241 243 248 
79 372        3 7 8 10 17 20 21 22 24 28 33 41 43 44 51 52 54 56 60 63 66 68 70 75 76 78 81 88 92 96 101 102 106 107 109 111 113 114 115 118 119 121 122 125 128 130 136 140 141 144 145 150 152 156 159 160 163 165 169 171 173 178 179 185 186 190 194 197 199 201 202 203 204 206 208 209 213 215 216 219 220 221 223 224 225 226 228 230 231 232 233 237 245 246 249 
80 251        2 5 11 15 16 17 19 21 22 23 26 27 29 31 33 35 37 38 40 41 49 50 51 56 59 65 66 68 70 71 72 73 75 76 77 78 81 82 85 87 90 96 97 98 99 100 102 105 108 114 116 118 127 128 132 136 137 139 140 141 143 145 146 151 152 154 157 159 160 161 165 166 167 171 173 175 176 177 181 182 183 184 188 189 190 192 193 194 196 197 206 212 214 215 222 224 227 228 231 235 237 238 239 240 243 244 247 248 249 
81 377        1 2 7 11 12 13 14 16 17 19 21 22 23 25 27 29 31 34 36 37 39 41 45 52 56 59 61 62 63 67 69 70 77 78 79 80 86 87 91 95 98 100 104 108 110 111 113 114 115 117 120 122 123 127 130 135 140 141 143 150 153 154 156 158 162 166 167 169 173 187 191 192 193 200 204 207 208 212 215 216 219 221 223 227 231 232 234 237 239 243 245 246 247 
82 452        3 6 7 8 10 12 13 15 19 20 21 30 31 33 36 38 39 43 45 47 56 57 60 64 65 66 72 73 75 77 78 80 85 87 88 89 91 93 98 100 101 105 108 110 111 114 116 118 121 128 131 132 137 138 140 141 142 143 145 148 152 155 159 162 163 165 167 169 171 175 178 180 181 182 185 190 191 195 196 198 199 201 205 212 213 215 216 220 221 222 223 225 227 229 230 231 233 234 238 239 241 244 245 246 248 249 
83 257        1 3 4 11 14 16 19 21 26 35 38 40 42 44 45 46 47 50 52 55 57 58 60 62 63 67 72 75 77 84 85 88 90 92 95 97 98 102 104 107 109 110 111 112 117 120 121 122 123 124 125 127 129 130 132 133 140 141 142 146 148 152 156 158 159 161 163 168 169 170 171 172 174 176 177 180 181 188 190 191 194 206 212 216 217 220 223 225 226 227 228 233 236 237 239 244 245 246 248 249 
84 291        3 4 5 7 9 14 16 22 24 25 26 27 28 30 33 36 41 42 43 45 46 51 52 54 57 58 59 62 65 67 68 69 72 73 74 76 83 86 90 91 94 95 99 102 105 109 111 116 122 123 128 129 130 131 134 135 141 143 154 156 158 160 162 167 168 171 174 175 178 179 181 185 188 192 194 195 199 200 201 202 207 209 219 220 224 228 237 238 239 240 241 242 243 246 248 
85 428        4 5 8 10 11 12 15 19 21 22 27 28 31 32 34 39 43 44 46 47 51 56 63 65 69 72 78 80 82 83 86 89 93 94 97 98 99 101 105 106 107 109 112 115 116 118 120 122 125 130 136 141 147 148 153 154 155 157 161 165 166 169 170 171 173 174 176 182 190 191 192 196 197 203 206 208 209 210 211 212 213 215 216 218 221 223 224 225 236 240 243 245 246 248 
86 271        2 7 9 10 12 13 22 24 26 31 32 34 36 41 45 46 47 48 53 56 59 62 66 74 76 81 84 85 87 88 91 92 97 98 100 104 108 116 118 119 120 124 127 128 129 132 136 139 140 141 142 146 147 152 159 160 161 162 164 167 168 170 177 179 180 181 182 183 184 186 188 200 202 203 205 206 207 208 217 222 223 226 228 230 231 232 233 237 238 240 244 
87 301        1 3 4 6 8 10 11 13 14 15 19 23 25 26 27 29 31 35 37 38 43 44 46 48 51 53 54 58 59 60 61 63 65 69 70 72 73 77 78 80 81 82 86 88 89 93 96 98 102 104 107 112 113 114 119 120 122 127 128 132 137 139 141 149 150 158 165 166 168 170 171 172 173 174 176 177 178 180 182 183 184 186 190 192 196 197 201 204 207 208 212 217 218 220 221 222 224 225 231 236 238 240 243 245 246 
88 422        3 8 12 18 19 24 29 31 34 35 37 39 41 44 45 52 55 57 60 62 65 68 73 74 79 82 83 86 87 89 93 95 101 103 106 110 112 113 117 119 126 131 132 134 135 137 139 142 151 152 154 155 156 157 162 164 166 168 170 173 174 182 184 185 187 188 189 191 195 198 200 203 204 205 207 209 210 211 213 216 217 218 219 220 225 227 229 231 233 235 236 240 241 243 245 246 
89 253        1 3 4 7 10 11 14 20 23 24 28 30 33 34 38 39 40 41 47 48 52 53 55 59 61 63 64 65 68 71 72 75 76 78 82 85 87 88 90 92 93 94 95 99 100 101 110 113 114 116 118 119 124 127 128 142 144 149 150 157 158 159 163 164 165 167 168 173 175 179 181 186 187 188 189 190 191 196 201 203 210 214 220 221 222 226 230 235 240 243 244 249 
90 325        7 10 11 13 14 15 16 17 18 19 22 26 27 32 33 35 36 41 42 44 45 47 49 53 58 60 63 64 67 71 73 74 76 80 83 84 89 93 96 101 102 104 105 106 107 109 111 114 118 130 131 132 137 139 140 143 144 145 147 150 151 152 153 156 157 159 160 162 163 164 165 167 168 171 172 173 174 177 178 190 193 194 195 197 199 202 203 205 206 207 208 209 210 212 215 216 218 219 220 222 223 225 227 228 229 232 234 235 237 239 243 245 248 249 
91 358        1 4 5 6 10 11 12 13 15 16 17 19 21 23 27 29 31 32 33 35 36 38 40 42 44 48 54 55 60 63 67 68 71 73 74 75 77 78 81 82 84 86 92 96 97 100 101 103 104 107 110 115 127 129 131 132 135 138 143 144 147 149 150 152 153 159 161 167 168 171 172 174 177 184 185 187 188 190 192 193 194 195 196 197 198 199 200 201 203 204 205 207 208 209 218 221 222 223 227 228 230 231 236 242 245 247 248 
92 260        1 2 7 12 16 19 20 21 22 23 33 34 35 38 40 41 44 45 47 51 55 56 57 59 60 64 66 67 68 71 73 74 77 79 83 86 89 91 96 104 106 107 109 110 111 112 115 118 120 122 123 126 127 130 133 134 135 137 146 148 149 152 154 160 161 162 166 167 168 169 171 172 173 174 175 176 177 181 182 183 184 188 191 199 203 206 210 213 217 218 221 224 226 227 228 229 230 232 234 236 237 242 245 247 249 
93 382        9 12 16 21 22 23 25 29 30 32 34 37 40 42 46 47 50 51 53 57 60 62 65 68 75 77 82 85 87 88 89 90 95 98 100 101 103 104 105 112 114 115 116 120 123 128 129 130 136 140 146 150 153 154 156 160 163 164 166 168 170 172 175 177 178 181 190 191 193 196 197 198 203 204 205 206 213 215 216 217 219 224 227 235 236 239 245 247 248 249 
94 497        2 3 4 5 7 8 9 13 14 17 18 20 21 22 23 24 28 30 35 39 43 45 50 51 61 64 70 74 75 78 84 85 89 95 102 104 105 107 108 118 124 126 131 132 134 140 142 145 147 149 151 153 155 157 159 160 161 162 163 166 167 171 172 173 174 178 184 187 194 200 201 203 204 207 210 213 218 219 221 222 228 230 233 234 236 238 239 247 
95 250        6 7 8 14 16 17 18 20 23 29 30 32 34 41 45 46 48 54 55 57 59 60 61 67 72 73 76 77 78 81 83 84 88 89 93 94 103 104 106 108 113 114 118 123 124 125 129 130 133 135 137 146 147 148 151 156 159 162 164 165 170 172 173 177 178 181 185 188 189 191 192 194 195 196 197 206 209 211 215 218 221 222 224 233 234 235 242 243 244 249 
96 253        5 6 7 9 10 12 14 16 18 22 25 29 30 33 34 40 45 46 48 51 52 55 60 61 65 68 69 70 71 77 79 80 87 90 91 92 104 105 106 109 114 117 123 124 126 128 130 132 135 139 151 152 155 160 167 170 171 173 175 176 179 183 186 188 190 193 196 200 201 202 204 206 208 210 215 216 219 220 222 227 228 231 236 238 239 240 242 243 248 
97 382        2 3 10 12 13 16 17 18 20 21 24 27 30 31 36 37 39 40 45 48 50 51 52 55 57 59 61 64 66 73 74 77 80 83 85 86 91 101 103 110 113 116 117 118 122 124 125 128 132 134 136 137 138 142 148 149 150 152 154 155 157 159 165 167 172 174 175 176 189 190 191 193 194 198 199 201 204 205 209 211 218 221 223 226 227 231 235 236 237 238 242 243 244 245 248 
98 306        2 3 4 5 11 15 16 17 21 24 25 29 31 35 37 39 46 47 49 55 59 61 65 66 69 70 71 72 73 75 76 77 78 80 81 82 83 85 86 87 93 100 101 103 108 109 111 115 119 120 126 127 128 129 130 139 144 148 151 153 155 156 160 162 163 164 165 168 170 171 173 174 181 184 189 194 195 196 197 199 202 204 206 210 212 215 216 221 223 225 228 229 231 233 238 241 242 246 248 249 
99 312        1 2 3 6 10 12 17 18 25 27 31 33 39 40 41 43 46 48 52 54 55 57 60 61 63 65 73 74 75 80 84 85 89 100 106 110 112 114 117 119 120 123 124 125 129 131 132 133 138 139 141 150 153 154 155 157 159 161 162 166 167 168 174 176 179 180 181 182 187 190 193 195 198 203 204 205 206 208 211 216 221 222 227 229 235 239 240 243 
100 359       1 4 6 9 15 20 23 25 28 29 34 35 37 39 41 42 43 44 45 48 50 51 53 57 60 62 63 69 72 74 77 78 80 81 82 86 89 91 93 98 99 102 107 108 114 116 120 122 124 125 126 131 132 136 141 146 149 150 152 153 154 155 158 162 164 165 170 179 180 182 183 184 187 189 190 191 192 196 197 202 204 205 207 210 212 214 219 223 225 230 233 234 235 236 237 239 240 246 247 248 249 
101 269       4 7 8 9 11 13 14 16 20 22 25 27 29 33 36 39 48 50 51 55 56 58 59 67 72 76 79 82 85 88 89 90 91 93 97 98 102 103 108 114 117 118 119 121 122 123 124 127 128 129 130 131 132 135 137 144 146 152 153 155 160 162 165 169 172 175 177 181 182 188 189 190 191 192 194 197 198 200 201 203 205 210 212 215 220 221 222 223 229 232 233 235 236 242 244 
102 372       3 5 6 9 10 19 24 25 28 30 32 33 34 35 38 39 41 43 48 51 52 55 56 60 61 63 64 67 68 72 73 74 78 79 80 83 84 87 90 94 100 101 105 106 107 110 114 115 117 119 121 124 125 133 134 139 143 145 147 149 154 156 158 159 160 165 167 169 171 172 174 175 176 177 178 179 181 184 188 194 195 197 203 206 215 218 219 221 222 223 224 225 226 227 228 231 234 238 239 241 243 244 249 
103 409       1 3 5 9 10 11 14 15 18 20 21 22 25 26 27 30 34 41 42 43 44 50 51 53 57 61 62 66 67 68 69 73 74 76 77 78 88 91 93 95 97 98 101 105 108 115 119 120 125 126 127 128 130 131 136 138 142 145 146 147 150 151 152 156 157 164 168 176 177 178 184 185 187 188 189 191 193 194 198 199 201 202 205 206 208 210 211 214 215 216 217 220 222 224 227 229 230 234 238 240 242 247 
104 293       4 12 20 22 27 28 30 31 34 35 39 41 43 47 48 49 50 53 54 55 60 61 62 63 69 71 72 76 78 81 83 86 87 90 91 92 93 94 95 96 107 109 111 113 115 118 124 128 129 136 143 149 153 154 155 156 162 164 167 169 170 171 172 176 177 183 186 190 191 192 196 197 200 201 207 208 211 212 213 215 216 217 218 220 223 224 227 228 229 231 233 235 236 237 241 242 243 244 247 249 
105 298       4 5 7 9 17 20 23 24 25 27 28 29 30 31 36 39 40 44 46 50 51 52 54 55 63 64 68 72 73 76 78 80 82 84 85 90 93 94 96 102 103 106 113 117 118 125 129 130 132 133 136 137 139 141 151 153 155 159 161 166 173 174 175 177 180 183 185 186 188 191 194 197 201 217 218 223 225 227 229 231 238 239 240 241 243 249 
106 491       2 6 10 11 12 13 18 22 23 24 28 36 37 42 46 52 54 56 60 62 63 69 71 75 77 78 79 85 88 90 92 95 96 99 102 105 107 110 114 117 121 122 124 125 127 131 134 137 138 140 144 145 146 147 148 150 156 167 168 173 174 175 177 178 180 181 182 186 191 194 196 203 204 209 210 213 221 226 228 229 230 231 235 236 237 238 240 241 245 248 249 
107 252       4 7 11 12 13 14 15 16 18 19 23 24 25 28 29 33 35 39 40 41 45 47 48 52 53 54 56 62 66 68 71 72 73 74 76 77 79 83 85 87 90 91 92 94 100 102 104 106 112 114 115 119 120 122 127 130 132 134 136 137 139 140 144 146 147 149 150 152 153 155 156 157 161 163 166 167 169 171 173 177 178 181 182 188 190 192 193 196 197 200 205 207 208 209 211 212 213 217 222 223 225 229 232 242 243 244 247 
108 257       2 7 8 9 10 11 13 14 18 20 22 25 30 31 36 37 41 44 47 48 49 50 51 53 54 56 57 62 64 66 74 75 80 81 82 86 94 95 98 100 101 103 113 114 118 120 125 129 134 136 138 139 143 146 150 152 155 158 166 173 174 175 180 184 186 188 191 194 195 198 199 200 207 209 210 218 220 224 227 228 229 230 231 233 237 238 239 246 248 
109 434       1 3 5 6 12 13 15 18 20 22 23 29 30 31 32 33 35 37 40 45 47 58 60 65 68 69 70 73 77 79 83 84 85 90 92 96 98 104 112 113 125 126 127 128 129 130 134 136 137 139 142 144 145 148 150 152 153 157 158 164 165 166 167 172 176 177 178 183 184 185 186 188 190 192 193 194 201 202 205 206 207 210 211 213 215 216 218 220 227 230 234 236 237 238 240 242 246 
110 271       4 7 9 11 13 14 15 17 23 25 27 30 38 44 49 50 55 57 60 61 63 64 65 70 71 72 77 81 82 83 88 89 91 92 97 99 102 106 111 114 115 120 122 123 125 134 138 140 141 145 146 149 150 151 153 158 159 171 172 175 181 182 185 186 190 194 195 196 197 206 207 213 215 217 218 222 224 225 227 230 231 242 
111 295       4 15 18 20 21 23 26 27 29 31 34 35 41 44 46 47 48 50 51 55 56 57 61 63 65 67 72 73 74 75 78 79 81 82 83 84 90 92 98 104 110 113 114 115 116 119 120 122 123 129 130 132 133 135 144 149 153 160 163 164 167 168 169 173 177 180 182 185 188 190 193 202 207 208 210 211 214 215 216 220 227 228 229 231 232 237 240 247 249 
112 369       12 16 20 22 24 25 28 29 30 32 33 43 44 47 52 55 56 59 62 63 64 66 67 68 71 72 74 75 83 85 87 88 92 93 99 107 109 114 115 119 123 126 129 130 140 141 143 144 147 148 151 152 154 157 158 167 168 170 174 175 176 177 178 180 181 182 191 195 198 201 203 204 207 209 213 217 218 220 221 222 224 231 232 236 237 239 240 242 244 
113 252       1 2 6 8 9 10 11 15 16 19 21 24 28 29 34 36 39 40 41 46 50 51 52 53 55 58 59 64 67 69 70 74 78 79 81 87 88 89 95 97 104 105 108 109 111 115 116 120 126 127 129 133 136 137 138 141 142 144 145 146 149 151 152 153 154 156 157 158 160 165 166 168 169 172 177 179 180 184 186 188 190 195 200 201 206 208 209 210 215 217 218 219 220 221 222 223 225 227 228 232 233 235 239 240 241 242 244 
114 379       3 4 9 10 11 12 14 15 19 20 21 27 30 31 37 40 41 43 44 46 50 51 52 53 55 56 57 58 62 64 65 66 68 70 78 79 80 81 82 87 89 90 93 95 96 99 100 101 102 106 107 108 110 111 112 117 121 123 125 127 129 131 137 138 141 145 148 150 157 161 165 166 171 173 174 175 178 183 184 188 195 196 199 207 208 209 210 211 215 221 223 227 231 234 235 236 238 240 241 244 246 
115 383       4 6 9 12 14 15 20 23 25 26 28 30 32 33 34 38 40 42 43 45 47 50 51 53 55 56 57 60 61 64 65 66 73 78 79 81 85 91 92 93 98 102 103 104 107 110 111 112 113 116 119 120 122 123 124 129 130 131 133 134 135 137 142 144 147 150 151 152 153 154 159 160 162 166 176 181 182 183 186 188 191 196 197 199 201 204 205 206 209 211 212 213 220 222 227 228 232 233 237 243 244 247 248 
116 288       1 4 5 10 12 17 22 24 25 27 28 36 39 41 42 43 44 45 46 52 55 56 58 59 63 64 68 75 80 82 84 85 86 89 93 97 100 111 113 115 117 123 129 131 132 140 143 148 149 154 155 158 159 160 167 168 169 172 173 176 179 181 187 188 189 190 192 198 201 202 205 207 208 210 212 213 214 215 217 220 223 225 226 234 235 236 240 241 243 244 246 248 
117 329       2 7 8 9 10 13 14 16 27 31 41 42 47 48 50 52 54 56 63 64 66 67 70 71 72 75 78 81 83 88 96 97 99 101 102 105 106 114 116 118 119 125 127 128 131 133 134 136 139 142 144 149 151 154 155 157 164 165 167 168 171 172 174 177 178 179 183 186 189 190 193 195 198 199 201 202 203 204 206 207 212 214 216 217 218 221 224 225 227 230 233 234 238 246 248 249 
118 393       1 6 9 15 20 21 22 25 30 32 33 36 37 38 39 40 41 44 48 49 54 55 57 58 61 63 64 66 68 69 74 77 78 79 80 82 85 86 89 90 92 94 95 97 101 104 105 108 117 120 121 124 125 127 131 132 135 136 139 143 149 153 157 158 159 163 165 166 168 171 172 175 179 181 183 184 185 187 191 193 194 195 197 201 203 211 212 221 223 224 226 227 228 241 242 243 244 247 249 
119 263       1 6 7 8 9 11 12 13 14 18 20 28 34 35 37 43 45 47 50 53 54 57 58 59 61 62 63 64 68 71 76 79 86 87 88 89 98 99 101 102 103 107 111 112 115 117 120 121 126 128 130 131 132 134 135 137 141 142 143 146 148 150 152 153 154 155 157 158 160 161 166 167 168 170 171 172 173 174 176 177 178 181 183 184 186 189 194 196 197 200 202 203 206 209 210 211 212 213 217 218 219 221 223 226 228 229 231 232 234 244 
120 344       2 5 12 13 14 15 16 17 18 20 21 27 32 33 35 36 37 40 44 48 50 52 56 57 58 60 63 64 67 68 69 76 78 81 83 85 86 87 92 93 98 99 100 103 107 108 110 111 113 115 118 119 121 123 124 127 131 137 138 140 142 144 147 149 152 162 163 173 177 182 183 184 189 191 192 194 195 198 206 208 214 219 221 227 228 233 237 240 241 243 245 246 248 
121 438       3 5 9 16 17 22 24 25 28 30 36 37 42 43 44 46 47 58 63 65 66 69 70 74 75 76 78 79 82 83 101 102 106 114 118 119 120 127 128 136 137 138 139 141 143 145 153 154 156 158 159 161 165 166 167 168 170 174 176 177 178 179 180 182 185 189 193 194 197 199 202 204 206 207 209 210 211 214 215 218 219 222 223 225 226 228 232 233 235 237 238 240 
122 259       1 2 5 12 17 20 27 32 35 36 43 48 49 54 63 64 70 71 76 77 78 79 81 83 84 85 87 92 97 100 101 106 107 110 111 115 127 131 134 135 138 140 143 145 147 148 150 151 152 153 156 157 159 160 161 165 166 169 172 175 176 177 178 179 183 184 185 187 190 191 197 200 201 204 206 207 222 224 225 228 229 234 239 243 247 248 249 
123 303       1 3 6 7 11 13 14 26 28 31 36 40 41 43 47 48 54 55 62 63 65 66 67 74 78 81 83 84 92 93 95 96 99 101 110 111 112 114 115 116 120 126 128 130 133 134 136 138 140 141 142 145 148 152 154 156 159 161 163 166 168 172 174 175 178 183 184 186 190 191 192 194 195 199 201 202 209 215 216 217 226 230 231 234 235 236 238 239 240 242 245 
124 451       5 7 10 13 15 19 20 24 25 27 28 31 33 37 40 42 46 48 50 58 63 64 66 68 70 75 77 83 86 89 94 95 96 97 99 100 101 102 104 106 115 118 120 126 129 131 135 141 143 146 147 148 153 154 155 162 163 164 171 174 175 180 183 185 186 193 194 197 198 199 202 203 204 209 211 214 215 216 217 220 221 223 224 226 227 233 235 236 237 238 239 241 245 247 248 249 
125 267       4 6 10 12 13 15 19 20 22 24 27 29 31 34 36 37 40 41 45 46 50 51 53 54 55 56 60 61 62 65 69 71 79 83 85 95 97 99 100 102 103 105 106 108 109 110 114 117 118 128 129 130 131 133 134 135 138 139 141 144 147 148 152 156 157 160 162 163 167 170 172 173 174 178 179 181 187 190 191 192 194 195 197 201 202 204 206 207 208 212 213 217 218 221 222 225 227 229 230 234 236 237 240 243 244 246 248 
126 282       1 4 5 8 10 12 13 15 21 23 25 27 33 35 36 37 39 40 41 44 45 47 50 52 53 54 55 59 65 69 70 73 74 78 88 92 94 96 98 100 103 109 112 113 119 123 124 127 128 129 130 131 132 133 134 138 143 144 149 150 153 155 156 157 160 163 164 165 167 168 169 176 178 179 182 186 187 190 192 193 194 197 198 200 201 202 205 213 217 221 223 229 231 237 244 245 247 248 
127 494       2 3 4 5 6 10 11 12 13 15 17 21 22 24 25 28 32 33 34 36 38 43 48 55 58 59 62 65 66 67 70 71 72 77 80 81 83 86 87 89 91 92 98 101 103 106 107 109 113 114 117 118 120 121 122 126 130 131 132 135 137 138 142 144 147 148 153 154 155 156 157 158 159 160 161 162 167 171 174 175 178 179 181 182 183 185 188 189 190 191 194 195 197 209 212 213 214 216 217 223 224 228 231 232 233 234 236 237 238 242 244 248 
128 252       3 4 7 12 18 22 29 31 33 35 39 42 43 46 48 53 54 55 57 58 61 63 66 68 69 72 75 78 79 80 82 84 86 87 89 93 96 97 98 101 103 104 109 117 119 121 123 125 126 130 131 133 134 137 139 142 143 144 148 154 158 162 163 166 168 172 174 175 176 177 178 179 182 183 185 186 189 190 191 192 195 204 207 210 211 215 218 220 223 225 227 229 230 235 245 249 
129 254       1 2 3 4 5 9 11 12 13 15 17 19 21 27 28 30 31 32 35 40 44 45 46 49 51 52 53 55 56 58 59 63 75 78 83 84 86 91 93 95 98 99 101 104 105 108 109 111 112 113 114 115 116 124 125 126 132 133 134 135 136 138 146 147 149 150 153 154 157 158 159 163 165 167 168 169 170 172 174 178 181 182 184 186 187 193 195 199 202 205 209 211 212 214 217 225 229 232 235 241 242 244 246 247 249 
130 391       1 2 3 6 7 8 9 14 16 17 19 20 21 22 26 27 30 31 35 36 37 38 45 49 55 56 57 58 59 61 70 71 75 76 79 81 83 84 85 90 92 93 95 96 98 101 103 105 107 109 111 112 115 119 123 125 126 127 128 132 133 136 138 139 140 144 145 146 147 148 149 151 154 155 173 177 178 179 180 186 187 188 198 199 207 213 216 219 220 222 225 226 227 229 231 232 234 235 238 240 241 247 249 
131 288       8 10 11 12 13 15 17 18 22 23 25 30 31 32 35 38 40 42 43 46 53 62 63 67 73 74 75 76 77 82 84 88 90 91 94 99 100 101 103 106 114 115 116 117 118 119 120 122 124 125 126 127 128 134 136 141 142 144 145 146 147 150 151 152 158 162 165 167 168 169 170 172 181 182 184 186 188 189 190 192 195 197 198 199 200 201 202 203 206 210 211 212 213 215 216 217 218 219 221 223 225 227 230 231 232 236 238 241 246 247 248 
132 321       1 2 6 7 8 9 15 18 24 25 33 35 37 40 46 53 54 56 58 59 61 65 68 70 72 73 80 82 83 86 87 88 90 91 94 96 97 99 100 101 105 107 111 116 118 119 126 127 129 130 133 136 143 144 147 149 150 154 158 162 163 164 165 167 170 171 173 176 182 184 186 189 191 197 199 206 208 209 210 211 213 215 216 217 218 219 221 222 224 225 227 228 229 231 237 239 240 241 243 
133 376       1 3 5 7 8 10 13 14 15 18 26 27 28 30 35 38 40 48 50 51 59 60 64 65 66 67 69 71 75 83 92 95 99 102 105 111 113 115 117 123 125 126 128 129 130 132 135 138 140 141 142 144 147 151 152 154 155 160 162 165 166 169 171 177 178 181 184 188 190 192 194 195 197 201 204 206 208 211 213 217 220 223 225 226 227 231 233 234 237 242 244 245 247 248 249 
134 264       4 6 11 14 15 16 18 21 23 24 25 27 28 32 33 36 37 39 41 42 48 49 50 54 55 56 59 62 66 68 71 72 74 75 76 77 78 84 88 92 94 97 102 106 107 108 109 110 115 117 119 122 123 125 126 128 129 131 136 137 142 144 147 148 151 152 153 156 158 161 165 166 167 172 175 177 180 181 182 185 186 187 188 189 196 197 200 204 209 215 216 226 227 229 234 239 240 241 242 243 244 245 246 249 
135 360       4 9 10 11 13 15 18 19 21 22 23 26 27 31 32 37 41 42 43 45 47 50 51 54 57 59 61 62 66 71 75 78 81 84 88 91 92 95 96 101 111 115 118 119 122 124 125 127 129 133 136 137 138 140 143 144 148 151 155 156 158 160 161 165 168 169 172 174 175 176 178 179 183 185 188 190 191 193 200 202 204 207 208 209 213 219 221 223 227 228 231 233 240 243 245 246 247 248 
136 499       6 8 10 13 15 16 17 19 20 23 26 27 31 33 39 46 50 54 56 58 60 61 63 66 67 70 71 72 74 79 80 85 86 93 97 100 103 104 105 107 108 109 113 117 118 121 123 129 130 131 132 134 135 138 141 145 151 154 155 156 157 158 161 168 169 170 176 177 178 179 182 183 185 187 189 190 198 199 200 202 204 205 210 211 217 218 222 223 225 227 233 234 236 237 238 239 240 243 245 248 
137 250       3 4 7 9 10 12 13 18 20 28 30 32 37 40 43 47 51 53 56 65 67 68 71 72 73 74 75 77 80 82 87 88 90 92 95 97 101 105 106 107 109 113 114 115 119 120 121 127 128 134 135 140 142 144 146 147 149 151 152 154 158 161 163 166 168 169 170 172 177 181 183 185 189 192 195 198 200 202 205 209 214 216 218 220 222 224 225 226 227 231 234 236 238 244 247 248 
138 251       1 6 11 15 17 18 24 27 28 29 30 31 33 34 37 41 42 44 47 55 56 57 61 62 66 68 70 72 73 75 76 82 91 97 99 103 106 108 110 113 114 120 121 122 123 125 126 127 129 130 133 135 136 139 141 142 144 147 150 151 153 154 157 158 162 164 166 168 170 174 176 178 180 181 183 184 185 187 189 190 192 193 194 199 201 203 205 207 210 212 213 214 216 219 220 221 224 225 228 232 233 237 240 244 245 
139 381       8 9 10 14 18 20 24 26 29 34 35 36 41 44 46 47 49 51 52 55 57 59 60 62 68 71 74 76 77 78 80 86 87 88 90 96 98 99 102 105 107 108 109 117 118 121 125 128 130 138 142 144 146 147 150 151 152 154 156 157 159 160 164 165 172 173 176 177 180 181 185 187 190 193 195 197 198 199 201 202 203 204 206 209 210 211 217 219 226 227 228 229 230 233 235 236 238 246 249 
140 255       1 2 4 9 10 14 17 18 19 22 23 25 26 27 28 34 35 40 41 43 47 48 52 58 59 60 63 64 66 69 70 72 73 75 78 79 80 81 82 83 86 90 93 94 106 107 110 112 116 120 122 123 130 133 135 137 141 143 145 146 147 149 151 153 154 155 157 160 164 166 170 171 178 181 182 185 188 191 193 196 197 199 203 205 207 208 210 216 217 220 221 224 225 229 231 232 233 234 237 239 240 242 246 
141 364       1 2 3 4 5 8 10 12 13 14 16 20 21 22 27 28 29 34 35 38 41 42 45 48 49 51 53 54 55 56 60 61 62 63 64 66 69 72 73 75 77 79 80 81 82 83 84 85 86 87 99 100 105 110 112 113 114 119 121 123 124 125 131 133 136 138 140 142 144 146 148 152 153 157 158 160 162 164 165 168 176 177 180 181 186 189 190 191 193 198 200 202 205 210 211 212 226 227 229 230 231 232 233 234 238 240 245 
142 353       2 10 11 20 22 26 27 30 32 36 37 38 40 41 42 43 45 49 52 57 58 61 68 69 72 76 82 83 86 88 89 94 97 103 109 113 115 117 119 120 123 127 128 131 133 134 137 138 139 141 146 156 158 159 164 165 167 168 169 171 172 173 174 178 181 186 187 195 196 200 203 205 208 213 216 220 221 223 228 229 231 232 233 234 235 236 240 242 244 249 
143 311       1 2 4 11 13 18 22 26 28 32 36 37 38 39 40 43 44 45 46 53 56 58 63 65 66 68 69 72 73 75 76 80 81 82 84 90 91 102 104 108 112 116 118 119 121 122 124 126 128 132 135 140 146 147 148 150 153 154 155 157 160 161 164 165 173 175 177 178 182 187 188 190 192 200 201 203 204 205 207 209 211 212 214 220 227 233 236 237 241 242 245 248 249 
144 336       4 5 6 10 11 16 17 21 24 28 31 32 37 41 43 47 50 54 55 57 62 63 64 65 67 68 70 74 77 79 89 90 91 98 101 106 107 109 111 112 113 115 117 120 125 126 127 128 130 131 132 133 134 135 137 138 139 141 146 149 152 153 155 160 162 163 165 169 173 174 176 177 179 180 187 189 193 194 197 200 209 210 214 217 220 222 225 229 231 232 234 235 236 239 241 243 244 246 248 249 
145 440       1 4 5 6 9 10 13 21 23 24 26 28 31 32 34 36 37 38 40 44 52 57 58 60 62 65 72 73 79 80 82 90 94 102 103 106 109 110 113 114 121 122 123 130 131 136 140 148 150 155 157 159 160 162 164 166 167 168 169 174 175 176 179 182 183 184 187 189 191 192 193 194 197 199 202 203 214 215 216 218 220 223 224 231 232 233 235 236 237 241 242 243 245 247 
146 269       3 12 17 18 19 22 23 24 25 30 33 34 35 38 46 49 50 53 57 60 66 67 68 70 72 73 75 76 80 83 86 92 93 95 100 101 103 106 107 108 110 113 119 124 129 130 131 137 139 140 141 142 143 144 147 149 154 155 157 158 159 162 163 169 171 173 178 179 180 189 191 194 196 201 202 210 212 213 214 215 217 220 222 225 227 228 233 235 236 238 241 243 245 248 
147 291       3 4 5 9 11 12 13 16 24 28 31 33 35 36 37 39 55 57 60 67 69 71 72 74 75 85 86 90 91 94 95 102 103 106 107 112 115 120 122 124 125 127 129 130 131 132 133 134 137 138 139 140 143 146 148 151 152 155 156 157 159 161 163 170 171 172 173 176 178 179 182 187 189 193 199 204 205 209 211 212 213 216 217 218 219 222 226 229 235 238 239 244 245 246 248 
148 457       2 3 4 5 7 8 9 10 13 14 15 17 18 23 24 28 29 33 35 36 39 41 42 44 48 50 56 57 59 63 64 65 68 69 71 73 74 77 82 83 85 92 95 97 98 106 109 112 114 116 119 122 123 124 125 127 128 130 134 135 141 143 145 147 149 151 152 155 162 168 169 172 174 175 176 179 181 185 186 187 190 191 192 193 194 198 199 209 210 212 214 218 219 221 222 225 226 227 228 229 231 235 240 241 242 247 248 249 
149 267       3 7 10 11 12 14 15 17 19 29 36 38 39 42 50 51 55 58 60 62 68 70 71 73 74 77 87 89 91 92 94 97 100 102 104 107 110 111 113 116 117 118 120 126 129 130 132 137 140 144 146 148 150 157 160 166 171 172 175 186 192 196 198 199 201 211 213 216 221 223 226 227 228 230 232 234 238 240 243 244 246 248 249 
150 276       2 3 5 9 11 14 23 26 29 30 31 34 36 38 42 43 44 48 50 52 60 62 63 64 65 66 67 70 73 74 77 78 79 81 87 89 90 91 93 97 99 100 103 106 107 108 109 110 114 115 119 122 126 129 131 132 138 139 143 145 149 151 152 153 155 156 163 166 168 171 172 176 177 180 181 183 184 193 196 199 203 205 207 209 214 215 219 220 221 224 225 234 238 239 241 249 
151 452       3 5 8 9 10 12 14 15 17 20 23 24 26 27 29 30 32 33 35 38 40 41 44 46 47 49 53 55 60 62 69 70 72 74 77 80 88 90 94 95 96 98 103 105 110 112 113 115 117 122 130 131 133 134 135 136 137 138 139 140 147 148 150 162 163 164 171 173 175 177 183 185 187 188 192 195 200 201 203 206 209 212 213 216 221 223 224 226 228 231 234 235 236 237 238 240 249 
152 270       1 2 6 7 8 11 13 14 15 18 22 24 25 28 30 31 32 38 41 43 44 47 48 54 56 57 58 62 66 70 77 79 80 82 83 86 88 90 91 92 96 97 100 101 103 107 108 109 112 113 115 119 120 122 123 125 131 133 134 137 139 141 144 147 148 150 153 154 156 157 161 162 163 165 166 169 174 176 177 178 180 187 188 190 191 193 194 195 196 199 200 202 210 211 214 215 216 221 222 224 225 230 231 232 235 236 238 240 241 249 
153 278       2 3 5 6 8 10 13 16 17 18 19 20 23 25 28 29 30 31 33 35 36 38 40 43 46 47 48 50 51 53 55 57 59 60 63 67 68 71 75 76 78 81 85 90 91 93 94 98 99 100 101 104 105 107 109 110 111 113 115 118 119 121 122 124 126 127 129 134 138 140 141 143 144 150 152 157 163 164 168 169 172 173 176 178 179 181 182 185 189 190 191 197 198 199 202 207 211 213 214 217 219 225 226 228 229 230 231 234 237 239 241 243 244 245 
154 404       4 9 10 11 15 17 18 24 25 27 28 34 39 40 41 43 44 45 47 48 53 56 58 60 61 65 70 74 76 80 81 84 85 88 92 93 97 99 100 102 104 112 113 115 116 117 119 121 123 124 127 128 129 130 132 133 136 137 138 139 140 143 146 152 156 158 164 166 168 170 171 172 174 176 181 182 183 187 189 191 195 200 203 204 206 207 212 214 219 220 225 226 229 231 239 240 243 249 
155 262       1 7 9 10 11 12 14 18 19 21 23 24 27 31 36 39 41 42 45 47 49 51 52 55 56 59 62 64 71 72 78 82 85 88 94 96 97 98 99 100 101 104 105 107 108 116 117 119 124 126 127 130 133 135 136 140 143 144 145 146 147 148 150 156 158 159 165 166 168 169 170 172 176 177 180 188 190 192 193 196 198 200 206 207 212 213 214 219 222 227 228 232 233 235 236 240 241 243 244 245 249 
156 334       1 3 4 10 13 16 18 22 23 24 27 28 29 30 31 32 33 34 37 38 39 42 43 44 47 52 53 54 56 57 58 59 62 63 65 68 71 77 79 81 83 84 88 90 93 95 98 102 103 104 106 107 113 121 122 123 125 126 127 134 135 136 139 142 147 150 152 154 155 159 160 161 163 164 168 173 174 175 177 179 181 183 185 190 192 196 197 199 200 202 203 204 208 209 212 215 216 218 220 221 225 226 228 233 234 238 246 248 
157 398       6 9 11 22 28 29 30 33 35 38 39 40 47 49 54 56 57 58 60 64 65 67 69 70 71 73 74 80 85 88 89 90 94 97 99 103 107 109 112 113 114 117 118 119 122 125 126 127 129 136 138 139 140 141 143 145 146 147 149 152 153 159 161 165 168 169 170 171 172 175 177 178 180 182 184 185 186 190 192 195 198 200 203 210 212 213 214 220 222 228 231 233 234 237 243 244 249 
158 293       1 2 3 4 7 14 15 22 24 27 33 39 43 44 51 54 55 57 65 66 67 69 71 78 81 83 84 87 89 100 102 108 109 110 112 113 116 118 119 121 127 128 129 131 132 134 135 136 137 138 141 142 146 154 155 159 160 162 163 169 174 175 177 179 181 186 188 196 199 200 201 207 215 216 217 220 222 223 224 231 239 248 249 
159 309       2 4 5 7 8 9 10 11 13 14 20 23 24 29 33 35 43 52 53 58 60 61 62 69 70 71 75 77 79 80 82 83 86 89 90 91 94 95 97 99 102 105 110 115 116 118 121 122 123 127 129 139 142 145 146 147 155 156 157 158 160 161 163 170 173 175 177 179 184 185 186 188 189 190 193 196 197 199 200 202 207 208 211 212 213 214 215 216 222 224 226 230 232 235 237 239 241 246 247 
160 360       3 5 10 12 14 15 16 17 18 19 20 21 22 23 24 28 30 42 44 46 47 50 52 53 68 73 74 76 79 80 84 86 90 92 93 94 96 98 101 102 111 113 115 116 119 122 125 126 127 133 135 139 140 141 143 144 145 149 156 158 159 163 164 165 171 172 175 178 179 182 184 188 191 193 197 202 203 208 214 220 221 223 225 226 227 232 233 238 239 241 242 246 247 249 
161 279       8 10 11 12 15 21 23 24 25 26 29 33 35 37 38 43 44 46 58 59 60 63 64 65 66 69 70 76 77 78 80 83 85 86 91 92 94 99 105 107 114 119 121 122 123 127 134 135 136 137 143 147 152 156 157 159 163 164 167 168 169 172 174 177 180 183 184 187 190 197 200 204 207 210 212 213 220 222 223 224 226 227 233 235 237 238 240 
162 361       1 3 6 7 12 13 14 19 20 23 27 28 30 34 37 39 43 44 51 54 55 56 59 61 63 69 73 81 82 84 86 88 90 92 94 95 98 99 100 101 104 115 120 124 125 127 128 131 132 133 138 141 144 145 146 148 151 152 158 164 165 167 168 177 178 183 185 189 191 192 195 198 202 203 208 209 211 215 217 218 222 223 224 227 228 229 232 236 238 241 242 244 248 249 
163 425       5 7 12 14 15 17 18 20 22 23 25 27 34 37 43 48 49 52 59 64 66 68 74 75 76 78 79 82 83 89 90 93 94 98 107 111 118 120 123 124 125 126 128 129 132 137 144 146 147 150 151 152 153 156 158 159 160 161 164 165 173 175 178 187 188 189 194 195 199 204 207 208 211 214 217 218 220 223 224 227 228 234 241 242 245 246 249 
164 284       1 2 3 4 6 10 13 18 19 22 24 25 28 29 31 32 36 37 40 41 42 43 51 54 63 67 69 70 72 73 75 76 77 78 86 88 89 90 93 95 98 100 103 104 109 111 117 124 126 132 138 139 140 141 142 143 145 151 153 154 156 160 161 162 163 167 173 178 181 186 187 192 193 195 196 197 198 199 201 202 204 208 211 212 213 215 216 219 221 223 224 225 227 228 229 232 239 240 243 244 245 247 249 
165 291       5 14 15 19 20 21 22 24 26 28 29 31 36 37 38 41 42 43 47 48 54 56 61 63 66 68 72 74 75 76 79 80 82 85 87 89 90 95 97 98 100 101 102 109 113 114 117 118 121 122 126 129 131 132 133 134 135 139 141 142 143 144 152 155 157 160 162 163 168 170 171 174 176 179 180 181 189 190 192 196 199 200 202 210 211 212 213 216 217 219 221 223 225 227 231 238 240 241 242 249 
166 491       5 6 7 9 10 15 17 19 20 21 22 23 24 26 28 32 38 39 40 41 43 46 49 53 55 57 60 61 63 66 69 73 75 77 80 81 85 87 88 92 93 94 99 105 107 108 109 113 114 115 118 119 121 122 123 128 133 134 137 138 140 145 149 150 152 154 155 167 171 174 175 184 190 191 194 196 199 201 206 207 208 210 212 216 217 218 219 220 221 223 230 233 235 237 239 240 241 243 247 249 
167 251       1 5 8 10 20 22 24 25 28 30 33 35 36 37 38 39 40 42 44 46 49 53 55 56 57 59 65 67 69 71 73 75 76 80 81 82 84 86 89 90 91 92 94 96 97 99 102 104 106 107 109 111 112 116 117 119 121 125 126 127 129 131 132 134 142 145 161 162 164 166 169 170 173 175 176 178 179 181 184 189 190 195 196 198 200 203 210 211 212 213 214 215 216 218 221 222 224 225 226 233 235 238 240 242 244 245 246 247 248 249 
168 258       3 9 10 11 15 28 33 34 36 38 41 43 52 57 60 61 62 63 71 73 74 77 83 84 86 87 88 89 90 91 92 93 98 99 103 106 111 112 113 116 117 118 119 121 123 126 128 129 131 135 136 137 138 141 142 145 148 150 153 154 155 156 157 161 162 165 170 171 174 175 178 180 181 183 186 188 189 192 193 194 205 206 208 209 214 215 216 218 219 223 225 226 228 229 231 232 241 243 245 248 
169 451       2 3 5 7 8 9 10 11 15 16 18 25 32 34 39 41 42 44 49 53 54 57 59 64 65 68 70 73 76 79 81 82 83 85 92 101 102 104 107 111 113 116 122 126 129 131 133 135 136 137 142 144 145 146 148 152 153 155 157 158 161 167 174 175 178 181 185 187 189 191 197 199 202 205 207 208 213 214 216 217 218 219 224 225 227 230 234 236 237 238 243 248 249 
170 272       2 3 4 8 9 11 12 13 14 15 18 19 22 23 25 32 36 38 41 43 44 48 49 56 57 60 62 63 64 69 71 72 73 74 75 77 83 85 86 87 88 93 95 96 98 100 104 112 119 121 125 129 131 132 136 137 138 140 147 154 155 157 159 165 167 168 171 172 174 175 179 180 184 185 189 191 192 193 204 205 208 209 214 216 221 222 224 225 226 229 239 240 243 244 
171 277       7 10 11 17 19 22 23 25 30 31 32 36 41 42 45 47 49 50 51 52 53 56 58 59 61 62 69 71 78 79 80 82 83 84 85 87 90 91 92 94 96 98 102 104 107 110 114 117 118 119 124 127 132 133 140 142 146 147 149 150 151 154 157 160 165 166 168 170 172 176 177 179 181 184 185 186 187 188 193 196 197 198 199 200 202 207 209 210 211 212 214 216 218 219 221 222 223 228 229 231 232 235 241 243 244 246 249 
172 446       1 3 4 5 11 12 16 18 22 30 32 33 35 44 47 50 52 55 57 61 62 63 65 66 68 70 71 78 83 87 90 91 92 93 94 95 97 101 102 104 109 110 113 116 117 118 119 122 123 125 128 129 131 134 135 137 139 142 147 148 149 150 153 154 155 157 160 161 170 171 174 178 179 180 181 182 184 186 188 191 197 199 205 207 211 212 213 215 216 217 220 221 222 224 225 228 229 230 237 239 240 241 242 246 247 248 
173 276       1 5 11 12 20 21 24 26 27 29 42 43 47 48 49 54 55 56 58 59 63 66 73 74 79 80 81 85 87 88 89 90 92 94 95 96 98 105 106 107 108 111 114 116 119 120 125 130 132 139 142 143 144 146 147 151 153 156 159 163 164 167 176 177 182 186 188 189 190 191 192 193 196 198 199 200 202 203 204 205 206 207 208 211 214 216 217 221 224 227 229 230 232 233 234 235 242 243 246 248 
174 278       2 4 7 8 9 10 11 13 15 19 22 24 27 34 35 37 38 39 43 45 50 56 60 61 62 63 64 65 66 69 72 75 83 84 85 87 88 90 91 92 94 97 98 99 102 105 106 108 112 114 117 119 121 123 124 125 127 128 129 135 138 142 144 145 148 152 154 156 158 161 165 166 168 169 170 172 178 180 181 183 184 186 187 188 189 191 195 197 201 204 210 211 212 214 218 220 221 222 224 225 228 231 234 235 236 237 240 242 244 245 248 
175 497       1 7 12 14 16 17 20 25 26 29 32 34 36 37 38 41 43 47 48 49 50 51 52 53 54 55 59 60 63 65 69 70 71 75 77 78 80 82 84 89 92 93 96 97 101 102 105 106 108 110 112 114 118 122 123 124 127 128 134 135 143 145 148 149 151 156 157 158 159 160 163 166 167 168 169 170 182 183 185 186 187 188 190 191 192 194 198 203 206 209 210 211 213 214 217 218 219 222 223 225 226 229 236 241 
176 250       2 3 6 7 8 11 14 15 17 18 24 25 27 28 30 32 36 39 40 41 44 47 49 50 52 53 57 58 59 63 65 66 67 70 71 72 80 83 85 87 92 96 97 99 102 103 104 109 112 115 116 119 121 122 126 128 132 135 136 138 139 141 144 145 147 148 150 152 153 154 155 165 167 171 173 177 181 185 188 189 190 191 192 194 195 197 199 200 207 208 218 220 221 226 228 229 230 232 235 236 237 242 246 248 
177 253       1 6 7 11 12 13 15 17 20 21 23 27 28 30 35 45 48 49 55 56 63 69 70 73 74 80 83 86 87 90 91 92 93 95 101 102 103 104 105 106 107 109 111 112 113 117 119 120 121 122 128 130 133 134 136 137 139 141 143 144 150 151 152 155 156 157 158 159 161 162 171 173 176 178 180 181 185 187 188 189 191 192 193 194 198 205 206 211 212 217 220 222 226 229 230 231 232 234 236 238 239 241 242 243 244 246 247 249 
178 437       1 3 4 5 7 9 10 12 15 17 18 20 22 25 26 27 28 29 31 32 36 38 44 46 49 52 53 54 57 59 63 65 66 67 69 70 72 76 79 82 84 87 90 93 94 95 102 103 106 107 109 112 114 117 119 121 122 123 125 126 127 128 129 130 133 135 136 138 140 142 143 146 147 152 153 157 160 162 163 164 167 168 169 172 174 177 180 181 184 186 188 190 197 200 201 202 203 204 211 212 214 217 218 221 223 227 229 230 231 232 237 239 243 244 246 249 
179 254       2 6 8 12 13 14 21 24 25 27 30 35 39 42 50 51 55 56 57 60 63 65 74 79 84 86 89 96 99 100 102 113 116 117 118 121 122 125 126 127 128 130 135 136 144 145 146 147 148 153 156 158 159 160 165 167 170 171 172 182 184 191 193 196 202 206 207 208 212 213 214 215 218 228 229 230 233 234 236 237 239 241 245 248 
180 309       2 5 6 7 8 11 13 14 16 19 25 26 27 33 36 41 48 49 58 59 62 65 66 67 69 71 76 82 83 86 87 99 100 105 106 108 111 112 113 121 124 130 134 138 139 141 144 146 150 152 155 157 161 165 168 170 172 174 177 178 185 190 191 194 200 205 211 212 216 217 218 221 224 225 228 233 236 238 239 241 242 243 244 248 249 
181 469       1 2 4 7 8 11 14 15 17 19 20 21 22 23 25 28 32 33 35 38 39 40 41 44 46 49 50 51 55 56 57 61 62 63 67 68 75 76 77 80 82 83 84 86 89 92 93 95 98 99 101 102 106 107 110 112 115 116 118 119 125 127 129 131 133 134 137 138 139 140 141 142 148 150 153 154 156 158 164 165 167 168 169 171 172 174 176 177 178 182 190 193 196 197 201 204 211 212 213 214 218 224 225 228 230 232 235 238 239 240 244 245 249 
182 254       3 15 16 19 22 29 33 39 40 41 44 47 51 52 55 56 58 59 60 61 67 76 78 80 82 85 86 87 88 92 99 100 101 106 107 110 111 112 115 120 121 126 127 128 129 131 132 134 136 140 143 145 147 153 154 157 160 172 173 175 179 181 184 186 187 188 193 194 196 198 199 203 211 213 217 222 224 226 227 228 231 232 233 234 238 239 243 244 246 247 249 
183 277       1 5 6 7 9 13 16 20 22 24 27 32 33 34 35 36 37 38 40 42 43 44 45 46 49 56 57 60 66 68 69 71 72 75 76 77 80 86 87 92 96 100 104 105 109 114 115 117 118 119 120 122 123 124 127 128 135 136 137 138 145 150 151 154 156 161 162 168 174 175 184 191 194 196 199 200 201 203 204 207 210 211 212 213 214 217 220 224 226 232 233 237 239 241 242 244 245 247 
184 437       1 2 4 5 9 10 11 12 18 20 24 25 28 29 30 31 34 37 40 42 44 45 50 55 56 61 63 66 67 68 69 70 74 75 76 80 86 87 88 91 92 94 98 100 102 103 108 109 113 114 118 119 120 122 123 129 131 132 133 138 145 150 157 159 160 161 166 167 170 171 172 174 178 179 182 183 188 191 193 194 195 196 197 198 199 200 205 206 207 208 209 210 212 219 221 222 223 225 226 228 231 232 233 235 239 241 245 247 248 249 
185 279       3 5 10 11 19 20 22 28 31 33 35 36 37 46 52 53 54 58 60 62 65 66 69 76 77 79 82 84 88 91 95 103 105 109 110 111 118 121 122 124 127 128 134 135 136 137 138 139 140 148 151 153 156 157 159 162 169 170 171 175 176 177 180 187 189 190 191 192 193 201 204 216 217 218 219 220 221 224 226 227 228 229 232 235 238 240 241 242 243 244 247 249 
186 284       1 4 6 8 9 12 13 14 17 21 25 27 29 39 40 41 45 47 50 53 64 66 68 73 75 79 86 87 89 96 104 105 106 108 109 110 113 115 117 119 123 124 126 128 129 130 131 132 134 141 142 148 149 157 158 159 164 168 171 172 173 174 175 178 182 187 189 196 199 201 202 207 212 215 216 218 219 223 224 225 226 229 230 234 238 242 246 
187 354       5 7 9 10 13 15 17 18 20 23 25 29 30 33 35 40 42 43 46 47 48 49 50 51 52 53 54 55 57 58 60 61 62 63 68 71 75 81 88 89 91 94 99 100 103 116 118 122 125 126 129 130 134 136 138 139 142 143 144 145 147 148 151 152 154 161 163 164 169 171 174 175 177 182 185 186 188 189 196 201 207 212 213 215 217 224 225 229 230 232 235 238 239 240 242 243 244 248 249 
188 311       6 8 9 11 12 15 17 19 23 25 27 30 33 34 37 38 40 41 42 47 49 52 56 59 62 64 65 68 70 71 72 74 78 80 83 84 86 88 89 91 92 95 96 101 102 103 105 107 108 109 111 113 114 115 116 127 130 131 133 134 135 140 143 151 152 155 158 159 160 163 168 171 172 173 174 175 176 177 178 182 184 187 190 191 192 193 194 198 199 203 206 207 208 211 212 214 219 220 223 224 225 226 229 230 232 233 234 239 242 243 247 249 
189 335       1 4 6 7 9 12 13 15 18 20 21 24 25 27 28 31 32 36 37 38 40 44 50 52 55 58 59 60 61 64 67 70 71 72 74 76 78 80 88 89 95 97 98 100 101 103 116 117 119 120 121 127 128 131 132 134 136 137 138 141 144 145 146 147 153 154 159 162 163 165 167 168 169 170 173 174 176 177 185 186 187 190 192 193 198 205 207 208 209 211 213 216 217 221 226 231 232 234 235 238 241 245 247 248 249 
190 425       2 6 7 12 14 17 18 19 23 26 30 31 32 38 41 42 44 47 48 49 51 53 55 59 60 74 75 76 77 79 80 82 83 85 87 89 90 91 93 96 97 99 100 101 104 107 109 110 111 113 116 117 122 123 125 126 127 128 131 133 135 136 138 139 141 143 148 152 153 155 156 157 159 161 165 166 167 173 175 176 178 180 181 185 188 189 193 194 197 204 205 209 210 213 216 217 221 224 225 228 229 231 233 234 235 238 242 243 244 247 248 249 
191 250       1 4 7 12 13 19 20 21 24 25 26 27 30 33 37 39 44 45 46 47 49 51 54 55 58 59 60 65 68 71 73 74 75 76 78 81 82 83 85 88 89 92 93 95 97 100 101 103 104 105 106 108 112 115 118 120 122 123 125 127 128 132 135 140 141 145 146 148 152 153 154 160 162 166 169 170 172 173 174 175 176 177 179 180 183 184 185 188 192 193 194 200 202 204 206 208 209 218 220 225 226 227 228 235 236 237 241 242 244 245 246 248 249 
192 325       1 2 3 5 8 10 11 12 16 21 24 25 28 29 30 31 36 39 41 46 47 50 52 57 58 59 60 66 68 70 72 73 74 75 76 77 80 81 84 85 87 91 95 100 101 104 107 109 116 120 123 125 126 128 131 133 137 138 143 145 148 149 151 155 156 157 162 164 165 168 170 173 175 176 177 185 188 189 191 195 196 198 199 202 208 211 213 214 215 220 223 224 227 231 233 234 235 242 243 
193 461       4 5 6 7 9 13 15 16 18 19 20 26 27 29 30 31 32 34 35 36 39 41 45 51 52 54 57 58 60 61 62 63 64 65 68 71 74 76 80 81 90 91 93 96 97 99 103 107 109 111 117 118 121 124 126 129 135 138 139 140 141 144 145 147 148 150 152 155 159 160 164 168 170 171 173 177 179 181 182 184 185 188 189 190 191 200 201 203 207 209 210 212 221 223 224 226 228 232 233 234 235 237 240 242 244 247 
194 258       1 2 3 4 6 8 9 14 19 20 24 27 45 47 48 50 51 52 54 55 56 57 61 63 68 79 80 83 84 90 91 94 95 97 98 101 102 103 105 106 108 109 110 118 119 120 121 123 124 125 126 127 133 138 144 145 146 148 152 163 166 168 175 176 177 180 182 183 184 188 190 191 197 201 206 207 209 212 213 214 215 216 218 219 222 224 228 229 230 233 234 237 241 243 246 247 
195 281       1 2 3 16 18 21 24 26 29 30 32 35 38 42 44 46 49 50 52 53 55 56 58 59 60 67 68 70 72 74 75 76 77 82 84 88 90 91 95 98 99 102 108 110 112 113 114 117 118 120 123 125 127 128 129 131 133 137 139 142 151 152 154 157 162 163 164 167 174 176 184 192 202 208 213 214 215 216 218 219 221 223 225 229 237 242 244 
196 416       1 3 6 8 12 13 16 17 22 26 27 28 29 30 31 37 39 40 42 44 45 47 48 49 50 51 54 58 60 61 64 65 71 73 74 77 80 82 85 87 89 91 93 95 96 98 100 104 106 107 110 114 115 119 134 140 142 146 149 150 152 155 156 158 159 164 165 166 167 171 173 179 181 182 183 184 186 187 192 204 205 207 209 210 212 213 214 216 217 218 220 221 222 225 226 228 230 232 233 235 239 241 242 246 248 249 
197 270       1 2 4 5 6 9 11 12 14 17 19 24 25 27 30 33 35 37 39 43 44 45 47 49 53 54 55 58 59 60 62 64 75 78 79 80 85 87 90 91 93 95 98 100 101 102 104 105 107 110 115 118 119 121 122 124 125 126 127 131 132 133 134 139 140 144 145 153 156 159 160 161 164 169 171 172 174 176 178 181 184 190 194 199 206 209 210 211 213 216 217 219 223 224 228 229 230 231 232 233 234 235 237 241 244 246 247 249 
198 314       2 9 12 13 14 18 20 21 26 30 31 36 37 39 40 41 44 47 49 50 57 59 62 64 65 68 71 73 75 82 88 91 93 97 99 101 103 108 112 116 117 120 124 126 130 131 136 137 139 141 148 149 153 155 157 162 164 167 171 173 175 177 182 184 188 189 192 199 200 202 208 210 211 213 216 217 218 221 222 223 225 226 229 231 234 237 240 243 246 
199 459       2 8 9 17 18 19 23 27 28 29 31 32 36 39 40 42 44 45 46 50 57 58 63 69 76 79 82 84 90 91 92 97 98 103 108 114 115 117 121 123 124 129 130 131 132 136 138 139 140 145 147 148 149 150 152 153 156 158 159 163 164 165 166 169 171 172 173 176 182 183 184 186 188 192 197 198 201 202 203 204 211 212 213 215 216 217 220 223 233 235 239 240 241 243 244 246 247 248 
200 258       1 2 5 6 9 11 12 16 19 22 23 25 27 28 29 30 31 32 39 40 41 42 45 47 49 53 55 56 57 60 61 64 65 68 73 75 81 84 86 88 91 94 96 101 104 107 108 113 119 122 126 131 134 135 136 137 141 142 143 144 151 152 154 155 156 157 158 159 161 165 167 171 173 176 178 180 183 184 191 193 198 201 203 206 208 211 214 216 218 219 225 228 234 236 242 245 246 247 
201 283       1 2 6 7 14 18 28 30 32 33 34 35 37 39 41 44 47 51 54 56 57 59 60 61 63 67 70 75 77 79 82 84 87 89 91 94 96 97 101 103 104 105 109 112 113 115 116 117 118 122 123 125 126 131 133 138 139 143 146 149 151 158 164 166 174 178 181 183 185 186 187 193 194 199 200 202 206 209 211 216 221 222 227 228 229 230 231 234 236 237 238 241 245 
202 400       2 3 4 6 7 11 16 18 20 23 24 25 27 29 30 31 32 34 36 42 43 45 46 50 51 55 57 58 60 64 67 68 71 75 77 79 84 86 90 96 98 100 103 109 111 116 117 119 121 123 124 125 126 129 131 135 136 137 139 141 145 146 152 153 156 159 160 162 164 165 169 171 173 178 179 186 191 192 195 198 199 201 204 205 206 207 208 211 212 213 214 215 216 219 221 222 229 234 242 243 244 247 249 
203 271       1 3 7 8 13 14 17 19 20 21 25 26 27 38 39 40 44 47 51 53 55 57 58 62 64 65 67 68 73 74 75 77 78 79 85 86 88 89 90 91 92 93 94 99 101 102 106 112 117 118 119 124 131 138 139 140 142 143 145 150 151 154 156 157 160 162 167 173 175 178 182 183 188 193 199 200 204 205 206 207 209 210 211 213 214 217 221 223 224 225 229 230 238 239 246 247 248 
204 329       11 13 14 15 16 17 19 22 23 24 25 26 28 31 32 37 38 41 42 43 44 47 50 51 59 60 61 62 66 67 70 71 74 77 79 81 87 88 91 93 94 96 97 98 99 100 106 112 115 117 121 122 124 125 128 133 134 135 136 139 143 147 154 156 161 163 164 170 173 174 178 181 183 185 190 191 196 199 202 203 207 209 212 217 220 223 224 232 239 244 247 
205 468       5 7 8 15 20 22 25 26 28 30 32 39 40 41 42 47 48 50 51 53 54 56 57 58 63 67 72 73 78 82 86 88 90 91 93 97 99 100 101 103 107 109 115 116 126 129 136 137 138 140 141 142 143 147 150 168 169 170 172 173 177 180 184 189 190 196 202 203 208 210 211 212 213 214 222 223 224 227 229 230 232 233 236 237 240 241 246 247 249 
206 250       5 6 7 8 11 12 13 15 17 21 22 23 26 29 32 35 36 37 38 39 41 44 46 47 54 55 56 61 62 63 64 71 75 79 80 83 85 86 90 92 93 95 96 98 99 102 103 109 110 113 115 117 119 120 121 122 125 131 132 133 139 151 154 155 166 168 173 175 177 179 184 188 191 194 197 200 201 202 203 208 210 215 216 217 225 227 230 232 233 234 236 237 243 244 245 248 
207 282       3 4 5 6 11 13 16 19 20 22 24 26 29 32 35 39 40 42 54 57 59 61 65 67 70 73 75 76 77 81 84 86 87 88 90 91 94 100 104 107 108 109 110 111 112 114 116 117 121 122 125 128 130 135 138 140 143 150 153 154 155 158 159 161 163 166 169 171 172 173 176 179 183 184 186 187 188 189 193 194 196 202 203 204 208 210 211 216 220 221 222 223 228 233 238 239 241 242 243 248 249 
208 370       4 6 8 10 12 16 17 19 20 25 27 28 29 34 35 39 40 50 53 55 56 57 58 59 60 61 64 68 70 71 78 79 81 85 86 87 90 91 96 99 103 104 107 111 113 114 116 120 125 132 133 135 140 142 156 159 160 162 163 164 166 168 169 170 173 176 179 184 188 189 191 192 195 198 200 202 205 206 207 210 215 218 219 220 221 222 223 224 225 226 230 232 233 237 238 239 241 244 246 249 
209 269       1 2 3 5 6 7 10 15 23 29 30 34 37 39 42 44 46 47 50 53 55 57 58 63 69 70 72 73 76 77 79 84 85 88 90 91 95 97 106 107 108 112 113 114 115 119 121 123 124 127 129 132 134 135 137 139 143 144 147 148 150 151 156 162 168 170 171 175 184 189 190 191 193 194 196 197 201 203 204 211 212 213 217 219 226 228 230 232 234 235 236 240 242 244 246 247 249 
210 361       1 2 4 6 9 12 14 16 22 24 25 26 27 30 33 36 37 39 42 44 46 49 53 56 57 59 60 65 66 67 68 75 76 85 88 89 90 92 94 96 98 100 101 103 106 108 109 111 113 114 116 119 121 128 131 132 136 138 139 140 141 144 146 148 152 157 161 165 166 167 171 174 175 183 184 190 193 196 197 198 203 205 206 207 208 212 213 216 222 223 224 226 230 233 234 239 243 245 248 249 
211 422       3 7 8 9 10 16 19 20 21 23 29 33 35 42 44 45 46 48 51 56 57 59 61 65 66 68 70 71 73 74 75 76 85 88 95 97 99 103 104 107 109 111 114 115 118 119 121 124 128 129 131 132 133 136 139 141 143 147 149 152 153 159 162 163 164 165 167 171 172 173 174 175 177 178 180 181 182 183 188 189 192 197 198 199 200 201 202 203 205 207 209 213 214 215 216 220 221 225 226 227 228 229 230 232 234 238 241 243 249 
212 256       3 4 8 13 15 19 20 23 26 28 31 34 36 37 38 42 46 48 49 50 51 53 54 57 65 68 69 80 81 82 83 85 87 90 98 100 101 104 107 115 116 117 118 119 125 127 129 131 138 141 143 146 147 148 151 154 155 156 157 159 161 164 165 166 167 171 172 174 177 178 179 180 181 183 184 186 187 188 193 194 196 199 202 204 205 209 210 214 219 220 222 226 227 230 234 236 237 243 244 245 246 247 248 249 
213 322       1 2 3 4 5 6 8 9 11 12 15 16 22 23 25 26 29 30 31 34 35 37 39 42 50 56 57 59 60 62 63 71 72 73 75 79 82 85 88 92 93 94 104 106 107 109 110 112 115 116 119 125 126 127 130 131 132 133 135 138 142 146 147 149 151 153 155 157 159 161 164 165 167 169 172 175 179 181 182 183 187 189 190 192 194 195 196 197 198 199 202 203 205 209 210 211 222 223 225 228 229 234 236 238 239 241 244 245 
214 407       4 5 6 7 8 9 14 16 17 20 21 24 25 27 31 34 42 46 49 51 55 58 60 65 66 70 74 75 77 80 89 100 103 111 116 117 120 121 124 127 129 137 138 143 144 145 146 148 150 152 153 154 155 157 159 160 163 167 168 169 170 171 173 174 175 178 179 181 183 188 192 194 195 196 200 202 203 205 211 212 220 221 222 223 224 225 227 229 231 236 237 238 240 241 247 248 249 
215 260       2 7 9 12 14 15 16 18 26 29 31 33 36 42 47 48 50 52 53 54 56 57 58 60 61 64 68 69 73 74 79 80 81 82 85 90 93 95 96 98 101 102 103 104 109 110 111 113 114 116 121 123 124 128 131 132 134 145 146 150 152 156 158 159 162 164 167 168 172 179 186 187 192 194 195 199 202 206 208 211 218 219 222 226 227 233 236 238 239 240 241 242 243 245 246 248 
216 333       2 3 4 11 18 19 22 24 25 26 32 33 35 37 41 42 43 44 47 48 49 52 53 55 59 61 63 64 67 69 72 74 76 77 78 79 81 82 83 85 88 90 93 96 98 99 103 104 109 111 117 123 124 127 130 131 132 134 137 138 140 142 145 147 149 151 152 156 158 159 164 165 166 167 168 169 170 171 172 173 180 185 186 189 190 194 195 196 197 198 199 200 201 202 206 207 210 211 219 224 225 226 227 230 231 236 237 239 240 243 244 245 246 
217 382       3 5 6 8 9 13 18 19 20 21 25 27 31 32 33 35 36 38 39 42 48 49 51 53 55 56 57 58 59 61 64 66 73 74 76 78 83 86 87 88 92 93 103 104 105 107 110 112 113 116 117 119 123 124 125 126 127 129 131 132 133 136 139 140 144 146 147 153 158 162 163 165 166 169 172 173 175 177 178 180 182 183 185 187 189 190 196 197 198 199 203 204 206 209 219 220 223 224 225 226 227 228 229 230 234 235 236 237 239 240 243 245 
218 250       1 3 4 10 11 15 18 22 23 28 29 36 37 38 39 41 42 47 50 52 53 55 57 58 62 64 67 72 74 76 77 85 87 88 90 91 92 94 95 97 102 104 105 108 109 110 112 113 117 119 121 125 128 131 132 136 137 145 147 148 156 162 163 166 167 168 169 171 174 175 176 178 179 180 181 185 186 191 194 195 196 198 200 208 215 219 222 223 224 228 233 234 237 239 241 245 246 247 249 
219 368       4 14 17 18 20 23 24 26 27 28 33 34 37 39 43 44 48 49 53 57 58 59 66 68 69 70 72 74 75 76 77 79 81 84 88 90 93 94 96 100 102 113 119 120 121 130 131 132 135 138 139 147 148 150 153 154 155 164 165 166 168 169 171 175 184 185 186 188 194 195 197 200 202 208 209 212 215 216 217 218 220 221 222 223 224 226 231 234 238 240 243 246 247 
220 449       2 4 9 10 12 14 15 16 18 20 23 25 27 29 32 33 36 40 45 48 51 53 54 55 56 57 58 59 61 66 67 68 69 70 71 72 75 77 78 79 82 83 84 87 88 89 90 96 101 103 104 108 109 111 112 113 115 116 124 128 130 133 137 138 140 142 143 144 145 146 150 154 156 157 158 160 161 163 166 172 174 176 177 183 185 188 191 192 196 199 204 207 208 211 212 214 217 219 221 222 223 225 226 227 234 236 237 241 249 
221 254       1 4 5 6 7 8 13 16 17 21 24 25 26 27 28 29 32 33 38 39 44 48 58 59 60 61 65 69 71 72 74 77 79 81 82 85 87 89 91 92 94 95 97 98 99 101 102 106 112 113 114 117 118 119 120 124 125 126 131 132 135 138 140 142 148 149 150 151 152 156 160 164 165 166 167 170 171 172 173 174 176 178 180 184 185 189 190 193 195 196 198 201 202 203 207 208 211 214 219 220 224 225 229 230 235 236 242 243 245 
222 297       5 8 9 10 12 13 14 20 23 25 28 29 34 37 38 44 45 46 50 55 56 60 63 74 80 82 86 87 89 90 91 94 95 96 99 101 102 103 107 110 112 113 115 121 122 125 130 132 136 137 144 146 147 148 152 155 157 158 159 161 162 167 170 171 172 174 175 177 182 184 194 196 198 201 202 205 207 208 210 212 213 214 215 218 219 220 224 225 227 234 235 236 237 238 240 246 247 248 
223 426       5 8 10 14 18 21 24 25 27 29 32 34 35 36 39 41 43 44 46 47 50 52 53 56 57 61 62 64 66 67 73 74 77 78 79 81 82 83 85 86 90 91 97 98 100 101 102 104 105 107 113 114 116 118 119 121 124 126 127 128 131 133 135 136 142 145 149 151 158 160 161 162 163 164 165 166 168 171 175 178 184 186 188 192 193 195 197 198 199 203 204 205 207 208 210 213 214 217 218 219 220 226 227 229 230 232 233 234 236 242 
224 258       3 5 6 8 11 12 14 16 18 20 23 25 26 27 28 29 39 41 42 45 46 51 53 58 60 64 65 67 69 71 75 76 77 79 80 84 85 87 92 93 95 102 103 104 108 110 112 117 118 122 124 127 132 137 138 140 145 150 151 152 158 159 161 162 163 164 167 169 170 172 173 174 180 181 182 183 185 186 187 188 190 192 193 194 197 203 204 205 208 210 214 216 217 218 219 221 222 225 226 228 230 231 236 238 240 241 245 247 249 
225 316       2 3 4 5 12 14 15 16 25 26 28 31 32 33 37 38 39 41 45 47 49 51 52 54 55 59 61 64 67 68 69 71 73 78 79 82 83 85 87 88 90 98 100 102 105 107 110 113 116 117 121 122 125 128 129 130 131 132 133 136 137 138 140 144 146 148 150 152 153 154 156 160 164 165 167 168 169 170 172 174 175 180 181 184 186 187 188 190 191 195 196 198 200 203 206 208 211 213 214 216 217 220 221 222 224 226 228 231 233 235 236 238 242 243 244 249 
226 464       5 6 8 9 15 16 33 36 41 42 44 45 46 55 56 57 60 68 69 70 72 73 76 79 83 86 89 92 97 102 106 116 118 119 121 123 124 130 133 134 137 139 141 147 148 149 151 153 154 156 159 160 161 167 168 170 175 176 177 182 183 184 185 186 188 189 191 193 196 198 208 209 210 211 212 215 216 217 219 220 223 224 225 228 230 233 236 237 239 240 241 242 243 247 248 249 
227 267       2 3 8 10 12 13 14 15 16 17 20 22 24 27 33 36 37 39 41 45 46 48 49 51 52 57 59 66 69 71 80 81 82 83 88 90 91 92 93 96 97 99 102 103 104 105 108 109 110 111 113 114 115 117 118 120 124 125 128 130 131 132 133 134 135 136 137 139 141 143 146 148 149 155 160 161 162 163 164 165 169 173 178 182 185 191 192 201 205 206 211 212 214 215 216 217 220 222 223 230 231 237 240 243 248 249 
228 269       2 3 9 13 15 21 23 24 26 28 29 34 36 37 40 43 44 45 46 50 52 53 54 55 57 58 60 61 73 76 77 79 80 83 84 86 90 91 92 94 96 98 102 104 106 108 111 113 115 118 119 120 121 122 127 132 135 138 139 142 146 148 149 151 153 155 156 157 162 163 164 168 171 172 174 176 179 180 181 182 184 185 190 191 193 194 196 197 200 201 207 209 211 213 217 218 224 225 226 233 235 236 239 241 242 246 249 
229 415       1 4 5 6 8 12 16 17 19 22 23 24 25 28 29 30 32 37 38 39 47 48 50 51 52 53 57 59 60 63 67 70 72 74 76 78 82 88 90 92 98 99 101 103 104 105 106 107 108 111 119 122 125 126 128 129 130 132 134 139 140 141 142 144 147 148 153 154 162 164 168 170 171 172 173 175 176 177 178 179 185 186 187 188 190 194 195 197 198 201 202 203 205 211 213 214 217 221 223 230 232 233 236 238 239 241 244 247 248 
230 254       2 6 8 9 10 12 15 17 18 21 22 25 26 29 38 45 46 48 56 57 58 59 60 62 65 71 74 75 78 79 82 86 89 91 92 94 100 103 106 108 109 110 117 123 125 128 131 139 141 149 152 153 159 166 169 172 173 176 177 178 179 181 186 187 188 194 196 197 201 203 205 206 208 209 210 211 212 216 217 221 223 224 226 227 229 233 235 236 240 248 
231 331       1 4 5 6 7 8 14 17 26 33 40 41 42 44 45 46 47 49 53 54 55 67 70 71 73 75 76 77 78 79 80 81 82 86 87 88 91 96 97 98 102 104 105 106 108 110 111 112 114 119 123 126 127 130 131 132 133 135 137 140 141 142 144 145 148 151 152 153 154 157 158 165 168 171 174 177 178 182 184 189 190 192 197 198 201 214 216 219 224 225 227 232 233 235 237 243 
232 392       4 5 7 9 10 11 12 14 18 19 20 23 25 27 37 39 41 42 43 46 48 49 51 61 62 64 65 67 68 69 70 71 75 78 79 81 86 90 92 101 107 111 112 113 115 119 121 127 129 130 131 138 140 141 142 144 145 149 152 155 159 160 162 164 168 171 173 176 177 178 181 182 183 184 185 187 188 189 193 196 197 204 205 206 208 209 211 223 229 231 235 239 240 243 244 246 
233 280       1 3 5 6 7 18 20 23 25 29 31 34 35 37 40 41 44 45 47 48 51 55 56 58 73 75 77 79 82 83 86 88 94 95 98 100 101 104 108 113 115 117 120 121 124 127 133 135 136 138 139 140 141 142 143 145 146 155 156 157 160 161 166 167 173 179 180 182 183 184 188 190 192 193 194 196 197 199 205 206 207 208 210 215 218 223 225 226 228 229 230 231 236 238 239 241 246 248 249 
234 328       5 6 8 11 15 16 17 18 21 25 27 28 30 31 35 37 38 44 46 48 49 50 51 54 56 58 60 61 63 69 71 81 82 90 92 94 95 100 102 103 109 114 116 117 119 122 123 125 127 130 133 134 136 137 140 141 142 144 149 150 151 153 156 157 163 169 173 174 177 179 182 186 188 189 190 192 193 194 197 198 200 201 202 206 209 210 211 212 213 217 218 219 220 222 223 237 239 240 241 244 245 247 249 
235 415       2 5 7 8 10 12 15 16 18 20 22 23 28 31 32 34 36 37 43 44 46 48 49 51 59 60 61 66 68 74 75 78 80 88 89 90 93 95 97 99 100 101 104 106 113 114 116 121 123 124 128 129 130 139 142 144 145 146 147 148 151 152 155 159 161 166 167 171 173 174 176 181 184 185 187 189 190 191 192 193 196 197 199 209 217 221 222 225 228 230 231 232 236 239 246 247 248 249 
236 284       2 5 6 7 8 9 13 17 18 21 22 23 25 32 34 35 38 39 42 44 45 46 47 48 53 55 56 57 58 60 61 66 67 70 74 83 85 87 88 91 92 93 94 96 97 100 101 104 106 109 112 114 116 123 124 125 127 131 136 137 139 142 143 144 145 146 151 152 155 162 169 174 175 176 177 179 180 191 200 201 205 206 209 212 213 214 215 216 217 220 221 222 223 224 225 226 228 229 230 233 235 237 242 245 
237 301       1 2 3 4 6 9 10 11 13 15 16 20 26 28 30 31 37 40 42 45 48 51 55 58 60 62 63 66 69 72 73 74 75 78 79 80 81 83 84 86 90 92 97 100 104 106 108 109 111 112 115 120 121 124 125 126 127 132 133 136 138 140 143 145 151 153 157 159 161 166 169 172 174 176 178 179 183 191 193 194 195 197 198 201 205 206 208 212 214 216 217 218 220 222 226 227 231 234 236 242 243 245 
238 432       1 2 3 4 7 8 9 14 15 18 26 27 29 31 33 35 36 38 39 42 49 54 55 56 57 58 60 63 65 68 69 74 80 82 84 86 87 94 96 97 98 102 103 105 106 108 109 114 117 121 123 124 127 130 131 136 137 139 141 146 147 149 150 151 152 156 160 161 162 165 167 169 177 180 181 182 185 186 187 189 190 201 203 207 208 211 213 214 215 219 222 224 225 229 233 241 242 243 244 245 246 
239 279       8 9 10 15 19 20 22 24 25 30 32 34 38 39 43 44 45 47 49 51 54 55 61 63 66 72 73 76 77 80 81 82 83 84 90 93 94 96 99 100 102 105 108 112 113 122 123 124 132 134 136 140 144 147 150 153 154 158 159 160 164 166 170 172 177 178 179 180 181 182 183 184 187 188 196 199 203 204 207 208 210 213 215 216 217 218 226 228 229 232 233 234 235 240 241 243 244 245 246 
240 289       5 6 9 11 13 19 22 24 25 31 33 36 37 38 40 41 43 48 50 53 56 57 58 60 61 63 65 66 67 68 70 71 72 73 74 75 80 84 85 86 87 88 89 96 99 100 103 105 106 109 111 112 113 114 116 120 121 123 125 130 132 134 135 136 138 140 141 142 148 149 151 152 154 155 161 164 165 166 167 170 172 174 181 185 187 193 198 199 205 209 214 215 216 217 219 222 224 226 227 230 232 234 239 243 245 247 
241 410       2 4 6 8 11 13 14 15 16 18 21 22 24 28 29 31 33 35 38 39 41 45 49 55 58 60 62 63 66 70 73 78 82 84 88 98 102 104 105 106 113 114 116 118 120 124 129 130 131 132 134 143 144 145 146 148 150 152 153 155 159 160 162 163 165 166 168 171 172 175 177 179 180 183 184 185 189 191 194 196 197 199 201 205 207 208 211 213 214 215 218 220 224 226 228 229 233 234 238 239 242 245 246 248 
242 267       1 3 4 5 7 9 11 13 16 21 28 30 33 36 39 41 42 43 45 46 48 50 51 53 56 57 58 61 65 67 70 72 76 84 91 92 95 96 97 98 101 103 104 107 109 110 112 113 118 123 127 129 133 134 140 142 143 145 148 160 162 163 165 167 172 173 174 176 177 180 183 185 186 187 188 190 191 192 193 195 196 200 202 207 209 215 221 223 225 226 228 236 237 238 241 245 248 
243 323       2 4 10 13 16 21 23 26 27 29 32 34 37 42 43 44 45 46 49 50 51 52 58 59 60 62 63 64 66 68 69 70 71 72 73 74 75 76 77 78 80 81 84 85 87 88 89 90 95 96 97 99 102 104 105 107 115 116 118 120 122 125 132 134 135 136 144 145 146 149 153 154 155 157 164 166 168 169 170 171 173 177 178 180 182 185 187 188 190 192 194 198 199 202 206 207 210 211 212 215 216 217 219 221 225 226 227 231 232 237 238 239 240 248 
244 385       1 5 8 10 17 22 24 25 34 35 37 38 39 41 42 43 44 48 51 52 55 58 60 61 63 64 66 68 70 74 75 80 82 83 86 89 95 97 101 102 104 107 112 113 114 115 116 118 119 125 126 127 129 133 134 137 138 142 144 147 149 153 155 157 162 164 167 170 171 174 177 178 180 181 182 183 185 187 190 191 193 195 197 199 202 204 206 208 209 212 213 216 225 229 232 234 238 239 248 249 
245 252       3 4 5 7 8 10 11 14 15 22 26 27 28 29 30 31 36 38 42 43 46 47 48 49 51 55 60 64 72 79 81 82 83 85 87 88 90 91 92 93 97 106 120 123 124 126 128 133 134 135 136 138 141 143 145 146 147 153 155 163 164 167 168 174 179 181 183 184 189 191 200 201 206 210 212 213 215 216 217 218 221 224 234 236 237 238 239 240 241 242 247 248 
246 363       3 8 14 16 17 20 26 27 30 31 32 37 39 44 45 48 50 60 64 65 68 73 76 77 79 81 82 83 84 85 87 88 98 100 108 109 114 116 117 120 125 129 131 134 135 139 140 144 147 149 156 159 160 163 167 171 172 173 176 177 178 182 186 191 194 196 197 198 199 200 203 205 208 209 212 215 216 218 219 222 228 232 233 235 238 239 241 249 
247 368       1 2 3 6 7 8 9 10 11 12 16 19 21 22 24 27 32 33 37 41 44 45 47 49 52 59 65 70 74 80 81 91 92 93 94 100 103 104 107 111 115 118 122 124 126 129 130 131 133 135 137 145 148 159 160 164 166 167 172 177 182 183 184 185 188 189 190 193 194 197 199 200 202 203 204 205 209 212 214 218 219 222 224 226 229 234 235 240 245 248 
248 292       1 3 4 5 6 7 9 12 15 16 21 22 23 27 30 36 37 43 46 50 54 55 57 62 64 65 67 68 73 74 78 80 82 83 84 85 90 91 93 96 97 98 100 106 108 115 116 117 120 122 124 125 126 127 131 133 135 136 137 143 144 146 147 148 149 156 158 162 167 168 169 172 173 174 176 179 180 184 187 189 190 191 196 199 203 206 207 210 212 214 215 222 226 227 229 230 233 235 241 242 243 244 245 247 
249 340       1 2 3 6 7 11 12 13 14 18 19 21 23 24 30 32 37 40 41 45 50 51 52 55 56 58 59 60 61 67 68 72 79 80 82 83 89 90 92 93 95 98 100 102 104 105 106 111 117 118 122 124 128 129 130 133 134 139 142 143 144 148 149 150 151 152 154 155 157 158 160 162 163 164 165 166 167 169 171 177 178 180 181 182 184 185 187 188 189 190 191 196 197 202 205 207 208 209 210 211 212 214 218 220 224 225 226 227 228 233 234 235 244 246 
