249 1000
1 375         3 5 10 11 17 22 26 27 35 37 42 54 55 56 62 66 75 76 90 94 95 101 103 105 109 112 113 124 132 136 138 145 152 158 164 173 178 183 187 202 209 214 224 229 234 239 245 246 
2 275         9 10 33 34 35 40 45 51 56 59 66 71 72 75 77 86 89 90 91 95 100 102 111 119 127 132 135 136 137 138 146 148 153 155 159 167 170 171 181 185 187 193 207 209 210 224 234 235 241 242 
3 350         1 10 15 20 25 26 40 46 64 68 69 70 76 81 82 92 93 95 96 102 104 107 118 121 122 125 132 134 141 142 143 149 152 160 169 170 171 191 193 195 198 211 231 233 234 236 241 243 245 248 
4 486         5 7 8 9 12 20 30 35 36 40 42 48 49 51 56 60 71 81 87 98 103 105 112 119 121 135 136 138 145 152 153 161 164 169 172 173 179 181 183 185 186 189 191 203 216 218 228 229 231 233 236 242 243 244 248 
5 256         1 4 9 13 14 15 19 21 25 27 28 29 31 40 43 46 49 52 60 73 79 84 86 99 108 114 116 119 132 138 145 149 150 151 160 168 173 178 182 183 184 189 195 202 203 207 210 224 226 228 231 244 
6 258         7 9 12 18 22 29 36 53 54 61 65 78 81 91 96 106 108 110 118 119 120 123 129 130 132 142 148 150 153 154 177 185 187 192 204 210 211 217 218 220 243 247 
7 466         4 6 14 20 25 31 38 55 56 69 74 82 84 90 93 96 103 107 110 113 115 119 133 136 139 147 154 167 169 177 181 187 200 206 217 220 227 230 231 236 237 238 243 247 
8 261         4 9 13 20 25 32 34 40 42 47 56 57 64 73 74 75 76 83 86 92 94 100 104 105 106 111 123 129 130 133 144 153 155 156 159 163 170 174 186 189 199 209 214 215 220 221 222 232 234 238 239 243 246 249 
9 273         2 4 5 6 8 13 21 25 30 32 34 38 43 48 51 80 81 82 85 87 91 96 102 109 110 117 120 135 139 141 147 149 156 167 170 172 173 176 183 189 190 198 201 203 207 226 230 233 240 241 247 
10 479        1 2 3 12 18 23 29 34 43 46 51 54 65 67 74 77 83 85 101 114 115 122 130 131 132 134 135 137 138 139 148 149 151 154 158 163 166 169 173 174 181 182 191 193 205 208 211 216 219 220 221 229 230 234 239 
11 254        1 16 20 21 24 27 40 43 47 49 51 52 53 62 66 68 71 86 93 100 104 112 117 124 128 132 135 139 148 154 155 159 170 172 173 177 178 204 206 208 210 228 230 240 241 245 249 
12 267        4 6 10 22 37 38 42 49 63 77 80 91 96 111 122 130 137 141 151 154 156 159 164 168 170 173 180 181 184 191 195 197 199 201 204 207 214 218 220 229 231 233 239 241 
13 425        5 8 9 15 19 37 44 57 61 64 71 74 77 86 90 116 118 132 135 138 140 145 155 158 160 162 168 185 191 200 207 208 227 228 231 239 
14 254        5 7 16 19 20 29 32 38 39 45 49 54 58 62 69 70 71 72 79 80 86 92 105 107 109 115 116 121 123 130 135 136 137 146 152 158 160 161 166 169 172 177 180 182 187 191 193 194 219 221 223 225 240 242 
15 321        3 5 13 19 29 44 51 58 60 63 66 69 77 90 94 96 97 103 112 115 127 129 130 139 140 143 145 149 155 156 157 160 162 166 167 181 185 189 213 220 228 231 235 236 244 248 249 
16 498        11 14 17 22 25 26 27 31 32 35 36 51 54 57 58 65 66 84 86 90 91 102 115 116 118 123 127 128 140 142 146 152 154 160 165 167 171 182 184 185 186 191 193 201 202 204 213 215 217 218 219 220 221 232 238 239 244 247 248 
17 250        1 16 20 28 39 43 45 47 56 57 58 59 70 71 72 76 77 80 81 87 94 101 104 105 107 125 130 131 132 137 145 150 155 167 168 173 176 191 193 198 199 202 203 207 209 217 220 227 228 232 235 244 249 
18 252        6 10 19 24 30 32 37 38 53 55 61 62 68 69 71 75 92 99 102 106 107 112 116 117 119 120 121 125 128 130 142 154 155 161 167 171 174 178 180 181 195 219 221 232 241 248 
19 383        5 13 14 15 18 21 36 39 47 50 68 69 71 73 77 82 83 90 97 101 107 114 115 117 118 121 136 140 141 142 151 160 168 169 175 187 194 195 204 218 222 223 234 244 245 246 249 
20 273        3 4 7 8 11 14 17 21 26 28 33 34 41 47 55 56 57 62 67 68 69 76 77 81 82 99 100 105 111 118 121 125 126 130 138 156 164 180 190 191 192 194 196 206 213 219 224 235 241 246 248 249 
21 344        5 9 11 19 20 22 31 34 41 47 50 59 68 76 77 78 83 84 88 89 105 135 145 149 154 161 164 165 166 171 172 176 177 183 187 191 194 205 207 218 220 223 226 227 233 234 237 243 245 247 249 
22 452        1 6 12 16 21 33 34 36 45 54 56 60 61 63 65 70 71 78 79 93 96 107 114 118 128 130 132 142 143 151 154 156 160 168 180 191 195 199 214 218 222 233 235 237 240 246 247 249 
23 270        10 24 25 26 30 33 34 45 55 63 64 67 76 87 98 101 110 112 129 135 139 142 153 158 159 160 164 177 178 179 180 187 188 189 202 203 219 223 224 227 235 236 241 247 
24 278        11 18 23 27 46 53 57 64 73 74 80 82 83 87 91 94 95 98 99 100 104 112 125 146 152 157 158 159 161 166 170 173 178 180 185 186 190 196 197 198 206 214 217 219 223 226 227 235 236 239 
25 447        3 5 7 8 9 16 23 26 39 43 47 59 63 66 71 81 84 89 91 95 103 105 109 116 117 127 128 132 133 134 140 141 144 155 158 160 162 170 171 175 186 193 194 203 204 209 210 215 226 234 235 
26 258        1 3 16 20 23 25 28 31 33 41 52 53 64 65 81 82 90 92 93 94 95 103 104 105 112 120 122 129 134 137 140 147 161 163 171 180 181 185 191 196 197 198 207 210 211 220 221 224 226 230 232 234 235 239 241 242 245 
27 295        1 5 11 16 24 30 32 33 35 41 45 50 51 57 60 61 82 86 87 88 90 92 96 99 100 103 105 106 116 117 125 126 131 133 136 142 157 174 182 214 223 226 241 244 245 
28 387        5 17 20 26 29 35 42 52 55 58 61 68 69 75 83 103 112 115 124 126 127 128 131 152 163 164 168 177 178 184 192 199 208 210 215 217 228 229 231 232 241 248 
29 305        5 6 10 14 15 28 37 43 51 52 59 71 73 90 99 100 107 108 112 115 141 154 157 162 165 174 180 181 193 197 200 201 209 212 221 223 229 231 238 239 242 243 
30 308        4 9 18 23 27 35 39 43 47 54 55 56 58 60 62 76 78 80 87 91 104 109 110 112 114 116 118 120 121 126 139 140 142 144 153 162 164 165 174 177 179 180 185 205 247 249 
31 496        5 7 16 21 26 42 51 53 54 64 69 71 72 84 100 103 109 112 119 124 125 127 129 133 136 144 148 152 159 169 173 176 181 185 192 196 204 205 206 224 230 240 246 
32 250        8 9 14 16 18 27 33 39 42 72 76 87 89 90 91 94 95 98 99 100 103 104 105 107 113 117 128 137 142 147 150 162 165 167 179 180 181 183 200 205 207 215 216 229 231 239 241 
33 254        2 20 22 23 26 27 32 39 42 44 48 50 57 62 67 69 84 91 92 93 97 98 103 104 105 106 115 121 123 128 135 138 139 146 149 151 155 159 160 166 167 170 171 174 175 181 183 192 197 203 206 215 216 226 229 240 242 
34 433        2 8 9 10 20 21 22 23 35 38 40 41 54 58 60 65 70 72 78 80 82 87 93 98 107 111 122 123 136 148 150 151 170 175 177 185 187 193 197 208 210 211 216 218 219 223 224 230 235 237 239 243 244 
35 269        1 2 4 16 27 28 30 34 38 39 43 44 47 54 56 65 78 81 83 90 92 94 95 99 102 108 109 110 112 113 114 127 134 138 144 145 146 151 152 154 155 158 160 172 177 193 205 206 209 211 215 216 217 218 224 229 239 240 241 242 247 248 
36 298        4 6 16 19 22 42 49 68 70 75 83 91 101 105 107 116 118 120 122 131 141 147 163 165 170 201 207 208 216 218 219 225 226 231 232 242 245 246 247 248 
37 499        1 12 13 18 29 47 49 62 63 65 71 72 73 85 86 89 93 94 100 103 105 118 125 137 139 143 150 154 156 159 165 168 169 171 172 173 174 178 181 196 198 201 210 213 226 235 236 238 246 248 
38 250        7 9 12 14 18 34 35 39 40 41 47 48 49 55 76 78 83 92 93 97 100 101 112 117 120 124 133 136 137 145 150 153 155 157 160 167 173 180 202 204 211 212 219 222 223 225 227 232 234 243 245 247 248 
39 251        14 17 19 25 30 32 33 35 38 42 43 46 48 49 54 57 64 67 68 83 91 96 99 101 106 115 120 122 123 124 125 126 131 137 140 159 162 165 166 181 185 195 196 199 200 206 209 210 211 215 220 221 223 230 231 233 240 242 248 
40 415        2 3 4 5 8 11 34 38 54 65 67 70 71 77 81 83 85 88 94 95 100 105 112 113 118 123 124 131 134 144 146 151 155 165 179 183 185 186 187 202 206 207 209 217 218 221 234 239 245 
41 283        20 21 26 27 34 38 42 47 51 53 63 68 71 76 77 82 84 90 92 96 104 105 106 113 116 119 122 138 139 148 151 160 162 170 179 181 183 185 189 199 200 210 213 214 220 221 246 
42 302        1 4 8 12 28 31 32 33 36 39 41 49 50 55 59 60 74 75 84 87 89 93 96 107 108 113 117 118 120 122 137 151 156 162 169 174 175 180 183 184 185 192 195 197 198 204 210 215 219 221 225 232 234 237 239 240 241 
43 480        5 9 10 11 17 25 29 30 35 39 47 50 52 53 56 59 64 71 74 81 84 91 94 96 98 99 103 106 110 111 117 121 127 133 136 138 147 155 169 170 185 192 195 197 201 214 215 217 221 225 228 229 233 235 242 
44 255        13 15 33 35 63 65 72 75 77 84 86 88 101 111 117 121 127 130 134 139 142 145 147 155 157 165 167 170 180 185 190 192 195 197 200 204 224 228 229 234 236 237 240 241 245 248 249 
45 265        2 14 17 22 23 27 46 51 52 53 67 73 75 78 82 87 108 112 113 119 120 123 132 135 138 148 163 175 177 179 181 182 184 186 187 188 190 191 192 197 199 205 207 213 220 222 225 228 229 234 235 242 244 249 
46 374        3 5 10 24 39 45 48 52 66 71 75 87 88 89 90 94 102 110 111 134 141 154 156 158 163 164 165 167 168 173 178 184 188 189 193 200 214 220 221 224 225 232 234 236 238 242 244 245 
47 280        8 11 17 19 20 21 25 30 35 37 38 41 43 49 51 52 54 56 59 63 85 97 98 99 104 106 121 128 136 139 141 149 150 151 152 154 155 160 176 177 179 186 190 194 195 198 215 222 225 232 234 
48 346        4 9 33 38 39 46 53 55 59 61 63 65 67 71 72 82 86 94 101 104 109 110 119 122 131 148 150 154 158 162 163 166 169 174 180 190 195 197 198 201 202 229 230 237 238 240 
49 498        4 5 11 12 14 36 37 38 39 42 47 54 59 63 77 82 89 93 97 104 106 134 142 146 147 148 150 155 156 159 167 174 177 180 189 193 194 203 206 207 224 227 234 236 240 243 245 
50 250        19 21 27 33 42 43 51 53 61 64 72 79 84 86 87 89 90 95 97 98 100 105 108 112 115 125 126 129 134 139 148 154 159 170 173 175 190 195 206 216 234 236 237 245 247 
51 252        2 4 9 10 11 15 16 27 29 31 41 45 47 50 52 53 54 56 66 70 73 76 79 89 92 103 108 110 116 119 124 139 150 169 174 184 189 203 206 210 216 219 220 224 229 235 
52 365        5 11 26 28 29 43 45 46 47 51 60 66 70 74 86 94 106 108 111 127 138 142 143 151 165 166 167 172 183 190 192 196 203 207 210 211 213 220 224 227 228 231 239 246 247 
53 286        6 11 18 24 26 31 41 43 45 48 50 51 54 55 56 65 66 68 72 80 84 104 107 110 113 116 123 127 130 132 135 137 141 147 155 157 164 170 172 184 212 216 228 230 241 242 247 
54 349        1 6 10 14 16 22 30 31 34 35 39 40 47 49 51 53 63 71 84 91 95 101 102 113 118 119 120 122 135 139 143 147 148 153 154 155 160 170 175 182 184 185 190 193 200 201 205 207 219 220 225 226 231 233 234 239 244 245 
55 420        1 7 18 20 23 28 30 38 42 48 53 64 75 76 78 88 90 91 94 95 99 101 103 105 110 112 114 119 125 134 142 143 154 162 166 167 175 176 181 184 185 194 206 207 220 233 237 239 240 242 243 249 
56 258        1 2 4 7 8 17 20 22 30 35 43 47 51 53 59 61 65 66 69 70 80 85 87 96 104 105 108 125 126 131 139 140 143 144 145 150 166 169 181 191 198 210 216 217 236 243 244 248 249 
57 322        8 13 16 17 20 24 27 33 39 59 60 63 64 72 76 78 82 87 92 94 96 104 112 114 120 131 137 138 145 149 150 155 158 160 167 180 182 198 199 206 207 210 211 214 216 220 221 227 233 237 238 239 241 247 
58 353        14 15 16 17 28 30 34 63 72 73 76 81 82 84 106 112 115 118 120 122 137 140 146 150 151 163 170 172 173 182 184 195 196 204 216 217 218 219 231 235 242 
59 301        2 17 21 25 29 42 43 47 48 49 56 57 61 62 65 66 69 70 73 78 89 93 103 112 120 129 132 137 141 147 150 156 169 175 176 180 186 190 192 201 205 207 210 216 217 219 225 227 232 239 244 
60 346        4 5 15 22 27 30 34 42 52 57 64 65 69 78 80 87 88 92 93 110 114 115 127 129 132 136 137 142 150 151 153 163 174 175 188 190 193 213 216 218 220 222 228 230 240 241 242 244 248 
61 467        6 13 18 22 27 28 48 50 56 59 66 73 77 90 102 108 109 112 116 121 127 131 133 134 144 150 152 156 157 165 169 177 178 183 185 197 198 199 212 215 217 221 224 227 232 241 242 
62 257        1 11 14 18 20 30 33 37 59 68 76 87 89 96 107 108 111 117 123 124 138 141 147 151 155 157 164 171 196 199 203 213 220 222 224 229 231 232 239 240 
63 276        12 15 22 23 25 37 41 44 47 48 49 54 57 58 67 71 73 77 81 83 89 97 105 109 111 115 117 118 129 130 131 133 139 145 151 158 161 164 168 171 179 180 182 184 187 194 205 219 228 235 241 245 247 248 
64 374        3 8 13 23 24 26 31 39 43 50 55 57 60 65 72 80 95 98 103 111 119 124 142 151 155 161 165 173 174 176 178 193 196 197 203 210 212 214 222 228 
65 264        6 10 16 22 26 34 35 37 40 44 48 53 56 59 60 64 71 76 78 81 83 89 97 98 105 107 109 114 118 120 125 126 135 137 138 152 153 156 165 167 168 177 180 187 188 191 192 195 199 202 210 211 213 215 220 229 241 249 
66 362        1 2 11 15 16 25 46 51 52 53 56 59 61 67 75 80 81 84 88 92 93 95 96 97 107 108 112 113 115 126 129 136 146 148 150 155 157 166 167 174 181 190 194 195 200 202 205 225 240 241 243 245 247 248 
67 401        10 20 23 33 39 40 45 48 63 66 68 70 75 79 82 85 88 106 111 115 118 119 122 129 135 137 140 145 148 149 150 152 153 161 164 171 176 184 204 208 210 215 226 233 235 237 241 247 
68 282        3 11 18 19 20 21 28 36 39 41 53 62 67 69 73 77 80 81 83 88 92 95 96 101 103 107 112 116 124 126 149 151 155 167 174 178 182 185 194 195 196 200 210 212 224 226 232 236 237 238 239 246 247 
69 317        3 7 14 15 18 19 20 28 31 33 56 59 60 68 71 74 76 90 92 94 101 102 110 116 121 127 130 138 145 165 177 184 186 188 207 213 215 217 218 219 229 232 240 247 
70 413        3 14 17 22 34 36 40 51 52 56 59 67 87 89 90 98 101 107 111 112 114 115 129 132 134 136 144 146 148 150 156 159 184 190 201 206 209 214 216 222 223 226 234 237 
71 265        2 4 11 13 14 17 18 19 22 25 29 31 37 40 41 43 46 48 54 63 65 69 73 75 78 79 84 95 98 102 111 112 113 115 117 122 125 130 147 149 160 170 178 180 191 193 197 198 202 203 206 211 212 217 218 221 231 234 
72 322        2 14 17 31 32 34 37 44 48 50 53 57 58 64 77 82 90 91 97 107 109 111 113 115 119 122 126 127 139 144 145 150 151 156 157 163 171 179 183 185 193 196 197 206 208 218 227 228 229 231 242 247 
73 374        5 8 19 24 29 37 45 51 58 59 61 63 68 71 79 81 93 102 103 110 111 114 116 121 124 125 132 146 148 154 158 162 163 165 183 184 199 202 206 208 211 225 234 237 246 249 
74 266        7 8 10 13 24 42 43 52 69 77 78 89 90 92 98 110 117 118 132 137 138 146 152 155 157 166 178 200 201 212 213 217 218 226 227 230 234 236 239 244 246 249 
75 360        1 2 8 18 28 36 42 44 45 46 55 66 67 71 93 99 101 104 107 109 112 115 117 121 122 124 133 135 139 152 162 163 166 183 187 191 194 210 221 224 233 235 239 240 243 246 
76 467        1 3 8 17 20 21 23 30 32 38 41 51 55 57 58 62 65 69 79 80 86 89 93 95 101 103 104 106 107 110 113 120 127 160 166 173 178 179 185 186 187 189 205 212 213 216 217 219 226 228 229 238 239 240 242 246 249 
77 252        2 10 12 13 15 17 19 20 21 40 41 44 49 61 63 68 72 74 88 95 96 98 105 107 108 117 118 123 133 139 141 145 147 148 149 160 163 165 175 176 177 186 191 192 201 204 205 207 215 218 219 226 232 239 242 244 
78 281        6 21 22 30 34 35 38 45 55 57 59 60 65 71 74 80 81 82 84 91 97 100 106 108 111 114 117 118 136 157 175 176 182 183 187 194 197 222 227 229 230 231 237 239 246 
79 359        5 14 22 50 51 67 71 73 76 82 87 89 92 99 103 114 121 123 132 136 141 160 167 168 169 172 176 182 185 190 191 193 195 199 200 201 212 216 219 221 232 233 236 237 240 248 
80 319        9 12 14 17 24 30 34 53 56 60 64 66 68 76 78 83 92 99 106 108 112 117 118 125 130 133 140 142 149 150 153 156 166 174 178 187 188 190 191 195 198 199 204 205 206 207 211 212 213 229 232 235 248 
81 322        3 4 6 9 17 20 25 26 35 40 43 58 63 65 66 68 73 78 85 86 87 94 107 108 111 119 120 121 122 125 128 132 137 144 150 151 154 158 163 165 166 169 180 185 186 188 194 196 199 205 206 209 212 214 215 216 218 223 227 228 232 238 239 244 249 
82 448        3 7 9 19 20 24 26 27 34 41 45 48 49 57 58 67 72 78 79 83 85 87 97 99 105 114 117 120 123 125 137 138 139 143 144 147 148 149 150 152 155 156 176 177 189 191 196 198 209 214 215 217 218 219 227 228 230 239 248 249 
83 258        8 10 19 21 24 28 35 36 38 39 40 63 65 68 80 82 98 105 109 111 118 119 120 129 131 133 135 143 145 147 159 160 171 176 189 199 215 218 219 223 224 225 234 238 242 
84 294        5 7 16 21 25 31 33 41 42 43 44 50 53 54 58 66 71 78 85 94 96 108 110 113 126 128 131 148 151 152 155 177 178 191 200 210 211 214 217 219 223 229 234 238 
85 427        9 10 37 40 47 56 67 81 82 84 88 95 96 101 104 110 112 113 114 123 127 130 131 132 137 143 147 153 154 157 158 159 161 164 167 178 181 182 185 188 190 191 214 216 223 224 225 228 230 231 239 240 243 
86 253        2 5 8 11 13 14 16 27 37 44 48 50 52 76 81 87 99 109 111 125 129 136 140 147 150 151 153 155 159 162 163 175 176 177 178 185 196 198 203 204 208 210 212 227 245 
87 320        4 9 17 23 24 27 30 32 34 42 45 46 50 56 57 60 62 70 79 81 82 86 93 101 116 119 121 123 131 144 146 150 159 162 163 167 182 184 190 193 202 203 210 211 214 222 230 239 240 
88 453        21 27 40 44 46 55 60 66 67 68 77 85 90 96 98 100 102 108 115 128 132 136 137 141 152 154 161 165 166 171 172 173 178 181 184 191 194 196 201 204 207 210 211 214 219 234 235 238 248 249 
89 253        2 21 25 32 37 42 46 49 50 51 59 62 63 65 70 74 76 79 92 93 98 111 121 132 135 144 145 147 149 161 170 178 179 190 209 211 212 216 217 218 222 223 229 232 234 235 240 243 245 249 
90 294        1 2 7 13 15 16 19 26 27 29 32 35 41 46 50 55 61 69 70 72 74 88 100 104 114 115 120 121 132 135 138 149 151 153 154 155 156 167 170 172 178 179 180 192 194 203 206 207 211 221 224 247 
91 483        2 6 9 12 16 24 25 30 32 33 36 39 43 54 55 72 78 95 97 101 106 113 115 117 121 123 125 126 132 139 142 146 149 151 153 156 162 164 171 181 182 189 193 194 195 211 214 224 227 236 239 246 
92 254        3 8 14 18 26 27 33 35 38 41 51 57 60 66 68 69 74 79 80 89 93 94 95 98 101 109 113 114 119 121 123 129 134 139 141 143 146 154 159 165 166 172 186 194 199 202 221 225 235 239 243 245 247 
93 263        3 7 11 22 26 33 34 37 38 42 49 59 60 66 73 75 76 87 89 92 94 95 99 105 116 117 119 122 129 137 140 142 144 145 150 155 157 159 160 166 171 175 180 191 210 215 219 227 233 
94 448        1 8 15 17 24 26 32 35 37 40 43 46 48 52 55 57 69 81 84 92 93 101 102 106 108 109 119 123 124 127 129 138 154 159 160 161 165 169 171 173 174 178 182 184 188 196 197 202 203 206 213 214 221 222 225 235 245 247 
95 256        1 2 3 24 25 26 32 35 40 50 54 55 64 66 68 71 76 77 85 91 92 93 96 97 103 112 113 120 121 126 134 143 146 149 152 159 171 183 188 197 224 225 228 230 240 243 245 246 248 249 
96 296        3 6 7 9 12 15 22 27 39 41 42 43 56 57 62 66 68 77 84 85 88 95 109 111 117 122 123 129 136 137 150 154 157 164 184 193 207 209 210 211 212 216 228 230 236 237 242 247 
97 459        15 19 33 38 47 49 50 63 65 66 72 78 82 91 95 99 100 109 113 120 126 133 135 144 160 167 169 173 175 177 181 186 200 201 206 227 228 231 241 
98 254        4 23 24 32 33 34 43 47 50 64 65 70 71 74 77 83 88 89 92 99 102 107 109 118 119 120 121 123 126 131 135 137 139 140 157 159 161 172 176 185 186 188 200 202 208 210 221 227 228 237 249 
99 287        5 18 20 24 27 29 32 35 39 43 47 55 75 79 80 82 86 93 97 98 101 108 110 112 114 122 123 124 133 137 141 146 148 155 169 170 171 172 173 182 196 199 208 209 216 219 221 223 224 229 231 232 236 237 243 244 
100 403       2 8 11 20 24 27 29 31 32 37 38 40 50 78 88 90 97 106 113 115 117 126 131 148 151 155 167 168 171 183 189 195 197 202 203 220 222 225 226 242 
101 294       1 10 17 19 23 36 38 39 44 48 54 55 68 69 70 75 76 85 87 91 92 94 99 109 113 115 119 123 130 131 134 142 143 145 150 154 173 175 177 183 191 192 196 205 208 212 229 238 242 245 
102 303       2 3 9 16 18 35 46 54 61 69 71 73 88 94 98 111 112 114 116 117 118 125 126 131 135 139 141 144 146 151 152 155 157 159 162 171 180 186 187 197 198 204 207 209 210 221 222 230 248 
103 498       1 4 7 15 25 26 27 28 31 32 33 37 43 51 55 59 64 68 73 76 79 95 107 116 121 128 132 133 137 144 151 153 155 156 159 162 163 166 172 184 190 192 194 195 197 202 206 207 210 212 213 227 235 236 249 
104 250       3 8 11 17 24 26 30 32 33 41 47 48 49 53 56 57 75 76 85 90 109 113 118 121 125 126 129 133 137 139 143 149 157 158 159 161 166 176 180 181 197 201 205 207 214 215 224 225 234 236 240 241 246 
105 252       1 4 8 14 17 20 21 25 26 27 32 33 36 37 40 41 50 55 56 63 65 77 82 83 93 112 122 124 139 143 144 148 149 160 163 164 174 175 176 178 183 184 187 193 197 200 201 207 215 224 231 235 237 238 
106 460       6 8 18 27 33 39 41 43 47 49 52 58 67 76 78 80 91 94 100 110 116 122 125 132 134 139 141 143 148 154 156 157 158 163 164 165 166 169 170 176 182 208 216 224 231 235 239 241 242 244 245 248 
107 253       3 7 14 17 18 19 22 29 32 34 36 42 53 62 65 66 68 70 72 75 76 77 81 98 103 111 112 116 117 118 124 135 155 156 160 166 169 170 174 180 181 182 185 186 189 195 199 210 213 217 230 237 243 244 245 249 
108 287       5 6 29 35 42 45 50 51 52 56 61 62 66 77 78 80 81 84 88 94 99 110 113 122 126 130 137 138 142 143 145 149 150 151 152 153 160 166 169 172 174 175 177 184 192 196 201 208 215 216 220 239 240 241 246 
109 409       1 9 14 25 30 31 35 48 61 63 65 72 75 83 86 92 94 96 97 98 101 104 114 115 124 125 127 133 137 140 141 148 149 165 168 174 175 201 221 226 238 239 240 241 245 249 
110 269       6 7 9 23 30 35 43 46 48 51 53 55 60 69 73 74 76 84 85 99 106 108 113 123 124 126 128 131 132 134 149 155 170 171 173 178 181 185 186 187 193 196 197 201 215 231 234 235 237 238 
111 322       2 8 12 20 34 43 44 46 52 62 63 64 67 70 71 72 73 78 81 83 86 89 96 102 107 129 131 138 148 159 168 172 177 179 182 183 184 185 188 192 196 223 226 233 239 240 243 
112 475       1 4 11 15 18 23 24 26 28 29 30 31 35 38 40 45 50 55 57 58 59 61 66 68 70 71 75 80 85 95 99 102 105 107 113 127 129 130 151 157 159 163 168 179 181 183 191 196 201 213 214 219 220 222 226 229 235 240 241 247 
113 252       1 7 32 35 40 41 42 45 53 54 66 71 72 76 84 85 91 92 95 97 100 101 104 108 110 112 117 125 126 136 137 140 145 150 157 164 166 171 172 176 190 198 199 200 202 205 208 212 220 224 233 241 242 247 
114 273       5 10 19 22 30 35 55 57 60 65 70 73 78 79 82 85 90 92 99 102 109 124 126 131 135 136 137 138 140 141 146 147 152 156 157 160 162 170 173 174 176 179 183 186 192 194 195 198 207 219 222 227 231 241 243 
115 371       7 10 14 15 16 19 28 29 33 39 50 58 60 63 66 67 70 71 72 75 88 90 91 100 101 109 118 119 123 128 136 138 143 147 149 150 152 153 161 162 167 168 177 183 187 196 198 199 203 209 214 217 218 223 225 230 236 239 243 248 
116 284       5 13 14 16 18 25 27 30 36 41 51 53 61 68 69 73 87 93 102 103 106 107 118 122 127 132 135 137 138 139 141 147 150 151 153 154 157 159 168 170 179 180 185 186 190 196 199 200 203 207 209 210 219 220 224 233 245 
117 345       9 11 18 19 25 27 32 38 42 43 44 62 63 71 74 75 77 78 80 82 91 93 96 100 102 107 113 126 127 133 137 139 140 149 153 154 157 166 168 169 177 179 187 190 197 200 203 212 213 215 221 229 246 248 
118 439       3 6 13 16 19 20 22 30 36 37 40 42 54 58 63 65 67 74 77 78 80 83 98 102 104 107 115 116 135 139 152 154 155 159 176 189 196 198 203 207 213 215 218 222 224 225 234 235 243 246 
119 275       2 4 5 6 7 18 31 41 45 48 51 54 55 64 67 72 81 83 87 92 93 94 98 101 115 122 125 133 135 139 143 144 145 153 155 156 158 160 169 170 173 175 178 180 186 195 197 198 204 207 208 210 216 218 219 231 239 241 243 248 
120 286       6 9 18 26 30 36 38 39 42 45 54 57 58 59 65 76 81 82 83 90 95 97 98 124 127 129 140 152 153 156 159 161 174 190 206 216 222 232 234 239 240 243 244 248 
121 474       3 4 14 18 19 20 30 33 43 44 47 61 69 73 75 79 81 87 89 90 91 92 95 98 103 104 124 127 130 136 139 141 151 155 162 165 168 181 187 190 194 197 205 208 212 218 225 236 241 242 
122 255       3 10 12 26 34 36 39 41 42 48 54 58 67 71 72 75 81 93 96 99 105 106 108 116 119 123 124 131 132 133 143 145 150 152 156 162 163 164 165 166 168 171 174 175 177 183 187 196 197 201 209 216 221 229 236 246 
123 271       6 8 14 16 33 34 39 40 45 53 62 77 79 82 85 87 91 92 94 96 98 99 101 110 115 122 131 133 136 148 153 156 157 161 168 170 177 180 182 185 190 191 193 197 218 223 232 233 245 247 248 
124 410       1 11 28 31 38 39 40 51 62 64 68 73 75 94 99 105 107 109 110 114 120 121 122 127 132 135 140 141 144 148 149 154 164 165 187 200 202 212 214 218 223 226 235 239 243 245 248 249 
125 255       3 17 18 20 24 27 31 37 39 50 55 56 65 71 73 80 81 82 86 91 102 104 106 109 113 119 129 132 133 138 141 145 150 155 157 165 168 169 172 173 174 177 180 183 185 188 194 206 208 209 212 236 242 248 
126 335       20 27 28 30 39 50 56 65 66 68 72 84 91 95 97 98 100 102 104 108 110 113 114 117 127 133 136 142 146 152 153 154 158 166 171 176 188 189 203 204 209 212 214 216 227 231 235 236 238 249 
127 396       2 15 16 25 28 31 35 43 44 52 53 60 61 69 72 76 85 94 109 112 116 117 120 121 124 126 130 139 145 149 162 169 170 174 175 177 178 179 183 196 200 203 205 208 211 217 220 221 223 229 242 243 249 
128 261       11 16 18 22 25 28 32 33 47 81 84 88 103 110 115 133 137 141 142 143 161 174 188 190 193 200 201 223 228 230 238 
129 343       6 8 15 23 26 31 50 59 60 63 66 67 70 83 86 92 93 94 96 104 111 112 120 125 131 139 140 142 145 151 158 160 172 174 178 179 184 185 188 192 197 199 203 206 209 212 215 224 228 229 235 236 237 240 241 244 246 
130 446       6 8 10 12 14 15 17 18 20 22 44 53 63 69 71 80 85 101 108 112 121 127 131 138 143 149 151 164 170 172 178 187 191 199 206 214 219 220 221 231 242 243 246 
131 260       10 17 27 28 36 39 40 48 56 57 61 63 83 84 85 87 98 100 101 102 110 111 114 122 123 129 130 132 136 137 138 143 149 151 155 158 161 176 185 186 191 192 195 206 209 216 231 249 
132 294       1 2 3 5 6 10 11 13 17 22 25 45 53 59 60 70 73 74 79 81 85 88 89 90 91 103 106 110 116 122 124 125 131 135 149 150 168 186 189 205 208 212 224 228 232 233 236 248 
133 408       7 8 25 27 31 38 43 61 63 75 77 80 83 97 99 103 104 109 117 119 122 123 125 126 128 134 143 152 164 172 179 180 183 189 204 206 211 215 221 223 228 233 237 238 242 249 
134 257       3 10 25 26 35 40 44 46 49 50 55 61 70 92 95 101 106 110 133 145 159 162 173 174 176 179 182 183 184 187 191 199 209 210 216 221 225 232 235 238 249 
135 335       2 4 9 10 11 13 14 21 23 33 45 53 54 65 67 75 83 89 90 97 98 102 107 114 116 118 119 124 132 138 141 142 148 149 152 162 171 176 182 187 193 197 216 218 220 229 232 235 237 242 
136 486       1 2 4 7 14 19 27 31 34 38 43 47 60 66 70 78 79 86 88 96 113 114 115 121 123 126 131 141 143 146 151 152 157 158 163 165 166 169 177 179 194 196 197 200 201 208 209 219 221 233 235 240 243 246 248 
137 251       2 10 12 14 17 26 32 37 38 39 42 53 57 58 59 60 65 67 74 81 82 85 88 93 96 98 99 103 104 108 109 113 114 116 117 128 131 141 149 162 172 173 179 181 182 185 196 197 198 200 201 233 234 236 238 243 246 247 
138 263       1 2 4 5 10 13 20 33 35 41 43 45 52 57 62 65 69 74 82 90 94 108 111 114 115 116 125 130 131 135 141 142 150 151 155 162 165 166 169 179 192 193 198 204 226 234 245 
139 355       7 9 10 11 15 23 30 33 37 41 44 47 50 51 54 56 63 72 75 77 82 91 92 98 102 104 105 106 116 117 118 119 121 127 129 140 145 156 158 167 168 169 171 172 180 183 186 194 197 201 206 207 216 219 223 224 225 227 230 232 233 234 239 242 244 245 
140 266       13 15 16 19 25 26 30 39 56 58 67 80 86 93 98 109 113 114 117 120 124 129 139 144 147 169 170 171 177 179 185 189 194 199 205 207 209 227 231 235 243 247 
141 379       3 9 12 19 25 29 36 46 47 53 59 62 77 79 88 92 99 102 106 109 114 116 121 124 125 128 135 136 137 138 145 148 159 160 169 172 180 182 197 198 199 202 205 210 222 225 234 235 244 249 
142 461       3 6 16 18 19 22 23 27 30 32 44 49 52 55 60 64 80 91 93 101 108 126 128 129 135 138 145 146 147 153 160 166 167 168 171 180 183 200 205 207 209 210 226 229 234 237 243 244 245 247 249 
143 253       3 15 22 37 52 54 55 56 82 83 85 92 95 101 104 105 106 108 115 119 122 128 130 131 133 136 161 163 165 175 178 183 186 187 196 198 203 204 210 223 225 244 
144 286       8 25 30 31 35 40 56 61 70 72 81 82 87 89 93 97 102 103 105 119 124 140 147 167 168 170 172 176 193 194 203 218 222 232 248 
145 481       1 4 5 13 15 17 21 35 38 44 56 57 63 67 69 72 77 83 89 93 101 108 113 119 122 125 127 129 134 139 141 142 152 157 161 171 172 182 183 184 186 193 195 211 212 213 232 234 235 245 247 
146 255       2 14 16 24 33 35 40 49 58 66 70 73 74 87 91 92 95 99 102 114 126 136 142 148 149 159 163 168 171 176 185 188 193 194 214 219 222 226 227 230 232 238 239 240 241 246 247 249 
147 264       7 9 26 32 36 43 44 49 53 54 59 62 71 77 82 83 85 86 89 114 115 116 140 142 144 156 163 171 172 177 181 182 183 184 187 200 201 211 214 220 236 238 243 244 
148 475       2 6 10 11 31 34 41 45 48 49 50 54 66 67 70 73 77 82 84 99 100 105 106 109 111 123 124 135 141 146 155 162 164 169 171 173 179 188 196 203 204 208 225 230 237 240 241 249 
149 258       3 5 9 10 15 21 33 47 57 67 68 71 77 80 82 89 90 91 95 104 105 108 109 110 115 117 124 127 130 131 132 135 137 146 156 159 160 163 165 174 175 176 180 185 188 189 195 197 198 200 203 204 205 208 219 220 221 224 237 247 248 249 
150 267       5 6 17 32 34 37 38 47 48 49 51 56 57 58 59 60 61 66 67 70 72 80 81 82 86 87 93 96 101 108 113 115 116 122 125 132 138 161 166 175 188 190 197 207 210 218 226 227 228 237 241 246 
151 401       5 10 12 19 22 33 34 35 40 41 42 47 52 58 60 62 63 64 68 72 81 84 86 90 91 100 102 103 108 112 116 121 129 130 131 136 138 157 166 183 189 192 194 198 208 209 212 221 223 224 232 234 237 249 
152 259       1 3 4 14 16 24 28 31 35 47 61 65 67 74 75 82 84 88 95 102 108 114 115 118 120 122 126 133 135 136 145 159 166 168 170 173 179 188 189 203 207 212 213 223 224 225 227 235 241 246 248 249 
153 340       2 4 6 8 23 30 38 54 60 65 67 80 85 86 90 91 103 108 115 116 117 119 120 123 126 142 162 173 174 175 181 191 195 197 200 204 213 214 220 229 
154 461       6 7 10 11 12 16 18 21 22 29 35 37 46 47 48 50 54 55 73 81 85 88 90 92 94 96 101 106 116 117 118 124 126 166 168 173 174 181 183 185 191 193 197 198 218 229 230 232 235 243 246 
155 262       2 8 11 13 15 17 18 25 33 35 38 40 43 44 47 49 53 54 57 62 64 66 68 74 82 84 86 90 93 99 100 102 103 107 110 118 119 121 125 131 138 148 156 158 172 174 176 181 183 184 186 194 201 210 215 218 220 224 227 236 239 243 245 246 
156 277       8 9 12 15 20 22 37 42 46 49 59 61 65 70 72 80 82 90 91 103 106 107 114 119 120 122 123 139 147 149 155 160 168 169 172 184 192 193 198 203 207 208 211 212 222 230 231 232 233 237 240 
157 423       15 24 27 29 38 44 53 61 62 66 72 74 78 85 93 96 98 102 104 106 112 113 114 116 117 123 125 136 145 151 160 162 163 165 166 167 171 173 179 182 184 185 187 195 196 201 215 221 223 228 231 236 
158 281       1 10 13 14 23 24 25 35 46 48 57 63 73 81 85 104 106 119 126 129 131 136 139 155 159 168 170 171 181 183 189 193 194 203 204 214 222 226 240 
159 296       2 8 11 12 23 24 31 33 37 39 49 50 70 83 85 86 87 92 93 94 95 98 102 103 104 111 112 116 118 120 134 141 146 149 152 158 162 166 169 170 172 175 176 181 186 192 196 204 205 212 215 220 228 231 234 236 246 247 
160 440       3 5 13 14 15 16 19 22 23 25 33 35 38 41 47 54 57 71 76 77 79 83 93 94 97 105 107 108 114 119 129 141 142 149 156 157 162 168 170 175 176 177 178 180 187 194 195 197 198 202 204 206 217 225 233 234 237 238 243 
161 252       4 14 18 21 24 26 63 64 67 85 88 89 94 98 104 115 120 123 128 131 143 145 150 165 172 174 187 192 196 202 207 209 210 219 229 232 233 238 243 247 
162 308       13 15 25 29 30 32 39 41 42 48 55 73 75 86 87 91 102 103 114 115 121 122 127 134 135 137 138 148 153 157 159 160 167 168 174 192 193 200 201 203 205 209 210 212 225 232 234 239 240 241 244 245 
163 378       8 10 26 28 36 45 46 48 58 60 72 73 75 77 81 86 87 103 105 106 112 122 136 143 146 147 149 157 169 177 179 181 185 186 189 190 198 211 213 225 232 234 235 236 
164 254       1 4 12 20 21 23 28 30 46 53 62 63 67 85 91 96 105 106 113 122 124 130 133 148 165 166 170 176 180 182 183 184 185 189 190 193 196 197 201 204 214 216 231 234 237 241 242 247 248 
165 368       16 21 29 30 32 36 37 39 40 44 46 52 61 64 65 69 73 77 81 88 92 94 106 109 121 122 124 125 136 138 143 149 157 161 164 171 172 174 185 189 198 203 215 224 226 227 235 238 239 
166 488       10 14 15 21 24 33 39 48 52 55 56 66 74 75 76 80 81 88 92 93 103 104 106 107 108 113 117 122 126 136 138 142 150 151 152 154 157 159 164 167 169 170 179 189 203 204 208 214 222 226 227 232 233 235 237 240 244 249 
167 250       2 7 9 15 16 17 18 32 33 38 44 46 49 52 55 57 65 66 68 79 85 87 90 97 100 115 139 142 144 157 162 166 169 178 182 196 199 214 218 219 221 222 227 239 244 246 
168 262       5 12 13 17 19 22 28 37 46 63 65 79 100 109 111 112 115 116 117 121 122 123 125 132 139 142 144 146 152 154 156 158 160 162 172 181 193 198 199 200 204 208 213 218 222 245 247 248 
169 421       3 4 7 10 14 19 31 37 42 43 48 51 56 59 61 79 81 94 97 99 106 107 108 117 119 125 127 136 138 139 140 141 148 156 159 163 166 167 170 171 176 179 183 186 195 206 209 210 214 216 219 220 221 223 224 231 234 239 
170 276       2 3 8 9 11 12 24 25 33 34 36 41 43 44 50 53 54 58 71 89 90 99 106 107 110 114 116 119 123 127 130 140 144 152 158 159 160 164 166 169 176 178 190 191 193 194 199 212 227 240 
171 303       2 3 16 18 21 25 26 33 37 62 63 67 72 83 88 91 93 94 95 99 100 102 110 113 122 126 135 139 140 142 145 146 147 148 157 158 165 169 183 186 190 191 195 205 209 211 217 237 244 247 248 249 
172 445       4 9 11 14 21 35 37 52 53 58 79 88 90 92 98 99 103 108 111 113 125 129 130 133 137 139 141 144 145 147 155 156 159 161 165 168 181 185 188 191 194 201 204 215 221 223 226 229 231 232 244 
173 272       1 4 5 9 10 11 12 17 24 31 37 38 46 50 58 64 76 88 94 97 99 101 110 114 119 125 134 137 148 152 153 154 157 176 181 187 188 203 212 214 221 227 234 238 
174 283       8 10 18 27 29 30 33 37 42 48 49 51 60 64 66 68 80 94 105 107 108 109 114 120 122 125 127 128 129 134 149 153 154 155 161 162 165 180 181 189 190 191 193 200 202 204 231 232 236 245 246 
175 358       19 25 33 34 42 45 50 54 55 59 60 77 78 86 93 97 101 105 108 109 119 122 127 143 149 150 153 159 160 176 177 179 186 188 196 199 201 204 206 213 215 228 229 248 
176 252       9 17 21 31 47 55 59 64 67 77 78 79 82 83 86 98 104 105 106 113 114 118 126 131 134 135 144 146 149 155 159 160 164 169 170 173 175 179 184 187 191 197 201 204 205 206 210 219 229 236 244 248 
177 390       6 7 11 14 21 23 28 30 34 35 45 47 49 61 65 69 77 82 84 86 97 101 108 111 115 117 122 123 125 127 136 140 147 160 163 175 182 189 190 194 196 199 204 207 216 226 228 232 234 237 240 246 247 
178 461       1 5 11 18 23 24 28 37 46 61 64 68 71 74 76 80 84 85 86 88 89 90 94 105 110 119 127 129 130 143 160 167 170 183 184 185 186 191 206 207 211 219 221 224 226 227 228 231 232 234 239 249 
179 250       4 23 30 32 40 41 45 47 63 72 76 89 90 111 112 114 116 117 127 129 133 134 136 137 138 140 148 152 157 163 166 169 175 176 182 190 196 198 199 217 229 231 233 235 238 248 
180 289       12 14 18 20 22 23 24 26 29 30 32 38 42 44 48 49 57 59 63 65 71 81 90 93 102 104 107 116 119 123 125 133 139 141 142 149 160 164 174 189 190 193 205 211 220 222 226 228 230 231 239 
181 351       2 4 7 10 12 15 18 26 29 31 32 33 37 39 41 45 55 56 66 85 88 91 97 104 107 110 112 121 137 147 153 154 155 158 159 163 168 172 173 174 183 185 190 197 202 211 215 223 226 229 234 237 240 241 244 246 
182 251       5 10 14 16 27 45 54 57 58 63 68 78 79 85 87 91 94 99 106 107 111 123 134 135 137 141 145 147 157 164 167 177 179 189 194 197 202 206 207 210 220 225 227 228 236 237 241 246 247 
183 398       1 4 5 9 21 32 33 40 41 42 52 61 72 73 75 78 95 100 101 105 111 112 114 115 122 125 127 133 134 139 142 143 145 147 151 154 155 158 164 169 171 178 181 184 201 204 206 207 216 217 229 241 243 248 
184 397       5 12 16 28 42 45 46 51 53 54 55 58 63 67 69 70 73 87 88 94 96 103 105 108 111 129 134 145 147 155 156 157 164 176 178 183 185 187 189 201 213 217 222 226 228 230 232 236 241 245 
185 285       2 4 6 13 15 16 24 26 30 31 34 39 40 41 42 43 44 54 55 61 68 72 76 79 81 85 86 98 107 110 111 116 123 125 129 131 137 140 146 149 154 157 163 164 165 172 178 181 184 193 199 202 204 206 207 208 214 227 238 242 244 
186 318       4 8 16 24 25 40 45 47 59 69 76 77 81 92 97 98 102 107 110 114 116 119 131 132 139 143 145 155 159 163 169 171 175 178 196 198 201 205 212 218 219 224 226 228 234 241 249 
187 482       1 2 6 7 14 19 21 23 34 40 45 63 65 75 76 78 80 102 105 110 115 117 121 122 124 130 134 135 143 147 157 160 161 173 176 184 190 193 199 202 222 236 237 238 243 
188 250       23 45 46 60 65 69 80 81 85 94 95 98 111 125 126 128 129 146 148 149 150 152 172 173 175 190 194 195 204 213 229 234 239 245 
189 268       4 5 8 9 15 23 41 46 49 51 76 82 83 91 100 107 118 126 132 133 140 149 151 152 158 163 164 165 166 174 177 180 182 184 200 205 207 211 215 218 225 227 228 231 236 238 240 242 243 
190 476       9 20 24 44 45 47 48 50 52 54 59 60 66 70 79 80 85 87 89 103 113 116 117 120 121 123 128 150 163 164 170 171 174 177 179 180 181 187 188 199 207 210 213 226 229 239 246 
191 255       3 4 10 12 13 14 16 17 20 21 22 26 45 56 65 71 75 77 79 80 82 84 85 88 93 101 112 123 130 131 134 153 154 170 171 172 174 176 178 192 203 206 209 211 222 233 
192 269       6 20 28 31 33 42 43 44 45 52 59 65 77 90 101 103 108 111 114 129 131 138 151 156 159 161 162 191 197 199 205 207 210 211 213 216 217 219 223 231 234 239 241 249 
193 400       2 3 10 14 16 17 25 29 34 35 46 49 54 60 64 71 72 79 87 91 96 105 110 123 128 135 138 144 145 146 154 156 158 162 164 168 170 174 180 185 187 196 201 202 204 216 220 221 229 234 241 245 249 
194 285       14 19 20 21 25 47 49 55 63 66 68 75 78 81 88 90 91 92 103 114 121 125 136 139 140 144 146 151 155 158 160 170 172 177 182 188 195 196 203 205 210 215 217 219 220 227 241 244 247 249 
195 315       3 5 12 18 19 22 39 42 43 44 47 48 50 58 65 66 68 79 80 91 100 103 107 114 119 131 145 149 153 157 160 169 171 188 194 201 210 211 214 219 221 224 229 242 243 244 
196 442       20 24 26 31 37 39 52 58 62 64 68 72 81 82 86 88 94 99 101 108 110 111 112 115 116 118 122 127 136 137 143 148 157 159 161 164 167 175 177 179 186 193 194 206 208 218 230 231 235 246 
197 253       12 24 26 29 33 34 42 43 44 45 48 61 64 71 72 78 94 95 100 102 103 104 105 110 117 119 121 122 123 129 135 136 137 139 141 149 150 153 154 160 164 176 181 182 192 215 220 222 227 229 232 242 247 
198 305       3 9 17 24 26 37 42 47 48 56 57 61 71 80 82 86 102 113 114 115 118 119 137 138 141 143 149 151 154 156 160 163 165 168 179 186 209 212 222 223 231 246 
199 483       8 12 17 22 28 39 41 45 57 61 62 65 73 79 80 81 83 92 99 107 113 115 116 129 130 134 140 141 167 168 170 175 177 179 185 187 190 192 208 209 211 219 220 226 238 239 246 
200 252       7 13 29 32 39 41 44 46 54 66 68 74 79 84 97 98 105 113 116 117 124 127 128 136 137 142 147 149 153 162 168 174 189 201 203 205 207 211 221 225 240 243 244 245 249 
201 265       9 12 16 29 36 37 43 48 54 59 70 74 77 79 88 97 104 105 108 109 110 112 122 128 136 137 139 147 155 157 162 164 172 175 176 183 184 186 193 195 200 203 204 207 215 218 229 231 234 239 246 247 
202 476       1 5 16 17 23 38 40 48 65 66 71 73 87 92 94 98 100 103 113 124 141 160 161 174 181 182 185 187 193 204 213 218 224 227 
203 250       4 5 9 17 23 25 33 49 51 52 62 64 71 86 87 90 94 100 115 116 117 118 126 127 129 143 144 148 149 152 156 158 162 165 166 173 191 194 200 201 207 217 221 222 223 233 245 
204 274       6 11 12 16 19 25 31 38 42 44 58 67 77 80 86 88 102 119 126 133 138 143 148 149 153 158 159 160 164 166 168 172 174 175 176 177 183 185 188 193 201 202 212 215 218 220 243 
205 451       10 21 30 31 32 35 45 54 59 63 66 76 77 80 81 101 104 113 121 127 132 140 141 142 149 159 162 171 176 180 186 189 192 194 200 215 218 220 226 228 239 243 
206 268       7 11 20 24 31 33 35 39 40 49 50 51 55 57 70 71 72 73 80 81 90 94 97 103 120 125 129 130 131 133 139 160 169 175 176 178 182 183 185 191 196 209 212 215 225 232 238 239 240 244 246 
207 281       2 5 9 12 13 17 21 26 32 36 40 45 49 52 54 55 57 59 69 77 80 88 90 96 102 103 104 105 114 116 118 119 139 140 142 150 152 156 161 177 178 182 183 185 189 190 192 200 201 203 208 209 213 220 225 226 240 
208 445       10 11 13 28 34 36 67 72 73 86 98 99 101 106 108 113 119 121 125 127 132 136 148 149 151 156 166 168 185 196 199 207 209 210 213 224 225 226 229 231 249 
209 259       1 2 8 17 25 29 35 39 40 70 81 82 89 96 99 102 115 116 122 125 126 129 131 134 136 140 142 151 161 162 169 171 191 198 199 206 207 208 217 222 225 230 239 242 245 247 248 
210 296       2 5 6 11 25 26 28 34 37 39 41 42 51 52 56 57 59 64 65 67 68 75 84 86 87 88 93 96 98 102 103 107 116 119 134 141 142 143 150 155 161 162 169 176 182 190 192 194 195 208 216 217 228 229 233 242 
211 460       3 6 10 26 34 35 38 39 52 57 65 71 73 80 84 87 88 89 90 91 96 127 133 145 147 156 163 171 178 180 181 189 191 192 195 199 200 216 222 239 244 249 
212 251       29 38 53 61 64 68 71 74 76 79 80 81 86 89 96 101 103 113 117 121 124 125 126 129 132 145 151 152 156 159 162 170 173 186 198 204 206 219 225 232 239 242 243 
213 289       15 16 20 37 41 45 52 60 62 65 69 74 76 80 94 103 107 112 117 118 145 152 153 163 168 175 184 188 190 192 202 207 208 223 224 225 228 232 234 248 249 
214 414       1 8 12 22 24 27 41 43 46 57 64 70 81 82 84 85 87 88 91 94 104 112 115 124 126 130 146 147 153 158 164 166 167 169 173 185 195 220 232 234 236 241 246 248 249 
215 261       8 16 25 28 32 33 35 39 42 43 47 61 65 67 69 77 81 82 83 93 104 105 108 110 117 118 129 133 155 157 159 165 172 175 181 189 194 197 201 204 205 206 216 217 220 226 230 231 242 245 
216 325       4 10 32 33 34 35 36 50 51 53 56 57 58 59 60 70 76 79 81 85 89 96 99 106 108 119 120 122 126 131 134 135 139 164 169 177 183 192 193 210 211 215 224 228 232 235 236 245 
217 455       6 7 16 17 24 28 35 40 43 56 58 59 61 69 71 74 76 82 84 89 107 115 127 160 171 179 183 184 192 194 203 209 210 215 226 227 239 243 
218 267       4 6 12 16 19 21 22 34 35 36 40 58 60 69 71 72 74 77 81 82 83 89 115 118 119 121 123 124 135 144 150 154 155 167 168 186 189 196 201 202 204 205 221 225 240 244 246 249 
219 278       10 14 16 18 20 23 24 34 36 38 42 51 54 58 59 63 69 76 77 79 82 83 84 88 93 99 112 114 116 119 130 136 139 146 149 161 167 169 176 178 186 192 194 195 199 212 227 241 
220 429       6 7 8 10 12 15 16 17 21 26 39 41 45 46 51 52 54 55 57 60 62 65 100 108 112 113 116 127 130 135 147 149 153 155 159 169 180 182 193 194 197 199 204 205 207 214 215 227 239 240 243 248 
221 271       8 10 14 16 18 26 29 39 40 41 42 43 46 57 61 71 75 79 90 92 94 98 99 102 109 117 122 127 130 133 134 136 149 151 157 167 169 172 173 178 193 195 200 203 218 222 223 225 227 230 235 236 241 244 248 
222 300       8 19 22 38 45 47 60 62 64 70 78 87 89 94 100 102 112 114 118 120 141 144 146 156 158 166 167 168 180 184 187 191 197 198 203 209 211 221 246 248 
223 467       14 19 21 23 24 27 29 34 38 39 70 81 83 84 85 89 99 111 115 123 124 127 128 133 139 143 151 152 157 169 172 181 192 198 203 213 221 224 226 235 239 246 249 
224 263       1 2 5 20 23 26 31 34 35 44 46 49 51 52 61 62 68 75 83 85 90 91 95 99 104 105 106 113 116 118 129 132 139 149 151 152 155 165 169 178 186 195 202 208 213 216 223 226 227 233 237 238 240 241 244 248 
225 270       14 36 38 42 43 45 46 47 54 59 66 73 83 85 92 94 95 100 104 115 118 121 134 139 141 143 148 152 160 162 163 182 189 200 206 207 208 209 212 213 218 221 232 245 
226 498       5 9 21 24 25 26 27 33 36 37 54 67 68 70 74 76 77 100 109 111 112 124 138 142 146 150 158 165 166 172 177 178 180 181 184 186 190 199 205 207 208 215 217 223 224 231 240 248 
227 250       7 13 17 21 23 24 38 49 52 57 59 61 72 74 78 81 82 86 91 93 97 98 103 114 126 139 140 146 150 152 155 165 166 167 170 173 178 182 185 189 194 197 202 217 219 220 221 224 229 234 235 238 240 243 
228 252       4 5 11 13 15 17 28 43 44 45 52 53 60 63 64 72 76 81 82 85 95 96 97 98 128 129 132 133 150 157 159 175 177 178 180 182 184 186 189 205 210 213 216 235 239 243 247 249 
229 498       1 4 10 12 28 29 32 33 35 43 44 45 48 51 62 65 69 72 76 78 80 84 89 99 101 112 117 122 127 129 135 142 153 154 161 172 175 176 179 181 183 188 190 193 195 197 201 208 210 227 236 240 246 249 
230 250       7 9 10 11 26 31 34 39 48 53 60 74 78 82 85 87 95 96 102 107 115 128 139 146 148 154 156 180 184 196 209 215 221 246 248 
231 252       3 4 5 7 12 13 15 28 29 32 36 39 52 54 58 62 71 72 78 85 97 99 105 106 110 114 119 126 130 131 140 156 157 159 164 169 172 174 178 179 180 189 192 196 198 201 208 215 226 236 244 247 
232 351       8 16 17 18 26 28 36 38 42 46 47 59 61 62 68 69 77 79 80 81 89 99 120 123 132 134 135 139 144 145 146 151 154 156 161 162 163 166 172 174 177 178 184 197 206 212 213 214 216 225 234 247 
233 263       3 4 9 12 21 22 39 43 54 55 57 67 75 79 93 111 113 116 123 132 133 136 137 139 156 160 161 166 179 191 203 210 224 237 241 244 245 247 
234 386       1 2 3 8 10 19 21 25 26 38 40 42 44 45 46 47 49 50 54 70 71 73 74 83 84 88 89 104 110 118 120 137 138 139 141 142 145 151 159 160 162 163 164 169 173 177 178 181 186 188 192 193 201 213 214 227 232 235 237 240 241 243 
235 427       2 15 17 20 22 23 24 25 26 34 37 43 45 51 58 63 67 75 80 88 89 92 94 103 105 106 110 112 118 124 126 129 134 135 136 140 141 145 152 154 163 165 166 179 196 216 221 223 227 228 234 240 246 
236 256       3 4 7 15 23 24 37 44 46 49 50 56 68 74 79 91 96 99 103 104 115 121 122 125 126 129 132 137 147 155 157 159 163 174 176 182 184 187 189 214 216 221 229 231 237 239 242 
237 317       7 21 22 34 42 44 48 50 55 57 67 68 70 73 78 79 96 98 99 105 107 110 129 133 135 142 148 149 150 151 156 160 164 166 171 177 181 182 187 224 233 234 236 244 
238 421       7 8 16 29 37 46 48 57 68 76 81 83 84 88 101 105 109 110 126 128 133 134 137 146 147 160 161 165 173 179 185 187 189 199 206 224 227 245 246 
239 262       1 8 10 12 13 16 24 26 29 32 34 35 40 42 52 54 55 57 59 62 68 74 75 76 77 78 81 82 85 87 91 92 106 108 109 111 115 119 120 124 139 146 155 162 165 167 169 178 180 188 190 192 199 201 205 206 209 211 212 217 220 223 228 236 242 246 
240 317       9 11 14 22 31 33 35 39 42 44 48 49 55 60 62 66 69 75 76 79 85 87 89 95 104 108 109 111 112 120 129 136 146 148 156 158 162 166 170 177 181 189 200 206 207 218 220 224 226 227 229 234 235 245 
241 409       2 3 9 11 12 18 20 23 26 27 28 32 35 42 44 53 57 60 61 63 65 66 67 97 104 106 108 109 112 113 114 119 121 129 146 148 150 152 162 164 181 182 183 184 186 192 193 194 214 219 221 224 233 234 246 
242 254       2 4 14 26 29 33 35 36 39 43 45 46 53 55 58 60 61 72 76 77 83 96 100 101 106 113 121 125 127 130 133 135 139 164 185 189 195 197 209 210 212 215 236 239 249 
243 337       3 4 6 7 8 21 29 34 38 49 55 56 66 75 85 89 92 95 99 107 111 114 115 118 119 120 124 127 130 136 137 140 142 147 154 155 160 161 183 187 189 195 200 204 205 212 217 220 227 228 234 
244 468       4 5 15 16 17 19 27 34 45 46 54 56 59 60 74 77 81 99 106 107 120 129 139 141 142 143 147 162 166 167 171 172 176 181 185 194 195 200 206 211 218 221 224 231 233 237 246 248 
245 263       1 3 11 19 21 26 27 36 38 40 44 46 49 50 54 63 66 86 89 92 94 95 101 106 107 109 116 123 124 138 139 142 145 155 162 168 174 184 188 193 200 203 209 215 216 225 233 238 240 
246 269       1 8 19 20 22 31 36 37 41 52 68 73 74 75 76 78 91 95 104 108 117 118 122 129 130 136 137 146 150 152 154 155 159 167 174 177 181 182 190 196 198 199 201 206 214 218 222 223 229 230 235 238 239 241 244 248 249 
247 458       6 7 9 16 21 22 23 30 35 36 38 50 52 53 57 63 66 67 68 69 72 90 92 94 96 112 113 123 137 140 142 145 146 149 159 161 164 168 171 177 182 194 197 201 209 228 231 232 233 249 
248 252       3 4 15 16 18 20 28 35 36 37 38 39 44 56 60 63 66 79 80 82 88 95 102 106 115 117 119 120 123 124 125 132 136 144 149 152 164 168 171 175 176 179 183 209 213 214 220 221 222 224 226 230 244 246 
249 290       8 11 15 17 19 20 21 22 30 44 45 55 56 65 73 74 76 81 82 88 89 95 98 103 107 109 124 126 127 131 133 134 141 142 146 148 149 151 152 166 171 178 186 192 193 194 200 208 211 213 214 218 223 228 229 242 246 247 
