249 1000
1 366         4 7 8 9 13 14 18 21 27 28 30 31 32 33 37 38 43 50 53 57 58 59 60 67 68 69 70 71 75 76 77 78 81 87 89 92 95 96 97 99 102 104 108 110 113 115 116 118 119 122 123 124 125 129 130 132 133 139 149 154 157 164 165 167 168 171 173 177 178 180 181 182 185 186 190 193 195 196 201 203 205 206 208 210 212 214 216 217 218 219 223 224 227 228 229 237 238 240 241 243 244 248 
2 268         4 5 6 7 9 12 15 20 21 22 24 25 29 32 35 36 37 38 44 45 48 49 50 51 52 54 55 59 61 68 71 73 74 80 83 85 86 92 94 95 96 101 103 105 106 107 108 109 110 114 115 119 120 121 123 125 127 129 130 131 132 136 138 143 145 147 155 157 158 160 163 167 170 174 175 177 183 188 190 194 197 199 208 210 211 213 215 219 222 227 230 232 235 241 243 246 247 248 
3 366         5 6 7 11 12 16 17 20 24 27 29 32 33 34 35 39 40 41 42 43 45 46 47 48 50 51 52 55 56 57 58 60 61 68 69 72 73 74 75 77 79 80 81 82 83 89 91 92 93 96 97 98 102 103 104 106 107 108 113 114 117 121 123 124 126 129 131 132 134 140 141 142 144 149 154 156 157 158 161 162 165 174 177 179 186 187 188 189 191 195 199 200 201 202 205 208 209 211 212 213 214 215 216 217 218 220 221 225 226 228 233 234 235 238 239 244 
4 430         1 2 9 10 12 14 15 16 17 19 22 23 25 26 34 39 46 48 49 56 57 58 59 63 70 71 72 73 74 77 82 87 95 104 108 111 112 113 116 120 121 124 127 128 129 132 139 141 142 143 144 145 146 155 158 159 160 163 164 168 170 173 174 176 179 181 189 192 194 195 198 202 204 206 208 211 214 215 217 219 220 221 222 223 225 226 228 229 230 241 242 246 247 
5 263         2 3 6 7 13 14 15 16 18 22 26 27 30 31 32 33 35 37 42 43 44 45 46 48 52 54 56 57 58 59 64 66 72 74 75 76 77 79 86 88 92 95 96 97 98 100 101 104 105 107 108 109 111 113 114 115 120 121 126 127 133 134 136 137 139 141 145 150 151 153 156 157 158 165 166 169 176 182 185 186 190 192 193 196 200 203 204 206 209 215 218 219 221 225 230 231 233 243 
6 307         2 3 5 14 16 17 18 19 20 22 23 31 32 36 37 41 44 48 53 56 58 59 60 61 64 67 70 76 78 79 83 84 87 90 91 97 98 99 101 109 110 113 116 117 119 122 124 128 131 136 140 144 148 153 160 162 163 167 168 169 174 175 177 180 181 183 184 188 192 201 202 203 204 207 210 211 213 215 217 219 222 223 227 230 231 234 235 245 248 
7 414         1 2 3 5 12 17 20 22 24 28 29 31 36 40 41 42 46 52 54 62 63 64 65 67 68 69 70 72 73 76 78 82 87 88 89 90 94 95 96 101 103 105 106 110 112 114 115 118 119 124 128 130 131 133 137 138 139 142 143 146 147 150 157 162 164 167 173 181 186 187 196 201 212 217 218 221 226 227 228 231 234 235 238 242 245 249 
8 287         1 10 11 14 18 19 20 22 27 28 31 33 36 37 38 39 44 47 48 53 54 58 59 61 63 64 65 66 67 69 71 72 73 75 76 78 83 90 91 95 97 99 102 104 106 107 111 116 117 119 122 126 128 129 136 141 143 147 151 152 153 154 155 158 160 161 162 164 165 169 176 178 180 182 184 185 186 189 190 193 195 203 205 207 209 212 220 222 227 229 231 234 236 237 242 243 244 245 
9 299         1 2 4 10 12 13 15 16 19 24 25 27 32 36 37 40 45 47 53 55 56 57 61 64 65 66 68 69 71 72 73 75 76 79 80 98 99 102 103 113 119 123 124 131 132 136 143 146 147 151 153 157 163 164 168 169 172 175 179 180 181 189 191 197 203 206 208 209 210 215 217 218 221 223 229 230 231 233 234 238 239 245 246 248 249 
10 495        4 8 9 12 20 22 28 33 34 39 40 42 43 47 49 54 56 58 60 61 69 71 72 74 75 76 77 78 80 83 87 88 91 92 94 96 97 102 104 105 108 112 113 117 120 123 126 127 128 129 138 140 141 142 143 147 149 152 157 158 162 163 164 165 172 174 175 178 181 184 185 186 193 195 197 199 202 203 206 207 214 215 222 223 226 235 238 239 240 242 244 245 246 248 249 
11 251        3 8 12 13 14 16 21 23 27 33 36 37 40 42 45 46 47 48 52 53 55 57 58 61 62 64 68 71 72 75 79 82 83 89 92 93 95 100 101 103 108 112 113 114 115 116 117 118 121 123 125 127 129 131 133 135 136 137 138 143 145 150 157 159 161 164 165 166 167 168 169 172 174 175 176 178 180 183 184 185 189 192 193 196 199 200 201 202 203 204 205 206 209 210 211 212 213 214 217 221 223 224 225 226 227 228 231 232 236 237 239 240 245 246 
12 254        2 3 4 7 9 10 11 15 17 19 21 22 24 25 27 29 34 35 36 37 38 41 43 44 45 47 49 50 52 54 60 61 62 63 69 70 73 74 76 78 79 80 81 84 87 88 89 90 93 95 96 97 101 102 109 110 112 113 116 117 118 121 122 125 127 128 129 130 131 133 134 136 137 142 145 146 148 152 154 155 156 157 162 163 164 165 167 175 177 185 186 188 189 190 194 195 196 197 201 202 206 208 211 212 213 217 218 223 224 225 227 229 231 232 233 234 238 240 248 
13 474        1 5 9 11 14 15 16 17 18 20 21 25 27 28 29 31 34 36 38 39 42 44 46 47 48 50 54 57 61 63 64 68 70 71 73 75 76 78 81 87 88 93 94 96 98 99 101 104 110 111 116 117 118 123 126 129 130 135 136 141 143 144 145 147 150 152 154 156 160 165 167 168 169 172 173 177 178 180 183 185 187 188 190 191 193 194 195 198 200 201 203 204 213 214 215 216 218 221 226 228 229 230 232 234 236 237 238 240 243 246 247 
14 252        1 4 5 6 8 11 13 17 18 20 21 22 28 30 31 33 34 36 38 39 42 46 51 54 55 57 58 62 65 67 69 74 75 76 81 82 83 85 86 87 92 99 100 105 110 111 115 116 117 120 121 124 125 129 133 134 137 139 141 146 147 153 154 162 168 169 175 176 179 182 184 186 190 191 192 199 200 209 213 220 224 227 228 230 232 233 234 237 238 242 243 247 249 
15 274        2 4 5 9 12 13 17 18 22 27 29 31 33 34 38 39 41 42 45 55 56 57 58 59 60 63 64 65 66 67 73 76 78 83 85 87 90 95 97 100 102 103 104 107 108 113 114 116 119 122 123 124 127 129 133 134 138 140 142 143 147 156 157 168 169 172 173 182 185 186 187 189 199 200 202 205 208 210 211 213 215 216 218 220 221 222 223 224 229 230 236 237 239 240 242 243 246 248 
16 370        3 4 5 6 9 11 13 17 18 20 22 23 24 32 34 35 36 37 42 46 47 51 52 56 59 62 64 67 73 76 78 79 82 85 86 87 88 90 98 102 103 107 108 111 112 119 122 124 125 126 130 131 134 135 138 139 140 142 143 144 147 149 150 155 156 157 158 160 163 164 167 168 169 173 180 185 190 193 196 197 200 201 203 204 207 208 209 210 212 213 215 216 223 225 227 228 229 232 233 237 238 241 242 243 244 248 249 
17 269        3 4 6 7 12 13 14 15 16 19 20 22 26 29 31 33 36 39 41 42 44 47 51 54 56 58 59 60 63 65 67 70 71 74 76 77 84 88 89 92 93 94 95 96 97 98 99 101 103 107 112 116 120 122 124 125 126 128 133 136 143 145 146 147 150 151 154 155 156 157 164 165 171 172 174 175 179 180 192 197 198 199 201 205 206 207 211 217 218 219 220 226 231 233 237 239 245 247 
18 361        1 5 6 8 13 14 15 16 19 20 24 31 32 34 35 36 37 46 48 50 52 53 54 55 58 59 61 63 69 74 76 81 83 86 87 88 89 91 92 93 95 100 102 103 104 105 106 108 111 112 113 115 116 119 124 125 127 128 130 132 133 136 138 139 145 147 148 152 153 154 161 168 170 172 177 181 182 185 186 191 192 193 195 197 201 202 205 207 208 211 213 214 215 217 218 219 221 222 226 227 228 234 237 241 242 245 246 249 
19 473        4 6 8 9 12 17 18 22 26 27 28 36 37 38 39 40 43 45 46 49 52 55 57 61 63 66 69 74 75 76 79 86 87 89 90 92 95 96 97 99 101 106 110 112 116 117 118 120 123 125 126 127 128 133 136 137 138 140 144 145 148 149 150 158 159 160 161 162 163 166 171 172 174 176 178 179 183 184 185 186 187 190 192 194 195 197 198 200 202 208 210 212 214 222 224 230 232 233 236 237 238 241 242 243 246 249 
20 252        2 3 6 7 8 10 13 14 16 17 18 23 24 28 39 41 43 44 46 49 51 52 53 54 55 56 62 63 65 69 75 78 83 85 87 89 92 95 101 103 104 105 107 109 111 113 117 119 121 127 130 131 137 141 150 162 163 172 178 180 181 182 183 186 193 195 196 198 201 204 205 207 212 216 220 221 222 225 227 228 229 232 237 239 243 244 245 248 
21 275        1 2 11 12 13 14 24 27 34 37 39 45 47 50 51 52 56 59 60 63 66 67 70 72 73 74 76 78 82 83 86 91 92 93 94 100 104 105 106 111 115 122 126 131 134 136 138 141 145 148 154 155 156 159 160 164 168 169 170 173 174 176 177 179 180 185 186 188 190 193 195 199 201 202 213 223 224 225 228 229 234 235 238 243 245 247 249 
22 472        2 4 5 6 7 8 10 12 14 15 16 17 19 23 25 28 30 32 34 38 39 49 50 58 60 61 62 65 66 68 69 72 73 74 76 77 82 83 86 90 94 95 96 100 107 109 110 116 117 118 120 122 123 128 134 136 141 147 148 153 155 159 164 165 167 168 176 178 179 180 182 186 191 198 202 204 205 207 208 209 210 213 214 220 224 230 231 235 237 240 242 
23 259        4 6 11 16 20 22 24 25 26 27 28 29 31 32 33 34 35 39 40 41 43 45 49 51 53 55 58 61 64 68 69 73 74 75 78 79 80 81 84 92 93 94 96 97 99 100 102 103 104 115 116 125 127 129 130 131 136 137 143 147 148 149 151 153 158 159 161 164 165 167 171 173 174 175 176 177 178 179 182 183 184 185 188 189 191 192 193 195 198 199 201 202 203 205 207 208 209 215 217 220 224 228 232 238 241 244 246 248 249 
24 269        2 3 7 9 12 16 18 20 21 23 25 27 32 33 35 39 40 41 42 43 46 47 50 53 54 57 60 64 65 70 76 77 78 84 85 88 90 91 92 93 94 97 99 101 103 105 106 107 108 117 122 124 125 129 131 134 139 146 147 148 150 151 158 159 166 168 171 174 187 191 192 195 197 198 201 204 205 207 208 209 211 212 213 219 222 224 225 227 229 233 239 243 244 245 248 249 
25 444        2 4 9 12 13 22 23 24 32 35 36 40 43 46 49 51 52 53 54 57 59 60 61 69 76 78 79 80 82 84 85 88 92 95 96 97 99 100 102 104 105 109 111 115 119 123 125 127 128 129 131 135 137 138 139 141 143 146 148 149 151 152 153 160 162 166 169 175 180 181 183 185 186 188 189 191 192 194 195 199 205 208 209 212 213 215 216 217 218 224 226 228 229 231 237 238 242 243 
26 258        4 5 17 19 23 27 29 30 31 34 35 40 44 45 46 47 50 51 54 55 56 58 59 62 65 66 74 75 78 81 86 87 89 90 92 95 101 106 107 111 113 115 118 120 121 123 127 129 134 137 139 142 145 146 147 148 154 155 158 160 162 169 172 174 175 176 177 183 184 188 189 192 194 195 199 200 202 204 205 206 208 210 211 212 215 218 219 220 223 224 227 228 231 233 236 241 245 246 248 
27 298        1 3 5 8 9 11 12 13 15 19 21 23 24 26 30 34 36 37 39 46 49 54 55 56 65 67 68 69 70 71 74 75 78 79 82 85 91 92 93 98 103 104 106 108 110 112 114 115 116 120 122 126 127 128 132 133 134 135 136 137 141 142 143 148 150 151 154 155 156 163 164 166 168 169 172 174 175 177 182 183 184 189 190 191 193 194 196 197 200 201 202 203 204 210 215 220 221 226 228 233 240 243 248 
28 439        1 7 8 10 13 14 19 20 22 23 29 31 32 33 36 38 39 43 44 45 53 54 57 58 59 61 66 69 70 71 74 75 76 79 81 85 86 87 88 91 97 98 100 101 102 106 107 109 110 111 113 114 116 119 121 122 124 125 126 129 131 132 137 138 139 140 143 148 149 150 152 159 162 163 168 171 174 176 179 182 183 185 187 190 192 195 196 198 200 202 203 206 207 208 209 215 220 221 222 225 233 234 235 236 237 238 239 240 241 244 245 246 
29 273        2 3 7 12 13 15 17 23 26 28 30 33 34 36 43 46 50 55 56 57 60 61 70 71 74 75 82 85 92 94 95 96 100 103 104 105 106 108 109 118 119 121 122 124 126 127 128 130 133 137 139 143 144 145 146 147 152 153 154 155 157 162 163 165 167 168 173 174 177 179 180 181 183 184 187 189 191 194 196 197 199 202 203 204 214 215 218 219 222 225 229 231 239 242 243 244 246 247 248 249 
30 288        1 5 14 22 26 27 29 31 32 33 34 45 57 59 60 66 72 75 76 77 79 81 82 84 89 92 94 95 97 103 105 106 107 109 110 111 115 116 117 121 130 132 134 135 137 139 140 141 143 146 149 153 156 158 160 161 162 164 166 167 169 172 175 177 178 180 181 187 188 190 191 195 196 197 200 201 205 209 214 215 218 220 223 226 227 230 232 234 237 239 240 246 247 248 
31 445        1 5 6 7 8 13 14 15 17 18 23 26 28 30 33 35 37 38 39 41 42 46 47 49 50 51 54 56 66 67 69 70 76 80 83 84 86 89 92 97 99 100 101 103 104 105 106 108 112 114 117 119 122 124 125 126 127 128 129 133 137 138 141 144 145 146 152 153 154 156 161 162 165 166 170 177 180 181 189 191 196 197 199 201 206 209 214 217 219 220 222 223 225 227 231 232 237 239 242 244 249 
32 272        1 2 3 5 6 9 16 18 22 23 24 25 28 30 33 34 35 38 41 47 49 51 54 58 59 60 63 69 71 80 81 82 86 87 89 91 92 100 104 105 107 111 113 114 115 116 117 119 120 121 122 131 132 133 141 143 147 149 150 161 162 164 168 173 174 176 181 189 191 192 193 199 200 203 205 210 214 219 222 224 225 228 230 231 233 237 240 241 244 245 248 
33 283        1 3 5 8 10 11 14 15 17 23 24 28 29 30 31 32 34 36 37 41 43 48 52 55 59 65 66 67 68 69 73 74 77 79 82 85 87 89 91 92 94 95 99 101 102 104 105 108 112 113 116 118 124 125 127 128 130 131 133 140 144 147 151 153 156 158 160 163 165 168 171 172 174 176 182 183 186 188 190 192 194 197 199 200 203 206 208 209 210 219 221 226 228 229 231 232 233 234 235 236 241 242 244 246 247 
34 419        3 4 10 12 13 14 15 16 18 21 22 23 26 27 29 30 32 33 35 37 42 46 48 54 56 58 59 60 63 64 66 67 68 70 73 74 78 80 85 88 89 94 95 96 99 101 105 106 108 112 115 117 118 119 120 123 126 130 132 133 135 136 139 141 143 144 147 149 150 151 154 155 157 161 163 165 166 167 172 181 182 183 184 188 189 191 193 194 195 196 197 198 204 208 215 218 221 222 223 227 229 230 231 236 238 245 248 
35 261        2 3 5 12 16 18 23 24 25 26 31 32 34 37 40 44 49 58 62 68 72 75 77 78 82 84 85 87 88 95 104 106 107 113 116 119 120 121 122 124 125 127 129 130 132 133 134 135 139 141 144 147 148 151 152 154 156 157 159 162 165 166 167 169 170 173 175 176 177 178 181 183 184 185 187 189 190 192 193 195 196 199 201 207 210 213 214 219 224 225 228 233 235 236 246 
36 320        2 6 7 8 9 11 12 13 14 16 17 18 19 25 27 28 29 33 42 43 49 52 57 60 61 62 65 74 78 81 82 86 90 93 95 96 99 100 101 103 104 106 108 109 112 113 116 119 123 124 126 127 129 131 132 136 137 142 143 144 146 149 150 151 153 155 158 161 165 168 170 171 173 176 181 184 185 188 190 193 197 199 200 201 205 209 210 212 214 219 220 225 228 229 230 234 240 241 245 
37 363        1 2 5 6 8 9 11 12 16 18 19 21 27 31 33 34 35 38 40 42 45 48 49 54 56 60 63 64 67 71 76 78 79 81 84 86 89 90 96 97 100 101 102 107 109 110 112 116 117 118 119 120 121 123 125 128 130 132 134 135 141 146 149 151 153 156 157 160 163 165 172 173 174 176 177 184 186 188 194 198 202 206 207 210 211 212 214 215 217 228 229 231 234 237 238 239 242 243 249 
38 271        1 2 8 12 13 14 15 19 22 28 31 32 37 39 41 45 48 49 51 53 55 57 63 65 67 70 72 74 76 82 83 84 85 86 88 91 92 98 100 101 103 105 108 110 114 116 119 120 122 125 128 130 131 133 134 135 136 137 138 140 141 144 145 146 147 148 151 154 155 156 158 163 164 166 167 168 169 174 176 181 188 196 198 200 202 203 209 212 215 220 232 233 234 235 236 241 242 243 244 245 246 247 
39 366        3 4 8 10 13 14 15 17 19 20 21 22 23 24 27 28 31 38 41 42 43 44 49 51 55 56 57 63 64 65 70 72 73 74 75 76 79 83 84 85 86 88 95 98 101 105 106 110 113 114 115 116 117 119 121 123 127 129 131 133 134 139 140 141 143 144 145 146 150 151 152 155 158 159 166 167 169 170 176 179 184 187 189 190 192 193 201 202 204 205 206 207 209 211 216 217 219 222 226 229 230 231 234 235 238 242 245 246 249 
40 355        3 7 9 10 11 19 23 24 25 26 35 37 43 44 45 46 51 53 56 57 58 59 60 65 67 68 69 71 75 78 79 80 81 83 86 87 96 97 99 100 101 103 105 106 112 113 115 118 123 125 127 128 130 132 133 141 144 147 149 151 152 154 155 156 158 161 162 164 166 167 171 174 175 176 178 182 190 192 197 199 206 207 209 212 215 217 219 222 223 224 227 229 234 243 244 245 247 248 
41 273        3 6 7 12 15 17 20 23 24 31 32 33 38 39 44 45 48 50 52 55 56 60 67 69 71 75 77 83 84 85 86 88 92 93 94 99 100 102 108 109 110 111 113 114 115 116 127 133 135 137 140 144 148 151 152 155 156 157 161 166 167 168 169 171 172 174 184 187 188 190 195 196 199 200 201 207 209 212 215 217 219 221 222 225 226 233 234 236 241 242 249 
42 372        3 5 7 10 11 13 14 15 16 17 24 31 34 36 37 39 46 49 51 52 54 55 56 58 62 64 67 68 70 71 72 75 80 81 84 86 89 93 94 95 98 106 108 111 112 114 118 124 127 128 130 131 134 135 136 143 146 151 153 155 161 164 166 168 169 171 172 175 177 178 179 180 181 182 184 185 186 187 192 193 199 200 208 210 215 221 224 226 229 230 231 232 236 238 244 247 248 
43 466        1 3 5 10 12 19 20 23 24 25 28 29 33 36 39 40 46 49 55 56 64 67 68 74 75 76 79 81 82 83 84 85 87 88 92 93 94 96 97 102 105 109 110 112 113 114 117 118 119 120 121 126 130 131 138 141 147 149 151 154 156 160 163 165 170 172 175 177 180 186 190 193 197 199 204 207 211 212 213 216 220 224 228 229 233 234 235 237 238 241 245 246 249 
44 262        2 5 6 8 12 13 17 20 26 28 35 39 40 41 52 53 54 57 59 60 62 63 68 69 71 73 74 77 78 81 84 86 89 90 97 101 102 113 114 115 118 119 120 123 127 128 131 132 133 136 138 143 153 154 155 160 161 162 164 168 170 171 174 180 185 186 188 193 194 196 197 199 201 204 205 206 209 212 215 220 221 223 225 230 235 237 238 240 241 244 246 247 249 
45 272        2 3 5 9 11 12 15 19 21 23 26 28 30 37 38 40 41 47 50 53 56 60 67 69 72 74 75 78 86 87 90 96 97 98 99 103 106 107 110 113 115 117 118 119 122 124 127 128 129 132 135 144 150 153 156 158 160 164 165 166 168 171 172 174 176 182 183 189 190 192 193 194 201 203 206 210 212 215 222 223 224 226 227 230 232 233 235 236 237 243 245 246 249 
46 357        3 4 5 7 11 13 14 16 18 19 20 24 25 26 27 29 31 34 40 42 43 53 56 58 59 62 63 64 66 67 71 74 76 77 79 81 82 84 85 88 89 90 92 93 101 105 106 108 109 111 113 115 117 118 119 123 126 127 129 131 133 136 140 142 145 146 148 149 151 153 156 157 158 165 172 174 177 180 185 187 189 190 192 194 195 201 202 205 206 211 214 216 218 220 224 225 229 231 232 235 239 241 243 246 247 
47 292        3 8 9 10 11 12 13 16 17 21 24 26 31 32 45 48 49 51 56 58 61 64 65 70 71 76 78 86 91 92 94 95 96 98 99 101 102 103 105 106 107 109 114 117 118 120 121 122 125 129 132 134 145 151 162 163 166 171 172 173 174 177 178 179 189 192 193 194 195 197 202 207 208 210 212 214 215 216 226 227 234 236 240 245 
48 351        2 3 4 5 6 8 11 13 18 33 34 37 38 41 47 49 52 53 54 61 63 65 68 69 70 71 77 78 80 82 83 84 85 91 93 95 98 100 101 102 106 108 121 124 127 134 135 138 139 140 150 152 154 156 157 159 161 169 171 172 178 184 186 187 193 195 197 200 201 203 204 205 208 211 217 221 223 225 226 227 228 233 234 239 241 242 243 245 247 248 
49 395        2 4 10 12 19 20 22 23 25 27 31 32 35 36 37 38 39 42 43 47 48 50 60 66 67 75 78 80 83 85 86 87 88 92 98 103 104 105 108 112 113 114 116 117 119 120 124 125 126 128 131 132 135 137 140 141 144 145 148 150 151 152 154 156 158 163 164 166 168 173 174 175 182 186 189 190 191 193 194 196 201 202 204 205 206 208 214 218 223 224 228 234 236 240 243 244 245 
50 255        1 2 3 12 13 18 21 22 24 26 29 31 41 45 49 51 53 62 63 69 76 78 81 82 83 84 85 86 88 89 94 95 98 104 111 112 114 119 124 128 129 132 134 135 136 138 140 143 144 145 148 149 152 153 156 157 161 163 167 169 173 175 176 177 178 181 182 184 190 191 193 195 197 198 201 210 211 212 214 216 217 220 221 222 228 230 231 232 233 235 236 240 242 243 246 247 248 
51 350        2 3 14 16 17 20 21 23 25 26 31 32 38 39 40 42 47 50 55 58 62 67 68 70 72 75 76 78 79 82 88 89 91 94 96 100 103 104 106 108 110 114 116 118 120 122 133 134 138 139 140 141 142 143 144 145 147 149 150 151 156 157 158 161 163 164 177 178 179 180 182 184 186 187 189 190 195 197 198 200 204 207 208 209 211 215 216 222 223 224 231 234 239 241 242 244 247 
52 350        2 3 5 7 11 12 16 18 19 20 21 25 33 36 41 42 44 48 53 54 59 62 63 66 67 70 75 81 83 88 90 91 93 94 98 99 102 104 105 106 113 114 115 120 121 126 128 131 134 135 137 140 142 150 152 153 155 156 159 160 161 162 166 167 169 170 171 174 175 176 177 178 182 183 185 186 187 189 196 199 209 210 211 214 215 216 219 220 223 225 226 228 234 235 236 237 240 243 245 246 247 248 249 
53 303        1 6 8 9 11 18 20 23 24 25 28 38 40 44 45 46 48 50 52 54 55 62 65 66 69 73 74 75 76 77 81 82 83 84 85 87 88 90 94 96 100 101 102 104 106 111 114 115 116 117 118 120 126 128 129 130 134 135 141 144 148 151 153 157 158 160 164 167 169 171 173 175 177 178 179 180 181 184 185 194 196 202 209 211 214 215 221 222 225 229 230 235 236 238 239 241 246 247 
54 347        2 5 7 8 10 12 13 14 17 18 20 24 25 26 27 28 31 32 34 37 42 44 48 52 53 55 58 59 60 62 63 64 69 77 78 80 84 85 88 92 93 94 95 96 98 99 100 101 109 111 112 116 118 122 125 128 135 137 138 141 145 151 153 161 167 171 177 182 186 189 190 191 194 195 200 204 210 212 213 215 217 218 219 224 225 230 237 241 242 243 244 245 247 
55 450        2 3 9 11 14 15 18 19 20 23 26 27 29 33 38 39 41 42 43 51 53 54 56 57 59 60 61 63 67 68 69 75 80 84 87 90 91 94 97 102 103 104 108 110 111 113 115 118 121 123 124 126 129 133 136 137 140 148 149 152 157 161 162 163 170 175 176 178 179 180 182 183 185 188 189 190 191 199 200 208 209 211 213 216 218 222 224 225 228 229 230 231 232 234 240 243 244 245 246 248 
56 252        3 4 5 6 9 10 15 16 17 20 21 26 27 29 31 34 37 39 40 41 42 43 45 46 47 55 57 60 66 67 68 72 78 82 84 85 86 91 93 97 100 101 105 106 107 108 110 115 117 119 120 122 125 128 131 135 137 139 145 146 147 148 149 151 152 156 158 160 161 165 171 172 174 177 178 179 183 186 188 189 192 194 198 199 200 202 206 209 214 215 217 220 222 223 224 228 233 234 236 239 240 241 243 246 247 249 
57 298        1 3 4 5 9 11 13 14 15 19 24 25 28 29 30 36 38 39 40 44 55 56 60 61 62 63 64 66 67 68 69 70 72 74 75 77 79 87 88 93 96 101 103 104 106 108 109 110 112 114 116 117 120 123 127 129 133 135 136 138 143 145 146 148 149 151 153 154 157 160 166 168 169 172 173 174 176 179 181 184 189 192 193 197 201 208 212 214 216 217 218 219 220 221 223 226 229 233 237 244 247 
58 410        1 3 4 5 6 8 10 11 14 15 17 18 22 23 26 28 32 34 35 40 42 46 47 51 54 62 66 68 70 72 81 82 86 93 96 98 99 105 106 109 112 113 114 115 116 118 121 122 128 132 138 143 145 146 149 150 155 156 157 158 163 167 168 170 171 172 175 176 178 185 190 191 192 193 196 197 202 210 211 217 219 226 227 230 232 233 235 238 240 242 243 244 248 249 
59 275        1 2 4 5 6 8 15 16 17 18 21 25 26 28 30 32 33 34 40 44 46 52 54 55 65 67 68 75 78 80 82 85 86 87 92 93 94 96 97 98 99 100 104 113 114 118 120 122 127 128 132 137 139 142 144 145 147 148 153 155 161 162 164 167 169 172 175 178 179 181 186 187 188 190 194 201 203 205 206 209 211 217 218 221 222 223 225 227 228 229 230 231 234 238 245 247 248 
60 315        1 3 6 10 12 15 17 21 22 24 25 29 30 32 34 36 37 40 41 44 45 49 54 55 56 57 61 62 64 67 68 73 85 86 87 90 91 96 99 100 101 105 106 118 121 123 124 126 130 131 132 133 139 142 146 153 154 159 161 162 163 164 166 167 173 174 175 177 180 181 182 184 185 189 191 194 199 208 209 210 211 214 215 216 229 232 234 236 237 240 241 242 244 249 
61 407        2 3 6 8 9 10 11 12 13 18 19 22 23 25 28 29 36 47 48 55 57 60 70 75 76 77 79 82 83 86 88 90 95 96 97 98 100 101 103 104 107 111 116 118 120 127 128 130 131 133 135 140 144 147 148 151 153 154 155 156 157 158 159 160 163 164 166 167 170 179 188 191 192 195 206 208 210 211 213 220 222 224 225 227 229 230 231 232 236 237 240 242 243 244 245 248 
62 260        7 11 12 14 16 20 22 26 35 36 42 44 46 50 51 52 53 54 57 58 60 66 68 69 70 72 73 74 75 79 82 83 89 94 99 100 104 105 107 108 110 111 114 117 119 121 125 127 129 130 131 134 136 137 138 141 142 144 146 149 154 160 166 169 170 172 173 176 178 182 183 185 186 188 190 193 194 195 197 201 202 203 207 210 212 213 214 223 224 225 228 229 231 232 233 235 237 240 245 246 
63 333        4 7 8 12 13 15 17 18 19 20 21 32 34 37 38 39 44 46 48 50 52 54 55 57 64 66 73 75 77 79 83 84 86 87 90 91 96 100 103 104 109 110 114 115 121 125 126 131 134 136 137 138 139 140 141 142 145 148 149 150 154 155 156 162 163 164 165 168 174 175 176 178 179 182 186 187 188 192 193 195 198 199 204 206 208 210 214 215 216 223 224 226 228 229 230 233 234 235 237 238 241 243 244 246 248 
64 366        5 6 7 8 9 11 13 15 16 23 24 34 37 39 42 43 46 47 54 57 60 63 66 67 72 77 80 88 92 93 96 98 99 100 101 104 105 106 109 110 111 112 113 116 117 118 128 134 135 136 137 138 139 140 144 145 147 148 151 152 153 155 158 160 165 169 171 173 176 179 182 185 186 189 190 192 195 197 199 200 205 207 211 212 213 214 216 218 219 221 222 227 229 230 234 235 238 239 242 244 249 
65 271        7 8 9 14 15 17 20 22 24 26 27 33 36 38 39 40 47 48 53 59 66 68 70 72 78 79 82 83 84 85 87 91 92 96 98 100 101 109 110 112 114 115 116 125 127 132 136 139 142 145 147 149 150 156 157 159 161 166 168 170 171 173 178 179 180 181 184 187 192 195 196 198 199 200 201 207 212 214 217 218 222 223 224 226 227 231 235 236 237 238 245 246 247 248 
66 363        5 8 9 15 19 21 22 26 28 30 31 33 34 46 49 52 53 56 57 58 62 63 64 65 74 85 92 93 94 98 104 106 107 108 109 113 114 117 118 119 121 127 131 135 140 141 144 146 147 148 153 158 160 162 164 165 166 169 170 175 176 177 178 179 180 181 182 183 187 190 191 194 195 197 201 203 204 208 211 216 217 223 224 225 226 227 229 230 233 240 245 247 248 
67 350        1 6 7 8 14 15 16 17 21 27 31 33 34 37 38 40 41 42 43 45 46 49 51 52 55 56 57 59 60 64 68 73 75 76 77 84 90 91 92 93 94 96 97 98 102 103 104 106 107 108 110 111 112 117 119 120 122 124 125 129 130 132 133 135 139 142 143 144 147 148 149 151 159 160 163 164 165 167 168 169 171 173 175 180 181 182 192 195 201 206 210 212 213 214 216 217 224 226 228 231 232 234 239 241 246 
68 294        1 2 3 7 9 11 13 22 23 27 33 34 35 40 42 43 44 48 51 55 56 57 58 59 60 62 65 67 69 70 73 77 78 80 81 82 83 85 86 87 94 98 100 101 102 106 107 109 112 113 114 117 119 120 124 127 130 131 132 133 134 135 136 140 141 142 148 150 151 154 156 157 159 161 169 171 172 173 175 178 179 180 181 183 187 188 190 196 200 202 203 204 205 206 209 210 214 215 218 221 224 230 233 234 240 241 245 246 249 
69 356        1 3 7 8 9 10 12 14 18 19 20 22 23 25 27 28 31 32 33 40 41 44 45 48 50 53 54 55 57 62 68 72 76 78 84 86 87 89 90 92 96 97 100 101 103 104 105 113 114 119 121 123 124 126 128 129 132 133 137 139 141 142 143 144 148 149 152 154 159 161 165 167 169 172 174 176 177 178 181 183 184 185 193 196 201 203 205 208 209 210 211 213 214 215 221 222 225 226 227 231 232 234 235 239 240 241 242 247 249 
70 480        1 4 6 7 12 13 17 21 24 27 28 29 31 34 38 39 42 47 48 51 52 57 58 61 62 65 68 71 75 76 79 80 81 83 85 87 88 91 92 93 94 96 99 100 103 104 105 109 112 116 118 122 126 128 130 136 137 139 140 143 144 148 152 155 156 158 160 163 169 171 173 175 177 178 181 188 191 192 193 194 195 197 199 200 207 214 215 217 219 229 233 239 240 244 245 246 247 249 
71 253        1 2 4 8 9 10 11 13 17 27 28 29 32 37 40 41 42 44 46 47 48 70 73 76 77 78 80 83 84 87 88 91 94 98 99 100 101 102 105 107 110 111 112 113 114 120 122 124 125 126 128 129 132 134 136 137 138 142 143 146 148 149 152 153 156 158 162 169 171 172 175 179 180 185 186 191 194 196 197 198 200 201 203 205 208 210 212 216 219 221 226 229 235 238 240 243 248 
72 267        3 4 5 7 8 9 10 11 21 22 30 35 38 39 42 45 51 56 57 58 62 64 65 69 78 80 81 83 84 86 87 89 90 91 93 94 96 97 100 101 102 104 106 107 109 113 119 120 128 129 130 136 144 145 149 151 156 158 161 162 163 165 166 172 175 177 179 181 182 185 186 188 189 190 192 193 196 199 201 203 204 206 209 212 216 217 219 223 226 227 228 230 231 234 238 242 243 244 245 246 
73 446        2 3 4 7 8 9 12 13 15 16 21 22 23 33 34 39 44 53 60 62 63 67 68 71 75 76 77 78 84 85 86 87 88 93 99 101 102 103 104 105 113 117 120 121 122 123 125 130 133 136 139 142 143 145 147 151 152 155 157 158 159 160 161 162 168 178 187 193 197 200 202 203 206 208 210 215 218 219 224 226 227 233 234 235 236 237 238 244 247 
74 259        2 3 4 5 10 12 14 17 18 19 21 22 23 26 27 28 29 33 34 36 38 39 43 44 45 46 53 57 62 66 80 81 84 88 91 95 97 98 99 102 104 106 108 109 112 113 115 118 122 130 131 132 133 137 139 154 159 163 165 167 175 179 183 184 185 187 189 190 192 193 195 196 200 201 205 207 210 212 213 214 215 218 222 223 225 226 228 233 237 238 242 243 244 248 
75 295        1 3 5 8 9 10 11 13 14 19 20 23 26 27 28 29 30 35 39 40 41 42 43 45 49 51 52 53 55 57 59 61 62 63 67 70 73 76 80 83 86 87 88 90 95 99 101 104 107 108 109 110 112 115 116 117 118 121 123 126 128 129 134 135 136 140 142 143 146 148 150 156 162 163 165 166 168 170 173 176 178 180 183 184 185 193 198 202 203 204 205 207 208 209 210 213 215 216 217 218 222 226 227 231 232 236 238 239 241 244 
76 376        1 5 6 7 8 9 10 12 13 14 15 16 17 18 19 21 22 24 25 28 30 31 37 38 39 43 46 47 50 51 53 61 67 69 70 71 73 75 82 85 88 96 100 101 103 109 111 112 113 115 118 119 125 129 132 133 138 139 140 145 150 152 154 160 163 169 171 174 181 185 187 189 190 191 194 201 205 209 210 213 214 216 217 218 220 221 222 227 232 233 234 237 240 242 243 245 247 249 
77 267        1 3 4 5 10 17 22 24 30 33 35 41 44 46 48 53 54 57 61 63 64 67 68 71 73 80 81 84 88 95 101 108 114 115 117 119 125 126 128 130 131 132 135 138 151 152 156 159 163 165 170 171 173 177 178 183 184 185 186 188 189 190 191 193 195 196 197 198 199 201 202 203 208 213 214 215 219 220 222 225 226 231 232 233 234 239 240 242 246 
78 357        1 6 7 8 10 12 13 15 16 20 21 23 24 25 26 27 34 35 36 37 40 44 45 47 48 49 50 51 54 56 59 65 68 69 71 72 73 81 86 89 95 100 101 102 104 113 114 119 121 125 127 132 139 141 144 145 146 147 148 152 153 154 155 156 158 160 164 166 167 170 171 172 175 179 181 182 184 186 188 189 191 192 193 195 204 205 206 207 208 209 212 214 215 218 220 224 225 228 232 234 236 240 245 246 
79 366        3 5 6 9 11 12 16 19 23 25 27 28 30 33 37 39 40 43 46 51 57 61 62 63 65 70 82 85 86 87 90 91 99 101 106 107 108 110 112 114 119 120 121 122 123 124 125 128 135 137 139 142 147 148 149 154 157 160 161 163 164 169 170 172 174 177 178 179 183 184 185 186 188 200 206 207 211 213 215 217 220 221 231 233 234 238 241 242 243 245 248 249 
80 282        2 3 9 10 12 23 25 31 32 34 40 42 48 49 54 55 59 64 68 70 71 72 74 75 77 82 83 84 85 90 92 95 96 98 99 102 103 105 109 110 114 120 121 123 125 126 127 129 130 133 134 135 137 139 142 143 145 146 147 148 149 153 154 156 160 161 163 168 170 171 172 176 177 178 181 182 183 185 190 192 195 200 201 205 213 216 217 220 222 226 229 230 240 243 244 248 
81 352        1 3 12 13 14 18 23 26 28 30 32 36 37 40 42 43 44 46 50 52 53 58 68 70 72 74 77 78 89 92 93 94 99 100 101 103 105 108 111 114 115 124 127 134 135 137 138 141 142 143 144 146 149 155 158 160 162 164 167 168 169 170 175 177 178 181 182 184 188 189 191 194 196 197 198 200 201 204 205 206 208 210 211 217 222 224 225 230 232 233 236 237 239 240 246 249 
82 478        3 4 7 11 14 16 21 22 25 27 29 30 32 33 35 36 38 43 46 48 50 51 53 56 58 59 61 62 65 68 76 79 80 83 85 86 88 89 91 92 99 100 101 105 107 108 110 111 112 114 118 123 124 125 128 129 130 131 132 133 134 137 139 142 145 147 149 150 151 153 154 157 161 164 167 168 170 171 179 181 185 190 193 194 198 202 203 205 207 208 211 219 222 225 227 228 229 231 232 234 235 237 238 241 244 247 249 
83 256        2 3 6 8 10 11 14 15 18 20 21 22 31 38 39 40 41 43 48 49 50 52 53 61 62 63 65 68 70 71 72 75 80 82 85 88 91 94 100 105 107 108 110 111 112 114 115 118 121 123 124 125 128 130 131 134 135 138 147 148 151 152 153 154 165 168 169 171 177 179 182 183 186 187 188 191 193 198 199 202 204 206 209 212 215 220 223 225 232 239 
84 266        6 12 17 23 24 25 30 31 35 37 38 39 41 42 43 44 46 48 50 53 54 55 56 63 65 67 69 71 72 73 74 77 80 88 90 92 97 104 105 106 110 115 122 123 124 132 140 142 148 149 150 151 152 153 154 155 158 159 160 164 166 167 168 169 172 174 180 185 187 188 189 191 192 198 201 205 207 211 213 217 218 219 220 226 228 232 237 238 240 241 247 249 
85 420        2 14 15 16 20 24 25 27 28 29 33 34 35 38 39 41 43 46 48 49 50 53 54 56 59 60 65 66 68 70 73 76 79 80 82 83 90 91 94 95 96 103 104 105 109 115 117 119 124 125 126 127 129 131 133 134 136 143 145 153 154 159 161 163 164 165 166 168 169 170 172 175 176 178 180 182 185 187 188 191 192 193 200 202 203 204 206 216 217 219 221 223 225 233 234 235 240 243 244 246 248 
86 251        2 5 14 16 18 19 21 22 26 28 31 32 36 37 38 39 40 41 42 44 45 47 49 50 56 58 59 60 61 63 68 69 72 73 75 78 79 82 88 90 97 101 106 109 110 111 112 113 114 117 119 120 123 127 128 129 133 134 137 138 140 144 149 152 153 154 155 157 158 159 166 170 171 173 175 178 180 182 185 190 192 193 201 202 203 204 205 206 207 209 210 213 215 216 221 223 224 225 228 230 236 237 242 246 247 248 
87 329        1 4 6 7 10 12 13 14 15 16 18 19 20 26 28 32 33 35 40 43 45 49 53 55 57 59 60 63 65 68 69 70 71 72 73 75 79 89 90 94 95 98 109 113 114 119 121 122 123 128 129 130 140 141 143 144 147 149 152 155 157 159 160 163 168 170 178 181 182 184 185 189 190 194 196 197 201 207 213 214 223 227 229 232 234 236 237 238 240 243 245 247 
88 434        5 7 10 12 13 16 17 18 24 25 28 34 35 38 39 41 43 46 49 50 51 52 53 54 57 61 64 70 71 73 74 75 76 77 82 83 84 86 92 93 94 95 96 97 98 104 108 109 110 112 113 114 115 118 120 121 122 125 126 127 128 134 135 139 141 142 143 145 151 152 155 156 157 159 160 164 166 167 168 174 175 178 179 180 182 183 184 186 194 195 197 200 203 205 206 207 211 213 214 216 218 219 220 222 228 229 231 243 245 
89 252        1 3 7 11 12 17 18 19 20 26 30 31 32 33 34 37 42 44 46 50 51 62 69 72 78 81 82 87 90 95 97 102 109 110 111 112 116 121 123 124 125 127 131 134 136 141 142 143 147 150 155 156 158 159 161 166 172 173 175 178 179 184 190 191 193 196 197 198 199 202 209 211 215 216 222 226 229 232 234 236 237 238 240 241 246 
90 314        6 7 8 12 15 16 19 22 24 26 36 37 44 45 46 52 53 55 60 61 63 67 69 72 75 79 80 84 85 86 87 89 99 102 103 105 106 113 116 119 121 122 123 124 125 126 127 130 133 135 136 137 138 139 144 145 149 151 153 158 159 161 163 165 166 167 171 172 173 174 177 178 180 182 183 184 185 186 187 189 193 194 195 204 205 206 209 211 213 214 215 217 218 219 220 222 223 227 228 231 232 233 234 236 237 238 240 241 242 245 
91 470        3 6 8 10 18 21 24 27 28 32 33 38 47 48 51 52 55 56 60 63 65 67 70 71 72 74 79 82 83 85 92 97 98 100 101 102 104 105 108 114 117 120 121 124 128 130 131 132 133 134 139 143 144 148 149 155 159 161 163 165 166 168 169 171 172 176 178 183 184 185 186 191 192 194 197 200 203 208 211 212 213 216 220 222 223 225 226 229 231 233 234 235 236 241 248 
92 254        1 2 3 5 10 11 14 17 18 19 20 21 23 24 25 26 27 29 30 31 32 33 38 41 43 46 47 49 54 59 64 65 66 67 69 70 80 81 82 84 88 91 93 95 97 98 100 101 103 104 105 107 108 111 115 116 117 118 119 121 122 124 127 130 136 139 140 144 145 147 150 153 154 155 159 160 161 164 165 168 173 180 182 185 188 194 196 197 200 202 203 204 205 207 210 215 218 224 229 231 235 237 242 243 244 245 248 
93 276        3 11 12 13 17 18 21 23 24 27 36 41 42 43 46 48 52 54 56 57 58 59 64 66 67 70 72 73 81 88 92 97 101 102 104 105 112 115 119 121 123 125 126 127 130 134 136 141 142 143 146 148 151 152 162 163 164 166 168 169 174 175 176 177 178 182 183 190 192 194 196 198 201 202 204 207 210 212 220 222 223 224 234 235 238 239 240 247 248 
94 497        2 7 10 13 17 21 22 23 24 29 30 33 34 41 42 43 47 50 51 52 53 54 55 59 62 66 67 68 70 71 72 81 83 85 87 88 95 100 101 104 107 109 110 112 114 123 124 125 131 134 137 139 140 145 146 148 150 153 154 156 157 162 168 169 170 171 173 174 175 179 187 188 189 192 195 198 200 204 207 208 209 210 214 216 217 218 219 221 222 223 225 226 227 228 231 232 235 237 244 248 
95 250        1 2 4 5 7 8 11 12 15 17 18 19 20 22 25 26 29 30 33 34 35 36 39 42 47 48 50 54 61 74 75 77 78 80 85 87 88 89 92 94 98 100 106 108 109 111 114 116 117 118 119 120 122 123 124 125 130 131 137 139 145 148 151 152 155 157 159 161 163 165 166 169 171 173 174 179 182 183 184 185 186 190 195 196 199 202 206 207 215 216 217 218 219 220 225 226 227 228 229 231 232 237 238 239 242 247 249 
96 253        1 2 3 5 7 10 12 13 17 19 22 23 25 29 34 36 37 40 43 45 47 51 53 54 57 58 59 60 61 63 64 65 67 69 70 72 76 80 85 88 101 104 105 107 108 112 116 118 121 122 124 125 128 129 130 132 133 136 139 141 142 143 144 145 147 150 154 155 157 160 161 162 164 166 168 172 173 175 180 181 184 186 187 188 189 195 196 209 214 217 220 221 223 230 231 232 242 243 244 247 
97 497        1 3 5 6 8 10 12 15 17 19 23 24 25 28 30 31 37 40 43 44 45 55 56 59 61 67 69 72 74 84 86 88 89 91 92 93 98 99 100 102 113 114 115 117 121 123 125 126 127 128 131 134 135 136 142 150 151 153 156 160 161 162 163 166 174 175 176 179 181 183 185 186 192 193 198 203 204 206 208 209 210 212 213 218 224 227 228 231 239 243 244 245 246 249 
98 250        3 5 6 9 13 16 17 27 28 38 39 42 45 47 48 49 50 52 54 58 59 61 64 65 66 67 68 71 74 80 87 88 91 92 95 97 100 102 106 107 108 110 112 114 115 117 118 120 121 123 124 127 128 129 131 132 133 136 138 140 141 144 148 152 155 157 160 162 165 168 169 171 174 179 180 181 182 183 185 187 188 189 191 192 198 200 201 202 204 205 208 212 213 215 218 220 221 223 224 227 240 243 245 
99 253        1 6 8 9 13 14 17 19 23 24 25 31 33 34 36 40 41 45 47 52 54 58 59 60 62 64 70 71 73 74 75 79 80 81 82 90 97 100 103 104 107 108 110 112 113 114 116 118 119 122 123 124 125 131 132 133 134 135 136 137 143 144 149 150 151 158 162 163 164 167 168 170 171 174 176 178 185 188 189 190 192 196 197 198 200 204 207 209 215 221 224 225 228 229 234 237 238 240 241 243 249 
100 445       5 11 14 15 18 21 22 23 25 28 29 31 32 36 37 38 40 41 48 51 53 54 56 59 60 61 62 63 64 65 68 69 70 71 72 76 78 81 82 83 91 92 94 95 97 98 99 104 105 106 107 108 110 118 119 128 132 133 136 139 140 141 144 146 147 149 150 152 155 157 160 163 164 165 167 172 173 175 177 179 180 181 184 186 187 190 191 193 196 197 200 203 206 209 213 214 218 220 222 226 230 232 234 238 242 245 248 
101 254       2 5 6 7 11 12 13 17 19 20 24 26 28 31 33 34 36 37 38 39 40 44 46 47 48 53 54 56 57 60 61 64 65 68 69 71 72 73 75 76 77 78 79 81 82 86 91 92 93 94 96 102 103 105 106 107 110 113 114 115 118 121 122 124 126 130 132 141 145 146 149 151 152 153 156 157 161 163 165 166 170 172 173 184 194 196 198 199 200 201 202 204 205 207 208 210 211 214 216 224 225 227 230 233 235 240 245 246 247 
102 301       1 3 8 9 10 12 15 16 18 23 25 28 33 37 41 43 44 47 48 52 53 55 67 68 71 72 73 74 78 80 89 90 91 93 97 98 101 106 107 110 112 116 119 121 127 128 129 130 131 134 136 138 140 141 143 144 145 149 150 152 153 156 163 168 171 172 175 176 178 179 180 187 190 192 193 195 197 201 207 208 211 214 217 218 220 223 224 227 229 231 237 239 240 244 245 246 247 
103 412       2 3 7 9 11 15 16 17 18 20 23 24 27 29 30 31 36 38 40 45 47 49 51 55 57 61 63 67 69 70 73 76 80 81 85 90 92 99 101 104 105 113 114 115 116 119 121 123 124 125 126 130 131 135 141 142 143 147 149 153 154 155 158 159 160 162 171 175 176 181 183 188 189 191 192 193 194 195 201 202 203 206 207 209 211 212 215 216 218 219 222 226 227 228 229 231 232 235 236 241 243 244 245 
104 263       1 3 4 5 8 10 13 15 18 20 21 23 25 27 29 31 32 33 35 36 49 50 51 52 53 55 57 59 61 62 63 64 66 67 69 70 72 73 74 75 78 84 85 88 91 92 93 94 96 99 100 103 106 108 112 113 116 118 122 126 127 135 137 139 140 141 143 144 145 147 148 149 150 151 157 160 161 163 167 169 171 176 178 181 182 183 184 185 188 193 194 195 197 200 203 204 205 208 211 213 214 215 218 219 222 223 224 225 226 235 236 244 246 247 249 
105 325       2 5 7 10 14 18 20 21 24 25 29 30 31 32 33 34 38 39 40 43 46 47 49 52 56 58 60 62 64 69 70 71 73 80 81 82 83 84 85 90 91 92 93 96 100 101 103 109 111 115 120 121 124 127 128 129 130 132 138 140 143 160 163 164 165 169 170 172 173 174 176 179 182 186 187 191 192 193 194 196 198 201 203 207 210 211 214 216 219 220 229 230 231 233 234 235 237 238 239 240 242 243 246 247 248 249 
106 400       2 3 7 8 18 19 21 24 26 27 28 29 30 31 34 35 36 39 40 42 45 46 47 48 51 52 53 56 57 58 60 64 66 67 68 72 74 79 84 86 90 95 98 100 101 102 104 108 110 111 113 114 115 118 119 126 127 129 130 137 138 145 148 149 150 151 154 156 157 158 162 165 166 169 170 175 176 177 179 181 185 186 187 189 193 200 202 204 208 213 214 215 216 217 218 222 226 230 234 235 236 239 240 243 246 
107 298       2 3 5 8 15 16 17 20 22 24 26 28 30 32 35 37 45 47 56 61 62 66 67 68 71 72 75 79 82 83 92 94 96 98 99 100 101 102 108 111 112 113 117 118 119 120 122 123 125 128 129 139 142 146 147 148 150 151 152 155 156 158 160 161 163 164 168 170 171 175 176 183 185 188 190 191 194 195 196 198 199 201 203 206 208 209 212 213 218 219 221 222 228 235 236 241 244 246 247 249 
108 302       1 2 3 4 5 10 11 15 16 18 24 27 29 31 33 34 36 38 41 42 46 48 49 51 55 56 57 62 66 67 74 75 77 79 81 82 83 88 91 92 95 96 98 99 100 104 106 107 111 115 116 120 123 126 129 130 131 132 134 136 139 143 146 148 150 151 152 156 157 162 163 172 175 180 182 183 190 192 195 196 197 198 201 203 205 208 210 211 212 214 218 221 226 229 230 232 234 236 237 239 240 248 249 
109 362       2 5 6 12 20 22 25 28 29 30 36 37 41 43 46 47 54 57 58 63 64 65 66 68 70 72 74 75 76 80 85 86 87 88 89 94 95 105 114 117 119 120 121 125 126 127 129 132 134 141 145 147 150 151 152 153 160 164 165 170 173 174 176 177 181 183 184 185 188 189 194 196 197 199 201 202 205 207 208 209 213 215 218 221 223 224 226 228 230 235 236 237 242 243 248 249 
110 282       1 2 6 7 12 13 14 19 22 27 28 30 37 38 39 41 43 45 51 55 56 57 62 63 64 65 67 71 75 79 80 82 83 84 86 88 89 94 98 99 100 101 102 106 111 112 115 116 117 119 126 127 128 133 136 137 140 141 142 147 149 152 156 157 159 161 163 167 169 171 173 177 183 185 188 189 190 191 193 195 198 200 201 208 209 210 213 214 216 222 225 227 230 231 232 237 239 244 245 248 249 
111 356       4 5 8 13 14 16 18 20 21 25 26 28 30 32 41 42 46 50 53 54 55 61 62 64 67 71 76 81 82 83 86 89 92 95 105 106 107 108 110 113 115 116 117 121 122 125 126 128 129 131 133 135 137 138 139 140 141 143 145 148 152 153 155 157 161 162 166 167 172 173 177 181 186 187 188 190 191 195 196 197 199 201 202 205 209 212 214 222 223 225 227 229 231 233 235 236 238 239 240 242 245 246 248 249 
112 405       4 7 10 11 12 16 17 18 19 27 31 33 34 36 37 40 42 43 49 50 54 57 58 64 65 67 68 70 71 74 75 76 79 82 83 86 88 89 93 94 96 98 99 102 104 107 110 114 117 120 121 122 125 127 129 130 132 134 135 136 138 139 140 141 142 146 152 154 156 157 158 162 165 166 167 169 170 173 183 190 192 196 198 201 206 207 208 209 211 212 213 214 215 217 219 222 227 228 229 230 235 239 241 245 246 247 
113 259       1 3 4 5 6 9 10 11 12 15 18 20 26 28 32 33 35 36 39 40 41 43 44 45 46 49 52 55 58 59 64 66 68 69 71 72 73 74 76 78 86 87 88 90 97 99 101 103 104 106 107 111 114 119 121 123 127 129 130 137 145 146 147 154 158 159 161 162 165 171 173 176 178 182 183 189 191 193 194 195 198 200 201 202 205 209 210 211 212 216 222 223 227 231 232 234 240 241 248 
114 336       2 3 5 7 11 15 27 28 31 32 38 39 41 42 43 44 47 49 50 51 52 53 57 58 59 62 63 65 66 68 69 71 77 78 79 80 81 82 83 86 87 88 91 94 95 97 98 99 101 103 106 109 112 113 116 119 121 122 124 125 127 129 135 137 140 141 142 143 145 146 150 151 153 154 155 156 157 159 161 163 165 166 167 169 172 175 177 182 183 187 188 189 193 195 197 204 205 206 210 212 213 215 216 221 222 227 229 233 235 237 242 244 246 249 
115 397       1 2 5 7 11 14 18 21 23 25 26 27 30 32 34 39 40 41 44 45 46 52 53 55 56 58 63 65 74 75 76 77 81 83 84 85 88 92 93 97 98 101 103 105 106 108 110 111 117 121 123 124 125 126 130 132 133 136 137 139 142 145 146 147 150 151 152 153 154 156 157 158 163 168 175 176 178 181 182 185 188 190 196 197 198 204 205 208 212 218 227 230 232 233 236 237 241 242 244 248 
116 290       1 4 6 8 11 12 13 14 15 17 18 19 22 23 27 28 30 32 33 35 36 37 38 39 41 49 51 53 54 57 58 61 64 65 70 75 89 90 92 95 96 99 102 103 104 108 110 111 114 117 118 123 128 129 133 138 140 150 152 153 154 155 156 161 163 164 165 166 172 174 175 177 185 186 188 191 192 193 194 196 201 204 205 210 218 221 225 226 228 229 232 233 239 240 243 244 245 247 
117 313       3 6 8 10 11 12 13 14 19 20 22 24 30 31 32 34 37 39 43 45 46 47 49 53 56 57 62 64 66 67 68 73 75 77 85 86 91 92 95 97 98 107 109 110 111 112 115 116 118 125 127 128 132 133 136 137 140 141 143 147 148 149 152 155 156 157 160 162 167 168 170 171 172 176 181 182 186 190 192 196 199 201 202 203 206 210 217 218 222 227 230 231 238 241 242 243 247 249 
118 485       1 7 11 12 13 19 22 26 29 33 34 37 40 42 43 44 45 46 47 51 53 54 55 58 59 60 61 64 66 70 74 75 76 82 83 88 92 95 96 98 99 100 101 104 106 107 116 117 121 124 126 127 130 131 133 134 135 140 142 144 145 146 148 152 154 159 162 163 167 169 175 177 179 188 189 191 193 194 195 197 198 199 203 204 206 207 211 212 214 216 218 221 222 225 227 228 230 232 237 239 241 243 244 246 248 249 
119 253       1 2 6 7 8 9 15 16 18 20 25 28 29 31 32 34 35 36 37 38 39 43 44 45 46 49 50 56 62 66 67 68 69 72 76 77 78 79 85 86 87 90 92 93 95 99 100 102 103 106 107 109 110 113 114 122 123 125 128 132 133 135 136 137 140 142 143 144 146 147 148 149 154 156 159 163 164 165 166 167 170 172 174 176 180 183 184 186 191 192 193 194 197 201 203 204 205 208 209 211 213 214 215 218 219 223 227 228 235 236 237 242 244 245 247 248 249 
120 262       2 4 5 10 14 17 19 22 26 27 32 34 35 37 38 43 44 47 49 51 52 53 56 57 59 61 67 68 71 72 73 79 80 86 88 91 95 98 105 107 108 109 112 124 125 126 132 138 139 142 145 146 149 150 153 154 155 157 160 162 165 166 168 170 173 176 178 180 183 185 187 188 193 194 197 198 200 201 204 207 208 210 214 218 225 226 227 229 230 231 234 238 241 243 245 248 249 
121 367       2 3 4 5 11 12 14 20 26 28 29 30 32 35 37 39 43 47 48 52 55 58 60 62 63 66 69 73 75 78 79 80 83 87 88 89 90 91 92 93 96 97 98 101 102 103 105 109 111 112 113 114 115 118 123 124 125 126 127 129 132 133 134 138 142 145 146 151 153 156 159 164 165 166 168 170 171 172 173 174 175 176 177 179 180 181 183 187 188 189 190 194 196 198 200 202 203 205 206 211 217 218 220 222 225 235 236 241 246 248 249 
122 274       1 6 8 12 15 16 17 21 22 24 27 28 29 31 32 35 38 45 47 51 54 56 58 59 67 70 71 73 74 79 84 87 88 90 92 95 96 99 101 104 107 111 112 114 119 124 125 127 128 129 130 132 138 140 145 148 152 153 155 160 163 168 174 178 180 182 184 188 189 190 192 193 195 196 198 201 204 206 207 209 214 215 216 224 227 231 233 234 235 237 239 240 
123 359       1 2 3 9 10 11 13 15 19 22 25 26 34 36 37 39 40 44 46 55 57 60 69 73 75 79 80 82 83 84 86 87 89 90 93 94 95 97 98 99 103 107 108 113 115 116 119 121 124 125 126 128 130 136 137 138 140 144 145 146 148 149 151 152 154 157 161 165 166 167 169 171 174 182 183 185 189 190 191 198 200 215 221 223 224 225 226 227 229 230 231 233 234 236 242 243 246 248 249 
124 355       1 3 4 6 7 9 14 15 16 17 18 24 28 29 31 33 35 36 42 45 48 49 50 55 60 67 68 69 71 79 81 82 83 84 85 89 90 91 92 94 95 96 98 99 101 103 105 114 115 118 120 121 122 123 127 132 133 138 139 146 147 153 158 160 162 163 164 165 171 172 178 182 184 187 188 189 192 195 197 199 200 201 206 207 211 213 214 215 216 218 219 221 222 227 228 232 233 234 236 237 239 243 245 246 
125 263       1 2 11 12 14 16 17 18 19 23 24 25 28 31 33 35 37 38 40 47 49 54 56 62 63 65 67 71 73 76 77 78 79 80 82 83 85 88 89 90 93 94 95 96 97 99 103 107 109 111 112 114 115 117 119 120 121 122 123 126 128 130 135 136 146 149 154 156 157 161 164 165 167 170 173 175 178 179 181 182 188 190 191 192 198 201 203 208 216 217 219 223 226 228 229 231 233 239 242 244 245 247 249 
126 382       3 5 8 10 13 16 17 19 21 27 28 29 31 34 36 43 46 49 52 53 55 60 63 69 70 71 75 77 80 85 88 90 93 97 101 103 104 106 108 109 110 111 115 118 120 121 123 125 127 131 133 134 137 138 139 144 145 146 152 153 154 155 156 161 163 167 173 182 183 188 189 195 198 204 214 215 216 224 226 228 230 232 235 237 239 243 245 246 
127 471       2 4 5 10 11 12 15 18 19 20 23 25 26 27 29 31 33 35 36 39 40 41 42 44 45 46 48 57 59 61 62 65 66 68 78 80 81 85 86 88 89 90 92 93 97 98 102 104 105 106 109 110 112 113 114 117 118 121 122 124 126 128 134 136 137 138 140 141 142 143 144 147 148 153 154 156 161 162 165 167 171 175 177 179 181 182 187 189 193 197 198 200 202 206 207 208 209 215 218 220 223 224 225 229 230 240 244 247 249 
128 258       4 6 7 8 10 12 17 18 19 22 25 27 29 31 33 37 38 40 42 44 45 49 50 52 53 54 56 58 59 61 64 69 70 71 72 75 77 79 82 83 86 87 88 91 96 97 98 100 102 105 107 110 111 116 117 119 122 123 125 127 129 130 140 141 144 146 147 150 151 152 153 157 158 160 163 168 174 175 176 179 181 184 185 186 188 196 200 202 204 205 210 212 214 218 219 226 227 229 232 237 238 240 241 246 247 248 249 
129 271       1 2 3 4 8 10 11 12 13 14 15 23 24 25 26 28 31 35 36 39 45 46 47 50 53 55 57 62 67 69 71 72 75 76 80 82 85 86 87 96 98 102 105 106 107 108 109 111 112 113 114 116 121 122 128 131 136 138 139 140 142 147 150 152 154 155 158 159 165 168 171 179 180 181 184 186 189 192 196 198 199 200 201 204 208 211 212 215 216 217 219 221 222 224 225 226 227 230 231 233 241 242 249 
130 464       1 2 7 12 13 16 18 20 23 29 30 33 34 35 37 38 40 42 43 53 60 61 62 67 68 70 72 73 74 77 80 82 83 87 90 91 92 93 95 96 101 102 103 105 106 108 112 113 115 118 122 123 125 128 132 134 136 139 140 142 143 144 146 153 154 156 161 162 163 164 165 167 170 172 174 178 179 185 186 187 192 193 195 196 198 204 206 207 210 211 212 213 218 219 221 225 228 229 230 231 232 235 236 237 238 241 244 
131 259       2 3 6 7 9 11 12 16 20 21 23 24 25 28 32 33 36 38 39 42 43 44 46 49 52 56 60 61 62 63 66 68 74 77 82 83 85 89 91 94 95 97 98 99 102 103 108 111 118 126 129 132 134 135 139 140 144 147 148 150 157 160 161 163 168 169 170 171 173 174 176 178 182 188 194 197 199 201 205 208 209 211 213 215 218 219 221 223 224 225 226 229 231 235 238 241 242 246 247 248 
132 277       1 2 3 4 9 18 27 28 30 32 34 35 36 37 40 44 45 47 49 50 58 59 60 65 67 68 69 71 74 76 77 78 82 84 91 96 98 99 100 101 105 108 109 112 115 117 119 120 121 122 124 130 131 137 138 140 145 152 153 158 162 165 166 167 169 170 172 180 182 183 191 198 200 201 202 204 206 212 216 219 223 224 228 233 237 240 246 248 249 
133 426       1 5 7 11 12 14 15 17 18 19 27 29 31 32 33 34 35 38 39 40 41 44 46 51 55 57 60 61 67 68 69 73 74 76 80 82 85 86 90 91 96 98 99 100 110 111 115 116 117 118 119 121 124 126 136 137 140 143 148 150 151 154 159 160 162 168 170 172 173 174 177 178 179 180 181 185 189 192 193 196 197 199 201 206 212 213 215 223 231 233 235 237 242 243 247 
134 281       3 5 12 14 15 16 21 22 24 26 27 30 35 37 38 39 42 47 48 50 51 52 53 62 63 64 68 71 75 80 81 82 83 85 86 88 89 91 93 94 97 99 102 108 109 112 118 121 126 127 130 131 135 139 143 144 145 146 147 149 151 152 158 160 162 164 167 170 171 184 185 187 191 193 195 200 201 202 207 208 211 212 214 216 217 218 233 238 241 242 244 245 
135 293       11 13 16 25 27 30 34 35 37 38 41 42 45 48 49 50 52 53 54 56 57 61 64 66 67 68 75 77 79 80 81 83 88 90 97 99 103 104 111 112 114 118 119 125 131 134 136 137 142 143 145 149 152 154 158 160 165 166 169 173 177 178 181 183 184 188 189 192 196 202 206 207 210 211 213 215 219 220 223 224 227 228 231 233 235 236 237 238 240 242 247 
136 498       2 5 6 8 9 11 12 13 17 18 19 21 22 23 27 34 36 38 42 44 46 50 55 57 62 63 64 65 68 70 71 72 73 75 85 89 90 92 93 96 97 98 99 100 102 108 110 112 115 117 119 123 125 127 129 130 133 135 141 145 147 148 150 151 157 159 165 172 173 174 178 180 182 183 184 185 186 189 191 192 193 194 198 200 201 202 203 204 205 206 208 210 211 212 213 219 220 221 222 223 224 226 229 230 234 239 240 243 247 
137 250       5 7 11 12 14 19 20 23 25 26 27 28 29 30 31 36 38 41 49 52 54 55 56 59 62 63 64 69 70 71 74 79 80 81 82 86 90 94 95 99 104 106 110 111 113 114 115 117 119 123 126 127 132 133 135 140 141 142 148 155 160 163 164 165 167 169 173 175 176 181 183 184 186 188 189 192 195 196 197 198 199 201 203 205 206 207 208 210 213 216 219 220 221 225 227 228 230 231 232 233 235 238 241 242 243 
138 252       2 7 10 11 15 16 18 19 21 25 28 31 38 43 44 48 50 51 54 57 58 62 63 64 71 76 77 81 83 86 90 98 102 105 106 111 112 116 120 121 122 123 124 126 127 129 132 154 156 157 158 160 164 174 177 178 179 182 186 188 190 191 193 200 201 202 204 206 207 209 211 212 213 215 217 219 221 224 226 227 228 229 232 233 236 241 242 243 244 245 246 249 
139 392       1 4 5 7 14 16 18 24 25 26 28 29 30 34 35 39 48 51 56 59 60 63 64 65 67 69 70 73 74 76 78 79 80 82 88 90 91 92 94 95 96 100 104 107 108 111 112 115 120 124 126 129 130 131 134 141 142 144 146 148 153 155 159 160 163 164 167 175 177 181 184 186 190 196 197 202 203 208 215 217 219 228 229 230 232 234 237 240 246 247 
140 257       3 6 10 15 16 19 28 30 33 38 39 41 46 48 49 50 51 52 55 61 63 64 66 68 70 75 76 84 86 87 92 94 98 100 102 104 105 110 111 112 114 116 117 118 119 122 123 127 128 129 130 131 132 133 137 144 146 149 150 157 158 159 160 161 163 165 168 169 171 175 177 179 182 183 187 189 191 193 194 195 200 201 203 204 207 209 210 211 215 220 223 224 225 227 228 229 233 234 239 241 242 243 246 
141 351       3 4 5 8 10 13 14 20 21 22 25 27 30 31 32 34 35 37 38 39 40 43 49 51 53 54 62 63 66 68 69 78 81 87 88 89 93 96 98 100 101 102 103 104 109 110 111 112 114 117 127 128 136 137 139 143 145 149 150 152 153 154 156 157 158 159 160 162 163 165 166 167 168 170 175 183 189 190 191 192 194 197 198 199 206 210 213 215 220 222 226 227 230 240 242 244 245 246 247 248 249 
142 485       3 4 7 10 12 15 16 26 27 36 46 51 52 59 60 62 63 65 67 68 69 71 73 75 79 80 81 82 84 88 89 93 96 97 103 107 110 112 114 115 118 119 120 121 127 129 130 135 137 139 144 145 146 151 152 156 157 158 159 161 164 165 166 167 168 171 172 173 174 175 176 177 180 181 182 184 185 186 187 189 191 192 195 202 203 209 210 211 214 215 216 218 220 227 228 229 237 238 239 241 242 243 245 248 
143 251       2 4 7 8 9 10 11 13 15 16 17 23 25 27 28 29 30 32 34 36 39 42 44 50 51 57 58 67 69 70 71 73 75 80 81 85 87 88 89 91 93 96 99 102 103 104 105 108 111 114 117 119 127 130 133 134 135 141 146 149 151 155 156 158 159 162 163 164 165 168 169 171 186 187 189 191 192 195 197 198 201 202 206 208 209 210 211 221 222 223 227 229 233 234 245 246 248 249 
144 264       3 4 6 13 16 19 29 31 33 34 35 36 38 39 40 41 45 49 50 51 53 59 61 62 64 66 67 69 70 72 78 81 86 87 90 91 92 96 98 99 100 102 104 118 119 123 126 127 128 130 131 134 139 140 142 146 147 148 149 150 153 154 155 156 159 161 164 166 173 176 178 183 186 190 191 192 193 195 197 198 201 202 204 205 212 213 215 216 222 226 227 232 240 243 245 246 247 248 
145 441       2 4 5 11 12 13 17 18 19 21 26 29 31 38 39 46 47 49 50 51 54 56 57 58 59 63 64 65 72 73 76 78 80 82 85 88 90 92 94 95 96 101 102 104 106 109 111 113 114 115 118 120 121 122 123 126 132 134 135 136 141 142 149 152 153 155 156 158 163 165 172 176 177 178 181 182 184 185 192 196 197 198 201 202 206 208 212 214 215 221 226 227 228 229 231 232 234 236 240 241 244 249 
146 272       4 7 9 12 14 17 24 25 26 29 30 31 36 37 38 39 42 46 56 57 58 60 62 66 71 75 78 80 81 93 94 100 101 107 108 112 113 114 115 118 119 120 121 123 124 125 126 128 130 134 139 140 142 143 144 148 151 152 154 155 157 160 162 163 170 171 178 179 181 184 185 190 192 193 195 197 198 199 203 204 207 208 215 217 219 221 222 228 233 236 238 240 241 242 243 248 249 
147 287       2 7 8 9 10 13 14 15 16 17 18 22 23 24 26 29 32 33 34 35 38 40 43 51 56 59 61 64 65 66 67 73 78 79 80 82 83 87 89 92 96 100 103 104 107 109 110 113 115 117 119 124 127 128 129 131 134 136 144 149 151 152 155 156 159 164 165 166 168 170 172 176 177 178 179 180 183 185 186 189 192 196 204 205 210 212 213 214 218 223 227 235 237 238 239 240 244 249 
148 392       6 12 18 19 21 22 23 24 25 26 27 28 35 38 41 46 49 50 53 55 56 57 59 61 63 64 66 67 68 69 70 71 75 78 79 80 83 84 91 93 94 95 98 104 106 107 108 111 117 118 119 122 123 127 131 133 136 137 139 144 146 150 155 157 161 165 168 170 175 183 185 186 189 191 193 194 196 197 198 201 204 205 209 210 211 212 214 218 221 222 223 226 229 230 232 236 238 239 240 242 245 246 249 
149 275       1 3 10 16 19 23 25 28 30 32 34 36 37 40 43 46 50 51 55 56 57 58 62 63 65 67 69 71 72 79 80 81 82 84 86 87 90 91 99 100 101 102 103 104 106 110 117 119 120 123 125 134 135 140 141 143 144 145 147 158 159 160 163 167 174 175 176 177 179 181 182 184 185 187 199 201 202 204 209 211 212 213 216 221 222 225 226 228 231 235 236 238 240 244 246 
150 333       5 7 11 13 16 17 19 20 24 27 28 32 34 36 39 45 48 49 51 52 58 63 65 68 75 76 82 84 89 92 94 96 97 99 100 102 104 106 107 108 109 114 115 116 120 128 129 131 133 136 140 141 144 148 151 154 156 157 158 159 160 161 162 164 165 166 169 173 174 175 177 179 186 189 190 193 194 197 200 203 205 213 214 215 221 226 228 230 231 235 238 241 242 245 248 
151 350       5 8 9 17 23 24 25 27 33 34 35 36 37 38 39 40 41 42 43 46 47 49 51 53 54 56 57 61 64 67 68 72 73 77 82 83 84 88 90 93 95 97 99 101 104 106 107 108 109 114 115 121 123 128 133 134 136 142 143 146 147 150 154 157 159 162 165 167 170 171 172 173 176 179 180 181 183 190 195 196 197 199 202 203 206 208 209 211 213 214 224 226 227 230 233 237 238 239 241 242 245 248 
152 264       8 10 12 13 18 25 28 29 31 35 39 40 41 48 49 50 52 55 56 64 69 70 71 73 76 77 78 83 84 86 87 88 93 95 98 100 101 102 107 108 109 110 111 112 115 116 117 118 122 123 126 128 129 132 134 135 141 142 145 146 147 157 159 160 161 164 167 168 174 176 182 189 190 192 197 198 199 201 202 203 206 209 210 212 213 214 219 220 231 241 246 
153 386       5 6 8 9 14 18 22 23 25 29 30 31 33 36 37 42 44 45 46 50 52 53 54 57 59 60 61 64 66 71 78 80 82 83 84 85 86 90 92 94 97 101 102 103 109 111 114 115 116 120 121 122 124 126 127 128 130 132 139 141 144 145 164 168 169 177 180 182 183 184 187 190 191 198 199 201 205 209 212 216 217 220 223 227 235 240 244 249 
154 491       1 3 8 12 13 14 17 18 21 26 27 29 31 34 35 38 40 43 44 48 49 57 60 61 62 63 68 69 74 76 78 79 80 82 83 84 85 86 92 94 96 103 106 112 113 114 115 116 118 119 120 123 125 126 127 129 130 133 135 138 141 144 146 150 151 159 165 168 169 170 173 177 178 180 187 192 193 194 195 196 200 202 203 204 206 207 210 212 213 219 221 222 223 225 226 227 228 230 231 232 233 234 235 238 239 240 245 249 
155 251       2 4 8 12 16 17 21 22 26 27 29 34 36 38 39 40 41 42 44 52 58 59 61 63 64 70 73 78 81 84 86 87 88 89 91 92 95 96 98 100 103 107 111 114 116 117 120 122 126 129 137 139 143 144 145 146 147 148 158 161 165 166 171 172 177 178 179 182 183 186 188 191 192 193 196 198 199 201 202 204 205 210 211 212 213 215 216 222 223 225 226 231 234 235 237 238 239 
156 258       3 5 12 13 15 16 17 21 27 30 31 33 35 37 38 40 41 43 45 46 48 49 50 51 52 56 58 61 63 65 68 70 71 72 75 77 78 80 88 89 94 97 101 102 106 107 108 110 112 114 115 116 117 119 121 125 126 127 130 138 141 142 143 144 145 147 150 158 159 160 161 164 165 169 173 174 175 177 182 189 190 193 195 196 197 199 200 202 203 205 206 208 210 212 214 215 217 218 219 229 230 237 240 241 
157 437       1 2 3 5 7 9 10 11 12 15 16 17 29 34 35 37 41 46 48 50 51 53 55 57 58 61 65 68 73 79 82 86 87 88 94 95 96 98 100 101 104 106 108 110 111 112 114 115 117 120 123 125 128 131 136 138 140 141 142 146 148 150 151 152 161 163 167 168 171 172 176 180 183 184 185 186 197 200 201 206 208 210 212 215 217 220 230 231 233 236 237 241 245 
158 255       2 3 4 5 8 10 16 19 23 24 26 30 33 36 38 39 40 45 46 49 51 53 56 58 61 64 66 70 71 72 73 78 81 84 86 89 90 99 103 106 107 112 113 115 124 128 129 132 134 135 138 140 141 142 143 145 149 150 155 156 170 175 178 185 186 187 189 190 197 202 204 213 215 216 217 219 222 224 226 228 229 230 231 236 243 248 
159 308       4 11 19 21 22 23 24 28 35 39 48 52 60 61 65 67 68 69 73 74 77 84 85 86 87 88 89 90 91 92 95 103 110 113 114 118 119 121 129 133 136 139 140 141 142 143 144 147 149 150 151 152 154 156 162 166 167 168 169 171 172 174 175 176 178 180 184 186 187 190 192 194 198 199 206 207 214 215 217 222 224 225 228 232 235 236 237 238 241 243 244 249 
160 473       2 4 6 8 13 16 19 21 25 26 30 33 37 43 44 45 52 53 56 57 61 62 64 66 67 70 73 76 78 79 80 81 84 87 88 92 96 97 98 100 103 104 105 107 109 117 120 122 124 128 131 133 134 135 137 138 139 140 141 146 149 150 152 156 162 163 165 166 170 172 173 174 175 177 180 187 188 190 191 194 195 196 197 201 203 206 207 208 210 211 212 215 217 219 220 221 224 225 226 233 234 238 240 246 248 249 
161 251       3 8 11 18 19 23 30 31 32 34 36 40 41 42 44 48 50 51 52 54 55 56 59 60 65 68 69 72 73 79 80 82 85 89 90 91 92 95 96 97 101 104 107 110 111 113 114 116 123 125 126 127 130 131 140 142 144 148 150 152 155 156 157 165 168 171 174 176 179 181 182 183 184 185 188 189 191 193 194 195 197 198 201 205 207 210 212 214 218 221 222 225 227 232 237 243 244 
162 276       3 6 7 8 10 12 14 19 20 25 26 28 29 30 31 32 35 40 44 47 52 55 59 60 63 66 71 72 73 75 81 93 94 96 97 98 99 103 106 108 111 112 113 117 118 120 124 127 130 132 133 134 141 143 146 150 151 159 160 163 175 176 177 183 188 189 192 198 199 201 203 204 206 207 208 210 212 213 214 218 219 223 226 228 229 230 231 232 238 248 249 
163 415       2 4 6 9 10 12 16 19 20 27 28 29 33 34 37 38 43 47 49 50 51 55 58 60 61 63 67 70 72 74 75 76 77 79 80 85 87 90 91 93 95 97 99 100 101 102 104 105 107 108 110 114 115 116 118 119 122 124 126 128 130 131 137 139 140 141 143 145 146 149 157 160 162 166 168 173 174 175 176 177 178 186 187 190 191 199 201 202 208 210 211 214 217 220 223 226 228 231 235 236 237 241 245 246 247 
164 255       1 4 7 8 9 10 11 12 16 17 21 22 23 27 30 32 38 40 42 44 45 49 51 53 59 60 61 63 66 67 78 79 81 82 84 85 88 92 93 96 99 100 105 107 109 116 119 121 124 125 130 134 137 138 139 142 143 144 147 150 152 153 156 169 171 174 178 179 180 181 182 183 186 187 190 192 200 204 205 212 216 217 218 223 225 229 231 232 234 241 248 
165 330       1 3 5 8 10 11 12 13 17 22 23 29 31 33 34 35 36 37 43 45 46 56 63 64 66 67 69 72 74 75 77 83 85 90 91 92 95 98 100 101 105 106 109 112 113 114 116 119 120 121 123 124 125 127 129 130 132 135 136 137 140 141 142 143 145 147 148 150 151 154 155 156 160 161 169 170 173 175 181 182 183 185 186 190 191 192 194 198 203 205 208 210 211 212 213 214 216 217 220 224 225 227 229 233 235 237 242 244 247 249 
166 495       5 11 19 24 25 27 30 31 34 35 38 39 40 41 42 45 47 49 52 57 60 61 62 65 66 72 75 78 84 85 86 88 89 90 91 93 95 96 97 101 106 111 112 114 116 119 120 121 123 132 135 141 142 144 147 150 155 159 160 163 167 168 175 176 180 181 183 185 188 193 194 197 198 200 208 216 217 218 223 225 226 227 242 244 245 
167 250       1 2 6 7 11 12 13 16 22 23 29 30 34 35 38 39 40 41 50 52 53 54 58 59 60 61 67 69 74 78 81 82 84 88 90 99 100 104 110 111 112 114 117 118 119 123 125 126 127 130 132 134 137 139 141 142 149 151 152 157 159 166 168 172 174 176 177 178 187 193 198 200 202 203 204 205 209 212 213 214 215 217 219 222 224 226 227 231 232 233 234 243 247 
168 255       1 4 6 9 11 13 14 15 16 18 21 22 24 27 28 29 32 33 36 38 41 42 44 45 49 57 58 63 65 67 73 75 80 81 82 83 84 85 87 88 91 92 93 94 96 98 99 102 107 115 117 120 121 122 128 129 131 133 140 141 142 143 147 148 152 153 154 157 159 161 163 166 167 171 172 179 180 181 182 184 193 194 195 196 198 200 202 203 205 214 217 218 222 226 228 230 232 233 235 237 238 240 243 245 248 
169 488       5 6 8 9 11 13 14 15 16 21 25 26 27 30 35 38 39 41 42 48 50 52 53 57 59 62 64 66 67 68 69 70 71 76 79 81 83 84 85 91 93 94 95 98 104 105 106 110 112 114 118 123 131 132 135 137 140 143 150 153 154 156 159 164 165 171 172 175 176 178 179 180 185 190 191 195 198 200 201 204 209 210 211 213 218 219 221 223 224 225 226 228 230 232 239 241 242 244 249 
170 253       2 4 18 21 31 35 36 39 43 44 52 55 58 61 62 65 66 75 77 78 79 80 81 82 85 86 87 94 99 101 105 106 107 109 112 117 119 120 121 125 130 131 132 133 134 141 146 147 148 151 154 158 160 165 173 176 181 182 184 185 186 188 189 190 193 194 196 201 202 206 212 213 214 217 218 223 225 227 229 231 233 235 245 249 
171 259       1 17 19 23 24 28 33 36 40 41 42 44 45 47 48 52 53 54 56 58 64 65 67 68 70 71 76 77 78 80 82 83 86 90 91 94 95 98 99 102 103 104 107 110 113 117 121 123 124 127 129 131 134 140 142 143 146 151 155 157 159 161 164 168 169 172 173 176 177 178 179 182 184 188 189 193 196 197 198 200 201 209 211 212 214 215 217 218 222 229 231 235 236 238 241 245 249 
172 485       9 10 11 13 15 17 18 19 20 26 27 30 33 34 37 41 42 43 45 46 47 48 56 57 58 59 62 68 69 71 72 78 79 80 84 85 89 90 91 96 100 101 102 105 108 111 114 116 117 119 121 124 130 132 133 136 142 145 147 151 155 157 159 160 167 168 169 171 175 179 181 189 193 194 197 198 199 203 204 206 208 210 211 212 216 218 220 223 224 225 230 231 232 234 245 247 
173 255       1 4 7 13 15 16 21 23 29 32 35 36 37 47 49 50 53 57 60 62 64 65 67 68 70 75 77 86 89 90 92 94 95 96 100 101 105 109 110 111 112 113 120 121 125 126 131 133 135 136 137 142 144 150 151 154 156 160 163 165 170 171 179 182 185 186 188 189 191 193 195 199 200 201 203 207 209 214 219 220 221 225 235 236 237 241 242 243 244 248 
174 260       2 3 4 6 10 11 17 19 21 23 24 26 27 28 29 32 33 37 38 40 41 44 45 46 47 49 52 56 57 60 63 69 76 79 84 88 90 93 94 95 97 98 99 105 109 116 119 121 122 123 128 130 131 133 136 138 142 149 150 152 156 159 160 161 163 164 167 175 176 177 179 181 187 188 190 195 197 201 203 205 206 208 210 211 213 217 218 219 220 222 223 227 228 229 231 232 233 234 239 240 241 245 246 247 249 
175 419       2 6 9 10 11 12 14 17 23 25 26 27 30 35 40 42 43 49 50 52 53 55 58 59 60 63 66 67 68 70 71 72 74 78 81 85 86 88 89 93 94 96 97 100 102 103 106 107 108 114 115 116 118 121 125 127 128 137 139 140 141 142 148 149 150 156 158 159 160 162 163 165 166 169 172 174 177 178 179 180 187 188 189 190 191 193 194 199 201 203 211 213 214 215 216 219 220 222 223 224 225 226 228 230 232 233 234 235 236 237 247 
176 287       4 5 8 11 14 19 21 22 23 26 28 32 33 35 36 37 38 39 40 45 50 52 55 57 58 62 63 64 66 69 75 80 85 91 93 97 99 102 103 104 105 106 107 109 113 115 117 119 120 121 128 131 137 142 144 145 147 149 151 152 157 159 161 162 163 166 167 169 170 171 174 177 182 184 185 186 188 193 196 198 201 205 210 218 220 221 223 224 230 231 232 234 235 239 243 244 249 
177 294       1 2 3 6 12 13 18 21 23 26 27 29 30 31 35 37 42 43 46 47 50 51 52 53 54 56 60 66 69 70 72 77 79 80 81 83 90 93 100 106 109 110 111 114 116 118 121 127 133 135 138 139 140 142 145 147 149 150 153 154 155 156 160 162 163 167 171 174 175 176 178 179 182 184 185 187 191 194 195 196 198 200 201 203 204 205 207 209 210 217 222 224 226 228 229 231 232 236 238 248 
178 469       1 8 10 11 13 19 20 22 23 30 35 40 42 47 48 50 51 52 53 55 56 58 59 62 63 65 66 68 69 70 73 75 77 79 80 81 85 86 87 88 89 90 91 93 99 102 104 113 115 120 122 124 125 130 131 133 135 136 138 144 145 146 147 154 155 158 159 163 164 167 169 171 175 177 182 183 184 186 187 196 197 199 200 202 203 205 206 208 213 216 221 223 224 228 229 232 233 234 238 244 245 248 249 
179 250       3 4 9 14 17 19 21 22 23 28 29 39 42 47 51 53 55 56 57 59 61 63 64 65 66 68 71 72 74 78 79 82 83 88 89 94 95 97 98 100 102 105 106 118 121 125 127 128 129 130 133 138 140 146 147 149 150 151 155 161 164 168 169 171 172 173 174 175 177 181 182 188 189 190 191 194 195 200 201 202 205 209 212 214 215 218 219 221 222 224 229 230 231 232 234 235 241 243 244 
180 281       1 6 8 9 11 13 16 17 20 21 22 25 29 30 31 42 43 44 46 51 53 55 60 65 66 67 68 71 75 84 85 86 88 90 92 96 98 100 102 108 119 120 121 122 129 132 133 136 142 147 151 153 154 157 159 160 164 166 168 169 175 181 182 186 187 188 190 191 192 195 197 198 199 203 207 208 210 213 215 216 222 223 225 230 234 240 241 242 243 
181 385       1 4 6 7 9 10 18 20 25 29 30 31 32 34 35 36 38 42 50 53 57 59 60 65 66 67 68 69 70 72 76 78 80 81 82 87 96 97 98 100 103 104 106 109 111 115 117 121 125 127 128 129 133 135 137 139 142 145 146 149 151 161 164 165 166 168 170 172 174 179 180 183 184 185 188 190 191 196 202 204 205 209 210 213 217 218 220 221 222 223 229 230 232 233 234 236 237 239 240 246 249 
182 269       1 5 8 14 15 18 20 22 23 27 28 33 34 40 42 45 49 50 51 52 54 55 60 62 63 64 66 67 72 78 80 81 83 85 86 87 88 90 92 93 95 98 104 105 108 113 114 115 117 122 123 124 125 126 127 131 132 136 138 140 142 145 149 152 153 155 156 161 164 165 168 170 171 173 176 177 178 179 180 186 187 189 192 194 195 198 200 202 204 208 209 211 220 221 222 223 227 229 231 237 242 245 247 
183 346       2 6 11 13 19 20 23 25 26 27 28 29 33 34 35 45 52 55 56 62 66 68 69 74 75 77 79 80 83 88 90 91 93 95 97 98 103 104 107 108 109 110 112 113 114 119 120 121 123 126 132 135 136 137 140 141 144 147 148 151 153 155 157 161 162 164 165 166 178 181 188 190 191 193 195 199 202 203 204 205 212 215 217 218 221 223 228 230 232 234 239 240 241 242 249 
184 490       6 8 10 11 14 19 23 26 27 29 34 35 36 37 39 41 42 48 50 51 53 57 60 65 69 74 75 77 78 79 81 87 88 89 90 91 95 96 100 101 104 109 119 122 124 128 129 134 135 136 137 139 142 145 146 149 153 157 159 161 168 170 171 176 177 178 181 188 189 193 194 195 196 203 205 206 210 212 213 217 219 226 228 229 230 233 236 239 241 245 246 249 
185 252       1 5 8 10 11 12 13 15 16 18 19 21 23 25 28 35 36 42 44 46 52 53 55 58 60 62 64 69 71 72 74 75 76 77 79 80 82 84 85 86 87 90 91 92 95 97 98 99 104 106 107 109 110 115 116 120 123 128 130 133 134 136 142 145 146 147 148 149 157 158 161 165 166 169 170 173 176 177 181 186 188 192 195 196 199 200 201 203 205 212 217 222 228 230 231 232 234 236 237 240 246 249 
186 258       1 3 5 7 8 10 12 14 15 18 19 20 21 22 25 33 37 42 43 44 48 49 51 52 54 56 59 62 63 64 71 72 77 78 79 83 88 90 91 95 96 97 100 105 106 111 116 117 119 128 129 130 136 137 138 139 142 143 144 147 148 150 155 157 158 159 163 164 165 170 173 176 178 180 182 185 189 190 192 194 200 204 206 210 213 214 218 219 222 223 226 228 231 232 233 234 235 238 239 242 246 247 249 
187 462       3 7 13 15 19 24 28 29 30 35 39 41 42 46 48 51 52 59 63 65 66 68 73 74 76 83 84 85 90 94 96 98 100 102 105 106 111 114 120 121 124 127 130 134 140 142 143 149 153 154 158 159 160 163 164 167 174 175 177 178 180 182 189 192 193 194 195 197 201 203 204 207 208 209 210 213 214 215 216 217 218 221 227 228 229 230 231 234 235 236 237 239 242 245 247 249 
188 264       2 3 6 12 13 21 23 25 26 30 33 34 36 37 38 41 44 55 56 59 61 62 63 68 70 72 77 78 79 81 83 84 85 92 94 96 98 99 103 104 107 109 110 111 114 115 116 118 120 121 122 124 125 126 128 131 135 137 138 155 160 161 162 166 170 171 173 174 175 176 179 180 181 183 184 185 189 194 196 197 198 199 202 203 205 206 207 210 211 213 218 221 223 224 225 226 229 230 231 232 233 234 242 243 244 245 246 
189 274       3 4 8 9 11 12 15 23 25 26 27 29 31 32 34 35 39 45 46 47 49 51 52 54 55 56 57 60 64 72 74 76 77 78 81 84 87 90 94 96 98 99 103 106 109 110 113 114 118 121 122 123 124 126 127 129 133 135 136 137 140 141 142 143 147 148 150 152 156 158 161 162 170 171 172 173 175 179 182 184 186 187 188 190 191 192 193 194 195 197 199 200 201 202 203 205 208 211 219 227 228 230 232 233 234 235 237 247 248 
190 497       1 2 5 8 12 13 14 16 19 21 27 28 30 33 35 36 39 40 41 43 45 46 49 50 51 54 55 58 59 62 64 66 68 72 74 76 77 80 82 86 87 89 93 95 99 100 102 107 108 110 111 112 115 117 121 122 123 125 138 139 141 144 146 150 151 152 153 156 158 159 160 163 164 165 169 170 174 175 179 180 181 183 186 189 191 195 197 198 199 203 205 206 209 211 218 219 220 221 226 227 230 231 235 238 242 243 245 247 248 249 
191 250       3 9 13 14 18 22 23 24 25 27 29 30 31 32 34 49 50 54 55 58 60 61 66 70 71 76 77 78 81 83 84 85 89 91 98 100 103 105 107 110 111 113 116 118 119 123 125 132 134 136 138 140 141 142 143 144 148 153 155 160 161 163 165 169 173 175 177 179 180 181 183 189 190 192 195 200 201 202 204 205 207 209 211 213 216 217 218 220 221 222 224 225 229 236 237 239 240 241 242 244 246 247 
192 253       4 5 6 11 14 17 18 19 23 24 25 26 28 32 33 35 39 40 42 45 46 47 56 57 58 61 63 64 65 67 70 72 74 78 80 84 85 86 91 93 94 97 98 99 102 103 105 108 112 116 117 119 122 124 125 129 130 133 135 136 137 141 142 143 144 145 146 147 152 154 155 159 162 164 165 180 182 185 186 187 189 191 197 199 203 208 213 216 218 223 224 226 233 234 235 239 242 243 244 246 
193 426       1 5 8 10 11 13 16 18 20 21 23 27 32 34 35 36 39 42 43 44 45 47 48 49 50 57 58 62 63 69 70 72 73 74 75 77 78 82 83 85 86 89 90 97 100 102 103 104 105 106 110 113 114 116 118 119 120 122 127 130 133 134 136 138 140 144 146 148 150 154 155 156 161 166 167 168 170 171 172 173 175 176 183 184 187 189 194 202 203 205 206 207 208 214 215 216 220 223 224 228 229 235 241 242 245 246 249 
194 262       2 4 12 13 19 25 26 27 29 33 34 37 44 45 46 47 49 53 54 56 59 60 62 66 70 71 76 81 82 87 88 90 91 92 93 101 103 104 105 107 109 113 116 118 119 120 121 131 136 140 141 148 150 154 159 160 161 165 166 168 170 172 175 177 179 182 184 186 187 188 189 193 199 202 203 207 208 211 212 214 217 219 222 225 230 236 238 240 243 
195 312       1 3 4 8 10 12 13 18 19 20 21 23 24 25 26 28 30 34 35 41 46 47 48 50 51 54 61 62 63 64 65 66 67 70 74 77 78 80 88 90 94 95 96 102 103 104 107 108 110 111 113 114 118 122 124 126 130 134 137 140 142 143 144 146 151 154 156 160 161 168 169 173 174 177 179 180 182 183 184 185 187 189 190 191 196 197 203 204 205 207 209 210 217 218 219 222 223 224 225 226 227 232 235 236 244 
196 446       1 5 7 11 12 16 20 27 28 29 30 31 34 35 38 41 44 49 52 53 58 65 68 69 71 72 74 77 81 87 89 92 93 95 96 99 100 101 105 107 108 109 111 112 115 116 117 121 122 128 129 130 133 135 137 139 145 147 148 151 154 155 156 160 168 170 171 176 177 178 181 184 185 188 195 197 205 211 213 218 222 224 226 227 229 232 233 235 237 238 241 244 247 248 
197 274       2 9 10 12 16 17 18 19 24 27 29 30 31 33 34 36 40 43 44 47 48 50 51 57 58 62 64 66 70 71 73 77 81 87 88 89 91 92 99 100 102 104 108 109 111 114 115 118 119 120 124 127 131 133 137 139 141 143 144 145 146 148 150 151 152 156 157 158 160 161 166 171 172 174 178 180 187 188 189 190 192 195 196 199 200 203 205 206 207 208 209 213 214 217 218 219 220 221 222 224 225 226 229 230 231 232 236 239 242 246 
198 280       4 13 17 19 20 22 23 24 28 34 37 38 50 51 56 63 65 71 75 77 81 82 83 84 89 93 94 97 98 99 101 105 107 108 110 112 113 115 118 120 121 122 123 125 126 127 129 130 132 136 137 141 143 144 145 146 148 152 153 155 159 161 162 165 166 167 168 169 171 172 176 177 180 182 188 190 201 202 204 206 214 219 222 228 232 234 235 237 240 246 249 
199 392       2 3 10 11 14 15 17 21 23 25 26 29 31 32 33 35 36 40 41 42 43 44 52 55 56 60 63 64 65 70 72 77 83 89 95 101 107 109 111 117 118 124 129 131 133 137 141 146 149 151 152 153 155 156 159 162 163 172 173 175 178 180 183 185 188 189 190 192 194 197 200 204 205 209 211 213 216 217 220 224 225 226 228 234 237 238 239 241 242 244 247 248 249 
200 294       3 5 11 13 14 15 16 19 26 27 28 30 32 33 36 38 41 42 48 51 54 55 56 64 65 68 70 71 73 74 79 80 81 85 88 91 92 94 98 99 100 101 104 106 110 113 120 121 123 124 127 128 129 132 134 136 138 140 150 154 156 157 164 166 167 168 169 171 173 177 178 179 182 185 186 189 191 197 199 202 203 210 212 215 216 217 219 222 226 227 228 232 233 236 237 238 240 241 243 245 247 
201 314       1 3 6 7 11 12 13 16 17 18 20 21 23 24 27 30 31 35 36 39 41 44 45 46 48 49 50 57 59 62 65 66 67 69 71 72 74 76 77 80 81 84 86 87 93 98 101 102 103 105 107 108 109 110 111 112 113 116 117 119 120 122 124 125 129 131 132 133 134 136 137 138 140 143 144 145 148 149 152 153 155 157 160 161 162 163 169 170 171 173 174 175 176 177 179 185 187 189 191 198 202 205 207 209 210 213 215 217 224 229 235 239 240 244 246 
202 492       3 4 6 10 11 12 15 18 19 21 22 23 26 27 28 29 37 38 39 46 47 49 53 56 58 62 68 73 75 77 82 83 85 86 89 92 93 95 98 101 103 106 109 111 113 117 121 127 128 132 134 135 136 138 139 142 143 144 145 149 151 152 154 155 156 158 163 167 168 170 178 179 181 182 183 188 189 191 193 194 198 200 201 203 204 210 211 212 216 217 218 222 224 225 226 227 230 231 232 242 247 249 
203 250       1 5 6 8 9 10 11 13 16 23 27 28 29 32 33 38 45 48 59 62 66 68 69 71 72 73 75 77 82 85 86 88 91 92 97 100 103 104 105 107 108 117 118 119 121 125 136 137 139 140 142 146 150 151 152 154 156 160 162 165 167 168 172 173 174 175 177 178 180 183 184 185 187 188 189 190 192 193 194 195 197 200 202 205 207 208 209 210 214 215 216 218 220 222 224 225 228 229 232 233 234 239 240 244 
204 258       4 5 6 11 13 16 20 22 24 26 27 29 34 39 43 44 48 49 51 54 63 66 68 72 75 78 81 83 85 86 90 92 93 94 97 98 99 101 104 106 114 115 116 118 119 120 122 126 128 129 130 132 136 138 140 144 146 147 148 149 154 155 158 162 164 167 169 172 177 181 182 183 186 187 191 195 198 199 202 206 207 210 211 214 220 221 222 223 224 225 229 230 231 232 234 235 236 240 241 242 243 244 
205 491       1 3 8 11 15 17 18 20 22 23 24 25 26 30 32 36 39 44 46 48 49 59 64 68 69 71 74 75 76 78 80 81 82 84 86 88 90 92 98 101 104 108 109 111 113 114 115 116 119 121 128 131 136 137 144 147 148 150 153 155 156 161 164 165 167 168 174 176 177 178 179 181 183 184 185 188 189 190 191 193 195 196 197 199 201 203 206 209 211 212 213 214 215 217 228 230 234 237 242 244 245 246 248 
206 250       1 4 5 9 10 11 12 17 26 28 31 33 37 39 40 44 45 46 49 56 59 61 63 67 68 72 73 78 79 81 83 85 86 88 90 95 97 100 103 107 112 114 117 118 121 122 124 127 130 132 133 135 136 137 138 141 143 145 151 152 154 156 157 159 160 162 170 172 174 178 184 186 188 190 193 197 198 204 205 207 208 209 210 212 214 216 217 218 221 225 227 228 229 233 237 239 242 243 246 247 248 
207 259       6 8 10 16 17 18 20 22 23 24 28 35 37 39 40 41 43 47 51 62 64 65 70 74 75 78 79 82 84 86 87 88 92 93 94 95 99 101 102 103 105 109 112 118 120 122 124 127 130 134 135 137 138 140 146 154 159 160 161 162 173 177 180 187 188 191 193 194 195 197 201 203 204 206 209 211 213 215 216 217 219 224 226 229 230 232 238 239 240 242 243 244 246 
208 367       1 2 3 4 9 12 15 16 18 19 22 23 24 25 26 28 33 34 42 47 48 49 51 55 57 60 61 63 66 69 71 73 75 77 78 81 82 91 94 97 98 101 102 104 106 107 108 109 110 112 115 119 120 125 127 129 131 134 136 137 139 143 145 146 151 156 157 160 162 163 165 166 172 174 178 180 182 187 189 192 193 194 197 203 206 212 214 218 220 225 230 231 235 236 239 240 246 
209 276       3 5 8 9 11 14 16 22 23 24 25 28 30 31 33 36 38 39 40 41 44 51 52 53 55 56 59 60 68 69 72 75 76 78 83 86 89 90 94 96 97 99 100 103 107 109 110 111 112 113 119 122 127 131 138 140 142 143 148 149 151 152 153 167 169 171 173 177 179 181 182 187 190 191 195 197 199 201 203 205 206 207 211 212 215 216 218 219 220 221 222 223 224 225 226 233 236 237 239 243 246 248 
210 357       1 2 6 9 11 15 16 19 22 26 27 32 33 35 36 37 42 45 47 50 52 54 58 60 61 62 63 67 68 69 71 73 74 75 76 81 86 92 93 94 97 101 105 108 110 113 114 116 117 120 128 130 135 136 137 140 141 142 143 147 148 152 154 155 156 157 160 161 162 163 165 169 172 174 176 177 180 181 184 186 187 188 195 200 201 202 203 204 206 211 212 214 217 226 232 233 234 235 236 237 242 243 247 
211 496       2 3 4 6 11 12 15 17 18 24 26 37 39 43 46 48 50 51 52 53 55 58 59 60 61 64 66 69 79 81 82 84 88 89 90 91 101 102 103 104 105 108 112 113 118 119 121 124 129 130 131 134 135 136 138 140 142 143 148 149 151 155 160 163 165 169 171 172 174 175 182 188 189 190 191 194 196 199 202 204 205 207 209 210 217 228 229 231 233 234 235 236 237 242 244 
212 251       1 3 7 8 11 12 16 19 20 24 25 26 36 37 38 40 41 43 44 45 47 50 54 57 62 64 65 67 71 72 74 78 83 91 93 97 98 103 107 108 111 112 113 114 115 118 128 129 130 132 133 134 136 138 144 145 147 148 149 152 153 154 155 156 157 160 161 162 164 165 167 170 171 172 179 183 184 185 194 200 202 205 206 208 209 210 214 220 226 228 229 238 240 241 243 247 248 
213 253       2 3 6 11 12 13 14 15 16 18 21 22 24 25 35 43 54 55 61 62 64 67 69 74 75 76 77 79 80 84 86 87 88 90 91 97 98 100 104 106 107 109 110 112 114 119 124 130 131 133 135 136 137 138 141 144 147 149 150 151 152 154 155 158 162 165 167 169 170 174 175 178 180 181 184 186 187 188 191 192 196 197 199 201 205 207 214 217 218 219 220 222 226 231 232 233 234 235 237 238 239 240 241 242 245 247 249 
214 406       1 3 4 10 11 13 18 19 22 29 30 31 32 35 36 37 46 47 49 50 52 53 56 57 60 62 63 64 65 67 68 69 70 74 76 77 78 87 88 90 94 96 100 101 102 104 105 106 108 110 111 112 118 119 120 122 124 126 128 134 142 145 147 148 150 151 152 156 159 161 162 163 165 167 168 170 171 173 175 179 186 187 193 194 197 198 203 204 205 206 208 210 212 213 215 216 221 222 223 228 231 232 233 237 238 241 244 248 
215 252       2 3 4 5 6 9 10 13 15 16 18 23 25 26 27 28 29 30 34 37 38 40 41 42 44 45 47 51 52 53 54 56 60 63 68 69 70 73 74 75 77 78 79 83 86 89 90 92 95 98 99 103 104 106 109 112 114 119 122 123 124 126 127 129 131 133 135 138 139 140 141 142 144 145 146 150 155 156 157 158 159 160 167 171 175 179 180 183 187 193 200 201 203 205 207 209 214 219 220 227 229 231 234 235 236 238 242 244 246 
216 342       1 3 13 15 16 20 25 39 43 46 47 50 51 52 55 57 60 63 64 66 67 71 72 75 76 80 85 86 88 89 91 94 95 101 103 105 106 110 113 114 118 122 124 125 126 129 132 134 137 142 144 149 153 155 158 164 165 166 172 175 178 180 187 191 192 193 199 200 202 203 206 207 209 214 218 220 227 229 232 236 237 239 242 243 244 245 246 247 248 
217 441       1 3 4 6 7 9 11 12 17 18 23 25 31 37 39 40 41 48 50 54 56 57 58 59 65 66 67 70 72 75 76 79 80 81 84 85 90 94 95 96 102 106 112 117 121 125 129 134 138 139 146 153 156 157 158 159 160 163 164 165 166 167 168 170 171 174 177 181 183 184 185 187 191 194 195 197 199 200 201 202 205 206 207 210 211 213 219 220 222 223 225 231 237 238 242 243 244 246 248 249 
218 254       1 3 5 7 9 12 13 15 17 18 25 26 29 30 34 46 49 54 55 57 59 64 65 68 73 74 75 76 78 84 88 90 92 94 95 97 98 100 102 103 104 106 107 108 109 115 116 117 118 119 120 121 124 127 128 130 131 134 142 147 148 156 161 162 164 166 168 169 170 171 172 174 176 179 181 183 186 187 188 190 191 192 195 196 197 202 203 206 208 209 213 216 220 222 224 225 227 230 234 236 237 245 246 
219 305       1 2 4 5 6 17 18 24 26 29 31 32 33 35 36 39 40 41 52 54 57 58 64 70 71 72 73 77 82 84 85 88 90 94 95 103 104 105 107 112 119 124 125 128 129 130 131 132 135 136 137 138 139 146 152 154 156 158 160 162 167 169 173 174 175 179 184 186 189 190 194 195 197 198 200 207 209 213 215 217 222 228 230 231 232 236 237 239 241 243 245 248 
220 485       3 4 8 14 15 17 20 22 23 26 27 28 30 31 36 38 43 44 46 50 52 56 57 61 76 77 78 79 80 83 84 88 90 91 93 95 96 98 100 102 105 121 127 135 136 137 140 141 142 152 153 157 160 163 165 172 173 174 175 176 181 182 190 191 193 197 199 203 204 208 209 212 213 215 216 217 218 221 224 226 229 230 231 232 239 240 244 245 
221 254       3 4 5 7 9 11 13 15 18 20 27 28 33 34 41 42 44 48 50 53 57 59 64 68 69 71 76 79 85 86 94 96 98 99 107 108 109 114 116 118 123 124 129 130 131 136 137 138 143 145 146 148 149 150 154 160 161 169 173 176 178 179 181 182 183 187 188 190 191 197 204 206 209 214 220 222 224 229 230 233 236 242 245 246 247 248 249 
222 261       2 4 6 8 10 15 18 19 20 24 28 29 31 32 34 39 40 41 45 50 51 53 55 56 59 61 64 65 69 74 75 76 77 80 81 82 88 89 90 91 93 94 100 103 104 106 107 110 111 112 113 114 117 118 121 124 129 136 141 143 144 146 148 149 154 155 158 159 161 167 168 171 174 175 177 179 180 181 182 185 186 191 194 195 196 197 198 200 202 203 204 209 213 214 217 218 219 221 224 228 230 232 238 241 242 243 244 
223 370       1 4 6 9 10 11 12 15 16 21 26 30 31 34 40 44 45 48 49 51 52 56 57 59 62 63 65 66 72 74 83 85 86 87 90 91 93 94 96 98 102 104 109 111 113 119 123 125 127 131 132 133 135 136 140 143 147 148 153 154 155 162 163 164 166 169 170 172 174 175 176 178 180 181 182 183 186 188 192 193 195 204 209 214 217 227 231 232 233 236 238 243 245 248 249 
224 293       1 11 12 14 15 19 21 22 23 24 25 26 32 35 40 42 43 45 46 49 51 54 55 56 61 62 63 65 66 67 68 73 78 81 86 92 93 97 98 99 101 102 104 109 122 123 126 127 129 131 132 135 136 138 140 151 158 159 160 165 167 169 172 175 176 177 178 179 188 191 192 193 195 196 197 199 201 202 203 204 207 209 218 220 221 222 225 226 228 229 233 234 239 243 244 246 249 
225 337       3 4 5 11 12 16 20 21 24 28 29 31 32 35 36 41 44 46 48 52 53 54 55 59 61 62 66 69 74 77 78 81 82 83 85 86 91 94 95 99 101 104 110 111 116 118 120 121 123 127 129 130 131 137 140 149 154 155 159 160 161 164 165 166 169 170 172 173 175 180 188 191 194 195 197 199 202 203 204 206 208 209 217 218 224 228 230 231 232 233 234 237 242 243 
226 421       3 4 7 10 11 13 17 18 25 27 30 33 39 41 42 45 47 48 52 57 58 63 65 66 67 69 71 72 73 74 75 77 80 84 89 91 94 95 100 103 104 106 108 109 116 120 123 125 126 128 129 131 136 138 141 144 145 148 149 150 151 154 155 158 160 162 163 166 167 168 169 175 177 184 186 188 190 192 195 196 197 199 200 202 207 209 210 212 213 220 224 228 230 231 234 237 239 241 242 248 
227 271       1 2 6 7 8 11 12 14 16 18 20 24 26 30 31 34 40 45 47 48 58 59 61 64 65 66 69 72 73 75 76 82 87 90 94 95 97 98 101 102 103 110 111 112 113 114 115 117 118 119 120 122 123 124 128 129 135 137 138 140 141 142 143 144 145 147 151 153 154 161 165 166 167 170 174 182 187 189 190 195 196 200 202 206 215 216 218 223 231 233 237 238 239 242 245 
228 308       1 3 4 7 11 13 14 16 18 20 21 23 25 26 27 32 33 35 36 37 43 48 49 50 52 55 56 59 62 63 67 72 74 78 82 84 86 88 90 94 95 97 99 103 107 109 112 116 118 119 124 125 126 130 132 135 137 138 139 140 142 145 146 149 150 154 158 159 162 163 168 169 174 175 177 178 183 184 185 186 187 189 193 198 199 200 203 205 206 211 212 214 219 222 224 225 226 232 233 235 236 237 238 243 244 245 
229 393       1 4 8 9 12 13 15 16 20 21 24 25 29 33 34 36 37 39 40 42 43 46 53 55 57 59 60 61 62 63 64 66 70 71 80 82 87 88 89 91 92 95 99 102 103 105 108 111 112 114 116 120 123 125 127 128 130 131 136 138 139 140 142 143 145 148 156 158 162 164 165 170 171 174 177 178 179 181 182 184 187 188 191 193 196 197 201 203 204 206 207 211 212 215 216 220 221 224 231 232 235 239 244 249 
230 297       2 4 5 6 9 13 14 15 19 22 30 32 34 36 39 42 44 45 50 53 54 55 58 59 61 63 64 66 68 72 80 81 86 96 100 101 105 106 108 109 110 112 115 117 118 120 123 126 127 129 130 136 137 139 141 148 150 151 154 156 157 158 162 168 169 172 175 176 179 180 181 183 184 185 187 188 189 190 194 197 202 204 205 207 208 218 219 220 221 222 225 226 231 234 236 243 246 248 
231 310       5 6 7 8 9 11 12 17 22 25 26 29 31 32 33 34 37 39 42 46 50 51 55 59 61 62 65 67 69 72 75 77 79 82 88 90 91 92 94 95 96 97 102 103 105 110 111 113 117 120 122 123 125 129 130 131 133 135 137 145 149 150 152 154 155 157 158 162 163 164 167 170 171 172 174 176 177 179 182 185 186 187 188 190 197 202 204 208 211 213 214 215 217 219 220 223 225 226 227 229 230 234 236 237 239 240 241 242 246 248 
232 479       2 11 12 13 14 16 19 20 23 30 31 33 38 42 45 46 50 55 58 60 61 62 67 69 75 76 77 78 81 82 83 84 87 89 90 94 95 96 100 103 108 110 113 115 116 118 124 126 128 130 137 138 139 144 145 148 154 159 161 162 164 167 168 169 172 174 175 176 177 178 179 181 183 185 186 188 189 195 196 197 198 200 202 203 204 207 210 213 214 216 219 220 222 223 225 228 229 233 234 235 237 244 246 
233 250       3 5 9 12 14 16 17 19 24 26 27 28 32 33 35 38 41 43 45 48 50 56 57 58 62 63 66 68 70 73 74 76 77 79 81 85 90 91 101 105 111 114 115 116 122 123 124 125 129 132 133 134 135 137 138 140 143 146 151 154 157 160 165 167 168 170 174 175 178 181 184 186 188 189 192 196 200 203 206 209 210 211 213 214 221 223 224 225 227 228 232 235 237 238 240 248 249 
234 271       3 6 7 8 9 12 13 14 18 21 28 30 33 36 37 38 39 40 41 43 47 48 49 51 52 55 56 59 60 63 64 67 68 69 72 73 76 77 78 79 82 85 87 89 90 91 93 99 100 105 106 108 113 120 122 123 124 136 139 140 143 145 154 155 160 164 167 172 174 175 176 178 179 180 181 183 185 186 187 188 189 192 198 199 203 204 205 210 211 213 215 218 224 225 226 230 231 232 239 240 241 242 243 246 247 248 
235 481       2 3 6 7 10 21 22 28 33 35 38 39 43 44 45 46 50 52 53 58 62 63 64 65 69 71 73 82 85 91 92 93 94 101 103 104 105 106 107 109 111 112 114 119 121 122 126 130 131 133 135 137 147 149 150 153 154 155 159 163 165 168 170 171 173 175 176 179 186 187 189 190 192 193 195 196 198 201 204 208 210 211 213 215 228 229 232 233 239 242 246 247 249 
236 250       8 11 13 15 19 26 28 33 34 35 38 41 42 45 47 49 50 52 53 56 60 61 65 73 75 78 81 86 87 89 90 91 103 104 106 107 108 109 111 115 119 121 123 124 130 135 138 145 146 148 149 157 158 159 163 171 173 175 177 181 184 185 187 191 194 195 197 200 204 208 209 210 211 215 216 218 219 221 223 228 230 231 243 246 247 248 
237 269       1 8 11 13 14 15 16 17 18 19 20 22 25 28 30 31 32 37 43 44 45 52 54 57 60 61 62 63 65 73 74 76 81 82 84 86 87 89 90 92 94 95 99 102 105 108 109 110 114 115 118 119 122 124 126 128 130 132 133 135 139 142 147 151 155 156 157 159 161 163 165 168 173 175 181 182 185 187 189 191 196 198 199 200 205 206 209 210 211 213 214 216 217 218 219 225 226 227 228 231 232 233 238 240 243 245 246 249 
238 480       1 3 7 9 10 12 13 14 16 19 21 23 25 28 34 37 39 42 43 44 53 58 59 63 64 65 71 72 73 74 75 79 82 84 87 89 90 93 95 99 100 105 111 117 120 128 130 131 134 135 137 142 146 147 148 149 150 151 154 155 159 160 162 168 171 177 178 186 190 194 196 199 200 207 212 213 214 215 217 222 223 227 228 233 237 240 243 244 245 249 
239 255       3 9 10 11 15 17 20 24 28 29 30 31 37 46 48 51 53 56 64 67 69 70 75 77 81 83 93 95 97 102 105 106 108 110 111 112 116 118 122 124 125 126 136 140 142 147 148 151 154 155 169 174 176 181 183 184 186 187 191 192 197 199 201 203 206 207 208 209 213 216 219 220 224 226 227 229 231 234 235 243 244 248 249 
240 265       1 10 11 12 13 15 22 27 28 30 32 36 44 47 49 50 52 55 56 58 60 61 62 66 68 69 70 71 76 77 78 80 81 84 85 87 89 90 93 98 99 101 102 105 106 108 111 113 116 122 127 128 132 135 136 139 141 144 145 146 147 148 149 153 154 156 160 168 174 180 181 183 185 191 194 198 200 201 203 204 207 208 212 213 220 231 233 234 237 238 241 244 245 246 247 248 249 
241 365       1 2 4 16 18 19 23 26 28 32 33 36 38 41 43 44 46 48 51 53 54 56 60 63 67 68 69 75 79 82 84 89 90 91 99 103 107 112 113 115 117 118 120 121 128 129 130 131 134 137 138 140 142 145 146 150 151 152 156 157 159 163 164 169 171 173 174 179 180 183 184 191 193 196 199 200 204 212 213 214 219 222 226 231 234 240 242 243 244 246 249 
242 291       4 7 8 10 14 15 16 18 19 22 25 29 31 33 37 38 39 41 48 50 51 54 58 60 61 64 69 72 74 76 77 79 86 90 92 95 96 100 105 109 111 114 115 117 119 123 125 129 131 133 134 135 137 138 140 141 142 146 148 150 151 165 166 169 173 180 182 183 186 187 188 190 191 192 193 197 199 202 204 205 206 207 210 211 213 215 216 217 221 222 225 226 227 231 234 235 241 244 246 247 249 
243 344       1 2 5 8 13 14 15 16 19 20 21 24 25 27 29 37 38 40 45 46 48 49 50 52 54 55 56 58 61 63 71 72 74 76 79 80 85 87 88 92 96 97 98 99 103 105 106 109 116 117 118 120 123 124 126 133 136 137 138 140 142 144 146 158 159 161 167 168 173 176 179 180 188 190 192 194 200 204 206 207 209 210 212 216 217 219 222 223 224 225 228 230 234 236 237 238 239 241 244 246 247 248 
244 422       1 3 8 10 16 20 23 24 28 29 31 32 33 38 40 42 44 49 51 54 55 57 58 60 61 63 64 70 72 73 74 75 80 82 85 92 94 96 97 102 103 104 107 110 114 115 116 118 119 125 127 130 134 138 141 145 147 149 153 159 161 165 166 169 173 176 178 179 188 191 192 195 196 199 201 203 204 205 207 211 214 215 216 217 220 222 224 228 229 232 238 239 240 241 242 243 
245 260       6 7 8 9 10 11 17 18 20 21 24 26 28 32 34 36 38 39 40 43 45 47 48 49 52 54 55 59 61 62 65 66 68 70 72 76 78 79 87 88 90 92 97 98 100 101 102 103 110 111 112 116 119 120 124 125 126 134 138 141 142 143 144 148 150 151 154 157 163 166 168 170 171 172 174 178 182 184 187 188 190 193 200 205 213 216 218 219 220 221 223 227 228 237 238 240 
246 318       2 4 9 10 11 13 15 18 19 23 26 28 29 30 33 35 38 39 43 44 45 46 50 52 53 55 56 62 63 65 67 68 70 72 77 78 81 85 86 89 97 101 102 104 105 106 107 111 112 114 118 121 123 124 126 128 131 132 138 139 140 141 143 144 148 149 152 160 163 174 181 184 185 186 188 191 192 193 197 198 201 205 206 207 208 209 215 216 217 218 221 224 230 231 232 234 235 236 237 240 241 242 243 248 
247 404       2 4 13 14 17 21 29 30 33 38 40 42 44 46 48 50 51 52 53 54 56 57 59 65 66 69 70 73 76 82 84 86 87 93 95 96 101 102 104 105 107 112 116 117 119 125 127 128 131 133 135 136 139 141 144 163 165 167 172 174 175 182 186 187 189 190 191 196 199 200 202 206 210 212 213 216 221 234 235 236 240 242 243 248 
248 278       1 2 6 9 10 12 15 16 20 23 24 26 27 29 30 32 34 40 42 48 50 52 55 58 59 61 63 65 66 71 74 79 80 85 86 91 92 93 94 100 105 108 109 110 111 113 115 118 119 120 121 123 128 131 132 141 142 143 144 146 150 151 158 160 162 164 168 173 177 178 189 190 196 199 205 206 209 212 214 216 217 219 221 223 226 230 231 233 234 236 239 240 243 246 247 249 
249 318       7 9 10 14 16 18 19 21 23 24 29 31 37 39 41 43 44 45 52 56 58 60 64 68 69 70 76 79 81 82 84 95 97 99 104 105 107 108 109 110 111 114 117 118 119 120 121 123 125 127 128 129 132 138 141 143 145 146 147 148 153 154 159 160 162 165 169 170 171 174 176 178 181 183 184 185 186 187 190 193 198 199 202 213 217 221 223 224 229 233 235 237 238 239 240 241 242 248 
