60 1000
1 366         3 4 17 23 27 29 34 36 39 41 46 49 50 53 58 
2 268         3 4 6 13 18 23 25 30 31 32 33 35 39 45 52 54 56 
3 366         1 2 4 7 9 11 20 22 27 29 35 36 43 46 49 55 56 60 
4 430         1 2 3 6 8 12 15 19 21 23 25 26 30 32 34 37 39 43 44 48 51 54 56 59 60 
5 263         17 21 22 31 32 38 39 40 43 47 48 52 54 60 
6 307         2 4 10 11 14 17 18 21 31 32 34 38 39 41 42 47 48 49 52 55 58 59 
7 414         3 14 20 22 27 31 34 38 41 42 47 50 53 55 58 
8 287         4 10 12 23 27 35 38 39 41 42 44 45 48 53 57 58 59 60 
9 299         3 13 14 16 21 25 28 31 34 38 40 46 47 48 49 50 54 58 
10 495        6 8 11 15 17 19 20 21 24 27 30 32 34 35 36 37 38 45 46 48 54 
11 251        3 6 10 15 16 17 20 25 26 27 28 29 30 36 37 46 51 53 55 56 59 
12 254        4 8 16 17 19 24 27 30 32 39 41 42 43 45 46 52 59 
13 474        2 9 16 17 20 26 36 44 49 50 52 54 
14 252        6 7 9 16 18 41 43 45 51 52 54 57 60 
15 274        4 10 11 16 17 21 34 35 36 37 38 39 43 44 47 50 55 57 
16 370        9 11 12 13 14 15 17 32 36 37 40 41 43 44 45 50 54 57 
17 269        1 5 6 10 11 12 13 15 16 18 19 20 23 24 25 27 30 39 40 41 43 52 54 58 
18 361        2 6 14 17 23 25 26 27 34 45 51 52 53 54 
19 473        4 10 12 17 22 25 28 32 35 36 38 42 45 50 51 52 58 60 
20 252        3 7 10 11 13 17 22 23 24 26 31 36 43 45 46 48 49 51 56 59 
21 275        4 5 6 9 10 15 28 30 33 37 38 41 43 47 51 54 60 
22 472        3 5 7 19 20 23 24 27 28 29 30 31 35 39 41 43 44 45 49 55 58 60 
23 259        1 2 4 8 17 18 20 22 29 34 35 40 46 53 60 
24 269        10 12 17 20 22 25 32 34 37 40 49 55 
25 444        2 4 9 11 17 18 19 24 37 41 49 54 59 60 
26 258        4 11 13 18 20 28 34 37 40 41 50 57 
27 298        1 3 7 8 10 11 12 17 18 22 31 35 46 47 50 55 58 
28 439        9 11 19 21 22 26 30 32 35 37 39 41 45 48 58 
29 273        1 3 11 22 23 30 31 38 41 47 48 54 55 57 58 59 
30 288        2 4 10 11 12 17 21 22 28 29 36 38 44 49 52 58 
31 445        2 5 6 7 9 20 22 27 29 33 37 40 43 47 49 53 54 56 57 58 
32 272        2 4 5 6 10 12 16 19 24 28 34 35 38 39 40 42 43 46 47 50 52 56 58 59 60 
33 283        2 21 31 35 37 38 41 43 45 47 48 50 59 
34 419        1 4 6 7 9 10 15 18 23 24 26 32 39 43 44 45 48 52 54 58 60 
35 261        2 3 8 10 15 19 22 23 27 28 32 33 37 39 43 45 47 50 53 56 57 
36 320        1 3 10 11 13 15 16 19 20 30 41 44 45 46 54 
37 363        4 10 11 15 16 21 24 25 26 28 31 33 35 38 41 43 44 45 46 51 54 
38 271        5 6 7 8 9 10 15 19 21 29 30 32 33 37 39 40 49 
39 366        1 2 4 5 6 8 12 15 17 22 28 32 34 35 38 40 45 48 49 54 59 
40 355        5 9 16 17 23 24 26 31 32 38 39 41 43 44 48 52 55 57 59 60 
41 273        1 6 7 8 12 14 16 17 21 22 25 26 28 29 33 36 37 40 44 52 53 58 59 60 
42 372        6 7 8 12 19 32 46 48 49 
43 466        3 4 5 12 14 15 16 17 20 21 22 31 32 33 34 35 37 40 46 48 50 51 52 56 59 60 
44 262        4 8 13 15 16 22 30 34 36 37 40 41 50 52 54 
45 272        2 8 10 12 14 16 18 19 20 22 28 33 34 35 36 37 39 46 48 51 52 56 58 
46 357        1 3 9 10 11 12 20 23 27 32 36 37 42 43 45 47 53 59 
47 292        5 6 7 9 15 21 27 29 31 32 33 35 46 51 53 57 60 
48 351        4 5 6 8 9 10 20 28 29 33 34 39 40 42 43 45 50 52 54 59 
49 395        1 3 6 9 13 20 22 24 25 30 31 38 39 42 52 59 
50 255        1 7 9 13 15 16 19 26 27 32 33 35 43 44 48 51 52 53 
51 350        4 11 14 18 19 20 21 37 43 45 47 50 52 53 59 
52 350        2 5 6 12 13 14 17 18 19 30 32 34 40 41 43 44 45 48 49 50 51 56 58 59 
53 303        1 7 8 11 18 23 31 35 41 46 47 50 51 58 
54 347        2 4 5 9 10 13 14 16 17 18 21 25 29 31 34 36 37 39 44 48 56 58 
55 450        3 6 7 11 15 22 24 27 29 40 
56 252        2 3 4 11 20 31 32 35 43 45 52 54 57 58 
57 298        8 14 15 16 26 29 31 35 40 47 56 
58 410        1 6 7 8 9 17 19 22 27 28 29 30 31 32 34 41 45 52 53 54 56 
59 275        4 6 8 11 12 20 25 29 32 33 39 40 41 43 46 48 49 51 52 60 
60 315        3 4 5 8 14 19 21 22 23 25 32 34 40 41 43 47 59 
