60 1000
1 496         3 4 6 8 9 10 12 14 16 17 18 21 22 24 26 27 29 30 31 33 34 35 36 38 40 41 42 43 44 45 46 48 49 51 55 56 57 59 60 
2 250         6 7 8 9 10 13 14 15 18 20 21 22 24 25 28 30 31 32 34 36 37 39 41 42 44 45 46 49 51 52 53 54 55 57 59 60 
3 254         1 4 5 7 8 14 15 16 17 18 19 21 22 23 24 25 27 28 29 31 33 34 35 36 37 38 40 41 42 43 44 45 47 48 49 50 51 53 54 55 56 57 58 59 60 
4 396         1 3 6 7 8 9 10 13 14 15 18 19 21 22 23 26 27 28 29 30 31 32 33 34 35 36 37 38 39 41 42 44 45 46 47 48 49 50 53 55 56 57 58 59 60 
5 270         3 6 7 9 11 12 15 16 17 18 19 20 21 23 24 25 28 29 30 31 32 33 34 35 36 37 39 40 42 44 45 46 48 49 51 52 53 54 55 56 57 58 59 60 
6 334         1 2 4 5 8 9 11 12 15 16 18 20 21 22 24 25 26 27 28 30 31 32 33 35 37 38 39 40 41 43 44 45 47 48 49 50 51 52 54 55 56 57 58 59 60 
7 483         2 3 4 5 9 10 11 12 14 15 16 19 20 21 22 24 25 26 27 29 31 33 34 35 36 37 38 39 40 41 42 44 45 46 47 48 49 51 53 55 56 57 58 59 
8 252         1 2 3 4 6 9 10 11 12 13 15 17 19 20 23 24 25 26 28 29 30 31 32 33 36 38 39 40 41 42 43 45 46 47 48 49 51 56 58 59 60 
9 265         1 2 4 5 6 7 8 10 11 12 14 15 16 17 20 21 22 23 25 26 27 28 30 32 33 34 35 36 37 39 41 42 43 45 47 49 53 54 55 57 58 59 60 
10 463        1 2 4 7 8 9 11 13 15 16 19 20 21 22 26 27 28 29 30 31 32 34 37 38 41 45 48 50 51 54 55 56 58 59 60 
11 261        5 6 7 8 9 10 12 14 15 16 19 20 21 22 23 24 25 26 27 29 30 31 32 34 36 37 38 39 41 43 44 45 46 48 49 52 53 54 55 56 57 60 
12 276        1 5 6 7 8 9 11 13 15 16 17 18 19 20 22 23 24 26 27 30 31 32 33 34 35 36 38 39 40 42 43 44 45 47 48 49 51 52 53 55 57 58 59 
13 389        2 4 8 10 12 17 18 19 20 21 22 25 27 28 29 30 32 34 37 39 40 42 45 47 49 50 53 54 55 56 58 60 
14 283        1 2 3 4 7 9 11 15 16 17 18 22 24 26 27 28 30 31 32 33 34 35 38 40 41 42 43 46 47 49 50 51 54 55 58 59 60 
15 328        2 3 4 5 6 7 8 9 10 11 12 14 17 19 20 22 23 24 26 30 31 32 33 34 36 37 38 39 43 45 46 47 49 51 52 53 54 55 56 58 59 60 
16 380        1 3 5 6 7 9 10 11 12 14 17 18 19 20 21 22 24 28 30 31 32 33 35 36 37 38 40 41 43 44 45 46 47 48 51 53 54 56 57 58 59 
17 268        1 3 5 8 9 12 13 14 15 16 18 19 20 21 22 23 24 25 26 27 28 29 31 32 36 37 38 39 41 42 43 45 46 47 48 49 50 51 54 55 58 
18 352        1 2 3 4 5 6 12 13 14 16 17 19 20 23 24 27 28 29 31 33 34 36 37 38 41 42 43 44 46 47 48 49 50 52 53 55 56 59 60 
19 416        3 4 5 7 8 10 11 12 13 15 16 17 18 23 24 26 29 31 32 35 36 40 43 44 46 47 48 50 52 53 54 55 58 59 60 
20 282        2 5 6 7 8 9 10 11 12 13 15 16 17 18 21 22 23 24 26 27 28 29 30 33 34 35 36 37 38 39 41 43 45 46 47 48 49 50 51 52 54 56 57 58 59 60 
21 302        1 2 3 4 5 6 7 9 10 11 13 16 17 20 22 24 25 26 27 28 30 31 32 33 34 35 36 37 38 40 41 43 44 45 47 48 50 51 52 53 54 55 56 57 58 60 
22 388        1 2 3 4 6 7 9 10 11 12 13 14 15 16 17 20 21 23 24 25 26 27 28 29 30 31 32 33 34 35 36 38 42 43 44 46 50 53 55 56 59 60 
23 252        3 4 5 8 9 11 12 15 17 18 19 20 22 24 25 27 28 29 30 31 33 34 35 38 40 43 44 46 47 48 49 50 51 52 53 54 55 57 58 59 60 
24 360        1 2 3 5 6 7 8 11 12 14 15 16 17 18 19 20 21 22 23 25 28 29 30 31 32 34 35 36 38 39 40 41 43 44 46 47 48 49 55 57 58 59 60 
25 489        2 3 5 6 7 8 9 11 13 17 21 22 23 24 27 28 31 32 33 35 36 37 39 42 43 44 47 48 49 51 52 53 54 55 56 58 59 60 
26 252        1 4 6 7 8 9 10 11 12 14 15 17 19 20 21 22 27 29 31 32 34 35 37 39 40 42 44 45 47 48 50 52 53 55 57 59 60 
27 259        1 3 4 6 7 9 10 11 12 13 14 17 18 20 21 22 23 25 26 28 29 32 33 35 36 38 39 40 41 42 43 46 47 48 49 50 51 53 54 55 56 57 58 59 60 
28 433        2 3 4 5 6 8 9 10 13 14 16 17 18 20 21 22 23 24 25 27 29 30 31 32 33 34 35 36 38 39 40 41 42 43 44 46 49 50 52 53 54 57 58 
29 281        1 3 4 5 7 8 10 11 13 17 18 19 20 22 23 24 26 27 28 31 32 33 34 36 37 39 40 41 42 44 46 48 50 51 52 54 60 
30 286        1 2 4 5 6 8 9 10 11 12 13 14 15 16 20 21 22 23 24 28 33 34 35 37 38 41 42 43 45 46 48 49 51 52 53 55 57 58 60 
31 380        1 2 3 4 5 6 7 8 10 11 12 14 15 16 17 18 19 21 22 23 24 25 26 28 29 32 33 35 36 37 38 40 41 42 43 46 47 48 50 51 52 54 55 57 58 59 
32 285        2 4 5 6 8 9 10 11 12 13 14 15 16 17 19 21 22 24 25 26 27 28 29 31 35 36 37 38 40 41 42 44 45 46 47 49 50 51 52 53 59 60 
33 335        1 3 4 5 6 7 8 9 12 14 15 16 18 20 21 22 23 25 27 28 29 30 31 35 37 38 39 40 41 42 43 45 46 47 48 49 51 52 53 54 55 57 58 60 
34 372        1 2 3 4 5 7 9 10 11 12 13 14 15 18 20 21 22 23 24 26 28 29 30 36 37 38 41 43 44 45 46 47 49 51 53 54 55 56 58 59 60 
35 301        1 3 4 5 6 7 9 12 14 16 19 20 21 22 23 24 25 26 27 28 30 31 32 33 36 37 39 40 42 43 44 45 46 47 48 49 50 51 54 56 57 58 59 
36 327        1 2 3 4 5 7 8 9 11 12 15 16 17 18 19 20 21 22 24 25 27 28 29 31 32 34 35 38 39 40 41 42 43 44 45 46 47 48 49 50 51 52 53 54 55 56 58 
37 372        2 3 4 5 6 7 9 10 11 13 15 16 17 18 20 21 25 26 29 30 31 32 33 34 35 39 40 44 46 48 52 54 55 56 57 58 
38 281        1 3 4 6 7 8 10 11 12 14 15 16 17 18 20 21 22 23 24 27 28 30 31 32 33 34 36 40 41 42 43 44 45 48 51 54 55 57 58 59 60 
39 347        2 4 5 6 7 8 9 11 12 13 15 17 20 24 25 26 27 28 29 33 35 36 37 40 41 42 43 44 45 47 49 50 51 52 53 55 57 58 59 60 
40 355        1 3 5 6 7 8 12 13 14 16 19 21 23 24 26 27 28 29 31 32 33 35 36 37 38 39 41 42 43 44 45 46 47 49 50 51 52 53 56 57 59 60 
41 305        1 2 3 4 6 7 8 9 10 11 14 16 17 18 20 21 24 27 28 29 30 31 32 33 34 36 38 39 40 42 43 44 46 47 48 51 52 54 55 57 58 59 60 
42 340        1 2 3 4 5 7 8 9 12 13 14 17 18 22 25 26 27 28 29 30 31 32 33 35 36 38 39 40 41 43 44 45 46 47 48 49 50 52 54 55 60 
43 432        1 3 6 8 9 11 12 14 15 16 17 18 19 20 21 22 23 24 25 27 28 30 31 33 34 35 36 38 39 40 41 42 44 45 46 48 50 51 52 53 55 56 57 58 59 60 
44 278        1 2 3 4 5 6 7 11 12 16 18 19 21 22 23 24 25 26 28 29 32 34 35 36 37 38 39 40 41 42 43 45 46 47 52 53 54 56 57 58 59 
45 290        1 2 3 4 5 6 7 8 9 10 11 12 13 15 16 17 20 21 26 30 32 33 34 35 36 38 39 40 42 43 44 46 47 48 49 51 53 54 55 56 57 59 60 
46 462        1 2 4 5 7 8 11 14 15 16 17 18 19 20 22 23 24 27 28 29 30 31 32 33 34 35 36 37 40 41 42 43 44 45 47 49 52 53 54 55 56 59 60 
47 262        3 4 6 7 8 9 12 13 14 15 16 17 18 19 20 21 23 24 25 26 27 31 32 33 34 35 36 39 40 41 42 44 45 46 48 49 51 52 53 55 56 57 58 
48 276        1 3 4 5 6 7 8 10 11 12 16 17 18 19 20 21 23 24 25 26 27 29 30 31 33 35 36 37 38 41 42 43 45 47 49 50 51 52 53 54 55 58 59 60 
49 484        1 2 3 4 5 6 7 8 9 11 12 13 14 15 17 18 20 23 24 25 27 28 30 32 33 34 35 36 39 40 42 45 46 47 48 50 52 53 58 59 60 
50 252        3 4 6 10 13 14 17 18 19 20 21 22 23 26 27 28 29 31 32 35 36 39 40 42 43 48 49 51 52 53 54 55 59 60 
51 264        1 2 3 5 6 7 8 10 12 14 15 16 17 20 21 23 25 27 29 30 31 32 33 34 35 36 38 39 40 41 43 45 47 48 50 52 53 54 56 57 59 60 
52 422        2 5 6 11 12 15 18 19 20 21 23 25 26 28 29 30 31 32 33 36 37 39 40 41 42 43 44 46 47 48 49 50 51 53 54 56 57 58 60 
53 282        2 3 4 5 7 9 11 12 13 15 16 18 19 21 22 23 25 26 27 28 30 32 33 34 36 39 40 43 44 45 46 47 48 49 50 51 52 55 56 57 58 59 
54 296        2 3 5 6 9 10 11 13 14 15 16 17 19 20 21 23 25 27 28 29 31 33 34 35 36 37 38 41 42 44 45 46 48 50 51 52 55 56 59 
55 469        1 2 3 4 5 6 7 9 10 11 12 13 14 15 17 18 19 21 22 23 24 25 26 27 30 31 33 34 36 37 38 39 41 42 43 45 46 47 48 50 53 54 57 58 59 
56 262        1 3 4 5 6 7 8 10 11 13 15 16 18 20 21 22 25 27 34 35 36 37 40 43 44 45 46 47 51 52 53 54 58 59 60 
57 269        1 2 3 4 5 6 7 9 11 12 16 20 21 23 24 26 27 28 30 31 33 35 37 38 39 40 41 43 44 45 47 51 52 53 55 58 
58 358        3 4 5 6 7 8 9 10 12 13 14 15 16 17 19 20 21 23 24 25 27 28 30 31 33 34 35 36 37 38 39 41 43 44 47 48 49 52 53 55 56 57 59 60 
59 281        1 2 3 4 5 6 7 8 9 10 12 14 15 16 18 19 20 22 23 24 25 26 27 31 32 34 35 38 39 40 41 43 44 45 46 48 49 50 51 53 54 55 56 58 60 
60 361        1 2 3 4 5 6 8 9 10 11 13 14 15 18 19 20 21 22 23 24 25 26 27 29 30 32 33 34 38 39 40 41 42 43 45 46 48 49 50 51 52 56 58 59 
