60 1000
1 379         2 3 5 8 9 10 11 12 13 14 16 17 18 19 20 21 22 23 24 25 27 29 30 32 33 34 35 36 38 39 40 41 42 44 45 46 48 49 51 52 53 54 55 56 57 58 60 
2 293         1 3 4 5 6 7 8 9 10 11 12 13 14 16 17 18 19 21 22 23 24 25 27 28 30 31 33 35 36 37 39 40 41 42 43 45 46 47 48 51 52 53 54 55 56 57 59 60 
3 328         1 2 4 5 6 7 8 9 10 12 16 17 19 20 21 22 23 24 25 26 29 30 31 32 33 35 37 39 41 42 43 45 46 47 48 49 50 51 52 54 55 56 57 58 59 
4 470         2 3 5 6 7 8 9 11 12 13 15 16 18 19 20 22 23 24 26 27 28 29 30 31 32 33 34 35 36 37 38 39 40 41 42 45 46 47 49 50 51 52 53 54 55 58 60 
5 251         1 2 3 4 6 7 8 9 10 11 12 14 15 16 17 19 20 21 22 23 24 25 27 28 29 30 31 32 33 34 35 36 37 39 41 42 43 44 45 46 47 48 49 51 52 55 57 58 60 
6 279         2 3 4 5 8 10 12 13 14 15 17 18 19 20 21 22 24 26 28 29 30 31 32 33 34 35 36 38 39 40 41 42 44 45 46 47 48 49 50 51 53 54 55 56 57 58 60 
7 411         2 3 4 5 8 9 10 11 12 14 15 16 17 19 20 22 23 24 25 26 27 28 29 30 31 32 35 36 37 38 39 40 41 42 43 44 46 47 48 49 50 51 52 53 54 55 56 57 58 59 60 
8 253         1 2 3 4 5 6 7 9 10 11 12 14 15 16 17 18 19 20 22 23 24 25 26 27 29 30 32 34 35 36 37 38 39 40 41 42 43 44 45 49 51 52 53 54 55 57 59 60 
9 336         1 2 3 4 5 7 8 10 11 12 13 14 15 18 19 20 21 24 25 28 29 30 32 34 35 36 37 38 39 40 41 43 44 45 46 47 48 50 51 53 54 55 56 57 58 59 60 
10 414        1 2 3 5 6 7 8 9 11 15 16 17 18 19 20 21 22 23 24 26 27 30 31 32 33 34 36 37 38 39 40 42 43 44 45 46 47 48 52 54 55 58 59 60 
11 276        1 2 4 5 7 8 9 10 12 13 14 15 16 17 18 19 20 21 22 23 24 25 26 27 28 29 32 33 34 35 36 37 38 39 40 42 43 44 45 46 47 48 49 51 52 53 54 55 56 57 58 60 
12 310        1 2 3 4 5 6 7 8 9 11 13 15 18 19 20 22 25 27 28 29 30 31 32 33 35 36 38 39 40 41 42 43 44 46 47 48 49 50 51 53 54 55 57 59 60 
13 418        1 2 4 6 9 11 12 14 15 16 18 19 20 21 23 24 25 26 27 29 31 32 33 35 36 37 38 39 40 41 42 45 46 47 48 49 50 51 52 54 55 56 57 58 59 60 
14 286        1 2 5 6 7 8 9 11 13 15 17 18 19 20 21 23 24 25 27 28 29 30 32 33 34 35 36 37 38 39 40 41 42 43 44 45 46 47 48 49 50 51 53 54 56 57 58 59 
15 296        4 5 6 7 8 9 10 11 12 13 14 16 17 18 19 21 23 24 25 26 27 28 29 30 32 33 35 36 37 38 39 40 41 42 43 44 45 46 48 51 52 53 55 57 58 59 60 
16 378        1 2 3 4 5 7 8 10 11 13 15 17 18 20 21 22 23 24 25 26 27 28 29 30 31 32 34 35 36 38 39 40 44 46 47 48 50 51 53 54 55 56 57 58 60 
17 296        1 2 3 5 6 7 8 10 11 14 15 16 19 20 21 23 24 25 26 27 28 30 31 33 34 35 36 37 38 39 40 41 43 46 47 48 49 50 51 53 54 56 58 59 
18 326        1 2 4 6 8 9 10 11 12 13 14 15 16 19 20 24 25 26 27 29 30 31 32 33 34 35 37 38 39 41 43 44 45 47 48 49 51 52 53 54 55 56 57 58 59 60 
19 428        1 2 3 4 5 6 7 8 9 10 11 12 13 14 15 17 18 20 21 22 23 24 25 26 28 29 31 32 33 34 35 37 38 39 40 41 42 43 44 46 47 48 49 50 52 53 54 56 60 
20 281        1 3 4 5 6 7 8 9 10 11 12 13 14 16 17 18 19 21 22 24 25 26 27 28 29 30 31 32 33 36 37 38 39 42 43 44 46 47 48 49 51 52 53 54 55 59 60 
21 291        1 2 3 5 6 9 10 11 13 14 15 16 17 19 20 22 23 24 25 26 27 28 29 31 32 33 34 35 36 37 38 39 40 41 42 43 44 45 46 47 48 49 50 51 53 58 60 
22 455        1 2 3 4 5 6 7 8 10 11 12 16 19 20 21 23 24 25 26 27 28 29 30 31 32 34 35 36 38 39 40 42 43 44 45 46 47 48 50 52 53 56 59 60 
23 264        1 2 3 4 5 7 8 10 11 13 14 15 16 17 19 21 22 24 25 26 27 28 29 30 31 32 33 34 35 38 39 40 41 42 44 45 46 48 49 50 51 52 53 54 55 57 58 59 
24 281        1 2 3 4 5 6 7 8 9 10 11 13 14 15 16 17 18 19 20 21 22 23 25 26 27 28 29 32 33 34 36 37 38 39 40 41 43 44 45 46 48 49 50 51 52 53 54 55 56 57 59 60 
25 494        1 2 3 5 7 8 9 11 12 13 14 15 16 17 18 19 20 21 22 23 24 26 27 28 29 31 32 33 34 35 36 37 38 39 41 43 44 45 46 47 48 49 50 51 53 54 55 56 57 58 60 
26 252        3 4 6 7 8 10 11 13 15 16 17 18 19 20 21 22 23 24 25 27 29 30 32 33 34 35 36 37 39 41 42 43 44 45 46 47 48 49 51 52 53 54 55 56 57 58 60 
27 254        1 2 4 5 7 8 10 11 12 13 14 15 16 17 18 20 21 22 23 24 25 26 28 29 31 32 33 34 35 36 39 40 41 42 44 45 46 47 48 50 51 52 54 55 57 58 59 60 
28 478        2 4 5 6 7 9 11 12 14 15 16 17 19 20 21 22 23 24 25 27 30 32 35 37 39 40 41 42 44 45 47 49 50 51 52 53 54 55 56 60 
29 258        1 3 4 5 6 7 8 9 11 12 13 14 15 16 18 19 20 21 22 23 24 25 26 27 31 32 33 34 35 37 38 40 41 43 46 47 48 49 50 51 52 54 55 56 57 58 
30 264        1 2 3 4 5 6 7 8 9 10 12 14 15 16 17 18 20 22 23 26 28 31 32 33 34 35 37 38 39 40 43 44 46 47 48 49 50 51 52 53 54 55 56 57 58 
31 409        2 3 4 5 6 7 10 12 13 16 17 18 19 20 21 22 23 25 27 29 30 32 33 34 35 36 37 38 39 40 41 42 43 44 45 46 48 49 50 51 52 54 55 56 59 60 
32 287        1 3 4 5 6 7 8 9 10 11 12 13 14 15 16 18 19 20 21 22 23 24 25 26 27 28 29 30 31 34 35 36 37 38 39 42 43 45 46 47 48 49 50 53 54 55 56 57 58 59 60 
33 304        1 2 3 4 5 6 10 11 12 13 14 15 17 18 19 20 21 23 24 25 26 27 29 30 31 34 36 37 39 40 41 42 44 45 46 47 49 50 51 52 53 54 55 56 57 58 59 60 
34 425        1 4 5 6 8 9 10 11 14 16 17 18 19 21 22 23 24 25 26 27 29 30 31 32 33 35 36 37 38 39 40 41 42 43 44 45 46 47 48 49 50 51 52 54 55 56 57 58 59 60 
35 256        1 2 3 4 5 6 7 8 9 11 12 13 14 15 16 17 18 19 21 22 23 25 26 27 28 29 30 31 32 34 36 37 38 41 42 45 47 48 49 51 52 53 54 56 57 58 59 60 
36 319        1 2 4 5 6 7 8 9 10 11 12 13 14 15 16 17 20 21 22 24 25 26 27 31 32 33 34 35 37 38 39 40 41 42 43 44 45 47 48 49 50 51 52 53 54 57 58 59 60 
37 402        2 3 4 5 7 8 9 10 11 13 14 15 17 18 19 20 21 24 25 26 28 29 30 31 32 33 34 35 36 38 39 40 41 42 43 45 46 47 48 49 50 51 52 53 54 55 56 57 58 59 
38 252        1 4 6 7 8 9 10 11 12 13 14 15 16 17 18 19 20 21 22 23 24 25 29 30 31 32 34 35 36 37 39 40 41 42 43 46 47 49 50 52 53 54 55 56 58 60 
39 346        1 2 3 4 5 6 7 8 9 10 11 12 13 14 15 16 17 18 19 20 21 22 23 24 25 26 27 28 30 31 32 33 34 36 37 38 40 41 42 45 47 48 49 50 51 52 55 56 57 58 59 60 
40 403        1 2 4 6 7 8 9 10 11 12 13 14 15 16 17 19 21 22 23 24 27 28 29 30 31 33 34 36 37 38 39 41 43 45 47 48 49 50 51 52 53 55 56 57 58 59 
41 283        1 2 3 4 5 6 7 8 9 12 13 14 15 17 18 19 21 23 24 25 26 27 28 29 31 33 34 35 36 37 38 39 40 42 44 45 46 48 49 50 51 52 53 54 55 56 57 58 
42 314        1 2 3 4 5 6 7 8 10 11 12 13 14 15 19 20 21 22 23 26 27 28 31 32 33 34 35 36 37 38 39 41 43 44 45 46 47 48 49 50 51 52 53 54 55 56 59 
43 401        2 3 5 7 8 9 10 11 12 14 15 17 18 19 20 21 22 24 25 26 29 30 31 32 34 36 37 38 40 42 44 46 48 49 51 53 54 55 56 57 59 60 
44 284        1 5 6 7 8 9 10 11 12 14 15 16 18 19 20 21 22 23 24 25 26 27 28 30 31 33 34 36 41 42 43 45 47 48 50 51 52 53 54 55 56 57 58 59 60 
45 315        1 2 3 4 5 6 8 9 10 11 13 14 15 18 21 22 23 24 25 26 27 28 31 32 33 34 35 36 37 39 40 41 42 44 47 48 49 50 54 55 57 58 59 60 
46 434        1 2 3 4 5 6 7 9 10 11 12 13 14 15 16 17 19 20 21 22 23 24 25 26 27 29 30 31 32 33 34 37 38 41 42 43 47 48 49 50 51 52 53 54 56 57 59 60 
47 282        2 3 4 5 6 7 9 10 11 12 13 14 16 17 18 19 20 21 22 25 26 27 28 29 30 32 33 34 35 36 37 38 39 40 42 44 45 46 48 49 50 51 52 53 54 55 56 57 59 60 
48 284        1 2 3 5 6 7 9 10 11 12 13 14 15 16 17 18 19 20 21 22 23 24 25 26 27 29 30 31 32 34 35 36 37 39 40 41 42 43 44 45 46 47 49 50 51 52 53 54 55 56 57 58 59 60 
49 496        1 3 4 5 6 7 8 11 12 13 14 17 18 19 20 21 23 24 25 26 28 29 30 31 32 33 34 35 36 37 38 39 40 41 42 43 45 46 47 48 50 52 53 54 55 56 58 59 60 
50 251        3 4 6 7 9 12 13 14 16 17 19 21 22 23 24 25 27 28 29 30 31 32 33 34 36 37 38 39 40 41 42 44 45 46 47 48 49 51 52 53 55 56 57 58 59 60 
51 253        1 2 3 4 5 6 7 8 9 11 12 13 14 15 16 17 18 20 21 23 24 25 26 27 28 29 30 31 33 34 35 36 37 39 40 41 42 43 44 46 47 48 50 52 54 55 56 57 58 59 
52 491        1 2 3 4 5 7 8 10 11 13 15 18 19 20 22 23 24 26 27 28 29 30 31 33 34 35 36 37 38 39 40 41 42 44 46 47 48 49 50 51 53 54 55 58 60 
53 253        1 2 4 6 7 8 9 11 12 14 15 16 17 18 19 20 21 22 23 24 25 26 28 30 32 33 35 36 37 38 40 41 42 43 44 46 47 48 49 50 52 54 55 56 57 58 59 
54 256        1 2 3 4 6 7 8 9 10 11 12 13 14 16 17 18 19 20 23 24 25 26 27 28 29 30 31 32 33 34 35 36 37 38 41 42 43 44 45 46 47 48 49 51 52 53 56 57 58 59 60 
55 498        1 2 3 4 5 6 7 8 9 10 11 12 13 15 16 18 20 23 24 25 26 27 28 29 30 31 32 33 34 37 38 39 40 41 42 43 44 45 47 48 49 50 51 52 53 57 58 59 60 
56 250        1 2 3 6 7 9 11 13 14 16 17 18 19 22 24 25 26 28 29 30 31 32 33 34 35 37 38 39 40 41 42 43 44 46 47 48 49 50 51 53 54 57 58 
57 252        1 2 3 5 6 7 8 9 11 12 13 14 15 16 18 23 24 25 26 27 29 30 32 33 34 35 36 37 39 40 41 43 44 45 46 47 48 50 51 53 54 55 56 58 60 
58 379        1 3 4 5 6 7 9 10 11 13 14 15 16 17 18 21 23 25 26 27 29 30 32 33 34 35 36 37 38 39 40 41 44 45 48 49 50 51 52 53 54 55 56 57 59 60 
59 264        2 3 7 8 9 10 12 13 14 15 17 18 20 22 23 24 27 31 32 33 34 35 36 37 39 40 42 43 44 45 46 47 48 49 50 51 53 54 55 58 60 
60 357        1 2 4 5 6 7 8 9 10 11 12 13 15 16 18 19 20 21 22 24 25 26 27 28 31 32 33 34 35 36 38 39 43 44 45 46 47 48 49 50 52 54 55 57 58 59 
