60 1000
1 494         2 4 6 7 8 9 10 11 12 13 14 16 17 18 19 20 21 22 23 24 26 27 29 30 31 32 33 34 36 37 38 40 41 42 43 44 46 47 48 49 50 51 52 53 55 56 57 58 59 60 
2 250         1 4 5 6 7 8 9 10 11 12 13 14 15 16 17 18 20 21 22 23 24 25 26 27 28 29 30 31 32 33 36 38 39 41 42 43 44 45 46 47 49 51 52 53 55 56 57 58 59 
3 256         4 5 6 8 9 10 11 13 14 15 16 17 18 19 20 21 22 26 27 28 29 30 31 32 34 35 37 38 39 40 43 44 45 47 48 49 51 52 53 54 55 57 59 60 
4 429         1 2 3 6 7 9 10 11 12 13 14 15 16 17 18 20 21 22 23 24 25 28 29 30 31 32 33 34 36 37 38 40 42 43 44 45 48 50 52 53 54 55 56 57 58 59 60 
5 266         2 3 6 9 10 11 12 13 14 15 16 17 19 22 23 24 26 27 28 29 30 31 32 33 34 37 38 39 40 42 44 45 47 49 50 54 55 57 58 60 
6 305         1 2 3 4 5 7 9 11 13 14 17 19 21 23 25 26 27 28 29 31 32 33 34 35 36 37 38 41 43 44 45 46 50 51 52 53 54 55 56 58 59 60 
7 378         1 2 4 6 8 9 10 11 12 13 14 15 16 17 18 19 20 21 22 23 24 25 26 27 28 29 30 32 33 35 36 37 38 39 40 41 42 43 44 45 46 48 50 51 53 54 56 57 
8 268         1 2 3 7 9 10 11 12 13 14 16 18 20 21 22 23 25 26 27 28 29 30 31 33 35 36 37 38 39 40 42 45 46 48 49 50 51 52 53 55 56 57 60 
9 354         1 2 3 4 5 6 7 8 10 11 13 14 15 16 17 18 19 22 23 24 25 26 27 29 30 31 32 34 35 36 37 39 40 41 42 44 46 47 48 49 50 52 53 54 55 56 58 59 60 
10 482        1 2 3 4 5 7 8 9 11 12 13 15 16 17 18 19 20 21 22 23 25 26 27 28 29 30 31 33 35 36 37 38 39 40 41 42 44 45 47 48 49 50 51 52 53 54 55 56 57 58 59 60 
11 251        1 2 3 4 5 6 7 8 9 10 12 13 14 17 19 20 21 22 24 25 26 28 29 33 35 36 37 39 40 41 43 44 46 47 49 51 53 54 55 56 58 60 
12 267        1 2 4 5 7 8 10 11 13 14 15 16 17 18 19 20 22 24 25 26 27 28 29 30 31 32 33 35 36 38 39 40 41 42 43 44 45 47 49 50 51 53 55 56 58 59 60 
13 464        1 2 3 4 5 6 7 8 9 10 11 12 14 15 16 17 18 19 20 22 23 24 25 26 27 28 29 30 32 33 34 35 36 37 38 39 40 41 42 43 44 45 46 47 48 50 51 53 54 57 58 59 
14 259        1 2 3 4 5 6 7 8 9 11 12 13 15 16 17 18 19 20 21 22 23 24 26 27 28 30 31 33 34 35 37 38 39 40 44 45 48 49 50 51 52 53 55 56 57 58 59 60 
15 277        2 3 4 5 7 9 10 12 13 14 17 19 20 23 24 25 26 27 28 29 31 32 33 34 35 36 37 38 39 41 42 44 45 46 47 48 49 52 54 55 56 58 59 60 
16 398        1 2 3 4 5 7 8 9 10 12 13 14 17 19 20 22 23 24 25 26 27 29 30 32 33 34 36 37 38 39 40 41 42 43 44 45 46 48 49 50 51 54 55 57 58 59 60 
17 276        1 2 3 4 5 6 7 9 10 11 12 13 14 15 16 18 20 21 22 23 29 30 31 32 33 34 36 37 38 39 40 41 42 44 45 46 47 48 49 50 52 53 54 55 56 57 58 59 60 
18 326        1 2 3 4 7 8 9 10 12 13 14 17 19 20 21 22 23 24 25 26 28 29 30 33 34 35 36 37 38 39 40 41 42 43 46 47 48 49 50 51 52 53 54 55 56 57 58 59 60 
19 390        1 3 5 6 7 9 10 11 12 13 14 15 16 18 20 21 22 23 24 26 27 28 30 31 32 34 35 36 37 38 39 40 41 42 44 45 46 47 48 49 50 51 53 54 57 58 59 60 
20 260        1 2 3 4 7 8 10 11 12 13 14 15 16 17 18 19 21 23 24 25 27 28 30 32 33 34 35 36 37 38 39 40 41 44 45 46 47 48 49 50 51 53 54 56 57 58 59 60 
21 350        1 2 3 4 6 7 8 10 11 14 17 18 19 20 23 24 25 26 27 28 29 31 32 34 35 36 37 38 40 41 42 43 45 46 47 48 49 50 52 53 54 55 56 57 58 60 
22 482        1 2 3 4 5 7 8 9 10 11 12 13 14 16 17 18 19 25 26 27 28 29 30 31 33 34 35 36 37 39 40 41 42 43 44 45 47 48 49 50 52 53 54 55 56 57 58 59 60 
23 251        1 2 4 5 6 7 8 9 10 13 14 15 16 17 18 19 20 21 25 26 27 28 30 31 33 34 35 37 39 40 42 43 44 45 46 47 48 50 52 53 55 56 57 58 60 
24 267        1 2 4 5 7 9 11 12 13 14 15 16 18 19 20 21 25 27 28 29 31 32 33 34 36 37 38 40 41 42 43 44 45 46 47 48 50 51 52 53 54 55 56 57 58 60 
25 430        2 4 6 7 8 9 10 11 12 13 15 16 18 20 21 22 23 24 26 29 30 31 32 33 34 35 36 37 38 39 40 41 42 43 44 45 48 49 50 52 55 56 57 58 59 60 
26 262        1 2 3 5 6 7 8 9 10 11 12 13 14 15 16 18 19 21 22 23 25 27 28 29 30 32 33 35 36 37 38 39 40 41 42 44 45 46 48 49 50 51 52 54 55 56 57 58 60 
27 308        1 2 3 5 6 7 8 9 10 12 13 14 15 16 19 20 21 22 23 24 26 31 32 33 34 36 37 38 39 40 41 42 44 45 48 49 50 53 54 55 58 59 
28 400        2 3 4 5 6 7 8 10 11 12 13 14 15 18 19 20 21 22 23 24 26 29 30 31 32 33 34 35 36 37 38 40 41 42 43 44 45 46 50 51 52 53 54 55 56 57 58 59 60 
29 261        1 2 3 4 5 6 7 8 9 10 11 12 13 15 16 17 18 21 22 24 25 26 28 30 31 32 34 35 37 38 39 40 41 42 45 46 47 50 52 53 54 56 58 59 60 
30 339        1 2 3 4 5 7 8 9 10 12 13 14 16 17 18 19 20 22 23 25 26 28 29 31 32 34 37 38 40 41 42 43 44 46 47 48 50 51 52 53 54 55 56 57 58 59 60 
31 498        1 2 3 4 5 6 8 9 10 12 14 15 17 19 21 22 23 24 25 27 28 29 30 32 33 34 35 36 37 39 40 42 44 45 46 47 48 49 52 53 56 57 58 59 
32 250        1 2 3 4 5 6 7 9 12 13 15 16 17 19 20 21 24 25 26 27 28 29 30 31 33 34 35 37 38 39 40 41 42 43 46 47 48 50 51 53 54 55 56 58 
33 252        1 2 4 5 6 7 8 10 11 12 13 14 15 16 17 18 20 22 23 24 25 26 27 28 31 32 34 35 37 38 39 40 41 42 43 44 46 47 49 50 53 54 55 56 57 58 59 60 
34 362        1 3 4 5 6 9 13 14 15 16 17 18 19 20 21 22 23 24 25 27 28 29 30 31 32 33 35 36 37 39 40 42 44 45 46 47 48 49 50 51 54 55 56 57 58 59 60 
35 288        3 6 7 8 9 10 11 12 13 14 15 18 19 20 21 22 23 25 26 28 29 31 32 33 34 36 38 39 40 41 42 43 45 46 47 49 50 51 52 53 55 56 57 58 59 60 
36 350        1 2 4 6 7 8 9 10 11 12 13 15 16 17 18 19 20 21 22 24 25 26 27 28 31 34 35 37 38 39 40 41 42 43 45 48 49 50 51 52 53 54 55 56 57 58 59 60 
37 498        1 3 4 5 6 7 8 9 10 11 13 14 15 16 17 18 19 20 21 22 23 24 25 26 27 28 29 30 31 32 33 34 36 38 39 40 41 43 44 45 46 47 48 49 50 51 52 53 54 55 56 57 58 60 
38 250        1 2 3 4 5 6 7 8 10 12 13 14 15 16 17 18 19 20 21 24 25 26 27 28 29 30 32 33 35 36 37 39 40 41 42 43 44 45 46 47 48 49 50 51 52 54 55 56 57 58 59 60 
39 252        2 3 5 7 8 9 10 11 12 13 14 15 16 17 18 19 20 22 23 25 26 27 29 31 32 33 34 35 36 37 38 40 41 42 43 45 46 47 48 49 50 51 52 53 55 56 57 58 59 60 
40 459        1 3 4 5 7 8 9 10 11 12 13 14 16 17 18 19 20 21 22 23 24 25 26 27 28 29 30 31 32 33 34 35 36 37 38 39 41 42 43 46 47 48 49 50 51 52 53 55 56 57 58 60 
41 260        1 2 6 7 9 10 11 12 13 15 16 17 18 19 20 21 22 24 25 26 27 28 29 30 32 33 35 36 37 38 39 40 42 43 44 45 46 47 48 49 50 51 52 55 57 58 60 
42 281        1 2 4 5 7 8 9 10 12 13 15 16 17 18 19 21 22 23 24 25 26 27 28 29 30 31 32 33 34 35 36 38 39 40 41 43 44 46 47 49 50 51 52 53 54 55 58 59 60 
43 401        1 2 3 4 6 7 11 12 13 16 18 21 22 23 24 25 28 30 32 33 35 36 37 38 39 40 41 42 44 46 47 48 49 50 52 53 54 55 56 57 58 59 
44 271        1 2 3 4 5 6 7 9 10 11 12 13 14 15 16 17 19 20 22 23 24 25 26 27 28 30 31 33 34 37 38 41 42 43 45 46 47 48 49 50 52 53 54 55 56 57 59 60 
45 328        2 3 4 5 6 7 8 10 12 13 14 15 16 17 19 20 21 22 23 24 25 26 27 28 29 31 34 35 36 37 38 39 41 44 47 48 49 50 51 52 54 55 56 57 58 59 
46 367        1 2 6 7 8 9 11 13 15 16 17 18 19 20 21 23 24 26 28 29 30 31 32 33 34 35 37 38 39 40 41 42 43 44 47 48 51 52 53 54 56 57 58 59 60 
47 288        1 2 3 5 9 10 11 12 13 15 17 18 19 20 21 22 23 24 29 30 31 32 33 34 35 37 38 39 40 41 42 43 44 45 46 48 49 50 51 52 53 54 56 57 58 59 60 
48 345        1 3 4 7 8 9 10 13 14 15 16 17 18 19 20 21 22 23 24 25 26 27 30 31 32 34 36 37 38 39 40 41 43 44 45 46 47 50 51 53 54 55 56 57 59 60 
49 352        1 2 3 5 8 9 10 11 12 14 15 16 17 18 19 20 21 22 25 26 27 31 33 34 35 36 37 38 39 40 41 42 43 44 45 47 50 51 52 53 54 55 56 57 58 59 60 
50 279        1 4 5 6 7 8 9 10 12 13 14 16 17 18 19 20 21 22 23 24 25 26 27 28 29 30 32 33 34 35 36 37 38 39 40 41 42 43 44 45 47 48 49 51 52 53 56 57 58 59 60 
51 369        1 2 3 6 7 8 10 11 12 13 14 16 18 19 20 24 26 28 30 32 34 35 36 37 38 39 40 41 42 45 46 47 48 49 50 52 53 54 55 56 57 58 59 
52 476        1 2 3 4 6 8 9 10 14 15 17 18 21 22 23 24 25 26 28 29 30 31 35 36 37 38 39 40 41 42 43 44 45 46 47 49 50 51 53 54 55 56 57 58 60 
53 261        1 2 3 4 6 7 8 9 10 11 12 13 14 17 18 19 20 21 22 23 24 27 28 29 30 31 32 33 35 36 37 39 40 42 43 44 46 47 48 49 50 51 52 54 55 56 57 58 59 60 
54 263        3 4 5 6 7 9 10 11 13 15 16 17 18 19 20 21 22 24 26 27 28 29 30 32 33 34 36 37 38 42 43 44 45 46 47 48 49 51 52 53 55 57 58 59 60 
55 479        1 2 3 4 5 6 8 9 10 11 12 14 15 16 17 18 21 22 23 24 25 26 27 28 30 32 33 34 35 36 37 38 39 40 41 42 43 44 45 48 49 51 52 53 54 56 57 58 59 60 
56 254        1 2 4 6 7 8 9 10 11 12 14 15 17 18 20 21 22 23 24 25 26 28 29 30 31 32 33 34 35 36 37 38 39 40 43 44 45 46 47 48 49 50 51 52 53 55 57 58 59 60 
57 267        1 2 3 4 5 7 8 10 13 14 16 17 18 19 20 21 22 23 24 25 26 28 30 31 33 34 35 36 37 38 39 40 41 43 44 45 46 47 48 49 50 51 52 53 54 55 56 59 60 
58 436        1 2 4 5 6 9 10 11 12 13 14 15 16 17 18 19 20 21 22 23 24 25 26 27 28 29 30 31 32 33 34 35 36 37 38 39 40 41 42 43 45 46 47 49 50 51 52 53 54 55 56 60 
59 280        1 2 3 4 6 9 10 12 13 14 15 16 17 18 19 20 22 25 27 28 29 30 31 33 34 35 36 38 39 42 43 44 45 46 47 48 49 50 51 53 54 55 56 57 
60 284        1 3 4 5 6 8 9 10 11 12 14 15 16 17 18 19 20 21 22 23 24 25 26 28 29 30 33 34 35 36 37 38 39 40 41 42 44 46 47 48 49 50 52 53 54 55 56 57 58 
