60 1000
1 475         4 5 6 7 8 9 12 15 16 20 21 22 26 27 28 29 32 33 34 35 36 38 40 42 43 44 46 47 50 52 55 56 59 60 
2 256         3 4 9 11 15 16 18 19 20 23 24 25 26 28 29 30 32 35 37 38 41 42 47 48 49 50 52 53 54 55 57 58 59 
3 269         2 5 6 7 8 10 11 12 13 14 15 16 18 19 22 23 26 27 28 29 30 31 34 38 40 41 42 43 44 45 47 50 53 57 59 
4 396         1 2 7 10 11 14 15 16 18 19 21 22 24 26 27 29 31 32 33 34 35 36 37 38 43 44 47 51 54 55 56 57 59 60 
5 264         1 3 7 11 12 13 14 15 16 17 19 21 22 23 24 25 26 27 28 32 34 35 36 37 40 41 42 45 46 47 48 49 50 51 53 55 58 60 
6 340         1 3 7 8 9 10 11 14 15 21 23 24 25 26 29 30 31 32 33 34 35 36 37 38 39 42 43 44 45 46 48 49 53 54 55 56 57 58 59 60 
7 468         1 3 4 5 6 8 10 12 14 16 18 20 21 22 26 28 31 32 34 35 36 39 41 42 43 46 47 50 52 54 55 56 58 60 
8 262         1 3 6 7 9 11 17 20 22 23 24 27 29 30 31 32 33 34 36 37 39 40 41 45 49 50 51 52 53 55 56 57 59 
9 270         1 2 6 8 10 16 18 23 26 28 30 33 37 38 39 40 41 42 43 44 45 46 49 51 52 53 54 57 
10 361        3 4 6 7 9 12 16 17 24 27 29 31 32 33 34 35 38 41 44 45 47 48 49 51 52 53 54 55 59 60 
11 300        2 3 4 5 6 8 12 13 14 16 18 22 23 25 28 29 31 32 33 35 36 38 39 40 41 43 44 45 46 47 48 49 50 51 52 56 59 
12 339        1 3 5 7 10 11 13 14 18 19 21 23 24 25 28 29 30 32 36 37 39 40 41 42 43 44 45 46 47 48 52 55 58 
13 444        3 5 11 12 15 16 18 19 21 22 23 24 25 27 32 37 38 39 41 43 44 45 46 50 51 53 56 57 58 60 
14 251        3 4 5 6 7 11 12 17 18 21 22 24 26 30 31 32 33 34 36 41 42 44 45 46 47 48 50 51 52 55 56 57 58 59 60 
15 305        1 2 3 4 5 6 13 16 17 18 19 22 23 25 26 27 28 30 32 33 34 35 37 39 40 41 42 44 45 49 52 53 54 55 58 59 60 
16 366        1 2 3 4 5 7 9 10 11 13 15 19 21 22 23 24 27 28 29 31 34 35 38 39 44 45 46 47 49 50 51 52 54 55 56 57 58 59 
17 252        5 8 10 14 15 19 20 24 29 30 35 36 39 40 41 44 47 48 49 51 53 55 56 57 60 
18 382        2 3 4 7 9 11 12 13 14 15 20 22 24 27 28 29 30 31 32 33 34 36 38 39 40 42 44 45 46 47 48 49 50 51 54 56 57 58 59 60 
19 409        2 3 4 5 12 13 15 16 17 20 22 23 24 26 28 30 31 32 34 35 36 38 41 43 44 45 46 47 48 51 53 54 56 57 58 60 
20 277        1 2 7 8 17 18 19 21 24 28 30 31 32 33 34 35 37 38 39 40 41 42 46 47 51 53 54 56 57 59 
21 314        1 4 5 6 7 12 13 14 16 20 22 24 25 26 27 28 30 31 32 33 35 37 38 39 40 43 44 45 46 47 52 53 54 55 56 57 59 
22 465        1 3 4 5 7 8 11 13 14 15 16 18 19 21 23 24 26 27 30 31 32 33 35 37 39 40 43 44 46 47 48 49 50 52 53 54 55 56 57 59 60 
23 260        2 3 5 6 8 9 11 12 13 15 16 19 22 25 26 27 28 29 30 31 32 33 34 37 38 40 41 42 44 45 46 48 51 52 55 56 57 58 59 
24 275        2 4 5 6 8 10 12 13 14 16 17 18 19 20 21 22 27 31 33 34 37 38 39 40 42 43 45 47 48 49 50 51 53 54 58 59 
25 447        2 5 6 11 12 13 15 21 23 26 30 31 32 33 34 36 37 38 39 40 42 43 46 48 50 51 54 
26 251        1 2 3 4 5 6 7 9 14 15 19 21 22 23 25 27 28 29 30 33 37 38 39 40 41 42 43 44 45 46 47 48 54 56 57 58 59 
27 302        1 3 4 5 8 10 13 15 16 18 21 22 23 24 26 29 30 31 36 37 39 40 41 44 45 50 51 54 55 56 57 60 
28 399        1 2 3 5 7 9 11 12 15 16 18 19 20 21 23 26 29 31 33 35 36 37 38 39 41 42 43 44 46 47 48 49 50 51 52 53 55 58 59 60 
29 297        1 2 3 4 6 8 10 11 12 16 17 18 23 26 27 28 30 32 34 36 37 39 40 41 44 46 47 48 49 50 53 55 56 57 58 
30 304        2 3 6 8 9 12 14 15 17 18 19 20 21 22 23 25 26 27 29 32 33 37 38 39 40 41 42 44 45 47 49 51 57 59 60 
31 423        3 4 6 7 8 10 11 14 16 18 19 20 21 22 23 24 25 27 28 33 34 35 36 37 40 41 42 43 46 49 50 52 53 56 
32 258        1 2 4 5 6 7 8 10 11 12 13 14 15 18 19 20 21 22 23 25 29 30 34 35 36 37 39 40 41 49 50 52 53 54 56 57 59 60 
33 319        1 4 6 8 9 10 11 14 15 18 20 21 22 23 24 25 26 28 30 31 35 36 38 40 41 42 43 44 45 46 47 49 52 53 55 56 59 
34 473        1 3 4 5 6 7 8 10 14 15 16 18 19 20 23 24 25 29 31 32 35 38 40 42 44 45 46 49 50 51 53 54 55 56 57 59 
35 260        1 2 4 5 6 7 10 11 15 16 17 19 20 21 22 28 31 32 33 34 37 38 40 41 42 43 44 45 46 48 49 50 54 57 58 59 
36 267        1 4 5 6 7 8 11 12 14 17 18 19 25 27 28 29 31 32 33 38 39 42 44 46 47 49 51 53 54 55 56 59 60 
37 426        2 4 5 6 8 9 12 13 15 20 21 22 23 24 25 26 27 28 29 30 31 32 35 39 41 42 44 45 46 47 48 49 52 53 56 60 
38 261        1 2 3 4 6 9 10 11 13 16 18 19 20 21 23 24 25 26 28 30 33 34 35 36 39 40 42 44 45 48 50 51 55 58 59 60 
39 313        6 7 8 9 11 12 13 15 16 17 18 20 21 22 24 25 26 27 28 29 30 32 36 37 38 40 41 42 44 46 48 50 51 53 57 58 59 60 
40 403        1 3 5 8 9 11 12 15 17 18 20 21 22 23 24 25 26 27 29 30 31 32 33 34 35 38 39 42 43 44 46 49 52 53 54 56 57 58 60 
41 289        2 3 5 7 8 9 10 11 12 13 14 15 17 19 20 23 26 27 28 29 30 31 32 33 35 37 39 43 44 46 47 48 49 51 52 53 54 56 58 60 
42 308        1 2 3 5 6 7 9 12 14 15 18 20 23 24 25 26 28 30 31 33 34 35 36 37 38 39 40 43 44 45 48 49 51 52 54 57 59 60 
43 402        1 3 4 6 7 9 11 12 13 19 21 22 24 25 26 28 31 33 35 40 41 42 47 48 49 50 51 52 55 57 59 60 
44 265        1 3 4 6 9 10 11 12 13 14 15 16 17 18 19 21 22 23 26 27 28 29 30 33 34 35 36 37 38 39 40 41 42 47 49 50 51 52 54 58 60 
45 333        3 5 6 8 9 10 11 12 13 14 15 16 18 19 21 23 24 26 27 30 33 34 35 37 38 42 46 49 50 51 52 53 58 59 60 
46 396        1 5 6 7 9 11 12 13 14 16 18 19 20 21 22 23 25 26 28 29 31 33 34 35 36 37 39 40 41 45 47 48 49 50 51 54 55 57 58 59 60 
47 257        1 2 3 4 5 7 10 11 12 14 16 17 18 19 20 21 22 24 26 28 29 30 33 36 37 41 43 44 46 48 49 50 51 53 54 55 57 59 60 
48 347        2 5 6 10 11 12 14 17 18 19 22 23 24 25 26 28 29 35 37 38 39 41 42 43 46 47 50 51 52 55 56 57 59 
49 411        2 5 6 8 9 10 11 15 16 17 18 22 24 28 29 30 31 32 33 34 35 36 37 40 41 42 43 44 45 46 47 52 53 54 55 58 59 60 
50 282        1 2 3 5 7 8 11 13 14 16 18 22 24 25 27 28 29 31 32 34 35 38 39 43 44 45 46 47 48 51 54 56 57 58 59 
51 307        4 5 8 9 10 11 13 14 16 17 18 19 20 23 24 25 27 28 30 34 36 38 39 41 42 43 44 45 46 47 48 50 52 55 56 59 60 
52 462        1 2 7 8 9 10 11 12 14 15 16 21 22 23 28 31 32 33 37 40 41 42 43 44 45 48 49 51 56 57 58 60 
53 258        2 3 5 6 8 9 10 13 15 17 19 20 21 22 24 28 29 31 32 33 34 36 37 39 40 41 45 47 49 55 56 57 59 60 
54 280        2 4 6 7 9 10 15 16 18 19 20 21 22 24 25 26 27 32 34 35 36 40 41 42 44 46 47 49 50 55 58 59 
55 412        1 2 4 5 6 7 8 10 12 14 15 16 17 21 22 23 27 28 29 33 34 36 38 43 46 47 48 49 51 53 54 56 57 58 60 
56 254        1 4 6 7 8 11 13 14 16 17 18 19 20 21 22 23 26 27 29 31 32 33 34 36 37 40 41 48 50 51 52 53 55 57 58 59 
57 334        2 3 4 6 8 9 13 14 16 17 18 19 20 21 22 23 26 27 29 30 32 34 35 39 40 42 43 46 47 48 50 52 53 55 56 59 60 
58 376        2 5 6 7 12 13 14 15 16 18 19 23 24 26 28 29 35 38 39 40 41 44 45 46 49 50 52 54 55 56 60 
59 255        1 2 3 4 6 8 10 11 14 15 16 18 20 21 22 23 24 26 28 30 32 33 34 35 36 38 39 42 43 45 46 47 48 49 50 51 53 54 56 57 
60 369        1 4 5 6 7 10 13 14 15 17 18 19 22 27 28 30 32 36 37 38 39 40 41 42 43 44 45 46 47 49 51 52 53 55 57 58 
