60 1000
1 485         2 3 4 6 7 8 9 10 11 12 13 14 15 17 18 19 20 21 22 23 24 25 27 28 29 30 31 33 34 35 36 37 38 39 40 42 43 44 45 46 48 49 50 51 52 54 55 56 57 58 59 60 
2 256         1 3 4 5 7 8 9 10 11 12 13 15 16 17 20 21 22 24 25 26 27 28 29 30 31 32 34 35 36 37 38 39 40 41 42 43 44 45 46 47 48 49 50 51 52 53 54 55 56 57 58 59 
3 259         1 2 4 5 6 7 8 10 11 12 13 14 15 16 18 19 20 21 22 23 24 26 27 28 29 30 31 32 33 34 36 38 39 40 41 42 43 44 45 46 47 48 49 50 51 52 53 54 55 56 57 58 59 60 
4 491         1 2 3 5 6 7 8 9 10 11 12 13 14 15 16 18 19 20 21 22 23 24 25 26 27 28 29 30 32 33 34 35 36 37 38 39 40 41 42 44 45 46 47 48 50 51 53 54 55 56 57 58 59 60 
5 251         2 3 4 6 7 8 9 10 11 12 13 15 16 17 19 20 22 23 24 25 26 28 29 30 31 32 33 34 35 36 37 38 39 40 41 42 43 44 45 46 47 48 49 50 51 52 53 54 55 56 57 58 59 60 
6 258         1 3 4 5 7 9 10 11 12 13 14 15 17 18 19 20 21 22 23 24 25 26 27 28 29 30 31 32 33 34 35 36 37 38 40 41 42 43 44 45 46 47 48 49 50 51 52 53 54 56 57 58 59 60 
7 353         1 2 3 4 5 6 8 9 10 11 12 13 14 15 16 17 18 20 21 22 23 24 25 26 27 28 29 32 33 34 35 36 37 38 39 41 42 44 45 46 47 48 49 50 51 52 53 54 55 56 57 58 59 60 
8 312         1 2 3 4 5 7 9 10 11 13 14 15 16 17 20 21 22 23 24 25 26 28 29 30 31 32 33 34 35 36 37 38 39 40 41 42 43 44 45 46 47 48 49 50 51 52 53 55 56 57 58 59 
9 335         1 2 4 5 6 7 8 10 11 12 13 14 15 16 17 18 19 20 21 22 23 24 25 26 27 28 29 31 32 33 34 35 37 38 39 40 41 42 43 45 47 48 49 50 51 52 53 54 55 56 57 58 59 60 
10 498        1 2 3 4 5 6 7 8 9 12 13 14 15 16 17 19 20 21 23 24 25 26 27 28 29 30 31 32 33 34 35 36 37 38 39 40 41 42 44 45 46 47 48 49 50 51 52 53 54 55 56 57 58 59 60 
11 250        1 2 3 4 5 6 7 8 9 12 13 14 15 16 18 19 20 21 22 23 24 25 26 27 28 29 30 31 32 33 34 35 36 37 38 39 41 42 43 44 45 46 47 48 49 50 51 53 54 55 57 58 59 60 
12 252        1 2 3 4 5 6 7 9 10 11 13 14 15 16 17 18 19 20 21 22 23 24 25 26 27 28 29 31 32 33 34 35 36 37 38 39 40 41 43 44 45 46 47 48 50 51 52 54 55 56 57 58 59 60 
13 361        1 2 3 4 5 6 7 8 9 10 11 12 15 16 17 18 19 20 21 23 24 25 27 28 29 30 31 32 33 34 35 36 37 38 41 43 44 45 46 47 48 49 50 51 52 54 55 56 58 59 60 
14 293        1 3 4 6 7 8 9 10 11 12 15 16 17 18 19 20 21 22 23 24 25 26 27 28 29 30 31 32 33 34 35 37 38 39 40 41 42 43 44 45 46 47 48 50 52 53 54 55 56 58 59 60 
15 346        1 2 3 4 5 6 7 8 9 10 11 12 13 14 16 17 18 19 20 22 23 24 25 26 27 29 30 31 32 33 34 35 36 37 38 39 40 41 42 43 45 46 47 48 49 50 51 52 53 54 55 56 57 58 59 60 
16 378        2 3 4 5 7 8 9 10 11 12 13 14 15 18 19 20 23 24 25 26 27 28 29 30 31 32 33 34 35 36 38 39 40 42 43 44 45 46 47 48 49 50 51 53 54 55 56 57 58 59 60 
17 252        1 2 5 6 7 8 9 10 12 13 14 15 18 19 20 21 22 23 24 25 26 27 28 29 30 31 32 33 34 35 36 38 39 40 41 42 43 44 45 46 48 49 50 51 52 53 54 55 56 57 58 59 60 
18 370        1 3 4 6 7 9 11 12 13 14 15 16 17 19 20 21 22 23 25 26 27 29 30 31 32 34 35 36 37 38 39 40 41 42 43 44 45 46 47 48 49 50 51 52 53 54 55 56 57 58 59 
19 451        1 3 4 5 6 9 10 11 12 13 14 15 16 17 18 20 21 22 23 24 25 26 27 28 30 31 32 33 34 35 36 37 38 39 40 41 42 43 44 45 46 48 49 50 51 52 53 54 55 56 57 58 59 60 
20 256        1 2 3 4 5 6 7 8 9 10 11 12 13 14 15 16 17 18 19 21 22 23 24 25 26 27 28 29 30 31 32 33 34 35 36 37 38 39 40 41 42 43 44 45 46 47 50 51 52 54 55 56 57 58 60 
21 293        1 2 3 4 6 7 8 9 10 11 12 13 14 17 18 19 20 22 23 24 26 27 28 29 30 31 32 33 34 35 36 37 38 39 41 42 43 44 45 46 47 48 49 50 52 53 54 55 56 57 58 59 60 
22 439        1 2 3 4 5 6 7 8 9 11 12 14 15 17 18 19 20 21 23 24 26 27 28 30 31 33 35 36 37 38 39 40 41 42 43 44 45 46 47 48 49 50 51 52 53 54 55 56 57 59 
23 269        1 3 4 5 6 7 8 9 10 11 12 13 14 15 16 17 18 19 20 21 22 24 25 26 29 30 31 32 33 35 36 37 38 39 40 41 42 44 45 46 47 48 49 50 51 52 53 54 55 56 57 58 59 
24 292        1 2 3 4 5 6 7 8 9 10 11 12 13 14 15 16 17 19 20 21 22 23 25 26 28 29 30 31 32 33 34 35 36 37 38 39 40 41 42 43 44 45 46 47 48 49 50 51 52 53 54 55 56 57 58 59 60 
25 453        1 2 4 5 6 7 8 9 10 11 12 13 14 15 16 17 18 19 20 23 24 26 27 28 29 31 32 34 36 37 38 39 40 43 44 45 46 47 48 50 51 52 54 55 56 57 58 59 60 
26 263        2 3 4 5 6 7 8 9 10 11 12 14 15 16 17 18 19 20 21 22 23 24 25 27 28 29 31 32 33 34 35 36 37 38 39 40 41 43 44 46 47 48 49 50 51 53 54 55 56 57 58 59 60 
27 284        1 2 3 4 6 7 9 10 11 12 13 14 15 16 17 18 19 20 21 22 25 26 28 29 30 31 32 33 34 35 36 37 38 39 40 41 42 45 46 48 50 51 52 53 54 55 56 57 58 60 
28 398        1 2 3 4 5 6 7 8 9 10 11 12 13 14 16 17 19 20 21 22 24 25 26 27 30 31 32 33 34 36 37 38 39 40 41 42 43 44 45 46 47 48 49 50 51 52 53 54 56 57 58 59 60 
29 259        1 2 3 4 5 6 7 8 9 10 11 12 13 14 15 16 17 18 20 21 23 24 25 26 27 30 31 33 34 35 36 37 38 39 40 41 42 43 44 45 46 47 48 49 51 52 53 54 56 57 58 59 60 
30 343        1 2 3 4 5 6 8 10 11 13 14 15 16 17 18 19 20 21 22 23 24 27 28 29 31 32 33 34 35 36 37 39 40 41 42 43 44 45 46 48 49 50 51 52 53 54 55 56 57 58 59 60 
31 391        1 2 3 5 6 8 9 10 11 12 13 14 15 16 17 18 19 20 21 22 23 24 25 26 27 28 29 30 32 33 34 35 36 37 38 40 41 42 43 45 46 47 48 49 50 51 52 53 54 55 56 57 58 59 60 
32 255        2 3 4 5 6 7 8 9 10 11 12 13 14 15 16 17 18 19 20 21 23 24 25 26 27 28 30 31 33 34 36 37 38 39 40 41 42 44 45 46 47 48 49 50 51 53 54 55 56 57 58 59 60 
33 354        1 3 4 5 6 7 8 9 10 11 12 13 14 15 16 17 19 20 21 22 23 24 26 27 28 29 30 31 32 34 35 36 37 38 39 40 41 42 43 44 45 48 49 50 51 52 53 54 56 57 58 59 60 
34 462        1 2 3 4 5 6 7 8 9 10 11 12 13 14 15 16 17 18 19 20 21 24 25 26 27 28 29 30 31 32 33 35 36 37 38 39 40 41 42 44 46 47 48 49 50 51 52 54 55 56 57 59 60 
35 252        1 2 4 5 6 7 8 9 10 11 12 13 14 15 16 17 18 19 20 21 22 23 24 26 27 29 30 31 33 34 37 38 39 41 42 43 44 45 46 47 48 49 50 52 54 56 57 59 60 
36 286        1 2 3 4 5 6 7 8 10 11 12 13 15 16 17 18 19 20 21 22 23 24 25 26 27 28 29 30 31 32 33 34 37 38 39 40 41 42 44 46 47 48 49 50 51 52 53 54 55 56 57 58 59 60 
37 363        1 2 4 5 6 7 8 9 10 11 12 13 14 15 18 19 20 21 22 23 24 25 26 27 28 29 30 31 32 33 34 35 36 38 39 40 41 42 43 44 45 46 47 48 49 50 51 52 53 54 55 56 57 58 59 60 
38 254        1 2 3 4 5 6 7 8 9 10 11 12 13 14 15 16 17 18 19 20 21 22 23 24 25 26 27 28 29 31 32 33 34 35 36 37 39 40 41 42 43 44 46 47 48 49 51 52 53 54 55 56 57 58 59 60 
39 383        1 2 3 4 5 7 8 9 10 11 12 14 15 16 17 18 19 20 21 22 23 24 25 26 27 28 29 30 32 33 34 35 36 37 38 40 41 42 43 44 45 46 47 48 49 50 51 52 53 54 55 58 59 60 
40 381        1 2 3 4 5 6 8 9 10 12 14 15 16 17 18 19 20 22 23 24 25 26 27 28 29 30 31 32 33 34 36 37 38 39 42 43 44 45 46 47 48 49 50 52 53 54 56 58 59 60 
41 278        2 3 4 5 6 7 8 9 10 11 12 13 14 15 17 18 19 20 21 22 23 24 26 27 28 29 30 31 32 33 34 35 36 37 38 39 42 43 44 45 46 47 48 49 50 51 52 53 55 56 57 58 59 60 
42 341        1 2 3 4 5 6 7 8 9 10 11 14 15 16 17 18 19 20 21 22 23 24 27 28 29 30 31 32 33 34 35 36 37 38 39 40 41 43 44 45 46 47 48 49 50 51 52 53 54 55 56 57 58 59 60 
43 454        1 2 3 5 6 8 9 11 12 13 14 15 16 17 18 19 20 21 22 24 25 26 28 29 30 31 33 35 37 38 39 40 41 42 45 46 47 48 49 50 51 52 53 54 55 56 57 58 59 60 
44 251        1 2 3 4 5 6 7 8 10 11 12 13 14 16 17 18 19 20 21 22 23 24 25 26 28 29 30 32 33 34 35 36 37 38 39 40 41 42 45 46 47 48 49 50 51 52 53 54 55 56 57 58 59 60 
45 295        1 2 3 4 5 6 7 8 9 10 11 12 13 14 15 16 17 18 19 20 21 22 23 24 25 27 28 29 30 31 32 33 35 37 39 40 41 42 43 44 46 47 48 49 50 51 54 55 56 57 58 
46 356        1 2 3 4 5 6 7 8 10 11 12 13 14 15 16 17 18 19 20 21 22 23 24 25 26 27 28 29 30 31 32 34 35 36 37 38 39 40 41 42 43 44 45 47 48 49 50 51 54 55 56 57 58 59 60 
47 283        2 3 4 5 6 7 8 9 10 11 12 13 14 15 16 18 20 21 22 23 24 25 26 28 29 31 32 34 35 36 37 38 39 40 41 42 43 44 45 46 48 49 50 51 52 53 54 55 56 57 58 59 
48 361        1 2 3 4 5 6 7 8 9 10 11 12 13 14 15 16 17 18 19 21 22 23 24 25 26 27 28 29 30 31 32 33 34 35 36 37 38 39 40 41 42 43 44 45 46 47 49 50 51 52 53 54 55 56 57 58 59 60 
49 453        1 2 3 5 6 7 8 9 10 11 13 15 16 17 18 19 21 22 23 24 26 28 29 30 31 32 33 34 35 36 37 38 39 40 41 42 43 44 45 46 47 48 50 51 52 54 55 56 57 59 60 
50 272        1 2 3 4 5 6 7 8 9 10 11 12 13 14 15 16 17 18 19 20 21 22 23 24 25 26 27 28 30 31 32 33 34 35 36 37 39 40 41 42 43 44 45 46 47 48 49 51 52 54 55 56 57 58 59 60 
51 275        1 2 3 4 5 6 7 8 9 10 11 12 13 15 16 17 18 19 20 22 23 24 25 26 27 28 29 30 31 32 33 34 36 37 38 39 41 42 43 44 45 46 47 48 49 50 52 53 54 55 56 57 58 59 60 
52 357        1 2 3 5 6 7 8 9 10 12 13 14 15 17 18 19 20 21 22 23 24 25 27 28 29 30 31 33 34 35 36 37 38 39 40 41 42 43 44 47 48 49 50 51 53 55 56 57 58 59 60 
53 275        2 3 4 5 6 7 8 9 10 11 14 15 16 17 18 19 21 22 23 24 26 27 28 29 30 31 32 33 36 37 38 39 40 41 42 43 44 47 48 51 52 54 55 56 58 59 60 
54 368        1 2 3 4 5 6 7 9 10 11 12 13 14 15 16 17 18 19 20 21 22 23 24 25 26 27 28 29 30 31 32 33 34 35 36 37 38 39 40 42 43 44 45 46 47 48 49 50 51 53 55 57 58 59 60 
55 468        1 2 3 4 5 7 8 9 10 11 12 13 14 15 16 17 18 19 20 21 22 23 24 25 26 27 30 31 32 34 36 37 38 39 41 42 43 44 45 46 47 48 49 50 51 52 53 54 56 58 60 
56 250        1 2 3 4 5 6 7 8 9 10 12 13 14 15 16 17 18 19 20 21 22 23 24 25 26 27 28 29 30 31 32 33 34 35 36 37 38 40 41 42 43 44 45 46 47 48 49 50 51 52 53 55 57 58 59 60 
57 282        1 2 3 4 5 6 7 8 9 10 11 12 15 16 17 18 19 20 21 22 23 24 25 26 27 28 29 30 31 32 33 34 35 36 37 38 41 42 43 44 45 46 47 48 49 50 51 52 54 56 58 60 
58 352        1 2 3 4 5 6 7 8 9 10 11 12 13 14 15 16 17 18 19 20 21 23 24 25 26 27 28 29 30 31 32 33 36 37 38 39 40 41 42 43 44 45 46 47 48 50 51 52 53 54 55 56 57 59 60 
59 280        1 2 3 4 5 6 7 8 9 10 11 12 13 14 15 16 17 18 19 21 22 23 24 25 26 28 29 30 31 32 33 34 35 36 37 38 39 40 41 42 43 44 46 47 48 49 50 51 52 53 54 56 58 60 
60 368        1 3 4 5 6 7 9 10 11 12 13 14 15 16 17 19 20 21 24 25 26 27 28 29 30 31 32 33 34 35 36 37 38 39 40 41 42 43 44 46 48 49 50 51 52 53 54 55 56 57 58 59 
