60 1000
1 378         3 5 6 8 9 11 12 13 14 18 20 21 24 26 27 28 31 33 35 37 39 40 41 42 45 46 47 48 49 53 54 55 56 58 59 
2 275         3 4 5 6 7 12 13 14 16 18 19 20 23 24 25 27 28 29 32 35 37 38 41 43 47 48 50 51 53 56 57 59 
3 347         1 2 4 5 7 10 13 14 16 17 19 20 21 22 23 25 26 28 29 30 32 34 35 36 37 39 40 41 47 48 49 52 54 56 58 60 
4 462         2 3 5 12 13 14 16 17 19 20 21 22 25 26 28 30 31 32 33 34 35 37 38 40 41 45 46 48 49 50 51 53 57 58 
5 261         1 2 3 4 7 8 9 11 12 13 14 18 19 20 21 23 24 25 27 28 29 30 34 35 39 40 45 46 47 48 49 50 51 53 55 60 
6 277         1 2 7 8 9 12 13 14 16 17 21 22 23 26 27 28 29 30 31 32 35 39 40 41 42 45 46 49 50 55 56 57 59 60 
7 429         2 3 5 6 9 11 12 13 15 16 20 21 22 23 24 25 26 27 29 30 31 35 36 37 41 42 43 44 46 47 48 49 50 51 53 54 55 57 58 59 60 
8 273         1 5 6 10 11 13 14 15 16 18 19 20 21 23 25 27 29 30 31 33 34 35 38 39 40 43 44 45 47 48 52 53 54 56 58 60 
9 298         1 5 6 7 10 11 13 15 16 17 19 20 21 23 24 25 26 27 29 31 32 33 36 37 38 39 40 41 43 45 48 50 51 52 56 57 58 59 60 
10 495        3 8 9 11 13 14 15 16 17 19 22 23 25 27 29 31 32 33 34 36 38 39 40 42 43 46 47 50 51 52 53 54 57 58 60 
11 250        1 5 7 8 9 10 13 14 15 16 17 19 20 22 24 25 30 31 32 33 34 35 37 42 43 45 46 48 49 50 51 52 53 54 55 56 57 59 60 
12 255        1 2 4 5 6 7 16 17 18 19 21 23 31 32 34 38 39 41 42 45 46 47 48 49 50 52 53 56 58 59 60 
13 371        1 2 3 4 5 6 7 8 9 10 11 14 15 18 19 20 21 24 25 27 29 31 32 33 34 35 37 38 39 40 43 44 45 46 47 48 49 51 52 54 55 56 57 58 59 60 
14 262        1 2 3 4 5 6 8 10 11 13 15 16 17 18 19 21 23 24 28 29 30 31 33 36 37 40 41 42 45 46 47 49 53 54 55 57 60 
15 367        7 8 9 10 11 13 14 17 19 20 23 24 25 26 27 29 33 34 36 39 43 45 47 48 49 50 52 53 54 57 58 59 
16 391        2 3 4 6 7 8 9 10 11 12 14 17 18 19 21 25 27 28 29 30 31 32 34 40 41 42 43 45 46 47 49 51 53 58 59 60 
17 293        3 4 6 9 10 11 12 14 15 16 18 20 23 25 26 28 29 30 31 32 33 34 35 40 41 42 43 46 49 52 53 54 55 56 57 58 59 60 
18 316        1 2 5 8 12 13 14 16 17 19 21 22 23 24 25 27 28 29 30 32 33 36 38 39 41 42 43 44 47 49 50 51 52 53 54 56 57 59 
19 493        2 3 4 5 8 9 10 11 12 13 14 15 16 18 21 22 23 24 26 29 30 31 34 35 38 39 40 41 42 43 44 46 47 48 51 53 55 56 57 58 59 60 
20 252        1 2 3 4 5 7 8 9 11 13 15 17 23 24 25 26 27 28 31 32 34 35 36 41 42 43 46 48 50 51 53 54 55 56 57 60 
21 255        1 3 4 5 6 7 8 9 12 13 14 16 18 19 22 24 25 26 27 28 29 32 33 34 35 37 39 40 42 44 47 48 50 51 52 53 54 55 56 57 58 60 
22 405        3 4 6 7 10 11 18 19 21 23 27 30 31 32 33 34 37 40 41 43 45 46 47 50 51 52 53 54 58 59 
23 250        2 3 5 6 7 8 9 10 12 14 15 17 18 19 20 22 25 26 27 29 30 32 33 34 36 37 39 40 41 43 45 46 47 48 51 55 58 59 60 
24 345        1 2 5 7 9 11 13 14 15 18 19 20 21 25 27 29 30 31 32 34 37 38 39 40 42 43 46 47 49 51 52 54 55 56 57 
25 461        2 3 4 5 7 8 9 10 11 13 15 16 17 18 20 21 23 24 26 29 32 34 36 37 38 39 40 41 47 50 51 52 54 56 60 
26 258        1 3 4 6 7 9 15 17 19 20 21 23 25 27 28 29 30 31 33 37 38 39 40 42 43 45 47 48 50 52 53 54 56 
27 281        1 2 5 6 7 8 9 10 13 15 16 18 20 21 22 23 24 26 29 30 31 33 34 38 39 40 49 50 53 54 55 56 59 60 
28 478        1 2 3 4 5 6 14 16 17 18 20 21 26 30 31 34 35 38 40 42 44 45 47 52 53 55 56 57 59 60 
29 257        2 3 5 6 7 8 9 10 13 14 15 16 17 18 19 21 23 24 25 26 27 30 32 33 34 36 40 41 43 44 45 46 48 50 51 52 56 57 58 60 
30 265        3 4 5 6 7 8 11 14 16 17 18 19 22 23 24 26 27 28 29 37 38 40 41 43 44 45 46 48 49 51 52 53 54 55 57 60 
31 354        1 4 6 7 8 9 10 11 12 13 14 16 17 19 20 22 24 26 27 28 32 38 40 43 44 47 48 51 53 54 55 58 60 
32 278        2 3 4 6 9 10 11 12 13 16 17 18 20 21 22 23 24 25 29 31 34 37 38 39 42 44 45 46 49 50 52 53 54 56 58 59 
33 368        1 4 8 9 10 11 13 14 15 17 18 21 22 23 26 27 29 34 35 36 37 38 39 40 41 42 45 46 47 48 49 50 52 54 55 56 58 
34 451        3 4 5 8 10 11 12 13 15 16 17 19 20 21 22 23 24 25 27 28 29 32 33 36 38 42 44 46 49 52 53 55 56 57 58 59 
35 256        1 2 3 4 5 6 7 8 11 13 17 19 20 21 28 33 40 42 43 44 46 47 48 52 53 54 56 58 59 60 
36 293        3 7 9 10 14 15 18 20 23 25 29 33 34 39 40 41 47 49 50 51 52 53 57 59 60 
37 485        1 2 3 4 7 9 11 13 14 21 22 23 24 25 26 30 32 33 38 39 40 46 47 48 49 50 53 54 55 56 57 58 60 
38 254        2 4 8 9 10 12 13 18 19 24 25 26 27 28 30 31 32 33 34 37 39 41 42 43 46 48 52 53 55 56 60 
39 261        1 3 5 6 8 9 10 12 13 15 18 19 21 23 24 25 26 27 32 33 36 37 38 41 43 44 48 49 50 52 53 58 59 60 
40 477        1 3 4 5 6 8 9 10 13 14 16 17 19 21 22 23 24 25 26 27 28 29 30 31 33 35 36 37 41 42 43 45 46 47 48 52 53 55 56 59 60 
41 258        1 2 3 4 6 7 9 12 14 16 17 18 19 20 22 23 25 29 30 33 36 38 39 40 42 44 46 47 48 51 52 53 54 55 58 59 
42 265        1 6 7 10 11 12 14 16 17 18 19 20 21 24 26 28 32 33 34 35 38 40 41 43 46 47 49 50 53 55 56 58 
43 369        2 7 8 9 10 11 13 15 16 17 18 19 20 22 23 24 26 29 30 31 35 38 39 40 42 45 47 48 49 51 55 60 
44 270        7 8 13 18 19 21 28 29 30 31 32 34 35 39 41 46 47 48 54 55 56 59 60 
45 361        1 4 5 6 8 9 11 12 13 14 15 16 22 23 26 28 29 30 32 33 40 43 46 49 51 52 55 57 58 59 60 
46 375        1 4 5 6 7 10 11 12 13 14 16 17 19 20 22 23 24 29 30 32 33 34 35 37 38 40 41 42 44 45 47 48 49 52 53 54 55 56 57 60 
47 268        1 2 3 5 7 8 10 12 13 14 15 16 18 19 21 22 23 24 25 26 28 31 33 35 36 37 40 41 42 43 44 46 48 49 50 52 53 54 57 59 60 
48 357        1 2 3 4 5 7 8 9 11 12 13 15 19 20 21 23 26 29 30 31 33 35 37 38 39 40 41 43 44 46 47 50 52 54 56 57 58 60 
49 414        1 3 4 5 6 7 11 12 13 14 15 16 17 18 24 27 30 32 33 34 36 37 39 42 43 45 46 47 51 52 55 56 58 59 60 
50 254        2 4 5 6 7 9 10 11 12 15 18 20 21 22 25 26 27 29 32 33 36 37 39 42 47 48 51 52 54 56 60 
51 332        2 4 5 7 9 10 11 13 16 18 19 20 21 22 23 24 25 29 30 31 36 41 43 45 49 50 52 53 54 55 56 57 58 60 
52 459        3 8 9 10 11 12 13 15 17 18 21 22 24 25 26 28 29 30 32 33 34 35 36 38 39 40 41 45 46 47 48 49 50 51 53 54 55 56 57 59 
53 263        1 2 4 5 7 8 10 11 12 14 15 16 17 18 19 20 21 22 26 27 28 30 31 32 34 35 36 37 38 39 40 41 42 46 47 51 52 54 58 
54 278        1 3 7 8 10 11 13 14 15 17 18 20 21 22 24 25 26 27 30 31 32 33 35 37 41 44 46 47 48 50 51 52 53 55 56 58 
55 456        1 5 6 7 11 13 14 17 19 20 21 23 24 27 28 30 31 33 34 37 38 40 41 42 43 44 45 46 49 51 52 54 57 60 
56 263        1 2 3 6 8 9 11 12 13 17 18 19 20 21 24 25 26 27 28 29 32 33 34 35 37 38 40 42 44 46 48 49 50 51 52 54 57 59 60 
57 281        2 4 6 7 9 10 11 13 14 15 17 18 19 20 21 24 28 29 30 34 36 37 45 46 47 48 51 52 55 56 59 60 
58 426        1 3 4 7 8 9 10 12 13 15 16 17 19 21 22 23 29 31 32 33 34 35 37 39 41 42 45 48 49 51 53 54 59 
59 277        1 2 6 7 9 11 12 13 15 16 17 18 19 22 23 27 28 32 34 35 36 39 40 41 44 45 47 49 52 56 57 58 60 
60 297        3 5 6 7 8 9 10 11 12 13 14 16 17 19 20 21 23 25 27 28 29 30 31 35 36 37 38 39 40 43 44 45 46 47 48 49 50 51 55 56 57 59 
