60 1000
1 494         3 7 8 10 11 12 14 15 19 20 21 22 23 27 29 32 33 35 36 37 38 39 40 41 43 44 45 46 48 49 50 51 52 53 54 56 58 
2 250         3 4 5 7 9 10 14 17 18 19 21 22 23 24 25 26 28 29 30 33 35 36 37 38 39 41 43 44 45 46 47 49 50 51 52 53 55 56 58 59 
3 256         1 2 4 5 6 7 8 9 11 12 15 16 17 18 20 22 23 24 26 27 28 29 32 33 34 35 36 37 38 40 41 42 45 47 48 50 51 52 54 55 59 60 
4 429         2 3 5 7 8 9 11 16 17 19 20 30 31 32 34 36 37 38 40 42 43 45 47 48 49 51 52 53 55 57 59 
5 266         2 3 4 7 10 11 12 13 14 16 17 18 19 20 22 23 26 27 28 29 32 33 35 36 37 38 39 41 42 46 47 51 53 54 55 56 58 60 
6 305         3 13 14 15 17 18 19 22 23 24 25 28 29 31 33 36 37 40 41 42 44 46 52 53 54 55 60 
7 378         1 2 3 4 5 8 9 10 12 13 16 17 19 20 21 22 25 28 30 31 33 34 35 38 40 41 42 43 50 51 53 54 55 56 59 
8 268         1 3 4 7 9 11 12 14 19 22 23 25 26 27 28 29 30 31 33 34 35 44 45 47 50 53 54 56 57 
9 354         2 3 4 7 8 10 11 12 13 14 15 16 21 22 24 26 27 28 29 33 34 35 36 37 41 42 44 45 47 48 49 50 51 52 55 59 
10 482        1 2 5 7 9 12 13 14 15 18 19 21 24 25 26 30 31 33 34 35 36 37 39 41 44 45 46 49 51 52 54 55 56 57 58 59 60 
11 251        1 3 4 5 8 9 13 14 19 23 25 26 27 28 29 31 32 33 34 35 39 41 42 43 47 49 50 51 52 53 54 59 
12 267        1 3 5 7 8 9 10 15 17 18 19 20 21 23 24 26 27 31 34 36 37 38 40 43 44 49 51 53 54 56 57 58 59 60 
13 464        5 6 7 9 10 11 14 16 17 18 21 23 25 26 27 28 29 30 32 33 35 37 38 40 42 43 45 46 47 49 51 52 53 54 55 57 59 
14 259        1 2 5 6 8 9 10 11 13 15 16 17 18 19 21 23 24 28 30 31 32 34 36 38 40 41 43 44 45 46 47 49 50 52 53 54 55 57 58 59 
15 277        1 3 6 9 10 12 14 20 25 27 30 31 33 34 35 37 40 44 45 46 49 50 51 52 53 55 56 57 59 60 
16 398        3 4 5 7 9 13 14 17 18 20 21 24 26 27 28 30 31 32 33 36 39 40 41 42 51 52 53 55 60 
17 276        2 3 4 5 6 7 12 13 14 16 20 21 22 23 26 27 28 29 32 33 34 36 37 39 40 44 45 46 49 50 54 56 57 59 
18 326        2 3 5 6 10 12 13 14 16 20 25 27 31 32 34 37 39 44 45 49 50 54 55 57 58 59 60 
19 390        1 2 4 5 6 7 8 10 11 12 14 21 25 27 32 33 34 36 39 40 41 42 43 45 46 47 48 49 50 51 52 53 54 55 56 57 58 59 60 
20 260        1 3 4 5 7 12 15 16 17 18 22 25 26 27 29 32 33 34 35 36 38 39 42 45 46 49 50 52 53 54 58 60 
21 350        1 2 7 9 10 12 13 14 16 17 19 23 26 28 29 31 32 33 34 38 41 43 44 45 46 47 49 50 51 52 54 55 56 57 59 60 
22 482        1 2 3 5 6 7 8 9 17 20 24 25 27 29 30 33 34 36 37 38 39 40 41 42 43 44 45 46 47 48 49 50 51 52 54 55 57 59 60 
23 251        1 2 3 5 6 8 11 12 13 14 17 21 24 25 26 27 28 29 31 34 35 36 37 38 40 41 42 43 44 45 48 49 51 57 58 59 60 
24 267        2 3 6 9 10 12 14 16 22 23 25 26 27 30 31 34 35 36 39 40 41 44 45 46 47 48 49 50 52 54 55 56 57 60 
25 430        2 6 7 8 10 11 13 15 18 19 20 22 23 24 26 27 28 29 30 32 33 34 35 36 38 39 40 41 46 47 48 49 53 54 56 57 
26 262        2 3 5 8 9 10 11 12 13 16 17 20 21 23 24 25 28 29 31 32 33 34 38 40 42 44 45 49 50 52 53 54 55 56 57 58 60 
27 308        1 3 5 8 9 11 12 13 15 16 17 18 19 20 22 23 24 25 28 31 32 34 35 36 37 40 41 42 43 44 46 48 50 51 53 55 56 57 60 
28 400        2 3 5 6 7 8 9 11 13 14 16 17 21 23 25 26 27 29 31 32 33 35 36 37 39 40 42 43 45 46 47 49 52 53 54 55 57 59 60 
29 261        1 2 3 5 6 8 9 11 13 17 20 21 22 23 25 26 28 31 34 35 36 38 39 40 41 43 44 45 48 49 50 51 53 54 55 56 57 
30 339        2 4 7 8 10 13 14 15 16 22 24 25 31 35 36 37 39 40 43 44 46 47 48 49 50 52 55 56 58 60 
31 498        4 6 7 8 10 11 12 14 15 16 18 21 23 24 26 27 28 29 30 35 36 37 38 40 42 43 44 45 47 49 50 52 54 56 57 59 
32 250        1 3 4 5 11 13 14 16 17 18 19 20 21 25 26 27 28 33 35 36 39 40 41 43 44 46 48 49 50 54 59 60 
33 252        1 2 3 5 6 7 8 9 10 11 13 15 16 17 19 20 21 22 25 26 28 32 35 36 37 38 40 42 43 45 47 48 49 50 52 54 55 56 58 60 
34 362        3 4 7 8 9 10 11 12 14 15 17 18 19 20 21 22 23 24 25 26 27 29 35 37 38 40 41 42 43 45 46 47 49 50 51 52 53 54 60 
35 288        1 2 3 5 7 8 9 10 11 13 15 20 23 24 25 27 28 29 30 31 32 33 34 36 37 39 40 42 43 44 45 49 50 51 52 54 55 57 58 59 
36 350        1 2 3 4 5 6 9 10 12 14 16 17 19 20 22 23 24 25 27 28 29 30 31 32 33 35 40 41 42 43 44 45 46 47 48 49 50 52 53 54 55 56 59 
37 498        1 2 3 4 5 6 9 10 12 13 15 17 18 22 23 27 28 30 31 33 34 35 39 40 41 42 44 46 47 51 53 55 56 57 58 60 
38 250        1 2 3 4 5 7 12 13 14 20 21 22 23 25 26 29 31 33 34 39 42 44 47 50 51 52 54 55 56 59 
39 252        1 2 5 10 11 16 17 18 19 20 22 24 25 28 29 30 32 35 37 38 40 42 44 45 47 48 49 52 55 56 
40 459        1 3 4 6 7 12 13 14 15 16 17 19 22 23 24 25 26 27 28 29 30 31 32 33 34 35 36 37 39 41 42 43 44 45 46 47 50 52 54 55 56 57 58 59 60 
41 260        1 2 3 5 6 7 9 10 11 14 16 19 21 22 23 24 25 27 29 32 34 36 37 40 42 47 48 51 54 55 56 57 59 60 
42 281        3 4 5 6 7 9 11 13 16 19 20 22 23 26 27 28 31 33 34 35 36 37 38 39 40 41 44 45 46 50 53 55 56 57 58 59 60 
43 401        1 2 4 7 11 12 13 14 19 21 22 23 27 28 29 30 31 32 33 34 35 36 40 45 48 49 50 51 52 54 55 56 60 
44 271        1 2 6 8 9 10 12 14 15 17 18 21 22 23 24 26 27 29 30 31 32 35 36 37 38 39 40 42 46 47 48 50 51 56 58 
45 328        1 2 3 4 8 9 10 13 14 15 17 18 19 20 21 22 23 24 26 28 29 31 33 34 35 36 39 40 42 43 46 47 48 50 51 53 55 60 
46 367        1 2 5 6 10 13 14 15 17 19 20 21 22 24 25 27 28 30 32 34 36 37 40 42 44 45 48 52 53 54 56 58 59 60 
47 288        2 3 4 5 8 9 11 13 14 19 21 22 24 25 28 30 31 33 34 36 37 38 39 40 41 44 45 48 51 52 53 56 58 60 
48 345        1 3 4 9 19 22 23 24 25 27 29 30 32 33 36 39 41 43 44 45 46 47 49 50 52 53 55 56 58 59 
49 352        1 2 4 9 10 11 12 13 14 15 17 18 19 20 21 22 23 24 25 26 28 29 30 31 32 33 34 35 36 39 43 48 50 52 53 56 58 59 
50 279        1 2 3 7 8 9 11 14 15 17 18 19 20 21 22 24 26 27 29 30 31 32 33 34 35 36 38 40 42 43 44 45 48 49 52 55 56 57 58 59 
51 369        1 2 3 4 5 7 9 10 11 12 13 15 16 19 21 22 23 27 29 34 35 37 38 41 43 44 45 47 53 54 55 56 57 58 60 
52 476        1 2 3 4 6 9 10 11 13 14 15 16 19 20 21 22 24 26 28 30 31 33 34 35 36 38 39 40 43 46 47 48 49 50 54 56 59 60 
53 261        1 2 4 5 6 7 8 11 12 13 14 15 16 19 20 25 26 27 28 29 34 36 37 42 45 46 47 48 49 51 57 
54 263        1 3 5 6 7 8 10 11 12 13 14 17 18 19 20 21 22 24 25 26 28 29 31 32 33 34 35 36 38 40 41 43 46 51 52 55 57 58 59 
55 479        2 3 4 5 6 7 9 10 13 14 15 16 18 19 21 22 24 26 27 28 29 30 33 35 36 37 38 39 40 41 42 43 45 48 50 51 54 56 57 59 60 
56 254        1 2 5 7 8 10 12 15 17 19 21 24 25 26 27 29 30 31 33 36 37 38 39 40 41 42 43 44 46 47 48 49 50 51 52 55 58 59 
57 267        4 8 10 12 13 14 15 17 18 19 21 22 23 24 25 26 27 28 29 31 35 37 40 41 42 50 51 53 54 55 59 
58 436        1 2 5 10 12 14 18 19 20 23 26 30 33 35 37 40 42 44 46 47 48 49 50 51 54 56 60 
59 280        2 3 4 7 9 10 11 12 13 14 15 17 18 19 21 22 23 28 31 32 35 36 38 40 41 42 46 48 49 50 52 54 55 56 57 60 
60 284        3 5 6 10 12 15 16 18 19 20 21 22 23 24 26 27 28 30 32 33 34 37 40 41 42 43 45 46 47 51 52 55 58 59 
