60 1000
1 480         2 4 7 11 12 14 15 17 18 23 26 28 30 31 36 39 41 43 45 46 49 55 56 57 
2 256         1 3 4 9 11 13 14 18 19 20 22 25 26 28 32 34 35 38 40 41 47 50 53 54 55 
3 264         2 5 9 13 19 24 29 32 38 44 45 46 47 49 51 57 58 59 60 
4 373         1 2 7 11 12 13 15 16 19 23 24 26 31 32 38 40 43 45 48 57 58 60 
5 297         3 6 8 9 11 16 18 20 28 34 35 36 39 41 43 44 45 47 50 54 55 60 
6 330         5 8 9 12 14 17 20 22 23 28 32 36 41 44 46 48 51 54 56 
7 412         1 4 9 10 17 18 24 25 27 31 32 33 40 42 44 46 47 48 49 51 52 56 
8 281         5 6 10 13 14 16 21 23 24 27 31 33 38 42 43 46 48 49 51 56 60 
9 307         2 3 5 6 7 11 12 16 20 23 25 27 30 31 33 34 36 38 44 45 46 47 48 49 50 51 52 53 54 
10 392        7 8 11 13 14 16 17 18 20 21 22 28 29 30 31 32 35 36 38 39 41 46 49 52 55 58 59 60 
11 286        1 2 4 5 9 10 14 15 18 19 20 21 24 25 28 30 31 33 36 38 39 40 42 43 44 45 47 48 52 54 58 59 
12 322        1 4 6 9 13 14 16 18 23 27 28 32 35 36 38 41 44 45 47 48 50 51 52 54 
13 432        2 3 4 8 10 12 14 17 18 19 22 23 24 27 28 29 31 32 34 36 41 42 43 45 46 49 
14 265        1 2 6 8 10 11 12 13 18 19 20 23 24 27 28 29 33 34 36 37 38 39 40 42 43 44 45 46 49 51 52 56 58 59 
15 303        1 4 11 16 19 22 25 26 32 33 34 35 41 42 44 50 51 52 53 57 58 
16 478        4 5 8 9 10 12 15 23 26 27 34 36 37 38 41 43 46 48 49 52 55 
17 255        1 6 7 10 13 20 21 25 31 36 43 44 45 47 57 59 60 
18 267        1 2 5 7 10 11 12 13 14 19 20 24 26 28 31 43 44 45 47 49 51 52 53 55 59 60 
19 406        2 3 4 11 13 14 15 18 21 28 29 33 35 36 41 42 44 46 47 48 50 51 52 58 60 
20 268        2 5 6 9 10 11 14 17 18 27 33 34 36 38 47 49 54 56 58 59 
21 326        8 10 11 17 19 24 26 31 34 37 38 39 40 47 50 51 53 54 55 56 58 
22 365        2 6 10 13 15 24 26 31 35 36 44 46 50 55 56 60 
23 255        1 4 6 8 9 12 13 14 16 28 29 31 32 33 34 36 40 45 46 52 54 58 
24 380        3 4 7 8 11 13 14 18 21 22 25 26 28 30 34 37 39 45 46 50 51 53 57 
25 407        2 7 9 11 15 17 24 33 35 38 39 48 52 59 
26 279        1 2 4 15 16 18 21 22 24 27 28 31 32 33 36 38 39 42 43 44 46 48 49 54 55 58 59 60 
27 314        7 8 9 12 13 14 16 20 26 33 35 36 37 39 41 44 46 51 52 55 56 58 60 
28 378        1 2 5 6 10 11 12 13 14 18 19 23 24 26 35 40 41 42 43 44 46 49 51 54 56 57 60 
29 293        3 10 13 14 19 23 30 31 34 36 38 39 43 47 49 56 57 
30 329        1 9 10 11 24 29 36 39 42 45 46 47 53 56 57 
31 362        1 4 7 8 9 10 11 13 17 18 21 22 23 26 29 32 34 37 38 45 49 52 53 57 58 59 60 
32 273        2 3 4 6 7 10 12 13 15 23 26 31 33 35 36 37 39 40 41 42 43 45 53 55 56 58 59 
33 365        7 8 9 11 14 15 19 20 23 25 26 27 32 35 36 47 48 52 54 59 60 
34 487        2 5 9 13 14 15 16 20 21 23 24 29 31 35 39 41 42 43 44 45 47 51 57 58 59 
35 252        2 5 10 12 15 19 22 25 27 28 32 33 34 37 39 40 42 46 47 48 49 50 52 59 
36 261        1 5 6 9 10 11 12 13 14 16 17 19 20 22 23 26 27 29 30 32 33 37 38 42 46 47 51 52 53 56 57 58 59 60 
37 422        14 16 21 24 27 31 32 35 36 38 39 40 41 49 50 51 52 56 
38 260        2 3 4 8 9 10 11 12 14 16 20 21 25 26 29 31 36 37 39 40 42 43 44 50 51 57 58 59 
39 318        1 5 10 11 14 21 24 25 26 27 29 30 32 34 35 37 38 46 47 49 50 55 57 
40 410        2 4 7 11 14 21 23 28 32 35 37 38 42 43 47 49 51 53 
41 266        1 2 5 6 10 12 13 15 16 19 27 28 32 34 37 43 44 46 50 51 53 54 55 56 60 
42 324        7 8 11 13 14 15 19 26 28 30 32 34 35 36 38 40 44 45 46 47 49 50 53 60 
43 410        1 4 5 8 11 13 14 16 17 18 26 28 29 32 34 38 40 41 44 47 51 52 56 58 59 
44 263        3 5 6 7 9 11 12 14 15 17 18 19 22 26 27 28 34 38 41 42 43 47 48 50 
45 327        1 3 4 5 9 11 12 13 14 17 18 23 24 30 31 32 34 42 49 51 52 53 56 58 59 60 
46 370        1 3 6 7 8 9 10 13 14 16 19 22 23 24 26 27 28 30 35 36 39 41 42 47 48 50 54 56 58 60 
47 260        2 3 5 7 9 11 12 17 18 19 20 21 29 30 33 34 35 36 39 40 42 43 44 46 48 49 51 55 57 58 60 
48 370        4 6 7 8 9 11 12 16 19 25 26 33 35 44 46 47 49 59 60 
49 454        1 3 7 8 9 10 13 14 16 18 20 26 28 29 31 35 37 39 40 42 45 47 48 50 51 53 54 56 57 59 
50 250        2 5 9 12 15 19 21 22 24 35 37 38 39 41 42 44 46 49 52 55 56 58 59 60 
51 296        3 6 7 8 9 12 14 15 18 19 21 24 27 28 34 36 37 38 40 41 43 45 47 49 52 53 59 60 
52 366        7 9 10 11 12 14 15 16 18 19 23 25 27 31 33 35 36 37 43 45 50 51 54 57 58 
53 281        2 9 15 18 21 24 30 31 32 36 40 41 42 45 49 51 54 56 59 
54 353        2 5 6 9 11 12 20 21 23 26 28 33 41 46 49 52 53 58 59 
55 476        1 2 5 10 16 18 21 22 26 27 32 39 41 47 50 56 58 59 
56 260        1 6 7 8 14 20 21 22 27 28 29 30 32 36 37 41 43 45 46 49 50 53 55 57 
57 264        1 3 4 15 17 24 28 29 30 31 34 36 38 39 47 49 52 56 
58 465        3 4 10 11 14 15 19 20 21 23 26 27 31 32 34 36 38 43 45 46 47 50 52 54 55 59 60 
59 256        3 10 11 14 17 18 20 25 26 31 32 33 34 35 36 38 43 45 48 49 50 51 53 54 55 58 60 
60 279        3 4 5 8 10 17 18 19 22 26 27 28 31 33 36 41 42 45 46 47 48 50 51 58 59 
