60 1000
1 378         5 12 14 22 34 40 46 47 56 
2 275         13 23 24 38 43 49 50 52 56 60 
3 347         10 14 26 39 40 43 60 
4 462         5 8 11 14 17 31 33 35 43 49 51 53 55 60 
5 261         1 4 15 19 24 32 37 39 48 49 50 59 
6 277         11 14 16 17 19 21 25 38 39 40 43 49 51 55 56 
7 429         15 16 24 27 31 36 40 46 58 59 
8 273         4 11 25 33 35 40 42 45 57 
9 298         10 13 23 34 37 40 42 43 45 46 48 52 
10 495        3 9 12 13 17 21 28 29 48 59 
11 250        4 6 8 16 18 20 21 24 27 31 47 51 54 55 59 
12 255        1 10 16 33 35 37 39 42 46 50 52 55 60 
13 371        2 9 10 14 17 19 26 27 28 33 46 47 56 
14 262        1 3 4 6 13 15 20 24 26 30 33 34 36 47 52 56 
15 367        5 7 14 16 19 22 23 26 32 59 
16 391        6 7 11 12 15 19 25 28 29 31 41 45 55 56 
17 293        4 6 10 13 22 24 27 30 39 41 42 44 45 48 51 54 
18 316        11 19 29 37 38 40 44 45 46 48 58 59 
19 493        5 6 13 15 16 18 21 22 27 28 32 34 41 60 
20 252        11 14 21 25 27 30 36 49 52 59 
21 255        6 10 11 19 20 22 29 41 53 56 59 
22 405        1 15 17 19 21 23 29 33 35 39 43 57 
23 250        2 9 15 22 25 26 27 29 30 36 41 44 55 56 58 59 
24 345        2 5 7 11 14 17 25 30 32 33 53 55 57 60 
25 461        6 8 16 20 23 24 26 32 40 44 47 49 55 60 
26 258        3 13 14 15 23 25 30 37 53 57 
27 281        7 11 13 17 19 20 23 31 38 40 45 46 48 52 57 
28 478        10 13 16 19 30 31 41 44 56 
29 257        10 16 18 21 22 23 39 40 42 45 50 54 
30 265        14 17 20 23 24 26 28 52 53 57 
31 354        4 7 11 16 27 28 43 50 54 55 
32 278        5 15 19 24 25 34 47 49 50 51 56 
33 368        4 8 12 13 14 22 24 37 48 51 52 58 
34 451        1 9 14 19 32 41 44 46 53 54 57 60 
35 256        4 8 12 22 41 45 49 50 54 55 
36 293        7 14 20 23 43 45 55 57 59 
37 485        5 9 12 18 26 33 46 58 
38 254        2 6 18 27 44 48 50 60 
39 261        3 5 6 12 17 22 29 41 48 49 55 57 58 
40 477        1 3 6 7 8 9 18 25 27 29 42 49 58 
41 258        16 17 19 21 23 28 34 35 39 49 52 53 55 57 58 
42 265        8 9 12 17 29 40 55 
43 369        2 3 4 6 9 22 31 36 48 51 54 58 
44 270        17 18 23 25 28 34 38 45 47 57 58 
45 361        8 9 16 17 18 27 29 35 36 44 46 50 54 
46 375        1 7 9 12 13 18 27 34 37 45 48 54 55 
47 268        1 11 13 14 25 32 44 56 57 59 
48 357        5 9 10 17 18 27 33 38 39 43 46 52 55 56 
49 414        2 4 5 6 20 25 32 35 39 40 41 51 
50 254        2 5 12 29 31 32 35 38 45 55 
51 332        4 6 11 17 32 33 43 49 52 59 60 
52 459        2 9 12 14 20 27 30 33 41 48 51 
53 263        4 21 24 26 30 34 41 54 
54 278        11 17 29 31 34 35 43 45 46 53 58 
55 456        4 6 11 12 16 23 24 25 31 35 36 39 41 42 46 48 50 
56 263        1 2 6 13 14 16 21 23 28 32 47 48 58 60 
57 281        8 22 24 26 27 30 34 36 39 41 44 47 60 
58 426        7 18 23 33 37 39 40 41 43 44 54 56 
59 277        5 7 10 11 15 18 20 21 23 36 47 51 
60 297        2 3 4 12 19 24 25 34 38 51 56 57 
