60 1000
1 366         3 4 5 6 7 8 9 10 11 12 13 14 15 16 17 18 19 20 21 22 23 24 25 26 27 28 29 30 31 32 33 34 36 37 38 39 40 41 42 43 44 45 46 47 48 49 51 52 53 54 55 56 57 58 59 
2 268         3 4 6 7 9 10 11 12 13 14 15 16 17 18 19 21 22 23 24 25 26 27 28 29 30 31 32 33 34 35 36 37 38 39 40 41 42 43 44 45 46 47 48 49 50 51 53 54 55 56 57 58 59 60 
3 366         1 2 4 5 6 7 8 9 10 11 12 13 14 15 16 17 18 19 20 21 22 23 24 25 26 27 28 29 30 31 33 34 35 36 37 38 39 40 41 43 44 46 47 48 49 50 51 52 53 54 55 56 57 59 60 
4 430         1 2 3 5 6 7 8 9 10 11 12 13 15 16 17 18 19 20 21 22 23 24 25 27 28 29 30 31 32 33 35 36 37 38 39 40 42 43 44 46 47 49 50 51 52 53 54 55 58 60 
5 263         1 3 4 6 8 9 10 11 12 14 17 18 19 21 23 24 25 26 28 29 30 31 32 33 34 35 37 38 39 40 41 42 43 44 45 46 47 48 49 50 51 52 53 54 55 56 57 58 59 60 
6 307         1 2 3 4 5 7 8 9 10 11 13 14 15 16 17 18 19 20 21 23 24 25 26 27 28 29 31 32 33 34 36 38 40 41 42 43 44 45 46 47 48 49 50 51 52 53 55 56 57 58 59 
7 414         1 2 3 4 6 8 9 10 11 12 13 14 15 16 17 18 19 20 21 22 23 24 25 26 27 28 29 30 32 33 34 35 36 37 38 39 40 41 42 43 44 45 46 47 48 49 51 54 55 56 57 58 59 60 
8 287         1 3 4 5 6 7 10 11 12 13 14 15 16 17 18 19 20 21 22 23 24 25 26 27 28 29 30 31 32 33 34 35 36 37 38 39 40 41 43 44 46 47 48 49 50 51 53 54 56 57 58 59 60 
9 299         1 2 3 4 5 6 7 10 11 12 13 14 15 16 17 18 20 21 22 23 24 25 26 27 28 29 30 31 32 33 34 35 36 37 38 39 40 41 42 44 45 46 47 48 49 50 51 52 53 54 56 57 58 59 60 
10 495        1 2 3 4 5 6 7 8 9 11 13 14 15 16 17 18 19 20 21 22 23 24 25 26 27 28 29 30 31 32 35 36 37 38 39 40 41 43 44 45 46 47 48 49 50 51 52 53 54 55 56 57 58 59 60 
11 251        1 2 3 4 5 6 7 8 9 10 12 13 14 15 16 17 18 19 21 22 23 25 26 28 29 31 32 34 35 36 38 39 41 42 43 44 45 46 47 48 49 50 51 52 53 54 55 56 57 58 59 60 
12 254        1 2 3 4 5 7 8 9 11 13 14 15 16 18 19 20 21 22 23 24 25 26 27 28 29 30 31 32 33 34 35 36 37 38 39 40 41 42 43 44 45 46 47 48 49 50 52 53 54 55 57 58 59 60 
13 474        1 2 3 4 6 7 8 9 10 11 12 15 16 17 18 19 21 23 24 25 26 27 28 30 31 33 35 36 37 38 40 41 42 43 44 45 46 47 48 50 51 52 53 54 55 56 57 58 59 60 
14 252        1 2 3 5 6 7 8 9 10 11 12 15 17 18 19 20 21 22 23 24 25 26 27 28 31 32 33 36 37 38 39 40 41 42 43 44 45 46 47 48 49 50 51 52 53 54 55 56 57 58 59 60 
15 274        1 2 3 4 6 7 8 9 10 11 12 13 14 16 17 18 19 20 21 22 23 24 25 26 27 28 29 30 31 33 34 35 36 37 38 39 40 41 42 43 44 45 46 47 49 51 52 53 54 55 56 57 58 59 60 
16 370        1 2 3 4 6 7 8 9 10 11 12 13 15 17 18 19 21 22 23 24 25 26 27 28 29 30 31 32 33 34 35 36 37 38 40 41 42 43 44 45 46 47 48 49 50 51 52 53 54 55 56 57 58 59 60 
17 269        1 2 3 4 5 6 7 8 9 10 11 13 14 15 16 18 19 20 21 22 23 24 26 27 28 29 30 31 32 33 34 35 36 37 38 39 40 41 42 43 44 45 46 47 48 49 50 51 52 53 54 56 57 58 59 60 
18 361        1 2 3 4 5 6 7 8 9 10 11 12 13 14 15 16 17 19 20 21 22 23 24 25 26 27 28 29 30 31 32 33 34 35 36 37 38 39 40 41 42 43 44 45 46 47 48 49 50 51 52 53 54 55 56 58 60 
19 473        1 2 3 4 5 6 7 8 10 11 12 13 14 15 16 17 18 21 22 23 24 25 26 27 29 30 32 33 34 35 37 38 39 40 41 42 43 44 45 46 47 48 51 52 54 55 56 58 59 60 
20 252        1 3 4 6 7 8 9 10 12 14 15 17 18 21 22 24 25 26 27 28 29 30 31 32 33 34 35 36 38 40 41 42 43 44 45 46 47 48 49 50 51 52 54 55 56 57 59 60 
21 275        1 2 3 4 5 6 7 8 9 10 11 12 13 14 15 16 17 18 19 20 22 23 24 25 26 27 28 29 30 31 32 33 34 35 36 37 38 39 40 41 42 43 44 46 47 48 49 50 51 52 53 54 55 56 57 58 59 60 
22 472        1 2 3 4 7 8 9 10 11 12 14 15 16 17 18 19 20 21 23 24 26 27 28 29 30 31 32 33 34 35 36 37 38 40 41 42 43 44 45 46 47 48 49 50 51 52 53 54 55 56 57 58 59 60 
23 259        1 2 3 4 5 6 7 8 9 10 11 12 13 14 15 16 17 18 19 21 22 25 26 27 28 29 30 31 32 33 34 36 37 38 39 40 41 42 43 44 45 46 47 48 49 50 51 53 54 55 56 57 58 59 60 
24 269        1 2 3 4 5 6 7 8 9 10 12 13 14 15 16 17 18 19 20 21 22 25 26 27 28 29 30 31 32 33 34 35 36 37 38 39 40 41 42 44 45 46 47 48 49 51 52 53 54 55 56 57 58 59 60 
25 444        1 2 3 4 5 6 7 8 9 10 11 12 13 14 15 16 18 19 20 21 23 24 26 27 28 29 30 32 33 34 35 36 37 39 40 41 42 43 45 46 47 48 49 50 51 52 53 54 56 57 58 59 60 
26 258        1 2 3 5 6 7 8 9 10 11 12 13 14 15 16 17 18 19 20 21 22 23 24 25 27 28 29 30 31 32 33 35 36 38 39 40 41 42 43 44 45 46 47 48 49 50 51 52 53 54 55 56 57 58 59 60 
27 298        1 2 3 4 6 7 8 9 10 12 13 14 15 16 17 18 19 20 21 22 23 24 25 26 28 32 33 34 35 36 37 38 39 40 41 42 43 44 45 46 47 48 49 50 51 52 53 54 56 58 59 60 
28 439        1 2 3 4 5 6 7 8 9 10 11 12 13 14 15 16 17 18 20 21 22 23 24 25 26 27 29 30 31 32 33 34 35 36 37 38 39 40 41 43 44 45 46 47 48 49 51 52 53 54 55 56 57 58 59 60 
29 273        1 2 3 4 5 6 7 8 9 10 11 12 15 16 17 18 19 20 21 22 23 24 25 26 28 31 32 33 34 35 36 37 38 39 40 41 42 43 44 45 46 47 49 50 51 53 54 55 56 57 58 59 60 
30 288        1 2 3 4 5 7 8 9 10 12 13 15 16 17 18 19 20 21 22 23 24 25 26 28 31 32 33 34 35 36 38 39 40 42 43 44 45 46 47 48 49 50 51 52 53 54 56 58 59 60 
31 445        1 2 3 4 5 6 8 9 10 11 12 13 14 15 16 17 18 20 21 22 23 24 26 28 29 30 32 33 34 36 37 39 40 41 42 43 46 47 48 50 51 52 53 55 56 57 58 59 60 
32 272        1 2 4 5 6 7 8 9 10 11 12 14 16 17 18 19 20 21 22 23 24 25 26 27 28 29 30 31 33 35 36 37 38 39 40 41 42 43 44 45 46 47 48 49 50 51 52 53 55 57 58 59 60 
33 283        1 2 3 4 5 6 7 8 9 12 13 14 15 16 17 18 19 20 21 22 23 24 25 26 27 28 29 30 31 32 34 35 36 37 38 39 40 41 42 43 44 45 46 48 50 51 52 53 54 55 56 57 58 59 60 
34 419        1 2 3 5 6 7 8 9 11 12 15 16 17 18 19 20 21 22 23 24 25 27 28 29 30 31 33 35 36 37 38 39 40 42 43 44 45 46 47 48 49 50 51 53 54 55 57 58 59 60 
35 261        2 3 4 5 7 8 9 10 11 12 13 15 16 17 18 19 20 21 22 24 25 26 27 28 29 30 32 33 34 36 37 38 39 40 41 42 43 44 45 46 47 48 49 51 52 53 54 55 57 58 59 60 
36 320        1 2 3 4 6 7 8 9 10 11 12 13 14 15 16 17 18 20 21 22 23 24 25 26 27 28 29 30 31 32 33 34 35 37 38 39 40 41 42 46 47 48 49 50 51 52 53 54 55 56 58 59 60 
37 363        1 2 3 4 5 7 8 9 10 12 13 14 15 16 17 18 19 21 22 23 24 25 27 28 29 31 32 33 34 35 36 38 39 40 41 42 44 45 46 47 48 50 51 52 53 54 55 56 57 58 59 60 
38 271        1 2 3 4 5 6 7 8 9 10 11 12 13 14 15 16 17 18 19 20 21 22 23 24 26 27 28 29 30 32 33 34 35 36 37 39 40 41 42 43 44 45 46 47 48 49 51 52 53 54 55 56 57 58 59 60 
39 366        1 2 3 4 5 7 8 9 10 11 12 14 15 17 18 19 21 23 24 25 26 27 28 29 30 31 32 33 34 35 36 37 38 40 41 43 44 46 47 48 49 50 51 52 54 55 56 57 58 59 60 
40 355        1 2 3 4 5 6 7 8 9 10 12 13 14 15 16 17 18 19 20 21 22 23 24 25 26 27 28 29 30 31 32 33 34 35 36 37 38 39 41 43 44 45 46 48 49 50 51 52 53 54 55 56 58 59 60 
41 273        1 2 3 5 6 7 8 9 10 11 12 13 14 15 16 17 18 19 20 21 22 23 24 25 26 27 28 29 31 32 33 35 36 37 38 39 40 42 43 44 45 46 47 48 49 50 51 52 53 54 55 56 57 58 60 
42 372        1 2 4 5 6 7 9 11 12 13 14 15 16 17 18 19 20 21 22 23 24 25 26 27 29 30 31 32 33 34 35 36 37 38 41 43 44 45 46 48 49 50 51 52 54 55 56 57 58 59 60 
43 466        1 2 3 4 5 6 7 8 10 11 12 13 14 15 16 17 18 19 20 21 22 23 25 26 27 28 29 30 31 32 33 34 35 38 39 40 41 42 44 45 46 48 49 52 53 56 57 58 59 60 
44 262        1 2 3 4 5 6 7 8 9 10 11 12 13 14 15 16 17 18 19 20 21 22 23 24 26 27 28 29 30 32 33 34 35 37 38 39 40 41 42 43 45 46 48 49 50 51 52 53 54 55 56 57 59 60 
45 272        1 2 5 6 7 9 10 11 12 13 14 15 16 17 18 19 20 22 23 24 25 26 27 28 29 30 32 33 34 35 37 38 40 41 42 43 44 46 47 48 49 50 51 52 53 54 55 56 57 58 59 60 
46 357        1 2 3 4 5 6 7 8 9 10 11 12 13 14 15 16 17 18 19 20 21 22 23 24 25 26 27 28 29 30 31 32 33 34 35 36 37 38 39 40 41 42 43 44 45 47 48 49 51 52 53 54 55 56 57 58 60 
47 292        1 2 3 4 5 6 7 8 9 10 11 12 13 14 15 16 17 18 19 20 21 22 23 24 25 26 27 28 29 30 31 32 34 35 36 37 38 39 41 45 46 48 49 50 51 52 53 55 56 57 58 59 60 
48 351        1 2 3 5 6 7 8 9 10 11 12 13 14 16 17 18 19 20 21 22 23 24 25 26 27 28 30 31 32 33 34 35 36 37 38 39 40 41 42 43 44 45 46 47 49 50 51 52 53 54 55 57 58 59 60 
49 395        1 2 3 4 5 6 7 8 9 10 11 12 14 15 16 17 18 20 21 22 23 24 25 26 27 28 29 30 32 34 35 36 38 39 40 41 42 43 44 45 46 47 48 50 51 52 54 55 56 57 58 59 
50 255        2 3 4 5 6 8 9 10 11 12 13 14 16 17 18 20 21 22 23 25 26 27 29 30 31 32 33 34 36 37 39 40 41 42 44 45 47 48 49 51 52 53 54 55 56 57 58 59 
51 350        1 2 3 4 5 6 7 8 9 10 11 13 14 15 16 17 18 19 20 21 22 23 24 25 26 27 28 29 30 31 32 33 34 35 36 37 38 39 40 41 42 44 45 46 47 48 49 50 52 53 54 55 56 57 58 59 60 
52 350        1 3 4 5 6 9 10 11 12 13 14 15 16 17 18 19 20 21 22 24 25 26 27 28 30 31 32 33 35 36 37 38 39 40 41 42 43 44 45 46 47 48 49 50 51 54 56 57 58 59 60 
53 303        1 2 3 4 5 6 8 9 10 11 12 13 14 15 16 17 18 21 22 23 24 25 26 27 28 29 30 31 32 33 34 35 36 37 38 40 41 43 44 45 46 47 48 50 51 54 56 57 58 59 60 
54 347        1 2 3 4 5 7 8 9 10 11 12 13 14 15 16 17 18 19 20 21 22 23 24 25 26 27 28 29 30 33 34 35 36 37 38 39 40 41 42 44 45 46 48 49 50 51 52 53 55 56 57 58 59 60 
55 450        1 2 3 4 5 6 7 10 11 12 13 14 15 16 18 19 20 21 22 23 24 26 28 29 31 32 33 34 35 36 37 38 39 40 41 42 44 45 46 47 48 49 50 51 54 56 57 58 60 
56 252        1 2 3 5 6 7 8 9 10 11 13 14 15 16 17 18 19 20 21 22 23 24 25 26 27 28 29 30 31 33 36 37 38 39 40 41 42 43 44 45 46 47 49 50 51 52 53 54 55 57 58 59 60 
57 298        1 2 3 5 6 7 8 9 10 11 12 13 14 15 16 17 20 21 22 23 24 25 26 28 29 31 32 33 34 35 37 38 39 41 42 43 44 45 46 47 48 49 50 51 52 53 54 55 56 58 59 
58 410        1 2 4 5 6 7 8 9 10 11 12 13 14 15 16 17 18 19 21 22 23 24 25 26 27 28 29 30 31 32 33 34 35 36 37 38 39 40 41 42 43 45 46 47 48 49 50 51 52 53 54 55 56 57 59 60 
59 275        1 2 3 5 6 7 8 9 10 11 12 13 14 15 16 17 19 20 21 22 23 24 25 26 27 28 29 30 31 32 33 34 35 36 37 38 39 40 42 43 44 45 47 48 49 50 51 52 53 54 56 57 58 60 
60 315        2 3 4 5 7 8 9 10 11 12 13 14 15 16 17 18 19 20 21 22 23 24 25 26 27 28 29 30 31 32 33 34 35 36 37 38 39 40 41 42 43 44 45 46 47 48 51 52 53 54 55 56 58 59 
