60 1000
1 485         5 8 14 18 19 20 24 26 30 40 45 47 49 56 57 60 
2 256         3 6 8 18 23 27 31 33 36 39 40 43 44 46 48 49 50 52 53 57 58 
3 259         2 6 8 11 12 15 16 17 19 21 23 26 27 28 32 33 34 36 37 38 40 43 44 45 47 49 50 51 56 58 
4 491         6 7 8 9 11 12 15 17 19 20 21 23 28 34 36 41 43 45 46 47 50 52 55 58 
5 251         1 8 13 14 15 16 21 22 24 25 26 29 30 31 33 34 36 37 41 42 44 45 46 48 49 52 55 59 
6 258         2 3 4 7 8 9 10 11 13 14 16 17 20 21 23 24 27 28 29 31 37 39 41 43 48 52 53 54 57 
7 353         4 6 8 9 11 13 15 16 18 19 21 25 27 29 31 35 36 38 42 43 47 49 51 52 53 57 
8 312         1 2 3 4 5 6 7 10 11 12 13 15 23 26 27 28 29 32 35 39 41 45 47 48 49 55 
9 335         4 6 7 12 14 15 17 18 21 22 23 28 29 31 32 33 34 36 39 45 48 57 58 60 
10 498        6 8 12 15 22 26 30 31 34 35 36 38 42 45 52 53 54 57 58 59 
11 250        3 4 6 7 8 12 15 28 29 31 38 40 42 49 50 51 53 55 57 59 60 
12 252        3 4 8 9 10 11 14 15 20 21 23 24 25 28 30 36 40 41 42 43 46 47 58 60 
13 361        5 6 7 8 15 16 18 23 25 26 27 28 30 35 36 38 41 42 45 47 48 53 54 59 
14 293        1 5 6 9 12 19 20 23 25 33 35 37 40 41 48 49 50 51 52 54 57 59 60 
15 346        3 4 5 7 8 9 10 11 12 13 16 23 24 27 32 34 38 41 43 46 49 50 52 55 56 58 59 
16 378        3 5 6 7 13 15 18 24 25 26 30 35 40 41 44 50 52 55 56 57 58 59 60 
17 252        3 4 6 9 22 26 27 29 30 38 42 46 47 51 53 59 60 
18 370        1 2 7 9 13 16 23 25 26 29 36 38 44 46 50 53 54 56 60 
19 451        1 3 4 7 14 20 21 23 25 26 35 36 38 39 41 42 46 48 50 52 54 55 57 58 60 
20 256        1 4 6 12 14 19 23 24 29 30 32 33 41 49 51 54 55 56 58 
21 293        3 4 5 6 7 9 12 19 22 24 28 29 31 33 34 35 37 43 45 46 50 53 54 56 58 59 
22 439        5 9 10 17 21 25 30 34 35 36 42 44 47 51 52 56 58 
23 269        2 3 4 6 8 9 12 13 14 15 18 19 20 27 29 33 34 44 45 46 47 49 50 56 57 58 59 
24 292        1 5 6 12 15 16 20 21 28 29 31 32 34 35 36 37 38 39 40 42 44 46 47 50 56 
25 453        5 7 12 13 14 16 18 19 22 27 28 30 32 39 40 41 43 45 47 53 54 57 58 59 60 
26 263        1 3 5 8 10 13 16 17 18 19 29 30 32 35 38 40 42 43 47 49 50 51 55 57 59 
27 284        2 3 6 7 8 13 15 17 23 25 28 29 31 33 35 36 41 43 46 49 54 56 
28 398        3 4 6 8 9 11 12 13 21 24 25 27 31 35 36 40 43 45 46 47 48 51 54 57 58 59 60 
29 259        5 6 7 8 9 11 17 18 20 21 23 24 26 27 35 38 41 42 43 49 50 54 57 59 
30 343        1 5 10 12 13 16 17 20 22 25 26 32 38 40 41 43 44 45 52 55 57 60 
31 391        2 5 6 7 9 10 11 21 24 27 28 32 33 34 35 38 39 43 45 49 53 55 56 58 60 
32 255        3 8 9 15 20 24 25 26 30 31 33 37 39 41 43 44 49 51 55 60 
33 354        2 3 5 9 14 20 21 23 27 31 32 35 38 42 43 44 46 48 49 51 59 60 
34 462        3 4 5 9 10 15 21 22 23 24 31 36 37 39 42 44 50 52 53 56 58 59 
35 252        7 8 10 13 14 16 19 21 22 24 26 27 28 29 31 33 37 39 40 42 46 47 50 51 54 56 57 60 
36 286        2 3 4 5 7 9 10 12 13 18 19 22 24 27 28 34 37 39 43 44 46 49 52 53 57 59 60 
37 363        3 5 6 14 21 24 32 34 35 36 39 40 41 44 51 52 53 55 56 
38 254        3 7 10 11 13 15 17 18 19 24 26 29 30 31 33 39 41 44 45 47 51 54 55 57 
39 383        2 6 8 9 19 24 25 31 32 34 35 36 37 38 40 41 42 48 49 51 52 55 
40 381        1 2 3 11 12 14 16 24 25 26 28 30 35 37 39 42 46 48 55 58 59 60 
41 278        4 5 6 8 12 13 14 15 16 19 20 25 27 29 30 32 37 38 39 47 48 49 51 52 53 56 57 58 
42 341        5 7 10 11 12 13 17 19 22 24 26 29 33 34 35 39 40 43 44 51 52 53 55 56 58 
43 454        2 3 4 6 7 12 15 21 25 26 27 28 29 30 31 32 33 36 42 44 45 46 50 51 52 54 60 
44 251        2 3 5 16 18 22 23 24 30 32 33 34 36 37 38 42 43 46 48 49 52 53 54 55 
45 295        1 3 4 5 8 9 10 13 21 23 25 28 30 31 38 43 47 48 50 51 53 54 56 57 59 
46 356        2 4 5 12 15 17 18 19 21 23 24 27 28 33 35 36 40 43 44 47 48 58 
47 283        1 3 4 7 8 12 13 17 22 23 24 25 26 28 35 38 41 45 46 50 52 53 55 57 59 60 
48 361        2 5 6 8 9 13 14 19 28 33 39 40 41 44 45 46 49 51 55 58 59 
49 453        1 2 3 5 7 8 11 14 15 20 23 26 27 29 31 32 33 36 39 41 44 48 52 56 58 59 60 
50 272        2 3 4 11 14 15 16 18 19 21 23 24 26 29 34 35 43 45 47 52 59 
51 275        3 7 11 14 17 20 22 26 28 32 33 35 37 38 39 41 42 43 45 48 57 59 
52 357        2 4 5 6 7 10 14 15 16 19 22 30 34 36 37 39 41 42 43 44 47 49 50 53 60 
53 275        2 6 7 10 11 13 17 18 21 25 31 34 36 37 41 42 44 45 47 52 56 58 60 
54 368        6 10 13 14 18 19 20 21 25 27 28 29 35 38 43 44 45 55 57 60 
55 468        4 5 8 11 15 16 19 20 26 30 31 32 37 38 39 40 42 44 47 48 54 56 
56 250        1 3 15 16 18 20 21 22 23 24 27 31 34 35 37 41 42 45 49 53 55 59 
57 282        1 2 6 7 9 10 11 14 16 19 23 25 26 28 29 30 35 36 38 41 45 47 51 54 
58 352        2 3 4 9 10 12 15 16 19 20 21 22 23 25 28 31 34 40 41 42 46 48 49 53 60 
59 280        5 10 11 13 14 15 16 17 21 23 25 26 28 29 33 34 36 40 45 47 48 49 50 51 56 
60 368        1 9 11 12 14 16 17 18 19 25 28 30 31 32 33 35 36 40 43 47 49 52 53 54 58 
