60 1000
1 485         5 7 8 9 10 11 13 14 15 16 18 19 20 22 24 25 26 27 30 31 32 33 34 37 38 39 40 41 43 45 48 50 52 53 54 58 59 60 
2 256         3 5 6 7 9 11 12 14 15 17 19 20 21 25 27 28 29 30 31 33 34 35 36 37 38 42 43 44 45 46 49 50 51 53 54 55 56 57 59 
3 259         2 4 5 6 7 8 10 11 13 16 19 25 26 27 28 29 32 34 35 37 38 39 40 41 44 45 46 49 53 55 56 57 58 
4 491         3 8 9 10 14 15 16 17 18 19 20 21 23 24 25 26 27 29 30 31 32 33 36 37 38 39 41 42 43 46 47 50 52 54 57 60 
5 251         1 2 3 7 8 10 11 12 13 14 15 16 17 18 19 21 22 25 26 30 35 36 38 40 44 46 48 49 51 53 55 56 57 58 59 
6 258         2 3 7 8 14 15 17 20 24 26 27 29 30 31 32 33 34 35 38 41 42 44 46 47 52 53 54 56 
7 353         1 2 3 5 6 8 10 11 12 13 14 15 16 17 20 21 23 27 29 30 31 32 33 36 37 38 40 41 44 46 47 48 49 50 51 53 54 56 57 60 
8 312         1 3 4 5 6 7 10 11 12 14 15 16 17 18 19 21 22 23 25 26 28 29 31 32 35 36 37 40 41 43 46 47 49 50 51 53 54 55 56 57 58 60 
9 335         1 2 4 10 13 14 15 18 19 21 23 25 26 29 30 32 34 35 36 38 39 40 42 44 45 46 48 50 51 53 55 58 59 60 
10 498        1 3 4 5 7 8 9 12 14 15 16 17 19 20 23 24 25 26 31 34 36 37 38 39 42 43 44 45 46 47 48 49 50 52 53 55 57 58 59 
11 250        1 2 3 5 7 8 13 15 16 17 21 22 24 28 29 30 31 32 33 34 35 36 37 38 40 41 42 44 45 46 47 50 51 52 54 55 57 58 59 
12 252        2 5 7 8 10 15 16 17 18 23 24 25 28 30 31 32 33 34 35 38 39 40 41 43 44 45 46 47 48 51 52 53 54 55 56 57 60 
13 361        1 3 5 7 9 11 15 16 17 19 20 21 24 25 27 28 30 33 34 35 36 37 38 39 41 42 43 44 46 48 51 52 54 55 57 58 59 60 
14 293        1 2 4 5 6 7 8 9 10 16 17 18 19 20 26 27 31 32 33 34 35 36 39 40 41 42 44 45 47 52 54 55 56 57 59 60 
15 346        1 2 4 5 6 7 8 9 10 11 12 13 16 18 20 22 24 26 27 28 31 35 37 39 40 41 45 46 49 50 51 53 55 57 59 
16 378        1 3 4 5 7 8 10 11 12 13 14 15 18 19 21 23 24 26 29 31 32 35 37 40 41 42 43 47 48 49 50 52 55 57 58 59 
17 252        2 4 5 6 7 8 10 11 12 13 14 18 19 20 21 22 23 24 26 27 28 30 32 35 36 37 39 40 41 44 45 46 49 50 53 54 56 57 58 60 
18 370        1 4 5 8 9 12 14 15 16 17 20 21 22 24 28 29 30 31 32 34 35 37 39 41 45 46 49 50 52 54 55 56 57 58 59 60 
19 451        1 2 3 4 5 8 9 10 13 14 16 17 21 22 24 25 26 30 31 32 34 38 39 40 43 44 45 46 47 48 50 52 53 54 55 
20 256        1 2 4 6 7 10 13 14 15 17 18 21 23 25 26 27 28 30 31 34 35 37 40 41 42 45 48 54 55 56 58 60 
21 293        2 4 5 7 8 9 11 13 16 17 18 19 20 23 24 25 27 32 34 39 40 41 42 43 44 47 48 49 51 56 57 58 59 
22 439        1 5 8 11 15 17 18 19 23 24 25 26 27 28 33 34 35 38 40 42 49 50 53 54 56 57 60 
23 269        4 7 8 9 10 12 16 17 20 21 22 26 27 29 34 35 36 38 39 41 42 44 46 47 49 51 53 55 57 58 59 60 
24 292        1 4 6 10 11 12 13 15 16 17 18 19 21 22 26 27 29 30 31 32 34 36 40 41 42 43 45 46 47 49 51 54 55 56 57 60 
25 453        1 2 3 4 5 8 9 10 12 13 19 20 21 22 27 29 31 33 35 36 40 42 44 45 46 47 48 49 50 56 58 59 60 
26 263        1 3 4 5 6 8 9 10 14 15 16 17 19 20 22 23 24 27 28 30 35 36 38 40 41 44 45 46 47 48 49 51 52 53 55 56 58 59 60 
27 284        1 2 3 4 6 7 13 14 15 17 20 21 22 23 24 25 26 28 31 33 34 37 38 39 40 41 42 43 44 46 47 48 49 50 52 54 57 59 
28 398        2 3 8 11 12 13 15 17 18 20 22 26 27 31 32 34 36 37 38 41 42 43 44 45 46 47 49 50 53 54 55 58 59 
29 259        2 3 4 6 7 8 9 11 16 18 23 24 25 30 31 33 37 39 40 41 42 43 44 45 46 47 48 49 51 52 54 56 60 
30 343        1 2 4 5 6 7 9 11 12 13 17 18 19 20 24 26 29 31 32 35 36 37 38 41 42 43 44 46 47 48 50 55 56 57 59 
31 391        1 2 4 6 7 8 10 11 12 14 15 16 18 19 20 24 25 27 28 29 30 35 39 41 45 46 47 48 51 52 53 56 57 58 59 
32 255        1 3 4 6 7 8 9 11 12 14 16 17 18 19 21 24 28 30 33 36 37 38 40 41 42 46 48 49 50 51 53 54 55 59 
33 354        1 2 4 6 7 11 12 13 14 22 25 27 29 32 34 35 36 37 40 41 45 47 49 50 51 52 54 55 56 57 58 59 
34 462        1 2 3 6 9 10 11 12 13 14 18 19 20 21 22 23 24 27 28 33 35 39 41 43 44 45 47 49 50 52 53 55 56 58 60 
35 252        2 3 5 6 8 9 11 12 13 14 15 16 17 18 20 22 23 25 26 30 31 33 34 36 37 39 40 41 43 44 45 46 48 49 51 56 58 59 
36 286        2 4 5 7 8 9 10 11 13 14 17 23 24 25 26 28 30 32 33 35 37 38 39 40 41 42 43 44 49 50 51 52 54 55 56 58 59 60 
37 363        1 2 3 4 7 8 10 11 13 15 16 17 18 20 27 28 29 30 32 33 35 36 38 39 40 41 42 47 48 49 53 54 56 57 59 
38 254        1 2 3 4 5 6 7 9 10 11 12 13 19 22 23 26 27 28 30 32 36 37 40 41 42 45 46 50 51 55 56 57 59 
39 383        1 3 4 9 10 12 13 14 15 17 18 19 21 23 27 29 31 34 35 36 37 40 44 45 46 49 50 53 54 55 
40 381        1 3 5 7 8 9 11 12 14 15 16 17 19 20 21 22 24 25 26 27 29 32 33 35 36 37 38 39 41 44 45 47 48 49 50 51 54 56 57 58 59 
41 278        1 3 4 6 7 8 11 12 13 14 15 16 17 18 20 21 23 24 26 27 28 29 30 31 32 33 34 35 36 37 38 40 43 44 46 47 48 49 50 51 52 53 55 58 59 
42 341        2 4 6 9 10 11 13 14 16 20 21 22 23 24 25 27 28 29 30 32 36 37 38 46 48 49 50 52 54 56 58 60 
43 454        1 2 4 8 10 12 13 16 19 21 24 27 28 29 30 34 35 36 41 44 45 46 47 48 49 50 52 53 54 55 56 57 60 
44 251        2 3 5 6 7 9 10 11 12 13 14 17 19 21 23 25 26 27 28 29 30 34 35 36 39 40 41 43 45 47 48 49 50 51 52 55 56 57 
45 295        1 2 3 9 10 11 12 14 15 17 18 19 20 24 25 26 28 29 31 33 34 35 38 39 40 43 44 47 48 49 50 51 52 53 54 55 57 58 60 
46 356        2 3 4 5 6 7 8 9 10 11 12 13 15 17 18 19 23 24 25 26 27 28 29 30 31 32 35 38 39 41 42 43 47 51 52 54 55 59 
47 283        4 6 7 8 10 11 12 14 16 19 21 23 24 25 26 27 28 29 30 31 33 34 37 40 41 43 44 45 46 48 49 54 55 56 57 59 60 
48 361        1 5 7 9 10 12 13 16 19 20 21 25 26 27 29 30 31 32 35 37 40 41 42 43 44 45 47 49 52 53 54 55 59 
49 453        2 3 5 7 8 10 15 16 17 18 21 22 23 24 25 26 27 28 29 32 33 34 35 36 37 39 40 41 42 43 44 45 47 48 50 51 55 56 57 58 59 
50 272        1 2 4 7 8 9 10 11 15 16 17 18 19 22 25 27 28 30 32 33 34 36 38 39 40 41 42 43 44 45 49 51 52 53 54 55 56 
51 275        2 5 7 8 9 11 12 13 15 21 23 24 26 29 31 32 33 35 36 38 40 41 44 45 46 49 50 52 53 57 
52 357        1 4 6 10 11 12 13 14 16 18 19 26 27 29 31 33 34 36 41 42 43 44 45 46 48 50 51 53 54 
53 275        1 2 3 5 6 7 8 9 10 12 15 17 19 22 23 26 28 31 32 34 37 39 41 43 45 48 50 51 52 55 58 59 
54 368        1 2 4 6 7 8 11 12 13 14 17 18 19 20 22 24 27 28 29 32 33 36 37 39 40 42 43 45 46 47 48 50 52 55 57 58 59 60 
55 468        2 3 5 8 9 10 11 12 13 14 15 16 18 19 20 23 24 26 28 30 32 33 34 36 38 39 41 43 44 45 46 47 48 49 50 53 54 57 58 59 
56 250        2 3 5 6 7 8 12 14 17 18 20 21 22 24 25 26 29 30 31 33 34 35 36 37 38 40 42 43 44 47 49 50 57 58 59 
57 282        2 3 4 5 7 8 10 11 12 13 14 15 16 17 18 21 22 23 24 27 30 31 33 37 38 40 43 44 45 47 49 51 54 55 56 59 
58 352        1 3 5 8 9 10 11 13 16 17 18 20 21 23 25 26 28 31 33 34 35 36 40 41 42 45 49 53 54 55 56 60 
59 280        1 2 5 9 10 11 13 14 15 16 18 21 23 25 26 27 28 30 31 32 33 35 36 37 38 40 41 46 47 48 49 53 54 55 56 57 
60 368        1 4 7 8 9 12 13 14 17 18 20 22 23 24 25 26 29 34 36 42 43 45 47 54 58 
