60 1000
1 403         2 3 5 9 13 17 24 30 31 34 35 39 40 41 43 46 47 48 53 56 57 59 60 
2 287         1 4 11 13 16 17 21 24 25 27 31 33 34 35 39 40 44 46 47 55 
3 310         1 4 9 11 32 33 34 40 44 45 51 53 59 
4 427         2 3 14 16 20 21 22 24 30 31 32 35 48 50 53 58 
5 281         1 6 10 13 15 16 17 21 22 26 28 32 37 41 45 47 49 52 53 54 55 57 
6 292         5 9 10 19 22 23 24 28 30 31 35 40 51 54 56 57 
7 451         8 9 11 14 17 18 20 22 30 34 39 45 47 51 53 55 56 57 58 
8 265         7 11 12 16 17 19 22 24 25 28 36 46 48 49 51 58 60 
9 284         1 3 6 7 13 15 17 22 24 31 38 39 40 44 45 48 49 50 51 55 56 58 59 
10 450        5 6 13 14 15 22 24 30 34 35 36 39 40 41 47 48 49 53 54 57 59 
11 250        2 3 7 8 12 16 18 21 23 26 29 31 36 45 51 52 56 58 
12 300        8 11 13 14 15 16 20 27 29 31 33 40 45 50 54 60 
13 400        1 2 5 9 10 12 26 31 33 37 39 41 43 49 51 
14 278        4 7 10 12 21 22 31 33 40 41 45 57 
15 322        5 9 10 12 18 20 24 26 31 32 34 35 37 41 42 46 50 
16 374        2 4 5 8 11 12 18 24 28 30 31 39 44 45 46 50 57 
17 261        1 2 5 7 8 9 19 21 22 24 26 29 34 42 43 49 50 54 60 
18 365        7 11 15 16 19 22 23 24 25 28 31 33 34 37 38 40 45 48 49 51 56 60 
19 380        6 8 17 18 21 23 24 25 30 32 34 41 45 48 49 51 55 57 58 59 
20 276        4 7 12 15 33 34 35 43 44 52 53 56 59 60 
21 344        2 4 5 11 14 17 19 32 34 35 37 38 42 45 48 49 50 53 54 55 60 
22 464        4 5 6 7 8 9 10 14 17 18 23 24 25 26 27 29 32 33 46 47 49 50 51 54 55 57 
23 252        6 11 18 19 22 24 31 33 42 44 49 
24 284        1 2 4 6 8 9 10 15 16 17 18 19 22 23 25 26 29 30 46 52 54 56 58 
25 394        2 8 18 19 22 24 26 27 29 33 34 38 39 42 44 45 48 50 54 55 58 
26 269        5 11 13 15 17 22 24 25 29 32 33 37 39 44 46 50 51 55 59 
27 337        2 12 22 25 28 30 34 35 37 39 49 52 55 60 
28 375        5 6 8 16 18 27 32 38 41 45 47 52 55 59 
29 297        11 12 17 22 24 25 26 31 34 36 38 39 45 48 49 50 51 54 
30 328        1 4 6 7 10 16 19 24 27 35 36 39 41 44 49 51 53 54 55 
31 498        1 2 4 6 9 11 12 13 14 15 16 18 23 29 33 36 43 47 49 60 
32 250        3 4 5 15 19 21 22 26 28 38 44 46 47 49 51 53 55 56 57 
33 252        2 3 12 13 14 18 20 22 23 25 26 31 37 38 40 41 42 53 54 
34 374        1 2 3 7 10 15 17 18 19 20 21 25 27 29 37 38 39 45 52 57 
35 304        1 2 4 6 10 15 20 21 27 30 39 41 45 47 49 52 54 58 
36 322        8 10 11 29 30 31 38 45 46 48 51 52 55 59 
37 355        5 13 15 18 21 26 27 33 34 41 43 44 45 46 47 52 55 59 
38 276        9 18 21 25 28 29 32 33 34 36 49 52 59 
39 369        1 2 7 9 10 13 16 25 26 27 29 30 34 35 41 43 44 46 50 55 57 59 
40 485        1 2 3 6 9 10 12 14 18 33 43 45 48 51 52 56 60 
41 253        1 5 10 13 14 15 19 28 30 33 35 37 39 49 51 53 54 55 56 57 60 
42 262        15 17 21 23 25 33 52 55 
43 357        1 13 17 20 31 37 39 40 45 49 51 55 
44 275        2 3 9 16 20 23 25 26 30 32 37 39 47 48 50 51 58 
45 368        3 5 7 9 11 12 14 16 18 19 21 25 28 29 34 35 36 37 40 43 48 56 57 
46 424        1 2 8 15 16 22 24 26 32 36 37 39 47 57 59 
47 259        1 2 5 7 10 22 28 31 32 35 37 44 46 48 49 54 
48 317        1 4 8 9 10 18 19 21 25 29 36 40 44 45 47 50 57 
49 471        5 8 9 10 13 17 18 19 21 22 23 27 29 30 31 32 35 38 41 43 47 58 59 
50 250        4 9 12 15 16 17 21 22 25 26 29 39 44 48 54 58 59 
51 279        3 6 7 8 9 11 13 18 19 22 26 29 30 32 36 40 41 43 44 53 57 59 
52 388        5 11 20 24 27 28 34 35 36 37 38 40 42 53 54 56 
53 273        1 3 4 5 7 10 20 21 30 32 33 41 51 52 59 
54 339        5 6 10 12 17 21 22 24 25 29 30 33 35 41 47 50 52 55 
55 449        2 5 7 9 19 21 22 25 26 27 28 30 32 36 37 39 41 42 43 54 56 59 
56 275        1 6 7 9 11 18 20 24 32 40 41 45 52 55 
57 276        1 5 6 7 10 14 16 19 22 32 34 39 41 45 46 48 51 59 
58 405        4 7 8 9 11 19 24 25 35 44 49 50 
59 274        1 3 9 10 19 20 26 28 36 37 38 39 46 49 50 51 53 55 57 
60 321        1 8 12 17 18 20 21 27 31 40 41 
