120 150
1 83          6 9 15 28 68 76 91 
2 37          14 39 43 57 62 70 72 90 106 110 118 
3 98          6 9 41 42 43 44 45 50 60 63 79 84 100 110 111 
4 85          16 27 29 31 36 49 54 65 82 106 110 111 115 
5 88          11 16 36 46 63 68 74 94 115 118 
6 95          1 3 10 13 26 31 40 48 82 85 86 87 99 
7 29          8 98 107 110 115 120 
8 35          7 9 13 20 22 34 48 57 77 90 91 93 94 101 115 
9 100         1 3 8 14 17 29 34 48 66 70 72 73 84 90 93 100 106 109 
10 55         6 22 31 58 65 70 71 74 94 109 116 118 
11 48         5 15 29 32 34 41 45 48 56 62 86 96 98 100 
12 27         20 36 45 51 59 68 87 90 94 113 116 
13 20         6 8 15 40 42 45 68 69 90 105 
14 66         2 9 21 36 42 44 48 75 81 86 98 112 113 117 
15 62         1 11 13 19 21 24 35 39 41 43 59 100 107 115 117 
16 52         4 5 19 25 26 28 30 31 61 67 68 70 73 120 
17 88         9 20 64 69 70 72 77 88 101 106 111 116 120 
18 59         19 23 34 39 44 50 61 73 81 82 84 97 104 107 112 115 117 
19 97         15 16 18 44 47 65 100 103 119 120 
20 91         8 12 17 29 31 43 51 61 66 75 85 86 109 119 
21 81         14 15 26 27 30 40 47 49 56 58 59 67 69 70 91 115 
22 81         8 10 26 51 56 59 67 69 108 
23 86         18 25 47 81 84 85 87 101 108 113 
24 48         15 30 56 58 73 76 78 92 97 102 105 106 107 
25 43         16 23 64 81 95 99 105 118 
26 60         6 16 21 22 43 73 80 83 91 92 98 
27 72         4 21 39 44 47 54 60 72 85 86 
28 88         1 16 37 45 62 65 72 78 90 96 113 120 
29 90         4 9 11 20 33 44 50 75 77 80 83 87 109 112 115 
30 48         16 21 24 45 55 64 79 92 99 102 
31 38         4 6 10 16 20 34 36 51 68 72 89 90 91 97 98 
32 60         11 52 58 64 67 91 96 98 99 109 
33 53         29 44 59 60 67 70 79 91 95 96 120 
34 55         8 9 11 18 31 48 52 58 63 66 68 84 98 119 
35 90         15 40 48 50 60 70 84 90 105 109 
36 48         4 5 12 14 31 64 68 69 73 94 98 
37 55         28 49 66 82 90 100 103 105 111 112 
38 57         39 44 58 63 79 111 114 117 
39 59         2 15 18 27 38 44 53 101 110 119 
40 25         6 13 21 35 55 57 63 79 100 103 106 117 119 120 
41 51         3 11 15 51 60 68 82 87 90 92 102 113 
42 22         3 13 14 47 65 68 81 87 103 112 118 
43 43         2 3 15 20 26 45 47 53 62 88 89 108 112 
44 31         3 14 18 19 27 29 33 38 39 61 74 85 88 90 
45 52         3 11 12 13 28 30 43 57 67 81 
46 89         5 51 64 72 87 100 
47 96         19 21 23 27 42 43 50 54 55 60 66 96 105 
48 58         6 8 9 11 14 34 35 51 64 66 72 98 104 105 112 
49 63         4 21 37 52 63 64 84 
50 27         3 18 29 35 47 63 65 66 80 83 111 
51 46         12 20 22 31 41 46 48 57 58 78 81 114 
52 43         32 34 49 57 62 78 84 96 103 111 118 
53 30         39 43 64 71 74 89 94 95 104 105 108 110 111 118 
54 44         4 27 47 70 71 77 94 105 120 
55 71         30 40 47 60 70 82 104 106 112 116 117 
56 66         11 21 22 24 57 58 76 77 84 106 
57 64         2 8 40 45 51 52 56 65 68 73 82 95 103 104 106 
58 28         10 21 24 32 34 38 51 56 66 67 92 108 112 
59 83         12 15 21 22 33 69 81 84 90 93 102 108 113 
60 88         3 27 33 35 41 47 55 67 71 77 81 92 93 98 116 120 
61 42         16 18 20 44 65 77 103 110 119 
62 92         2 11 28 43 52 71 77 85 86 87 
63 95         3 5 34 38 40 49 50 77 87 110 115 119 
64 36         17 25 30 32 36 46 48 49 53 66 70 97 112 
65 24         4 10 19 28 42 50 57 61 78 85 86 94 110 111 
66 62         9 20 34 37 47 48 50 58 64 69 89 96 102 103 
67 44         16 21 22 32 33 45 58 60 77 97 100 108 110 114 
68 82         1 5 12 13 16 31 34 36 41 42 57 81 91 94 
69 59         13 17 21 22 36 59 66 86 93 98 106 
70 31         2 9 10 16 17 21 33 35 54 55 64 76 83 109 
71 96         10 53 54 60 62 78 87 94 100 101 102 109 
72 44         2 9 17 27 28 31 46 48 80 95 101 102 120 
73 61         9 16 18 24 26 36 57 78 101 
74 78         5 10 44 53 77 80 87 92 94 99 113 117 
75 72         14 20 29 79 81 102 116 
76 62         1 24 56 70 81 94 101 117 119 
77 76         8 17 29 54 56 60 61 62 63 67 74 119 
78 65         24 28 51 52 65 71 73 84 89 94 106 115 
79 22         3 30 33 38 40 75 88 91 92 93 
80 41         26 29 50 72 74 84 90 98 100 111 
81 27         14 18 23 25 42 45 51 59 60 68 75 76 83 85 90 106 107 108 119 
82 85         4 6 18 37 41 55 57 97 99 
83 80         26 29 50 70 81 103 104 112 113 119 120 
84 72         3 9 18 23 34 35 49 52 56 59 78 80 99 114 115 119 
85 100        6 20 23 27 44 62 65 81 87 95 100 104 115 
86 29         6 11 14 20 27 62 65 69 95 112 119 
87 27         6 12 23 29 41 42 46 62 63 71 74 85 91 107 113 
88 43         17 43 44 79 106 
89 83         31 43 53 66 78 93 95 105 114 117 
90 32         2 8 9 12 13 28 31 35 37 41 44 59 80 81 92 108 109 116 
91 33         1 8 21 26 31 32 33 68 79 87 94 97 106 110 114 117 
92 53         24 26 30 41 58 60 74 79 90 118 
93 95         8 9 59 60 69 79 89 98 99 104 118 120 
94 99         5 8 10 12 36 53 54 65 68 71 74 76 78 91 112 113 115 116 
95 20         25 33 53 57 72 85 86 89 96 113 119 
96 23         11 28 32 33 47 52 66 95 104 108 114 116 
97 72         18 24 31 64 67 82 91 100 116 
98 50         7 11 14 26 31 32 34 36 48 60 69 80 93 99 105 108 113 
99 50         6 25 30 32 74 82 84 93 98 103 105 
100 27        3 9 11 15 19 37 40 46 67 71 80 85 97 104 
101 89        8 17 23 39 71 72 73 76 111 119 
102 53        24 30 41 59 66 71 72 75 
103 75        19 37 40 42 52 57 61 66 83 99 113 114 
104 81        18 48 53 55 57 83 85 93 96 100 
105 34        13 24 25 35 37 47 48 53 54 89 98 99 118 
106 27        2 4 9 17 24 40 55 56 57 69 78 81 88 91 
107 69        7 15 18 24 81 87 118 
108 48        22 23 43 53 58 59 67 81 90 96 98 113 115 
109 84        9 10 20 29 32 35 70 71 90 
110 37        2 3 4 7 39 53 61 63 65 67 91 
111 69        3 4 17 37 38 50 52 53 65 80 101 
112 54        14 18 29 37 42 43 48 55 58 64 83 86 94 
113 51        12 14 23 28 41 59 74 83 87 94 95 98 103 108 
114 49        38 51 67 84 89 91 96 103 
115 49        4 5 7 8 15 18 21 29 63 78 84 85 94 108 
116 54        10 12 17 55 60 75 90 94 96 97 
117 100       14 15 18 38 40 55 74 76 89 91 
118 55        2 5 10 25 42 52 53 92 93 105 107 
119 45        19 20 34 39 40 61 63 76 77 81 83 84 86 95 101 
120 83        7 16 17 19 28 33 40 54 60 72 83 93 
