120 150
1 91          3 5 6 7 8 12 15 16 19 21 32 34 35 36 48 50 56 57 58 62 65 66 69 71 72 73 74 76 77 78 79 81 82 83 85 87 91 97 98 99 100 102 105 106 107 110 
2 55          4 5 11 13 14 16 20 21 22 23 24 25 27 28 31 34 35 36 37 39 43 44 47 50 53 54 56 57 62 64 74 76 79 82 83 88 90 92 94 95 97 104 105 106 108 109 116 120 
3 60          1 6 7 9 11 12 13 19 20 21 24 31 39 40 41 43 44 47 51 53 55 59 62 74 76 78 82 83 84 85 89 90 91 96 104 108 109 112 114 117 119 
4 37          2 5 6 7 10 11 14 16 21 28 30 31 32 33 34 35 36 37 39 43 44 54 55 56 60 68 69 72 73 74 76 77 78 82 87 91 93 94 97 99 101 102 105 115 119 120 
5 86          1 2 4 7 10 11 13 14 17 19 23 24 25 26 27 30 31 34 35 39 41 42 43 45 46 48 51 52 54 56 59 62 63 66 67 71 73 77 79 81 88 90 91 93 96 100 102 103 104 105 106 107 110 112 114 115 118 119 
6 21          1 3 4 9 12 13 14 15 16 20 21 23 27 28 29 30 33 39 40 41 42 44 52 62 65 66 67 68 70 73 74 75 76 78 79 80 83 84 85 86 87 88 89 92 94 100 104 108 109 110 114 115 117 120 
7 21          1 3 4 5 9 12 14 15 20 21 22 26 29 34 36 38 40 41 44 45 46 57 61 62 65 66 67 72 74 75 76 79 82 84 86 89 92 94 95 98 99 101 104 107 110 112 113 115 117 120 
8 43          1 9 10 12 14 15 22 26 27 30 34 37 38 41 42 52 53 57 59 60 65 66 68 69 70 71 76 79 80 82 86 87 88 91 92 95 97 103 106 107 109 110 114 115 118 
9 77          3 6 7 8 11 22 27 28 32 34 35 47 49 51 52 58 59 61 63 66 73 74 75 77 78 80 86 87 88 92 94 97 100 101 102 107 109 114 118 120 
10 75         4 5 8 15 19 26 29 30 34 35 38 39 42 44 45 46 51 53 56 58 62 63 64 66 69 74 77 80 81 82 87 89 92 95 96 97 98 99 105 108 110 112 118 
11 92         2 3 4 5 9 14 19 21 23 24 27 28 31 32 34 36 37 43 44 45 50 52 53 55 57 59 61 67 68 72 74 80 83 84 87 90 96 97 99 101 105 106 108 109 110 112 117 118 119 
12 33         1 3 6 7 8 13 16 17 18 19 20 21 23 26 28 29 35 38 39 41 43 44 45 48 50 52 55 56 58 64 69 70 71 72 73 75 76 77 81 83 92 93 95 98 101 104 108 114 115 119 
13 59         2 3 5 6 12 15 16 19 20 21 22 24 27 29 31 33 34 36 38 39 42 43 46 53 61 62 67 68 69 73 74 77 78 79 80 84 87 95 98 102 109 112 114 119 
14 74         2 4 5 6 7 8 11 15 16 19 22 24 28 29 30 31 32 34 36 40 42 45 49 52 58 59 60 64 65 67 68 72 73 74 76 79 80 82 86 87 88 89 97 98 102 103 105 107 109 110 117 120 
15 40         1 6 7 8 10 13 14 17 18 21 24 29 32 34 35 38 41 42 47 48 49 50 52 55 56 58 60 63 64 65 67 71 74 75 76 77 78 80 84 85 86 87 88 89 93 97 99 101 104 107 108 110 111 116 118 
16 36         1 2 4 6 12 13 14 20 21 22 24 26 27 29 31 35 39 41 43 45 51 53 58 60 64 66 72 80 83 85 86 88 92 93 100 101 102 106 108 110 113 115 118 120 
17 62         5 12 15 19 23 24 27 31 43 45 53 60 63 64 71 72 76 78 81 83 85 91 92 94 97 98 101 107 109 115 116 117 
18 21         12 15 19 21 31 34 37 41 42 45 46 47 51 52 54 55 60 63 65 67 70 72 75 76 78 79 87 90 91 92 93 95 96 99 100 105 115 120 
19 56         1 3 5 10 11 12 13 14 17 18 20 24 25 27 28 29 32 36 38 40 41 44 46 48 53 55 58 60 61 62 65 68 72 78 80 82 84 87 88 90 92 93 103 104 108 111 113 114 117 118 120 
20 38         2 3 6 7 12 13 16 19 23 27 28 29 36 37 38 42 43 44 46 47 48 49 52 54 56 57 59 61 63 64 65 66 68 70 71 74 76 82 86 88 90 92 94 96 97 98 99 101 103 104 110 111 115 116 120 
21 22         1 2 3 4 6 7 11 12 13 15 16 18 22 23 37 38 40 42 43 44 45 47 51 55 56 64 66 76 79 86 92 94 97 98 99 101 102 103 107 108 110 116 
22 45         2 7 8 9 13 14 16 21 24 25 27 29 36 37 39 40 43 47 50 53 54 55 56 57 58 68 70 82 84 86 90 91 92 94 95 96 100 101 103 105 109 113 116 119 
23 94         2 5 6 11 12 17 20 21 26 27 28 29 30 33 35 37 40 41 44 47 48 54 55 56 58 59 61 62 76 77 84 87 88 91 95 98 100 101 102 103 104 106 110 111 113 117 118 119 
24 68         2 3 5 11 13 14 15 16 17 19 22 26 28 31 37 41 45 46 50 57 59 62 64 65 71 72 73 75 78 79 82 85 88 92 93 94 95 97 102 104 110 111 113 115 116 117 118 120 
25 83         2 5 19 22 27 29 30 32 38 41 42 43 44 47 48 54 55 58 59 60 61 65 67 69 71 73 76 79 80 81 83 84 91 92 93 96 103 105 106 107 109 110 112 115 118 120 
26 86         5 7 8 10 12 16 23 24 28 30 31 34 35 41 42 46 49 50 51 52 53 58 62 63 65 69 71 76 79 81 87 93 95 100 109 112 114 115 116 
27 75         2 5 6 8 9 11 13 16 17 19 20 22 23 25 28 31 32 33 36 38 40 41 42 46 51 55 60 61 62 63 66 67 68 69 70 71 72 75 78 79 81 85 88 89 94 95 96 97 98 99 100 104 107 108 109 114 115 117 120 
28 21         2 4 6 9 11 12 14 19 20 23 24 26 27 31 33 34 35 36 37 41 42 45 46 51 58 59 61 62 65 67 70 71 73 76 78 83 88 95 96 99 102 105 108 109 110 111 114 115 118 
29 40         6 7 10 12 13 14 15 16 19 20 22 23 25 31 34 35 36 44 46 47 48 49 50 52 53 54 58 60 62 63 64 68 70 71 75 77 78 80 83 88 90 92 94 97 99 100 101 102 103 108 112 113 114 115 116 
30 44         4 5 6 8 10 14 23 25 26 31 34 36 37 39 41 51 53 55 57 58 61 66 67 69 71 72 74 75 82 91 93 95 96 98 99 103 108 111 117 118 119 
31 74         2 3 4 5 11 13 14 16 17 18 24 26 27 28 29 30 34 36 38 40 41 42 46 48 50 55 58 60 62 65 68 69 74 75 78 79 83 84 85 88 94 95 97 99 104 106 107 112 113 120 
32 52         1 4 9 11 14 15 19 25 27 35 38 42 43 44 46 49 50 54 55 56 58 60 61 65 67 69 71 72 74 76 80 85 86 87 88 92 95 97 99 100 105 107 108 110 112 113 115 118 119 
33 61         4 6 13 23 27 28 34 36 39 41 42 43 44 47 48 51 52 54 55 57 59 61 68 70 71 75 76 77 82 83 85 86 87 91 92 96 98 100 102 103 104 107 109 113 
34 95         1 2 4 5 7 8 9 10 11 13 14 15 18 26 28 29 30 31 33 38 41 43 44 46 50 52 53 57 59 61 62 63 67 68 71 72 80 82 83 85 86 87 88 89 91 100 101 103 105 113 114 116 117 118 120 
35 20         1 2 4 5 9 10 12 15 16 23 26 28 29 32 36 40 42 43 44 47 51 53 54 55 56 57 58 59 61 66 69 70 71 72 82 85 86 87 91 96 97 98 99 100 103 105 109 110 111 113 114 118 119 120 
36 79         1 2 4 7 11 13 14 19 20 22 27 28 29 30 31 33 35 37 39 41 44 48 49 52 53 55 56 58 59 61 64 65 67 68 71 72 74 76 81 82 86 87 89 90 92 93 97 98 99 101 105 106 111 112 114 118 120 
37 76         2 4 8 11 18 20 21 22 23 24 28 30 36 40 41 42 45 46 47 49 52 55 56 57 67 68 69 71 74 80 81 82 83 84 86 87 90 93 94 95 97 98 99 104 105 107 109 112 114 117 118 
38 32         7 8 10 12 13 15 19 20 21 25 27 31 32 34 39 40 41 42 44 46 48 52 56 58 59 61 67 68 71 72 73 80 81 83 88 89 91 95 96 97 104 105 109 116 117 
39 21         2 3 4 5 6 10 12 13 16 22 30 33 36 38 43 44 45 46 49 51 53 55 56 57 63 64 68 70 71 72 74 75 76 80 82 84 85 88 92 93 99 101 102 104 105 107 108 113 114 118 119 
40 91         3 6 7 14 19 21 22 23 27 31 35 37 38 44 45 47 51 54 57 59 61 62 65 70 71 72 76 77 78 79 83 84 88 100 101 103 106 108 110 114 115 117 118 119 
41 83         3 5 6 7 8 12 15 16 18 19 23 24 25 26 27 28 30 31 33 34 36 37 38 42 45 46 47 48 52 55 56 57 61 62 67 68 69 71 74 77 79 80 81 83 93 97 98 102 103 107 109 112 113 114 120 
42 39         5 6 8 10 13 14 15 18 20 21 25 26 27 28 31 32 33 35 37 38 41 45 51 52 53 59 62 63 64 75 76 80 87 89 90 93 100 102 104 107 108 111 116 117 118 119 
43 31         2 3 4 5 11 12 13 16 17 20 21 22 25 32 33 34 35 39 47 48 49 50 51 52 54 55 56 64 65 68 69 70 71 73 74 78 79 81 84 86 87 88 89 91 93 95 96 99 103 104 105 106 107 108 115 116 119 
44 81         2 3 4 6 7 10 11 12 19 20 21 23 25 29 32 33 34 35 36 38 39 40 48 49 50 51 54 56 63 65 67 71 72 73 78 79 82 84 87 89 90 92 95 98 99 101 103 104 108 109 110 113 114 115 116 118 119 
45 41         5 7 10 11 12 14 16 17 18 21 24 28 37 39 40 41 42 46 49 54 58 60 64 65 72 75 77 80 82 83 88 91 92 93 98 99 106 111 112 117 
46 90         5 7 10 13 18 19 20 24 26 27 28 29 31 32 34 37 38 39 41 45 48 52 54 55 58 59 60 62 65 66 68 78 79 80 83 84 89 92 94 97 98 101 103 104 109 110 115 117 118 120 
47 74         2 3 9 15 18 20 21 22 23 25 29 33 35 37 40 41 43 48 51 53 54 60 62 66 69 73 74 80 81 86 87 88 89 93 94 95 96 97 103 104 105 107 114 117 120 
48 100        1 5 12 15 19 20 23 25 29 31 33 36 38 41 43 44 46 47 49 50 53 54 55 56 58 59 61 63 64 67 68 69 70 71 76 79 80 82 85 86 89 95 99 101 103 105 106 112 114 115 117 
49 38         9 14 15 20 26 29 32 36 37 39 43 44 45 48 50 51 54 57 60 62 63 65 69 75 77 83 84 85 87 88 92 93 96 101 104 105 106 107 110 113 115 120 
50 33         1 2 11 12 15 22 24 26 29 31 32 34 43 44 48 49 51 56 58 63 64 65 66 67 69 70 74 85 88 89 92 101 103 105 106 108 109 112 113 114 120 
51 74         3 5 9 10 16 18 21 26 27 28 30 33 35 39 40 42 43 44 47 49 50 52 53 55 65 67 68 73 74 76 77 79 80 83 86 88 92 93 94 96 98 106 108 113 115 117 120 
52 40         5 6 8 9 11 12 14 15 18 20 26 29 33 34 36 37 38 41 42 43 46 51 54 55 59 60 62 63 65 67 70 71 73 75 76 77 79 82 83 85 87 89 90 94 95 96 97 105 107 108 112 119 
53 80         2 3 8 10 11 13 16 17 19 22 26 29 30 34 35 36 39 42 47 48 51 55 56 60 61 71 77 82 85 86 88 90 91 92 96 98 100 108 109 110 111 113 115 117 118 120 
54 39         2 4 5 18 20 22 23 25 29 32 33 35 40 43 44 45 46 47 48 49 52 61 66 72 74 76 77 80 82 85 87 88 94 99 101 106 108 109 112 116 117 
55 22         3 4 11 12 15 18 19 21 22 23 25 27 30 31 32 33 35 36 37 39 41 43 46 48 51 52 53 60 61 70 71 77 78 80 85 92 93 95 98 99 100 103 105 106 111 113 115 117 120 
56 46         1 2 4 5 10 12 15 20 21 22 23 32 35 36 37 38 39 41 43 44 48 50 53 57 59 62 63 65 66 74 75 76 77 78 79 80 81 82 83 84 87 90 91 94 96 98 100 101 103 104 109 110 111 118 119 
57 58         1 2 7 8 11 20 22 24 30 33 34 35 37 39 40 41 49 56 59 60 64 67 71 72 74 77 78 79 81 82 84 85 88 92 95 97 103 105 108 114 115 118 120 
58 65         1 9 10 12 14 15 16 19 22 23 25 26 28 29 30 31 32 35 36 38 45 46 48 50 61 63 66 76 78 81 87 88 89 90 91 97 99 100 102 105 106 111 114 115 116 
59 67         3 5 8 9 11 14 20 23 24 25 28 33 34 35 36 38 40 42 46 48 52 56 57 60 61 63 66 68 70 72 73 77 80 84 86 88 92 93 95 96 103 104 105 107 109 111 114 115 118 120 
60 37         4 8 14 15 16 17 18 19 25 27 29 31 32 45 46 47 49 52 53 55 57 59 61 62 63 64 68 69 70 71 72 77 80 83 89 99 101 103 106 107 111 115 116 117 118 120 
61 82         7 9 11 13 19 20 23 25 27 28 30 32 33 34 35 36 38 40 41 48 53 54 55 58 59 60 69 70 72 76 78 80 81 83 84 90 92 96 98 99 101 102 107 108 111 116 118 119 120 
62 64         1 2 3 5 6 7 10 13 19 23 24 26 27 28 29 31 34 40 41 42 46 47 49 52 56 60 66 68 70 71 74 77 80 81 82 89 91 92 93 94 97 100 101 102 104 110 111 117 
63 26         5 9 10 15 17 18 20 26 27 29 34 39 42 44 48 49 50 52 56 58 59 60 65 67 69 76 77 81 82 83 85 88 89 90 93 94 97 100 104 108 109 110 112 113 114 115 119 120 
64 80         2 10 12 14 15 16 17 20 21 24 29 36 39 42 43 45 48 50 57 60 70 71 73 75 76 78 81 88 89 92 93 94 95 96 97 98 103 105 106 112 114 117 
65 74         1 6 7 8 14 15 18 19 20 24 25 26 28 31 32 36 40 43 44 45 46 49 50 51 52 56 63 68 69 74 75 78 79 82 94 99 101 103 109 110 114 116 
66 20         1 5 6 7 8 9 10 16 20 21 27 30 35 46 47 50 54 56 58 59 62 67 69 71 74 75 76 77 79 82 85 86 87 91 93 98 100 104 110 111 114 118 
67 62         5 6 7 11 13 14 15 18 25 27 28 30 32 34 36 37 38 41 44 48 50 51 52 57 63 66 72 74 76 77 78 83 84 85 86 87 88 91 92 95 96 100 101 102 105 106 109 110 113 114 116 117 
68 82         4 6 8 11 13 14 19 20 22 27 29 31 33 34 36 37 38 39 41 43 46 48 51 59 60 62 65 69 73 74 81 82 83 85 91 93 96 98 103 106 107 110 114 115 117 119 
69 40         1 4 8 10 12 13 25 26 27 30 31 32 35 37 41 43 47 48 49 50 60 61 63 65 66 68 71 74 75 76 79 80 84 85 86 90 96 97 103 104 108 110 114 116 119 120 
70 28         6 8 12 18 20 22 27 28 29 33 35 39 40 43 48 50 52 55 59 60 61 62 64 72 75 76 80 85 88 92 95 96 97 99 100 104 110 113 114 116 119 120 
71 72         1 5 8 12 15 17 20 24 25 26 27 28 29 30 32 33 34 35 36 37 38 39 40 41 43 44 48 52 53 55 57 60 62 64 66 69 72 74 75 76 81 84 85 90 93 98 100 105 108 111 114 115 118 
72 45         1 4 7 11 12 14 16 17 18 19 24 27 30 32 34 35 36 38 39 40 44 45 54 57 59 60 61 67 70 71 74 76 78 83 84 88 92 93 94 95 98 100 102 104 105 108 109 111 112 114 115 
73 62         1 4 5 6 9 12 13 14 24 25 28 38 43 44 47 51 52 59 64 68 74 78 82 83 86 88 89 91 95 100 106 107 108 113 117 118 
74 72         1 2 3 4 6 7 9 10 11 13 14 15 20 30 31 32 36 37 39 41 43 47 50 51 54 56 57 62 65 66 67 68 69 71 72 73 75 76 77 79 82 84 88 89 94 96 98 100 101 103 104 105 106 110 111 112 117 118 119 120 
75 89         6 7 9 12 15 18 24 27 29 30 31 33 39 42 45 49 52 56 64 65 66 69 70 71 74 78 79 81 82 84 88 89 92 95 97 98 102 113 118 119 
76 31         1 2 3 4 6 7 8 12 14 15 17 18 20 21 23 25 26 28 32 33 36 39 40 42 48 51 52 54 56 58 61 63 64 66 67 69 70 71 72 74 78 79 82 84 86 87 88 89 91 92 96 98 100 108 109 111 113 114 116 117 120 
77 92         1 4 5 9 10 12 13 15 23 29 33 40 41 45 49 51 52 53 54 55 56 57 59 60 62 63 66 67 74 78 80 81 85 95 99 102 108 109 110 111 113 115 118 120 
78 63         1 3 4 6 9 13 15 17 18 19 24 27 28 29 31 40 43 44 46 55 56 57 58 61 64 65 67 72 73 75 76 77 80 81 83 86 88 96 97 103 104 105 107 109 112 115 116 117 
79 89         1 2 5 6 7 8 13 14 18 21 24 25 26 27 31 40 41 43 44 46 48 51 52 56 57 65 66 69 74 75 76 80 81 84 85 86 88 89 90 91 92 93 95 96 97 102 103 104 105 106 111 112 113 114 118 
80 33         6 8 9 10 11 13 14 15 16 19 25 29 32 34 37 38 39 41 42 45 46 47 48 51 54 55 56 59 60 61 62 69 70 77 78 79 86 91 94 95 97 101 105 110 112 113 116 120 
81 25         1 5 10 12 17 25 26 27 36 37 38 41 43 47 56 57 58 61 62 63 64 68 71 75 77 78 79 82 83 89 93 97 98 100 105 113 115 118 119 
82 54         1 2 3 4 7 8 10 14 19 20 22 24 30 33 34 35 36 37 39 44 45 48 52 53 54 56 57 62 63 65 66 68 73 74 75 76 81 84 85 90 95 97 99 101 102 108 109 115 116 117 
83 66         1 2 3 6 11 12 16 17 25 28 29 31 33 34 37 38 40 41 45 46 49 51 52 56 60 61 63 67 68 72 73 78 81 84 86 87 93 94 96 101 103 106 110 113 114 116 117 119 
84 100        3 6 7 11 13 15 19 22 23 25 31 37 39 40 43 44 46 49 56 57 59 61 67 69 71 72 74 75 76 79 82 83 87 94 96 98 99 101 102 107 113 114 119 120 
85 20         1 3 6 15 16 17 24 27 31 32 33 34 35 39 48 49 50 52 53 54 55 57 63 66 67 68 69 70 71 77 79 82 86 88 89 93 94 95 100 102 104 108 109 117 
86 90         6 7 8 9 14 15 16 20 21 22 32 33 34 35 36 37 43 47 48 51 53 59 66 67 69 73 76 78 79 80 83 85 88 92 93 94 96 97 99 100 103 107 110 112 115 117 118 119 120 
87 87         1 4 6 8 9 10 11 13 14 15 18 19 23 26 32 33 34 35 36 37 42 43 44 47 49 52 54 56 58 66 67 76 83 84 92 93 94 96 100 103 104 110 111 116 118 119 120 
88 48         2 5 6 8 9 14 15 16 19 20 23 24 27 28 29 31 32 34 38 39 40 43 45 47 49 50 51 53 54 57 58 59 63 64 67 70 72 73 74 75 76 78 79 85 86 92 93 96 97 98 101 105 107 108 110 113 114 115 116 117 119 120 
89 28         3 6 7 10 14 15 27 34 36 38 42 43 44 46 47 48 50 52 58 60 62 63 64 73 74 75 76 79 81 85 90 91 92 95 96 97 99 103 113 114 115 116 119 
90 46         2 3 5 11 18 19 20 22 29 36 37 42 44 52 53 56 58 61 63 69 71 79 82 89 93 95 98 101 104 106 111 112 115 116 
91 76         1 3 4 5 8 17 18 22 23 25 30 33 34 35 38 43 45 53 56 58 62 66 67 68 73 76 79 80 89 96 97 98 100 103 104 105 106 107 110 111 113 116 117 120 
92 50         2 6 7 8 9 10 12 16 17 18 19 20 21 22 24 25 29 32 33 36 39 44 45 46 49 50 51 53 55 57 59 61 62 64 67 70 72 75 76 79 86 87 88 89 94 95 96 99 102 103 104 111 112 115 119 
93 66         4 5 12 15 16 18 19 24 25 26 30 36 37 39 41 42 43 45 47 49 51 55 59 62 63 64 66 68 71 72 79 81 83 85 86 87 88 90 95 98 100 102 104 108 109 110 111 117 
94 30         2 4 6 7 9 17 20 21 22 24 27 29 31 37 46 47 51 52 54 56 62 63 64 65 72 74 80 83 84 85 86 87 92 96 97 99 100 101 102 103 105 107 109 110 111 112 116 
95 26         2 7 8 10 12 13 18 22 23 24 26 27 28 30 31 32 37 38 43 44 47 48 52 55 57 59 64 67 70 72 73 75 77 79 80 82 85 89 90 92 93 98 107 108 111 112 114 115 116 
96 23         3 5 10 11 18 20 22 25 27 28 30 33 35 38 43 47 49 51 52 53 56 59 61 64 67 68 69 70 74 76 78 79 83 84 86 87 88 89 91 92 94 98 102 104 106 107 113 115 116 117 
97 40         1 2 4 8 9 10 11 14 15 17 20 21 24 27 29 31 32 35 36 37 38 41 46 47 52 57 58 62 63 64 69 70 75 78 79 80 81 82 86 88 89 91 94 99 102 103 104 106 107 111 112 118 120 
98 70         1 7 10 12 13 14 17 20 21 23 27 30 33 35 36 37 41 44 45 46 51 53 55 56 61 64 66 68 71 72 74 75 76 81 84 88 90 91 93 95 96 99 100 103 104 106 107 108 109 110 112 115 118 120 
99 57         1 4 7 10 11 15 18 20 21 27 28 29 30 31 32 35 36 37 39 43 44 45 48 54 55 58 60 61 65 70 77 82 84 86 89 92 94 97 98 100 105 106 108 110 111 114 116 117 118 119 120 
100 92        1 5 6 9 16 18 22 23 26 27 29 32 33 34 35 40 42 53 55 56 58 62 63 66 67 70 71 72 73 74 76 81 85 86 87 91 93 94 98 99 104 106 110 112 116 118 
101 52        4 7 9 11 12 15 16 17 20 21 22 23 29 34 36 39 40 44 46 48 49 50 54 56 60 61 62 65 67 74 80 82 83 84 88 90 94 103 105 110 111 114 115 116 117 118 120 
102 54        1 4 5 9 13 14 16 21 23 24 28 29 33 39 41 42 58 61 62 67 72 75 77 79 82 84 85 92 93 94 96 97 103 106 108 112 114 115 
103 27        5 8 14 19 20 21 22 23 25 29 30 33 34 35 40 41 43 44 46 47 48 50 55 56 57 59 60 64 65 68 69 74 78 79 83 86 87 89 91 92 94 97 98 101 102 105 106 109 111 114 
104 58        2 3 5 6 7 12 15 19 20 23 24 27 31 33 37 38 39 42 43 44 46 47 49 56 59 62 63 66 69 70 72 74 78 79 85 87 90 91 92 93 96 97 98 100 108 110 112 118 119 
105 66        1 2 4 5 10 11 14 18 22 25 28 32 34 35 36 37 38 39 43 47 48 49 50 52 55 57 58 59 64 67 71 72 74 78 79 80 81 88 91 94 99 101 103 109 113 116 117 118 119 
106 65        1 2 5 8 11 16 23 25 31 36 40 43 45 48 49 50 51 54 55 58 60 64 67 68 73 74 79 83 90 91 96 97 98 99 100 102 103 108 113 115 118 120 
107 93        1 5 7 8 9 14 15 17 21 25 27 31 32 33 37 39 41 42 43 47 49 52 59 60 61 68 73 78 84 86 88 91 94 95 96 97 98 108 109 112 115 
108 83        2 3 6 10 11 12 15 16 19 21 27 28 29 30 32 39 40 42 43 44 50 51 52 53 54 57 61 63 69 71 72 73 76 77 82 85 88 93 95 98 99 102 104 106 107 111 112 113 114 116 119 
109 37        2 3 6 8 9 11 13 14 17 22 25 26 27 28 33 35 37 38 41 44 46 50 53 54 56 59 63 65 67 72 76 77 78 82 85 93 94 98 103 105 107 111 112 113 116 117 119 120 
110 62        1 5 6 7 8 10 11 14 15 16 20 21 23 24 25 28 32 35 40 44 46 49 53 56 62 63 65 66 67 68 69 70 74 77 80 83 86 87 88 91 93 94 98 99 100 101 104 120 
111 94        15 19 20 23 24 28 30 35 36 42 45 53 55 56 58 59 60 61 62 66 71 72 74 76 77 79 87 90 91 92 93 94 95 97 99 101 103 108 109 117 120 
112 29        3 5 7 10 11 13 25 26 29 31 32 36 37 41 45 48 50 52 54 63 64 72 74 78 79 80 86 90 92 94 95 97 98 100 102 104 107 108 109 114 118 
113 66        7 16 19 22 23 24 29 31 32 33 34 35 39 41 44 49 50 51 53 55 63 67 70 73 75 76 77 79 80 81 83 84 88 89 91 96 105 106 108 109 114 115 119 120 
114 98        3 5 6 8 9 12 13 19 26 27 28 29 34 35 36 37 39 40 41 44 47 48 50 57 58 59 63 64 65 66 67 68 69 70 71 72 76 79 83 84 88 89 95 99 101 102 103 108 112 113 115 116 119 120 
115 20        4 5 6 7 8 12 16 17 18 20 24 25 26 27 28 29 32 40 43 44 46 48 49 51 53 55 57 58 59 60 63 68 71 72 77 78 81 82 86 88 89 90 92 95 96 98 101 102 106 107 113 114 116 118 
116 66        2 15 17 20 21 22 24 26 29 34 38 42 43 44 54 58 60 61 65 67 69 70 76 78 80 82 83 87 88 89 90 91 94 95 96 99 100 101 105 108 109 114 115 117 
117 42        3 6 7 11 14 17 19 23 24 27 30 34 37 38 40 42 45 46 47 48 51 53 54 55 60 62 64 67 68 73 74 76 78 82 83 85 86 88 91 93 96 99 101 105 109 111 116 118 
118 52        5 8 9 10 11 15 16 19 23 24 25 28 30 32 34 35 36 37 39 40 42 44 46 53 56 57 59 60 61 66 71 73 74 75 77 79 81 86 87 97 98 99 100 101 104 105 106 112 115 117 119 
119 90        3 4 5 11 12 13 22 23 30 32 35 39 40 42 43 44 52 56 61 63 68 69 70 74 75 81 83 84 86 87 88 89 92 99 104 105 108 109 113 114 118 
120 22        2 4 6 7 9 14 16 18 19 20 24 25 27 31 34 35 36 41 46 47 49 50 51 53 55 57 59 60 61 63 69 70 74 76 77 80 84 86 87 88 91 97 98 99 101 106 109 110 111 113 114 
