120 150
1 42          2 4 5 10 11 14 15 16 18 20 22 23 26 37 40 46 47 48 51 52 54 56 60 61 65 66 67 72 77 78 79 80 81 82 83 84 85 86 90 99 103 104 109 110 111 115 116 119 
2 98          1 9 10 11 12 18 19 20 23 24 30 32 33 36 37 38 39 40 41 42 43 44 45 49 51 52 53 55 56 57 58 59 65 66 74 80 81 82 86 87 89 91 95 96 107 109 110 116 117 119 
3 27          4 7 9 10 19 20 24 26 28 31 33 37 38 40 41 42 45 46 50 51 54 57 58 60 66 68 71 72 73 74 75 78 80 81 86 89 98 100 101 102 106 108 109 113 114 115 118 120 
4 21          1 3 7 8 13 21 24 25 29 34 36 40 47 48 50 53 57 59 61 63 68 71 74 76 77 79 80 84 85 86 89 90 93 94 95 99 108 109 113 115 116 
5 71          1 7 8 10 13 14 17 18 19 23 25 27 29 31 34 38 39 40 48 49 53 56 57 60 61 62 63 64 65 67 68 75 78 79 80 83 85 86 88 91 92 94 97 100 101 103 105 109 110 114 115 116 118 
6 71          7 9 10 14 21 22 23 25 29 30 34 38 39 40 42 46 53 54 56 57 58 61 62 70 71 72 73 75 79 80 83 84 85 91 93 94 95 97 100 102 105 106 109 111 115 117 120 
7 78          3 4 5 6 8 11 13 14 15 16 24 27 29 30 32 34 35 37 38 41 42 46 51 52 56 59 60 65 66 68 69 70 72 74 75 76 79 85 87 89 90 91 92 93 95 97 100 101 103 104 105 106 108 109 110 113 116 117 118 120 
8 76          4 5 7 18 20 23 26 27 32 35 38 39 41 43 45 47 52 53 54 57 62 63 65 66 69 72 76 77 79 81 83 85 87 88 89 90 92 100 102 104 105 106 116 117 118 
9 57          2 3 6 17 19 20 25 29 31 34 36 38 41 42 44 45 48 49 52 57 65 67 69 81 85 86 88 89 90 91 95 97 99 102 103 106 107 108 111 112 116 118 119 
10 24         1 2 3 5 6 17 20 22 26 27 28 29 33 34 42 45 46 48 49 50 51 53 55 62 68 69 71 72 73 78 79 80 81 86 93 94 95 103 104 105 107 108 109 111 113 114 115 117 120 
11 91         1 2 7 12 13 14 15 16 21 22 25 29 30 31 34 39 40 46 54 56 58 59 61 63 65 66 69 70 73 77 78 79 83 85 88 90 91 95 98 100 105 109 110 111 114 117 118 119 
12 84         2 11 13 15 16 17 19 21 22 23 26 28 30 35 36 38 41 43 44 45 46 47 51 56 57 59 63 65 67 69 73 75 76 77 78 79 80 81 84 85 86 87 89 92 93 94 96 98 100 101 102 105 107 108 114 115 116 118 
13 35         4 5 7 11 12 15 16 17 20 21 29 30 31 32 34 35 36 42 44 50 52 58 59 60 64 69 70 72 76 77 78 81 82 84 86 88 92 95 96 99 101 107 108 112 115 116 117 119 
14 25         1 5 6 7 11 17 20 21 25 26 28 37 49 55 56 57 58 59 64 71 72 73 75 76 79 82 87 89 94 95 97 101 103 105 107 109 110 112 113 115 118 119 
15 77         1 7 11 12 13 17 20 22 29 30 32 39 42 44 46 49 50 51 52 64 65 66 68 69 70 73 74 76 80 83 87 88 90 92 97 98 100 102 104 110 112 114 116 119 
16 96         1 7 11 12 13 23 25 28 31 32 33 34 46 47 49 50 51 52 53 59 61 62 65 66 67 68 70 77 83 85 90 91 92 93 94 99 101 104 107 109 113 115 117 118 119 
17 97         5 9 10 12 13 14 15 24 29 30 41 44 45 46 51 54 56 59 60 63 65 66 70 71 73 75 77 80 82 84 85 86 89 90 94 96 100 104 109 111 114 115 116 117 118 120 
18 89         1 2 5 8 21 27 31 32 37 39 41 42 45 46 47 49 57 61 63 65 66 70 73 76 77 78 80 82 83 85 87 88 93 102 106 108 110 111 112 113 117 118 119 120 
19 30         2 3 5 9 12 20 22 23 24 26 28 29 34 35 37 42 44 48 49 51 54 57 60 61 62 63 67 69 70 74 75 84 88 89 91 94 95 99 101 102 104 107 111 112 120 
20 86         1 2 3 8 9 10 13 14 15 19 22 25 26 27 29 32 33 34 35 36 37 38 45 52 57 62 64 65 66 69 72 73 75 76 77 78 80 81 82 83 84 85 86 88 89 92 94 103 105 106 110 111 117 118 119 
21 81         4 6 11 12 13 14 18 22 24 26 32 33 34 35 39 43 46 47 49 50 52 54 58 62 63 66 69 75 76 78 81 82 83 88 90 91 94 97 98 99 101 104 105 106 110 114 
22 39         1 6 10 11 12 15 19 20 21 24 25 26 33 35 37 39 40 42 43 44 45 46 49 60 64 65 67 69 74 76 77 79 81 83 86 89 91 92 95 96 100 102 104 105 106 108 117 
23 75         1 2 5 6 8 12 16 19 28 30 31 32 42 44 45 46 47 49 54 56 58 61 63 68 71 72 73 74 75 78 80 82 83 90 91 97 101 103 104 106 109 110 114 115 116 120 
24 66         2 3 4 7 17 19 21 22 25 26 27 31 37 40 44 46 50 51 56 61 62 64 66 68 69 72 75 76 82 84 86 89 91 95 97 98 102 105 108 110 114 118 
25 85         4 5 6 9 11 14 16 20 22 24 33 35 38 43 48 49 52 60 62 63 65 68 70 72 73 77 83 84 86 91 96 99 102 104 111 112 113 117 120 
26 36         1 3 8 10 12 14 19 20 21 22 24 28 34 40 41 42 46 47 48 49 52 56 58 59 61 63 66 69 70 73 74 76 78 80 88 90 91 92 94 95 96 97 99 100 103 109 111 114 115 116 120 
27 60         5 7 8 10 18 20 24 28 30 33 37 39 40 41 42 44 45 46 47 51 55 59 61 64 65 66 67 70 71 73 76 84 86 87 89 94 95 99 101 103 106 111 113 114 115 119 120 
28 56         3 10 12 14 16 19 23 26 27 31 32 34 36 38 41 42 43 45 50 51 55 56 62 64 65 66 71 73 80 81 82 86 87 88 89 90 99 100 101 102 105 108 111 113 114 119 120 
29 50         4 5 6 7 9 10 11 13 15 17 19 20 34 35 36 37 38 39 41 45 49 50 51 52 56 57 65 66 67 70 71 72 75 76 79 80 81 82 83 91 92 101 102 105 108 109 112 113 115 116 117 
30 75         2 6 7 11 12 13 15 17 23 27 31 37 38 39 42 45 48 53 56 57 61 62 63 64 65 67 68 70 71 76 78 80 82 90 91 92 93 95 97 100 104 105 111 114 117 120 
31 75         3 5 9 11 13 16 18 23 24 28 30 32 33 36 37 41 51 52 58 61 64 65 67 68 71 73 78 81 84 89 90 91 93 94 95 97 99 100 101 103 105 108 110 119 
32 37         2 7 8 13 15 16 18 20 21 23 28 31 33 37 38 39 43 44 45 46 51 54 57 58 59 60 64 66 68 70 71 72 73 75 82 83 86 89 96 100 101 103 107 111 116 117 118 119 
33 87         2 3 10 16 20 21 22 25 27 31 32 34 35 37 41 43 45 48 54 55 58 59 60 61 63 66 69 70 72 73 74 75 77 78 81 84 92 93 99 102 107 109 110 112 114 116 118 120 
34 95         4 5 6 7 9 10 11 13 16 19 20 21 26 28 29 33 38 40 41 43 46 47 48 49 53 54 58 62 66 70 71 72 73 75 76 82 84 85 87 89 93 94 95 96 98 100 106 109 110 112 116 117 120 
35 21         7 8 12 13 19 20 21 22 25 29 33 39 40 41 42 43 44 45 49 50 52 55 58 60 61 64 65 69 70 73 80 86 87 90 96 100 101 104 105 108 115 119 120 
36 99         2 4 9 12 13 20 28 29 31 38 40 42 44 45 47 50 52 56 57 58 60 62 65 66 68 70 75 76 79 84 87 89 91 92 93 95 98 101 102 103 104 105 106 107 109 110 114 
37 42         1 2 3 7 14 18 19 20 22 24 27 29 30 31 32 33 42 44 45 46 52 57 58 59 60 61 62 64 65 67 68 72 75 78 80 81 84 85 86 87 88 90 91 93 105 106 109 115 116 117 118 119 
38 57         2 3 5 6 7 8 9 12 20 25 28 29 30 32 34 36 42 43 44 48 54 57 64 65 68 70 71 74 75 76 81 82 84 86 89 90 93 96 97 103 106 109 110 111 116 117 120 
39 31         2 5 6 8 11 15 18 21 22 27 29 30 32 35 41 44 47 50 52 54 55 59 63 80 83 87 91 95 98 101 103 104 105 108 110 116 117 119 120 
40 37         1 2 3 4 5 6 11 22 24 26 27 34 35 36 42 43 48 50 52 53 58 65 69 71 72 73 74 76 78 81 82 83 86 87 91 94 95 96 100 104 108 109 117 118 119 120 
41 42         2 3 7 8 9 12 17 18 26 27 28 29 31 33 34 35 39 43 45 46 48 51 53 54 56 58 60 62 66 67 68 69 75 76 79 80 85 86 89 94 95 96 97 99 101 104 105 107 109 110 111 113 114 115 117 118 
42 40         2 3 6 7 9 10 13 15 18 19 22 23 26 27 28 30 35 36 37 38 40 46 47 49 55 58 61 65 66 67 69 70 71 72 74 75 76 79 86 90 92 93 95 97 98 99 100 103 105 106 109 111 113 114 118 
43 69         2 8 12 21 22 25 28 32 33 34 35 38 40 41 45 46 47 48 50 51 52 53 55 57 58 60 65 69 71 72 75 76 80 82 83 84 86 87 90 91 92 93 94 99 100 103 104 111 115 117 
44 91         2 9 12 13 15 17 19 22 23 24 27 32 35 36 37 38 39 47 49 51 53 54 60 61 65 67 68 75 77 80 82 83 85 87 90 91 98 100 102 103 107 108 109 112 115 117 118 119 120 
45 45         2 3 8 9 10 12 17 18 20 22 23 27 28 29 30 32 33 35 36 37 41 43 46 48 50 55 56 61 62 75 77 78 79 80 84 85 87 88 90 94 96 101 104 107 108 109 113 117 120 
46 97         1 3 6 7 10 11 12 15 16 17 18 21 22 23 24 26 27 32 34 37 41 42 43 45 50 52 53 60 61 64 65 67 68 69 72 75 78 82 83 86 87 91 95 97 98 101 103 107 114 116 119 
47 84         1 4 8 12 16 18 21 23 26 27 34 36 39 42 43 44 48 49 50 52 53 54 56 58 59 60 61 68 69 70 71 72 79 85 86 87 89 91 93 96 98 99 100 102 104 105 109 112 114 116 
48 90         1 4 5 9 10 19 25 26 30 33 34 38 40 41 43 45 47 49 51 56 57 63 64 65 68 71 82 83 86 87 93 96 98 101 106 108 113 114 116 118 119 120 
49 52         2 5 9 10 14 15 16 18 19 21 22 23 25 26 29 34 35 42 44 47 48 51 53 54 55 57 62 73 75 76 78 79 82 85 90 92 94 96 97 103 108 112 113 116 
50 43         3 4 10 13 15 16 21 24 28 29 35 36 39 40 43 45 46 47 52 54 57 64 66 68 74 75 84 88 90 91 93 96 98 99 100 105 106 107 108 109 113 114 
51 68         1 2 3 7 10 12 15 16 17 19 24 27 28 29 31 32 41 43 44 48 49 53 57 58 60 66 68 70 71 72 75 79 80 81 82 87 88 92 98 101 103 105 110 111 114 118 119 120 
52 53         1 2 7 8 9 13 15 16 20 21 25 26 29 31 35 36 37 39 40 43 46 47 50 53 54 55 57 64 66 67 70 72 77 80 82 85 86 89 92 98 99 102 111 112 113 114 
53 37         2 4 5 6 8 10 16 30 34 40 41 43 44 46 47 49 51 52 54 56 58 59 60 62 63 65 66 67 71 73 80 89 96 97 98 102 108 114 115 
54 65         1 3 6 8 11 17 19 21 23 32 33 34 38 39 41 44 47 49 50 52 53 56 58 60 61 62 72 73 75 76 77 78 80 84 86 88 89 93 95 101 107 108 109 111 112 113 115 116 117 118 120 
55 79         2 10 14 27 28 33 35 39 42 43 45 49 52 60 67 71 73 75 76 78 81 83 84 87 88 91 92 94 95 98 101 105 106 111 113 119 120 
56 73         1 2 5 6 7 11 12 14 17 23 24 26 28 29 30 36 41 45 47 48 53 54 57 61 63 69 70 76 78 81 82 84 87 91 97 98 101 102 103 106 108 116 117 118 120 
57 92         2 3 4 5 6 8 9 12 14 18 19 20 29 30 32 36 37 38 43 48 49 50 51 52 56 59 62 63 64 68 70 71 72 73 76 77 82 84 86 88 89 90 91 94 97 100 106 107 116 117 119 120 
58 87         2 3 6 11 13 14 21 23 26 31 32 33 34 35 36 37 40 41 42 43 47 51 53 54 59 60 61 62 63 64 68 69 71 72 80 81 82 83 85 86 89 90 95 96 97 98 100 103 106 108 109 110 111 113 115 116 120 
59 20         2 4 7 11 12 13 14 16 17 26 27 32 33 37 39 47 53 57 58 62 65 68 71 78 79 81 84 87 88 91 92 102 105 107 111 112 116 117 118 120 
60 20         1 3 5 7 13 17 19 22 25 32 33 35 36 37 41 43 44 46 47 51 53 54 55 58 61 64 67 70 71 72 75 77 79 86 87 90 91 94 96 97 101 103 105 106 110 112 114 115 118 
61 73         1 4 5 6 11 16 18 19 23 24 26 27 30 31 33 35 37 42 44 45 46 47 54 56 58 60 66 78 79 82 84 88 89 90 92 100 101 104 105 106 110 111 112 118 
62 42         5 6 8 10 16 19 20 21 24 25 28 30 34 36 37 41 45 49 53 54 57 58 59 69 72 73 78 80 81 83 87 88 89 90 94 95 102 103 104 105 108 110 113 114 120 
63 52         4 5 8 11 12 17 18 19 21 23 25 26 30 33 39 48 53 56 57 58 64 66 68 69 70 71 72 74 76 82 85 87 91 92 97 99 101 103 105 108 109 112 113 114 118 
64 20         5 13 14 15 20 22 24 27 28 30 31 32 35 37 38 46 48 50 52 57 58 60 63 65 68 69 70 71 72 74 75 76 80 82 91 95 96 99 106 107 108 113 118 119 120 
65 24         1 2 5 7 8 9 11 12 15 16 17 18 20 22 25 27 28 29 30 31 35 36 37 38 40 42 43 44 46 48 53 59 64 69 71 72 73 76 80 81 83 89 94 97 104 108 111 112 115 117 119 
66 76         1 2 3 7 8 11 15 16 17 18 20 21 24 26 27 28 29 32 33 34 36 41 42 50 51 52 53 61 63 73 76 77 81 84 86 88 89 93 95 96 97 100 101 102 103 105 107 112 113 116 
67 71         1 5 9 12 16 19 22 27 29 30 31 37 41 42 44 46 52 53 55 60 74 75 77 81 88 91 94 95 97 102 106 107 109 110 111 113 115 
68 72         3 4 5 7 10 15 16 23 24 25 30 31 32 36 37 38 41 44 46 47 48 50 51 57 58 59 63 64 73 75 78 81 83 84 87 88 89 90 92 98 99 101 110 111 112 116 117 119 120 
69 21         7 8 9 10 11 12 13 15 19 20 21 22 24 26 33 35 40 41 42 43 46 47 56 58 62 63 64 65 70 71 72 73 76 77 80 81 82 83 84 85 86 88 89 91 92 97 103 110 111 112 113 116 117 118 
70 21         6 7 11 13 15 16 17 18 19 25 26 27 29 30 32 33 34 35 36 38 42 47 51 52 56 57 60 63 64 69 73 74 75 76 79 82 86 89 90 92 94 96 97 104 105 107 108 109 111 114 115 116 119 120 
71 82         3 4 6 10 14 17 23 27 28 29 30 31 32 34 38 40 42 43 47 48 51 53 55 57 58 59 60 63 64 65 69 72 73 76 78 79 84 85 87 91 98 99 103 104 106 110 111 112 113 116 120 
72 92         1 3 6 7 8 10 13 14 20 23 24 25 29 32 33 34 37 40 42 43 46 47 51 52 54 57 58 60 62 63 64 65 69 71 73 75 77 80 82 85 86 89 90 92 93 94 95 99 102 103 107 109 110 112 113 117 119 
73 78         3 6 10 11 12 14 15 17 18 20 23 25 26 27 28 31 32 33 34 35 40 49 53 54 55 57 62 65 66 68 69 70 71 72 74 75 78 81 82 84 86 87 90 91 95 96 98 103 107 108 109 115 117 120 
74 87         2 3 4 7 15 19 22 23 26 33 38 40 42 50 63 64 67 70 73 76 77 79 80 81 82 86 88 90 91 92 94 98 103 106 110 112 113 115 
75 50         3 5 6 7 12 14 17 19 20 21 23 24 29 32 33 34 36 37 38 41 42 43 44 45 46 49 50 51 54 55 60 64 67 68 70 72 73 80 81 83 85 91 92 94 95 96 98 103 106 110 113 114 117 118 119 120 
76 41         4 7 8 12 13 14 15 18 20 21 22 24 26 27 29 30 34 36 38 40 41 42 43 49 54 55 56 57 63 64 65 66 69 70 71 74 80 81 83 84 85 86 91 93 94 96 103 104 105 107 108 112 120 
77 31         1 4 8 11 12 13 16 17 18 20 22 25 33 44 45 52 54 57 60 66 67 69 72 74 79 80 81 82 84 87 93 95 97 99 102 105 109 112 
78 73         1 3 5 10 11 12 13 18 20 21 23 26 30 31 33 37 40 45 46 49 54 55 56 59 61 62 68 71 73 80 82 84 86 87 90 92 94 98 100 101 102 104 105 106 108 110 111 112 113 120 
79 89         1 4 5 6 7 8 10 11 12 14 22 29 36 41 42 45 47 49 51 59 60 61 70 71 74 77 85 88 91 92 93 97 98 99 104 108 110 112 113 116 117 118 119 
80 59         1 2 3 4 5 6 10 12 15 17 18 20 23 26 28 29 30 35 37 39 41 43 44 45 51 52 53 54 58 62 64 65 69 72 74 75 76 77 78 84 85 86 87 91 93 94 97 98 104 105 107 108 112 113 118 119 
81 88         1 2 3 8 9 10 12 13 20 21 22 28 29 31 33 37 38 40 51 55 56 58 59 62 65 66 67 68 69 73 74 75 76 77 83 85 87 88 90 91 92 99 101 104 105 107 108 110 112 117 
82 40         1 2 13 14 17 18 20 21 23 24 28 29 30 32 34 38 40 43 44 46 48 49 51 52 56 57 58 61 63 64 69 70 72 73 74 77 78 85 87 88 91 95 96 97 100 101 102 104 105 110 111 
83 71         1 5 6 8 11 15 16 18 20 21 22 23 25 29 32 39 40 43 44 46 48 55 58 62 65 68 69 75 76 81 84 85 86 87 88 91 95 96 98 100 101 103 104 106 113 114 117 
84 69         1 4 6 12 13 17 19 20 24 25 27 31 33 34 36 37 38 43 45 50 54 55 56 57 59 61 66 68 69 71 73 76 77 78 80 83 86 88 91 93 95 98 102 105 112 114 115 116 119 
85 45         1 4 5 6 7 8 9 11 12 16 17 18 20 34 37 41 44 45 47 49 52 58 63 69 71 72 75 76 79 80 81 82 83 90 93 97 98 100 103 104 107 108 111 112 113 116 120 
86 57         1 2 3 4 5 9 10 12 13 17 20 22 24 25 27 28 32 35 37 38 40 41 42 43 46 47 48 52 54 57 58 60 66 69 70 72 73 74 76 78 80 83 84 87 89 90 92 93 96 99 102 104 105 110 111 113 117 119 
87 49         2 7 8 12 14 15 18 27 28 34 35 36 37 39 40 43 44 45 46 47 48 51 55 56 59 60 62 63 68 71 73 77 78 80 81 82 83 86 88 91 93 94 95 97 98 99 106 107 108 116 118 
88 68         5 8 9 11 13 15 18 19 20 21 26 28 37 45 50 51 54 55 57 59 61 62 66 67 68 69 74 79 81 82 83 84 87 94 100 102 104 107 110 112 113 114 120 
89 84         2 3 4 7 8 9 12 14 17 19 20 22 24 27 28 31 32 34 36 38 41 47 52 53 54 57 58 61 62 65 66 68 69 70 72 86 90 102 103 108 109 112 113 116 118 
90 32         1 4 7 8 9 11 15 16 17 21 23 26 28 30 31 35 37 38 42 43 44 45 49 50 57 58 60 61 62 68 70 72 73 74 78 81 85 86 89 93 97 99 100 106 109 110 111 113 115 
91 69         2 5 6 7 9 11 16 19 21 22 23 24 25 26 29 30 31 36 37 39 40 43 44 46 47 50 55 56 57 59 60 63 64 67 69 71 73 74 75 76 79 80 81 82 83 84 87 93 96 98 99 101 102 106 107 109 113 
92 77         5 7 8 12 13 15 16 20 22 26 29 30 33 36 42 43 49 51 52 55 59 61 63 68 69 70 72 74 75 78 79 81 86 94 96 99 104 109 110 111 113 114 115 119 
93 92         4 6 7 10 12 16 18 30 31 33 34 36 37 38 42 43 47 48 50 54 66 72 76 77 79 80 84 85 86 87 90 91 98 103 105 106 108 109 113 118 120 
94 98         4 5 6 10 12 14 16 17 19 20 21 26 27 31 34 40 41 43 45 49 55 57 60 62 65 67 70 72 74 75 76 78 80 87 88 92 97 99 104 105 107 109 110 111 115 117 118 
95 57         2 4 6 7 9 10 11 13 14 19 22 24 26 27 30 31 34 36 39 40 41 42 46 54 55 58 62 64 66 67 72 73 75 77 82 83 84 87 96 99 101 103 104 105 110 111 112 116 117 118 
96 39         2 12 13 17 22 25 26 32 34 35 38 40 41 45 47 48 49 50 53 58 60 64 66 70 73 75 76 82 83 86 91 92 95 98 99 106 109 111 114 118 119 120 
97 32         5 6 7 9 14 15 21 23 24 26 30 31 38 41 42 46 49 53 56 57 58 60 63 65 66 67 69 70 77 79 80 82 85 87 90 94 100 101 102 103 104 108 111 112 118 
98 23         3 11 12 15 21 24 34 36 39 42 44 46 47 48 50 51 52 53 55 56 58 68 71 73 74 75 78 79 80 83 84 85 87 91 93 96 99 101 102 103 113 116 
99 99         1 4 9 13 16 19 21 25 26 27 28 31 33 41 42 43 47 50 52 63 64 68 71 72 77 79 81 86 87 90 91 92 94 95 96 98 102 103 106 107 112 114 116 117 
100 91        3 5 6 7 8 11 12 15 17 22 26 28 30 31 32 34 35 40 42 43 44 47 50 57 58 61 66 78 82 83 85 88 90 97 101 106 107 108 110 115 118 
101 48        3 5 7 12 13 14 16 19 21 23 27 28 29 31 32 35 36 39 41 45 46 48 51 54 55 56 60 61 63 66 68 78 81 82 83 91 95 97 98 100 102 103 106 107 110 114 117 120 
102 21        3 6 8 9 12 15 18 19 22 24 25 28 29 33 36 44 47 52 53 56 59 62 66 67 72 77 78 82 84 86 88 89 91 97 98 99 101 104 107 108 110 112 117 118 119 
103 70        1 5 7 9 10 14 20 23 26 27 31 32 36 38 39 42 43 44 46 49 51 56 58 60 62 63 66 69 71 72 73 74 75 76 83 85 89 93 95 97 98 99 101 104 105 106 108 109 111 112 115 119 120 
104 43        1 7 8 10 15 16 17 19 21 22 23 25 30 35 36 39 40 41 43 45 47 61 62 65 70 71 76 78 79 80 81 82 83 85 86 88 92 94 95 97 102 103 106 107 108 112 114 115 116 118 
105 73        5 6 7 8 10 11 12 14 20 21 22 24 28 29 30 31 35 36 37 39 41 42 47 50 51 55 59 60 61 62 63 66 70 76 77 78 80 81 82 84 86 93 94 95 103 109 110 114 
106 69        3 6 7 8 9 18 20 21 22 23 27 34 36 37 38 42 48 50 55 56 57 58 60 61 64 67 71 74 75 78 83 87 90 91 93 96 99 100 101 103 104 109 111 113 114 115 118 119 120 
107 65        2 9 10 12 13 14 16 19 32 33 36 41 44 45 46 50 54 57 59 64 66 67 70 72 73 76 80 81 85 87 88 91 94 99 100 101 102 104 110 111 112 113 
108 57        3 4 7 9 10 12 13 18 22 24 28 29 31 35 39 40 44 45 48 49 50 53 54 56 58 62 63 64 65 70 73 76 78 79 80 81 85 87 89 93 97 100 102 103 104 111 112 115 117 119 120 
109 67        1 2 3 4 5 6 7 10 11 14 16 17 23 26 29 33 34 36 37 38 40 41 42 44 45 47 50 54 58 63 67 70 72 73 77 89 90 91 92 93 94 96 103 105 106 110 112 117 118 120 
110 28        1 2 5 7 11 14 15 18 20 21 23 24 31 33 34 36 38 39 41 51 58 60 61 62 67 68 69 71 72 74 75 78 79 81 82 86 88 90 92 94 95 100 101 102 105 107 109 116 117 118 120 
111 84        1 6 9 10 11 17 18 19 20 25 26 27 28 30 32 38 41 42 43 51 52 54 55 58 59 61 65 67 68 69 70 71 78 82 85 86 90 92 94 95 96 97 103 106 107 108 114 116 119 120 
112 42        9 13 14 15 18 19 25 29 33 34 44 47 49 52 54 59 60 61 63 65 66 68 69 71 72 74 76 77 78 79 80 81 84 85 88 89 95 97 99 102 103 104 107 108 109 115 117 118 
113 61        3 4 7 10 14 16 18 25 27 28 29 41 42 45 48 49 50 52 54 55 58 62 63 64 66 67 69 71 72 74 75 78 79 80 83 85 86 88 89 90 91 92 93 98 106 107 
114 92        3 5 10 11 12 15 17 21 23 24 26 27 28 30 33 36 41 42 46 47 48 50 51 52 53 60 62 63 70 75 83 84 88 92 96 99 101 104 105 106 111 116 119 
115 82        1 3 4 5 6 10 12 13 14 16 17 23 26 27 29 35 37 41 43 44 53 54 58 60 65 67 70 73 74 84 90 92 94 100 103 104 106 108 112 117 118 119 
116 34        1 2 4 5 7 8 9 12 13 15 17 23 26 29 32 33 34 37 38 39 46 47 48 49 54 56 57 58 59 66 68 69 70 71 79 84 85 87 89 95 98 99 104 110 111 114 
117 74        2 6 7 8 10 11 13 16 17 18 20 22 25 29 30 32 34 37 38 39 40 41 43 44 45 54 56 57 59 65 68 69 72 73 75 79 81 83 86 94 95 99 101 102 108 109 110 112 115 118 120 
118 55        3 5 7 8 9 11 12 14 16 17 18 20 24 32 33 37 40 41 42 44 48 51 54 56 59 60 61 63 64 69 75 79 80 87 89 93 94 95 96 97 100 102 104 106 109 110 112 115 117 120 
119 60        1 2 9 11 13 14 15 16 18 20 27 28 31 32 35 37 39 40 44 46 48 51 55 57 64 65 68 70 72 75 79 80 84 86 92 96 102 103 106 108 111 114 115 120 
120 69        3 6 7 10 17 18 19 23 25 26 27 28 30 33 34 35 38 39 40 44 45 48 51 54 55 56 57 58 59 62 64 68 70 71 73 75 76 78 85 88 93 96 101 103 106 108 109 110 111 117 118 119 
