120 150
1 26          10 12 26 35 39 40 41 43 65 75 84 91 92 95 96 108 113 117 120 
2 25          3 9 11 16 22 33 37 44 46 58 71 75 77 78 107 111 115 118 
3 67          2 4 10 47 52 59 70 71 95 98 100 108 
4 77          3 18 24 35 52 53 66 97 120 
5 67          12 27 28 40 61 76 92 97 101 102 119 
6 79          9 24 44 57 65 70 78 114 115 120 
7 47          9 11 13 20 49 60 69 
8 84          9 25 61 64 68 69 90 101 
9 50          2 6 7 8 20 22 47 55 80 88 90 102 
10 21         1 3 17 33 42 52 57 58 63 79 94 98 101 102 109 116 
11 87         2 7 17 39 41 50 51 67 75 91 99 102 108 114 
12 83         1 5 13 32 33 38 41 43 55 69 76 90 91 93 104 107 
13 44         7 12 18 19 30 42 47 50 61 72 85 95 114 120 
14 88         16 37 43 53 59 80 91 95 99 105 
15 78         30 43 47 51 58 73 75 83 92 93 105 
16 53         2 14 17 34 53 69 71 74 79 80 113 116 
17 78         10 11 16 27 42 43 47 48 52 53 61 74 76 96 99 101 102 
18 37         4 13 19 30 68 76 80 81 84 93 97 106 108 118 
19 47         13 18 20 28 31 39 42 49 62 63 88 89 100 112 
20 52         7 9 19 47 50 65 80 84 86 104 
21 32         34 40 49 50 111 112 116 
22 88         2 9 23 29 48 73 75 87 100 102 
23 85         22 24 26 29 42 47 64 77 81 83 87 113 118 
24 82         4 6 23 55 59 67 81 84 95 109 115 
25 55         8 29 54 57 78 84 90 97 108 
26 41         1 23 32 35 92 108 117 119 
27 60         5 17 31 54 86 89 96 101 102 106 109 110 
28 66         5 19 29 36 42 43 50 58 63 69 74 99 101 
29 78         22 23 25 28 70 79 81 114 
30 72         13 15 18 46 53 99 105 115 118 
31 34         19 27 41 43 45 47 57 73 87 91 97 109 110 
32 64         12 26 35 38 52 66 96 116 
33 20         2 10 12 53 60 86 87 95 103 
34 60         16 21 41 43 45 63 68 70 71 73 76 83 86 95 
35 100        1 4 26 32 40 48 51 64 88 98 119 
36 62         28 38 52 60 67 72 81 95 99 119 
37 80         2 14 39 53 55 58 70 75 80 83 92 100 105 110 119 
38 34         12 32 36 44 49 52 53 92 102 
39 68         1 11 19 37 42 45 55 56 59 62 67 68 111 112 
40 38         1 5 21 35 43 45 52 55 75 101 118 
41 32         1 11 12 31 34 45 48 71 73 84 88 91 105 110 112 115 117 
42 32         10 13 17 19 23 28 39 57 61 62 69 81 90 107 
43 37         1 12 14 15 17 28 31 34 40 64 96 103 
44 82         2 6 38 45 59 62 81 97 100 101 112 115 
45 98         31 34 39 40 41 44 48 68 71 74 82 101 106 
46 90         2 30 49 53 57 62 65 73 87 92 106 112 119 
47 58         3 9 13 15 17 20 23 31 49 55 94 99 109 
48 97         17 22 35 41 45 67 72 75 88 91 93 
49 56         7 19 21 38 46 47 56 75 88 91 93 106 118 
50 34         11 13 20 21 28 65 66 69 76 85 91 
51 70         11 15 35 59 60 82 88 94 
52 39         3 4 10 17 32 36 38 40 84 107 111 113 115 
53 56         4 14 16 17 30 33 37 38 46 66 71 84 109 112 115 117 
54 69         25 27 57 58 67 68 75 82 98 114 116 
55 36         9 12 24 37 39 40 47 59 69 95 106 111 115 
56 20         39 49 69 70 76 87 100 106 107 109 118 
57 99         6 10 25 31 42 46 54 67 71 75 86 99 104 115 116 118 
58 84         2 10 15 28 37 54 59 62 71 83 95 
59 53         3 14 24 39 44 51 55 58 66 68 70 80 98 117 
60 27         7 33 36 51 61 62 78 82 84 87 93 114 116 119 
61 88         5 8 13 17 42 60 76 84 88 104 120 
62 53         19 39 42 44 46 58 60 78 79 83 94 96 
63 42         10 19 28 34 75 88 102 103 119 
64 45         8 23 35 43 93 100 101 102 116 
65 42         1 6 20 46 50 67 68 84 91 
66 31         4 32 50 53 59 76 85 87 93 100 107 111 
67 54         11 24 36 39 48 54 57 65 73 79 87 91 102 
68 60         8 18 34 39 45 54 59 65 71 77 85 90 94 99 109 118 
69 55         7 8 12 16 28 42 50 55 56 75 81 93 95 97 110 
70 27         3 6 29 34 37 56 59 72 85 
71 36         2 3 16 34 41 45 53 57 58 68 74 98 101 102 108 109 112 
72 31         13 36 48 70 78 81 83 89 98 99 116 120 
73 39         15 22 31 34 41 46 67 95 112 114 
74 91         16 17 28 45 71 97 103 119 
75 45         1 2 11 15 22 37 40 48 49 54 57 63 69 77 79 84 89 102 
76 97         5 12 17 18 34 50 56 61 66 79 88 91 94 96 97 101 102 115 
77 26         2 23 68 75 91 
78 80         2 6 25 60 62 72 80 82 110 112 
79 41         10 16 29 62 67 75 76 109 
80 56         9 14 16 18 20 37 59 78 89 91 99 102 112 
81 70         18 23 24 29 36 42 44 69 72 83 95 120 
82 97         45 51 54 60 78 91 101 108 
83 48         15 23 34 37 58 62 72 81 96 100 112 
84 87         1 18 20 24 25 41 52 53 60 61 65 75 116 117 120 
85 23         13 50 66 68 70 91 112 
86 32         20 27 33 34 57 98 109 118 
87 75         22 23 31 33 46 56 60 66 67 89 95 104 105 115 119 
88 100        9 19 35 41 48 49 51 61 63 76 106 109 110 112 117 
89 97         19 27 72 75 80 87 103 105 
90 51         8 9 12 25 42 68 92 94 95 107 108 
91 78         1 11 12 14 31 41 48 49 50 65 67 76 77 80 82 85 102 104 108 111 116 
92 78         1 5 15 26 37 38 46 90 93 96 97 103 105 106 116 
93 21         12 15 18 48 49 60 64 66 69 92 100 112 116 
94 72         10 47 51 62 68 76 90 103 113 
95 72         1 3 13 14 24 33 34 36 55 58 69 73 81 87 90 100 101 114 117 
96 79         1 17 27 32 43 62 76 83 92 104 111 114 
97 46         4 5 18 25 31 44 69 74 76 92 105 
98 30         3 10 35 54 59 71 72 86 120 
99 48         11 14 17 28 30 36 47 57 68 72 80 101 110 
100 27        3 19 22 37 44 56 64 66 83 93 95 117 
101 95        5 8 10 17 27 28 40 44 45 64 71 76 82 95 99 
102 48        5 9 10 11 17 22 27 38 63 64 67 71 75 76 80 91 112 
103 67        33 43 63 74 89 92 94 113 115 116 
104 58        12 20 57 61 87 91 96 110 
105 46        14 15 30 37 41 87 89 92 97 117 
106 92        18 27 45 46 49 55 56 88 92 113 
107 21        2 12 42 52 56 66 90 114 
108 82        1 3 11 18 25 26 71 82 90 91 110 
109 91        10 24 27 31 47 53 56 68 71 79 86 88 
110 40        27 31 37 41 69 78 88 99 104 108 117 120 
111 56        2 21 39 52 55 66 91 96 
112 24        19 21 39 41 44 46 53 71 73 78 80 83 85 88 93 102 
113 94        1 16 23 52 94 103 106 115 
114 44        6 11 13 29 54 60 73 95 96 107 
115 91        2 6 24 30 41 44 52 53 55 57 76 87 103 113 118 
116 92        10 16 21 32 54 57 60 64 72 84 91 92 93 103 
117 81        1 26 41 53 59 84 88 95 100 105 110 
118 24        2 18 23 30 40 49 56 57 68 86 115 
119 84        5 26 35 36 37 46 60 63 74 87 
120 44        1 4 6 13 61 72 81 84 98 110 
