120 150
1 42          2 3 4 5 6 7 8 9 10 12 13 14 15 16 18 20 21 22 23 25 27 30 31 32 33 34 36 37 38 40 41 42 44 46 47 48 49 50 51 52 53 54 56 57 59 60 61 65 67 68 69 70 71 72 73 74 75 76 77 78 79 80 82 84 85 86 87 88 89 90 91 93 94 95 96 97 98 100 101 102 103 104 105 106 107 108 109 111 112 113 115 117 118 119 120 
2 98          1 3 5 6 8 9 11 12 14 15 16 17 19 21 22 23 25 28 29 30 31 33 34 35 37 38 39 40 41 42 44 45 48 53 54 55 56 57 58 59 60 61 62 63 64 65 67 68 70 71 73 74 75 76 77 79 81 82 83 84 85 86 88 90 91 95 96 97 98 99 100 101 102 104 105 108 109 110 111 112 113 115 116 117 118 
3 27          1 2 4 5 7 8 10 11 12 14 15 16 17 18 19 20 22 23 24 25 26 28 29 31 32 33 35 36 37 38 41 45 46 47 48 49 50 51 52 54 55 56 57 58 59 60 61 62 63 64 65 66 67 69 70 71 72 74 75 76 79 80 81 83 85 86 87 88 90 91 92 93 95 96 97 98 99 100 101 103 104 105 106 107 108 109 111 113 114 115 116 117 118 
4 21          1 3 6 7 8 9 10 11 12 13 14 15 16 17 18 19 20 21 22 23 24 26 27 28 31 32 33 34 35 36 37 40 41 42 43 45 46 47 49 50 52 53 54 55 57 58 59 61 63 65 66 69 71 72 73 74 76 77 78 79 80 81 82 83 84 85 86 87 88 89 91 92 94 95 98 100 107 108 109 111 112 113 114 116 118 119 120 
5 71          1 2 3 7 8 10 12 14 15 16 17 20 21 22 23 24 27 28 30 32 33 34 36 37 38 39 40 41 42 44 45 46 47 48 49 51 52 53 54 55 57 58 59 61 62 63 64 65 66 67 69 71 72 73 74 75 76 77 78 79 81 83 84 85 86 88 89 90 92 93 95 96 98 99 100 101 102 104 106 107 109 110 112 113 114 116 117 119 
6 71          1 2 4 7 8 9 10 13 14 15 16 17 18 19 20 21 22 23 24 25 26 27 29 30 31 33 35 36 37 38 39 40 42 44 45 46 47 48 49 51 52 54 55 56 57 58 59 61 63 65 67 68 69 70 71 72 73 75 76 77 78 79 80 81 82 83 84 86 87 88 89 90 91 92 93 94 95 96 97 98 99 100 101 103 104 105 106 107 109 110 111 112 113 116 118 119 120 
7 78          1 3 4 5 6 8 9 11 12 13 15 16 17 18 19 21 22 23 24 25 26 27 28 29 30 31 33 35 36 38 39 41 43 46 47 48 49 50 51 52 53 55 56 57 58 59 61 62 63 64 65 67 68 69 72 73 74 75 78 79 80 81 82 83 84 85 86 87 88 89 90 91 93 94 95 97 98 99 100 101 102 103 104 107 109 110 111 114 115 116 118 119 120 
8 76          1 2 3 4 5 6 7 9 10 11 12 13 16 17 20 22 23 25 27 28 30 31 32 33 34 36 37 38 40 41 42 45 46 49 50 51 54 55 56 58 59 60 61 62 63 66 67 68 70 71 72 74 75 76 77 78 81 82 84 86 87 88 90 91 93 94 95 96 97 98 99 100 101 102 103 104 105 106 107 108 109 110 111 113 114 115 116 117 119 
9 57          1 2 4 6 7 8 10 11 12 13 14 15 17 18 19 22 23 24 27 28 29 31 33 34 35 36 37 38 39 40 41 42 43 45 46 47 50 52 55 56 57 59 60 62 63 66 67 68 69 70 71 72 73 74 76 77 78 79 80 81 82 83 84 85 86 87 88 89 90 91 92 93 95 96 97 98 99 100 101 102 103 104 105 107 108 109 110 111 112 114 115 116 117 120 
10 24         1 3 4 5 6 8 9 11 12 13 14 15 16 20 21 22 23 25 26 27 28 31 33 34 35 36 37 39 41 42 43 44 45 46 47 48 49 50 51 52 53 54 56 59 60 61 62 63 64 65 66 67 68 69 70 71 72 73 74 75 76 77 78 79 80 81 82 84 85 86 88 89 90 91 92 93 94 95 96 97 98 99 103 105 107 108 109 110 111 112 113 114 115 116 118 119 120 
11 91         2 3 4 7 8 9 10 12 13 14 17 18 20 21 23 24 25 26 27 28 29 32 33 34 35 36 37 38 39 40 41 42 43 44 45 47 49 51 53 54 55 56 57 58 60 61 62 63 65 67 68 69 71 73 74 76 77 78 79 80 81 82 83 84 85 86 87 89 90 91 92 93 94 95 97 98 100 101 103 104 106 107 110 111 112 113 114 116 117 119 120 
12 84         1 2 3 4 5 7 8 9 10 11 13 14 16 17 18 20 21 22 23 24 25 26 27 28 29 30 31 32 33 35 37 38 40 41 42 43 44 45 46 47 48 49 50 52 53 54 55 56 57 58 59 60 61 62 63 64 65 66 70 71 73 74 76 78 79 80 82 83 84 87 88 90 92 93 95 96 97 98 99 100 101 103 104 105 106 107 108 109 111 112 113 114 115 116 118 120 
13 35         1 4 6 7 8 9 10 11 12 14 17 19 21 22 23 25 26 27 28 30 31 32 33 34 35 36 37 38 39 41 42 43 44 45 46 47 48 49 50 53 54 55 57 59 61 63 64 65 66 67 68 70 71 72 73 74 75 76 77 78 79 81 82 83 86 87 90 92 93 94 95 96 98 100 101 102 103 104 106 107 108 109 110 111 112 113 114 115 117 118 119 120 
14 25         1 2 3 4 5 6 9 10 11 12 13 15 16 19 20 21 23 24 25 26 28 29 30 31 32 34 35 36 37 38 39 40 41 43 44 45 46 47 48 49 50 51 52 53 54 56 58 59 60 61 62 63 64 65 66 67 68 70 71 72 73 74 76 77 78 79 80 81 82 83 84 85 86 87 88 89 90 91 92 93 94 95 96 97 98 99 101 102 103 104 105 106 109 110 111 112 113 114 116 117 118 119 120 
15 77         1 2 3 4 5 6 7 9 10 14 16 17 18 19 20 21 22 23 24 25 26 27 28 29 30 31 32 33 34 35 36 37 38 39 40 41 42 43 45 47 48 49 50 51 52 53 54 55 56 57 58 60 61 62 64 65 66 67 69 70 72 73 74 75 77 79 81 82 84 85 86 87 88 90 91 92 95 96 101 102 103 104 105 107 109 110 111 112 114 115 118 119 
16 96         1 2 3 4 5 6 7 8 10 12 14 15 17 18 21 22 24 25 26 27 29 30 32 33 34 35 37 38 39 40 41 42 43 44 46 47 48 49 51 52 53 55 57 58 59 60 61 62 63 64 65 66 67 68 69 70 72 74 75 76 77 78 79 81 82 83 84 85 87 88 89 92 93 95 96 98 99 100 101 102 103 104 105 107 108 109 110 112 113 114 115 116 117 118 119 
17 97         2 3 4 5 6 7 8 9 11 12 13 15 16 18 19 20 21 22 23 24 25 29 30 31 32 33 34 35 36 37 38 39 40 41 42 43 44 45 46 49 50 51 52 54 55 57 58 60 61 62 63 64 65 66 67 68 69 70 71 72 73 74 75 76 77 78 79 80 81 82 83 85 87 88 89 91 92 93 94 95 96 97 98 99 102 103 104 105 106 108 109 110 111 112 113 114 115 116 117 118 119 120 
18 89         1 3 4 6 7 9 11 12 15 16 17 19 20 21 22 23 24 26 27 28 29 35 37 38 39 40 41 42 44 45 46 47 48 49 50 51 52 53 54 56 57 58 59 60 61 62 63 64 65 66 67 68 69 70 71 72 74 75 76 78 81 82 83 84 85 86 87 88 89 90 91 92 93 94 95 96 97 98 99 100 101 102 104 105 107 108 109 110 111 112 113 114 115 116 118 119 120 
19 30         2 3 4 6 7 9 13 14 15 17 18 20 21 22 23 24 25 26 27 29 30 31 32 33 34 35 36 38 39 40 41 42 44 45 46 47 48 49 50 51 52 54 55 56 59 60 61 62 63 64 65 67 68 70 71 72 73 74 75 76 77 78 79 81 82 84 86 87 88 89 90 91 92 93 95 97 98 100 101 102 103 104 105 106 107 109 110 111 112 115 117 118 119 120 
20 86         1 3 4 5 6 8 10 11 12 14 15 17 18 19 21 22 23 24 25 28 29 30 31 32 33 34 35 36 37 38 41 42 43 44 46 47 48 49 50 51 52 53 54 55 56 57 58 59 60 62 63 64 65 66 67 70 71 72 73 74 75 76 77 78 79 81 82 83 84 86 87 88 89 90 91 92 93 94 95 98 99 100 101 103 104 105 106 107 108 109 110 111 112 113 114 115 116 117 118 119 
21 81         1 2 4 5 6 7 10 11 12 13 14 15 16 17 18 19 20 22 23 24 25 26 27 28 29 30 31 32 33 35 36 38 39 40 41 42 43 45 46 47 48 49 50 51 54 55 57 59 60 63 64 65 67 68 69 70 71 72 74 75 76 77 78 79 80 81 82 84 85 86 87 88 89 91 92 95 97 98 100 101 102 103 104 105 106 107 108 109 111 112 113 114 115 116 117 118 120 
22 39         1 2 3 4 5 6 7 8 9 10 12 13 15 16 17 18 19 20 21 24 25 27 28 29 30 31 32 33 34 35 36 37 38 39 40 41 42 43 44 45 46 47 48 49 50 51 52 53 54 55 56 58 59 60 61 62 63 64 65 68 70 71 72 73 74 75 78 79 80 81 83 84 85 86 89 90 91 92 93 94 95 96 97 98 99 102 103 104 105 106 109 110 111 112 113 114 115 118 119 120 
23 75         1 2 3 4 5 6 7 8 9 10 11 12 13 14 15 17 18 19 20 21 24 25 26 29 30 31 32 33 34 35 36 37 38 39 40 42 43 45 46 47 48 49 50 51 54 55 56 57 58 59 60 61 62 65 66 67 69 70 71 72 73 74 75 76 77 78 79 80 81 83 84 85 86 88 89 90 91 92 93 95 96 97 98 99 100 102 103 104 105 107 108 109 110 111 112 113 114 115 116 117 118 120 
24 66         3 4 5 6 7 9 11 12 14 15 16 17 18 19 20 21 22 23 25 26 27 29 30 31 32 33 35 36 37 38 39 40 41 42 43 44 45 46 47 48 49 50 52 54 55 56 57 58 59 61 62 63 64 65 67 68 69 71 72 73 74 75 76 77 78 80 82 83 84 86 87 88 91 92 93 95 96 97 98 99 100 101 102 103 104 105 106 107 108 109 110 111 112 113 114 115 116 117 118 119 120 
25 85         1 2 3 6 7 8 10 11 12 13 14 15 16 17 19 20 21 22 23 24 26 27 28 29 30 31 32 33 34 36 37 38 39 40 41 42 43 44 45 46 47 48 50 52 53 54 55 56 57 59 60 62 63 64 66 67 68 69 73 74 75 76 77 78 79 81 82 83 84 85 86 87 88 89 91 92 93 94 95 96 99 100 101 102 103 104 106 107 108 109 110 111 112 113 114 116 117 119 120 
26 36         3 4 6 7 10 11 12 13 14 15 16 18 19 21 23 24 25 28 29 31 32 33 34 35 36 37 38 39 40 41 42 44 46 47 48 50 51 53 54 56 58 59 60 61 63 65 66 67 68 69 70 71 73 74 75 76 77 78 79 80 84 85 86 87 88 90 91 93 94 95 96 98 99 100 102 103 104 105 106 107 110 111 112 113 114 115 116 117 118 119 120 
27 60         1 4 5 6 7 8 9 10 11 12 13 15 16 18 19 21 22 24 25 28 29 30 33 35 36 37 39 40 41 42 44 45 46 49 50 51 53 54 55 56 59 60 61 62 63 65 66 67 69 71 72 74 76 77 78 79 80 81 82 83 84 85 86 87 88 90 91 92 93 94 95 96 97 98 100 101 103 104 105 106 107 108 109 110 112 114 116 117 118 119 120 
28 56         2 3 4 5 7 8 9 10 11 12 13 14 15 18 20 21 22 25 26 27 29 31 32 33 34 35 36 38 39 40 41 42 43 44 45 46 48 49 50 52 53 54 55 56 57 58 59 60 61 62 63 64 65 66 68 69 71 72 73 75 76 78 79 81 82 83 85 86 87 88 89 90 91 92 93 94 95 96 97 98 99 100 101 102 104 105 108 109 110 111 112 113 115 116 117 118 119 120 
29 50         2 3 6 7 9 11 12 14 15 16 17 18 19 20 21 22 23 24 25 26 27 28 30 31 33 34 35 36 37 38 39 40 41 42 43 45 46 48 49 50 51 52 53 54 57 58 59 60 61 62 63 64 65 66 67 68 69 70 71 72 73 74 76 77 78 79 80 82 83 84 85 86 87 88 91 93 94 95 96 97 98 99 100 101 102 103 104 105 107 108 109 110 112 113 114 115 116 117 118 119 
30 75         1 2 5 6 7 8 12 13 14 15 16 17 19 20 21 22 23 24 25 27 29 31 33 34 35 36 37 38 41 42 43 44 45 46 47 48 50 51 52 53 55 57 58 59 60 61 63 64 67 68 70 71 72 73 74 75 76 77 78 79 80 82 83 84 85 86 87 89 90 91 92 93 94 95 96 97 98 99 100 101 102 103 104 105 106 107 109 111 112 113 114 115 116 117 118 
31 75         1 2 3 4 6 7 8 9 10 12 13 14 15 17 19 20 21 22 23 24 25 26 28 29 30 32 33 35 36 37 38 39 40 42 43 44 45 46 47 48 49 51 53 54 55 56 57 58 59 60 61 62 63 64 66 67 68 69 70 71 72 73 74 75 76 77 78 79 80 81 82 83 85 88 90 91 96 97 98 99 100 101 102 103 104 105 106 108 109 111 112 113 114 116 118 119 120 
32 37         1 3 4 5 8 11 12 13 14 15 16 17 19 20 21 22 23 24 25 26 28 31 33 35 36 37 38 39 40 43 44 45 46 47 48 49 50 51 52 53 55 56 57 58 60 61 62 63 64 65 66 67 70 71 72 73 74 75 76 77 78 80 81 82 84 85 86 88 89 90 91 93 94 95 96 98 99 101 103 104 105 107 110 112 113 114 116 117 119 120 
33 87         1 2 3 4 5 6 7 8 9 10 11 12 13 15 16 17 19 20 21 22 23 24 25 26 27 28 29 30 31 32 34 35 37 38 39 41 43 45 46 47 48 50 51 53 54 55 56 59 60 61 62 64 66 68 69 70 71 72 73 74 75 76 77 78 79 80 81 82 83 84 85 86 88 89 90 91 92 93 94 95 96 97 98 101 102 103 104 105 106 107 108 109 110 114 115 116 117 118 119 120 
34 95         1 2 4 5 8 9 10 11 13 14 15 16 17 19 20 22 23 25 26 28 29 30 33 35 36 37 38 39 40 41 42 43 44 45 46 47 48 49 50 51 52 53 54 56 57 58 59 62 63 64 65 66 68 69 70 72 73 74 75 76 77 78 79 80 81 82 83 85 86 87 88 89 90 91 92 93 94 95 96 97 98 99 100 101 102 105 106 108 109 110 111 112 113 114 115 116 117 118 119 120 
35 21         2 3 4 6 7 9 10 11 12 13 14 15 16 17 18 19 20 21 22 23 24 26 27 28 29 30 31 32 33 34 36 37 39 40 41 42 45 46 47 49 50 53 57 58 60 62 63 64 66 67 68 69 72 73 74 75 77 78 79 80 81 82 84 85 87 88 89 90 91 92 93 95 96 97 98 99 100 103 104 105 106 107 109 110 111 112 113 114 115 116 118 119 120 
36 99         1 3 4 5 6 7 8 9 10 11 13 14 15 17 19 20 21 22 23 24 25 26 27 28 29 30 31 32 34 35 37 38 39 41 42 43 44 45 46 47 48 49 50 51 52 53 54 55 56 60 61 64 65 67 68 70 71 73 74 75 76 77 78 79 80 81 82 83 84 85 86 87 88 89 91 92 93 94 96 97 98 99 101 102 103 104 107 108 109 110 111 114 115 116 117 118 119 
37 42         1 2 3 4 5 6 8 9 10 11 12 13 14 15 16 17 18 20 22 23 24 25 26 27 29 30 31 32 33 34 35 36 38 39 40 41 42 43 44 48 49 51 52 53 54 56 57 58 60 61 62 63 64 65 66 67 71 72 73 74 75 77 79 80 81 82 83 84 85 86 87 88 89 90 92 93 94 95 98 99 100 101 102 104 106 107 108 110 111 114 115 116 117 118 119 120 
38 57         1 2 3 5 6 7 8 9 11 12 13 14 15 16 17 18 19 20 21 22 23 24 25 26 28 29 30 31 32 33 34 36 37 39 40 41 42 43 44 45 46 47 48 49 50 52 53 54 55 56 57 58 59 60 61 62 64 66 67 68 69 70 72 73 74 75 76 77 78 80 81 82 83 85 87 88 90 91 92 93 95 96 97 98 99 100 102 103 104 105 107 108 109 112 114 115 116 117 118 119 120 
39 31         2 5 6 7 9 10 11 13 14 15 16 17 18 19 21 22 23 24 25 26 27 28 29 31 32 33 34 35 36 37 38 41 42 43 44 46 47 48 49 50 51 52 55 56 57 58 59 60 62 63 64 68 69 70 71 72 74 75 76 78 80 81 82 84 85 86 87 88 89 90 91 92 93 94 95 96 97 98 99 101 102 103 104 107 108 109 111 112 113 114 115 116 118 119 120 
40 37         1 2 4 5 6 8 9 11 12 14 15 16 17 18 19 21 22 23 24 25 26 27 28 29 31 32 34 35 37 38 41 42 44 45 46 47 48 49 50 52 53 54 55 57 58 59 60 61 62 63 67 68 69 70 71 72 73 74 75 76 77 79 80 81 82 83 84 86 87 89 90 93 94 95 96 97 98 99 100 102 104 105 106 107 109 110 111 112 113 115 118 119 120 
41 42         1 2 3 4 5 7 8 9 10 11 12 13 14 15 16 17 18 19 20 21 22 24 25 26 27 28 29 30 33 34 35 36 37 38 39 40 42 44 45 46 47 48 49 51 53 54 55 56 57 58 59 61 62 64 65 66 67 68 70 71 72 73 75 76 77 79 80 81 82 83 84 85 86 88 89 90 91 93 94 95 98 99 100 101 102 103 107 108 111 112 113 114 115 116 118 119 120 
42 40         1 2 4 5 6 8 9 10 11 12 13 15 16 17 18 19 20 21 22 23 24 25 26 27 28 29 30 31 34 35 36 37 38 39 40 41 43 44 45 49 50 51 52 53 54 55 56 57 59 60 61 62 64 65 66 67 69 70 71 72 73 74 75 76 77 78 79 81 83 84 86 87 88 89 90 93 94 95 96 97 98 99 102 105 107 109 110 111 112 113 114 116 117 118 119 120 
43 69         4 7 9 10 11 12 13 14 15 16 17 20 21 22 23 24 25 28 29 30 31 32 33 34 36 37 38 39 42 44 45 46 48 49 50 52 53 54 55 56 58 59 60 61 62 66 67 68 69 70 74 75 76 78 79 80 82 83 84 85 87 88 90 91 92 93 94 95 96 97 98 99 100 101 102 104 105 106 107 108 109 110 111 112 114 115 116 117 119 120 
44 91         1 2 5 6 10 11 12 13 14 16 17 18 19 20 22 24 25 26 27 28 30 31 32 34 36 37 38 39 40 41 42 43 45 46 49 50 51 52 53 54 55 57 58 59 60 61 62 63 64 66 67 68 70 71 72 74 75 76 77 78 80 81 82 85 86 87 88 89 90 91 94 96 97 98 99 100 101 102 104 105 106 107 108 109 112 114 115 116 120 
45 45         2 3 4 5 6 8 9 10 11 12 13 14 15 17 18 19 21 22 23 24 25 27 28 29 30 31 32 33 34 35 36 38 40 41 42 43 44 46 47 49 50 51 53 55 56 57 59 61 62 64 66 67 68 69 70 71 72 73 74 76 79 80 81 82 83 84 89 90 92 93 94 97 98 99 100 101 102 104 105 106 107 109 111 113 116 117 118 
46 97         1 3 4 5 6 7 8 9 10 12 13 14 16 17 18 19 20 21 22 23 24 25 26 27 28 29 30 31 32 33 34 35 36 38 39 40 41 43 44 45 47 48 49 50 51 52 54 55 56 57 58 60 61 62 63 66 67 68 69 70 71 72 73 75 76 77 78 79 80 81 82 83 85 86 88 89 91 92 93 94 96 97 98 99 100 101 102 103 105 108 109 110 111 112 113 114 115 117 118 
47 84         1 3 4 5 6 7 9 10 11 12 13 14 15 16 18 19 20 21 22 23 24 25 26 30 31 32 33 34 35 36 38 39 40 41 45 46 48 49 50 51 52 54 55 56 58 61 62 63 64 65 66 68 69 70 71 75 76 77 78 79 80 81 83 84 85 86 87 89 90 92 93 95 96 97 98 99 100 101 102 103 104 105 106 109 110 111 112 113 114 115 116 117 119 120 
48 90         1 2 3 5 6 7 10 12 13 14 15 16 18 19 20 21 22 23 24 25 26 28 29 30 31 32 33 34 36 37 38 39 40 41 43 46 47 49 52 54 55 56 61 62 63 64 67 68 69 70 71 72 73 75 76 77 79 80 82 83 84 85 86 87 88 89 90 91 92 93 94 95 96 97 98 99 100 101 102 103 104 105 106 107 108 109 111 112 114 115 116 117 118 119 120 
49 52         1 3 4 5 6 7 8 10 11 12 13 14 15 16 17 18 19 20 21 22 23 24 27 28 29 31 32 34 35 36 37 38 39 40 41 42 43 44 45 46 47 48 50 51 52 53 55 56 57 58 59 60 61 62 63 64 65 66 67 68 69 70 71 72 73 76 77 78 79 80 81 82 84 85 86 87 88 89 90 91 94 95 96 97 98 99 100 103 104 105 106 107 108 110 111 112 113 114 115 116 117 118 119 
50 43         1 3 4 7 8 9 10 12 13 14 15 17 18 19 20 21 22 23 24 25 26 27 28 29 30 32 33 34 35 36 38 39 40 42 43 44 45 46 47 49 51 52 53 54 55 56 57 58 60 61 62 64 66 67 69 71 72 74 75 76 77 78 79 80 81 82 83 85 86 89 90 91 92 93 94 95 96 97 98 99 100 101 102 103 104 105 106 107 108 109 110 111 112 113 114 115 116 117 118 120 
51 68         1 3 5 6 7 8 10 11 14 15 16 17 18 19 20 21 22 23 26 27 29 30 31 32 33 34 36 37 39 41 42 44 45 46 47 49 50 52 53 54 55 56 57 58 60 61 63 64 66 67 68 69 70 71 72 73 74 76 78 80 81 82 84 86 87 88 90 92 94 95 96 97 98 99 100 101 102 104 108 109 110 111 112 113 114 115 116 117 118 119 120 
52 53         1 3 4 5 6 7 9 10 12 14 15 16 17 18 19 20 22 24 25 28 29 30 32 34 36 37 38 39 40 42 43 44 46 47 48 49 50 51 53 54 55 56 57 58 59 60 61 62 63 64 65 66 67 68 69 70 71 73 74 76 77 78 79 80 81 82 84 85 86 89 90 91 93 94 95 96 97 98 100 101 103 104 105 106 107 108 109 112 113 114 115 116 117 118 119 120 
53 37         1 2 4 5 7 10 11 12 13 14 15 16 18 20 22 25 26 27 28 29 30 31 32 33 34 35 36 37 38 40 41 42 43 44 45 49 50 51 52 54 56 57 58 59 61 62 63 65 66 67 70 71 72 74 75 76 77 78 79 80 82 84 85 86 87 88 89 91 92 94 95 96 98 99 100 102 104 108 115 117 118 119 120 
54 65         1 2 3 4 5 6 8 10 11 12 13 14 15 17 18 19 20 21 22 23 24 25 26 27 28 29 31 33 34 36 37 38 40 41 42 43 44 46 47 48 50 51 52 53 55 56 58 60 61 62 64 66 67 68 69 70 74 75 76 77 79 80 81 82 83 84 85 87 88 89 90 91 92 93 94 95 97 98 99 100 101 103 104 105 106 107 108 109 110 111 112 114 115 116 117 118 119 120 
55 79         2 3 4 5 6 7 8 9 11 12 13 15 16 17 19 20 21 22 23 24 25 27 28 30 31 32 33 36 38 39 40 41 42 43 44 45 46 47 48 49 50 51 52 54 56 57 58 59 60 61 62 63 67 69 70 72 74 75 76 78 79 81 82 83 84 85 86 87 88 89 91 92 93 94 95 96 97 98 101 102 103 104 105 106 109 111 112 113 114 115 116 117 118 119 120 
56 73         1 2 3 6 7 8 9 10 11 12 14 15 18 19 20 22 23 24 25 26 27 28 31 32 33 34 36 37 38 39 41 42 43 45 46 47 48 49 50 51 52 53 54 55 57 58 59 60 61 62 63 64 65 68 70 72 73 74 77 78 79 80 81 83 84 85 86 87 88 89 90 95 96 97 98 100 101 102 103 104 105 106 107 108 109 110 111 112 113 114 115 116 117 118 120 
57 92         1 2 3 4 5 6 7 9 11 12 13 15 16 17 18 20 21 23 24 25 28 29 30 31 32 34 35 37 38 39 40 41 42 44 45 46 49 50 51 52 53 55 56 58 59 61 62 63 64 65 67 68 69 70 71 72 74 75 77 78 79 80 81 82 85 86 87 88 89 91 92 93 94 96 98 99 100 101 102 103 105 106 108 110 111 112 114 115 116 117 118 119 
58 87         2 3 4 5 6 7 8 11 12 14 15 16 17 18 20 22 23 24 26 28 29 30 31 32 34 35 37 38 39 40 41 43 44 46 47 49 50 51 52 53 54 55 56 57 59 60 61 62 63 64 66 67 68 69 70 71 72 73 75 78 79 81 82 83 85 86 88 89 90 91 92 94 95 96 97 98 101 102 103 105 106 107 108 109 113 114 115 116 118 119 120 
59 20         1 2 3 4 5 6 7 8 9 10 12 13 14 16 18 19 20 21 22 23 24 25 26 27 28 29 30 31 33 34 38 39 40 41 42 43 44 45 49 52 53 55 56 57 58 60 61 62 63 64 65 66 67 68 69 71 72 73 74 75 76 79 80 81 82 83 84 85 86 87 89 90 91 92 94 95 96 97 98 99 100 102 103 104 105 106 107 108 109 110 111 112 113 114 115 116 117 118 119 120 
60 20         1 2 3 8 9 10 11 12 14 15 16 17 18 19 20 21 22 23 25 26 27 28 29 30 31 32 33 35 36 37 38 39 40 42 43 44 46 49 50 51 52 54 55 56 58 59 61 62 63 64 65 66 67 68 69 70 72 73 75 76 77 78 79 80 81 83 84 86 87 88 90 91 92 93 96 97 98 99 100 101 102 103 104 105 106 107 108 109 110 111 113 116 117 118 119 120 
61 73         1 2 3 4 5 6 7 8 10 11 12 13 14 15 16 17 18 19 22 23 24 26 27 28 29 30 31 32 33 36 37 38 40 41 42 43 44 45 46 47 48 49 50 51 52 53 54 55 56 57 58 59 60 62 63 64 65 66 67 68 69 70 71 72 75 76 77 79 80 82 83 86 87 88 89 90 94 95 96 97 100 102 103 104 106 107 108 109 110 111 112 113 115 116 117 118 119 120 
62 42         2 3 5 7 8 9 10 11 12 14 15 16 17 18 19 20 22 23 24 25 27 28 29 31 32 33 34 35 37 38 39 40 41 42 43 44 45 46 47 48 49 50 52 53 54 55 56 57 58 59 60 61 63 64 66 67 68 69 70 71 72 73 74 75 76 77 80 81 82 83 84 86 87 89 91 92 94 95 96 97 99 101 102 103 104 105 106 107 108 109 110 111 112 113 114 115 116 117 118 119 120 
63 52         2 3 4 5 6 7 8 9 10 11 12 13 14 16 17 18 19 20 21 22 24 25 26 27 28 29 30 31 32 34 35 37 39 40 44 46 47 48 49 51 52 53 55 56 57 58 59 60 61 62 65 66 67 69 70 71 72 73 74 75 76 77 78 79 80 81 83 85 86 87 88 89 90 91 92 93 95 96 97 98 103 105 107 109 110 111 112 113 114 116 117 118 120 
64 20         2 3 5 7 10 12 13 14 15 16 17 18 19 20 21 22 24 25 28 29 30 31 32 33 34 35 36 37 38 39 41 42 44 45 47 48 49 50 51 52 54 56 57 58 59 60 61 62 65 66 67 68 69 70 72 74 75 76 77 78 79 81 83 84 86 87 88 89 90 91 92 94 96 97 98 99 100 101 103 104 105 106 107 109 111 113 114 115 117 118 119 120 
65 24         1 2 3 4 5 6 7 10 11 12 13 14 15 16 17 18 19 20 21 22 23 24 26 27 28 29 32 34 36 37 41 42 47 49 52 53 56 57 59 60 61 63 64 66 68 70 72 73 75 76 77 80 81 82 83 84 85 86 87 88 90 91 92 93 94 95 97 98 99 100 101 102 103 104 105 107 109 110 113 114 115 116 117 118 119 120 
66 76         3 4 5 8 9 10 12 13 14 15 16 17 18 20 23 25 26 27 28 29 31 32 33 34 35 37 38 41 42 43 44 45 46 47 49 50 51 52 53 54 58 59 60 61 62 63 64 65 67 68 69 71 72 73 74 75 77 78 79 80 81 82 83 85 86 87 88 90 91 92 93 94 95 97 100 101 103 104 106 107 109 110 111 112 113 114 115 116 117 120 
67 71         1 2 3 5 6 7 8 9 10 11 13 14 15 16 17 18 19 20 21 23 24 25 26 27 29 30 31 32 35 36 37 38 40 41 42 43 44 45 46 48 49 50 51 52 53 54 55 57 58 59 60 61 62 63 64 66 70 71 72 73 74 75 76 77 79 80 81 83 85 86 87 88 89 90 91 92 93 94 95 96 97 98 99 100 101 102 103 104 105 107 108 109 110 111 112 114 115 116 117 118 119 120 
68 72         1 2 6 7 8 9 10 11 13 14 16 17 18 19 21 22 24 25 26 28 29 30 31 33 34 35 36 38 39 40 41 43 44 45 46 47 48 49 51 52 54 56 57 58 59 60 61 62 64 65 66 69 70 71 72 73 74 75 76 77 78 79 80 81 84 85 86 89 91 92 93 94 95 96 97 98 99 100 101 103 105 106 107 108 109 110 112 113 114 115 117 118 119 
69 21         1 3 4 5 6 7 9 10 11 15 16 17 18 21 23 24 25 26 27 28 29 31 33 34 35 38 39 40 42 43 45 46 47 48 49 50 51 52 54 55 57 58 59 60 61 62 63 64 66 68 70 71 72 73 75 76 78 80 81 82 83 84 85 86 87 88 92 94 95 96 97 98 99 100 101 102 106 109 110 111 112 114 116 117 118 119 120 
70 21         1 2 3 6 8 9 10 12 13 14 15 16 17 18 19 20 21 22 23 26 29 30 31 32 33 34 36 38 39 40 41 42 43 44 45 46 47 48 49 51 52 53 54 55 56 57 58 60 61 62 63 64 65 67 68 69 71 73 74 77 78 79 80 81 82 84 86 89 90 91 92 93 95 97 98 99 100 101 102 103 104 105 106 107 108 109 110 111 112 113 114 115 116 117 119 120 
71 82         1 2 3 4 5 6 8 9 10 11 12 13 14 17 18 19 20 21 22 23 24 26 27 28 29 30 31 32 33 36 37 39 40 41 42 44 45 46 47 48 49 50 51 52 53 57 58 59 61 62 63 66 67 68 69 70 72 73 75 76 77 78 79 80 81 85 86 87 89 90 91 92 93 94 95 96 97 98 99 100 101 102 105 106 107 108 109 110 111 112 113 114 115 116 117 118 119 
72 92         1 3 4 5 6 7 8 9 10 13 14 15 16 17 18 19 20 21 22 23 24 27 28 29 30 31 32 33 34 35 37 38 39 40 41 42 44 45 46 48 49 50 51 53 55 56 57 58 59 60 61 62 63 64 65 66 67 68 69 71 74 75 77 78 79 82 84 85 86 87 88 89 90 91 92 94 98 100 101 102 103 104 105 107 108 109 110 111 112 113 114 115 118 119 120 
73 78         1 2 4 5 6 7 9 10 11 12 13 14 15 17 19 20 22 23 24 25 26 28 29 30 31 32 33 34 35 36 37 38 40 41 42 45 46 48 49 51 52 56 58 59 60 62 63 65 66 67 68 69 70 71 74 76 77 78 79 80 81 82 84 85 86 87 88 89 91 92 93 94 97 98 100 102 103 104 105 106 107 108 109 110 111 112 113 114 117 118 119 120 
74 87         1 2 3 4 5 7 8 9 10 11 12 13 14 15 16 17 18 19 20 21 22 23 24 25 26 27 29 30 31 32 33 34 35 36 37 38 39 40 42 43 44 45 50 51 52 53 54 55 56 57 59 62 63 64 66 67 68 70 72 73 75 77 78 79 80 81 82 83 84 85 87 88 89 90 91 92 93 94 95 96 97 98 100 101 105 106 107 108 110 111 112 114 117 118 119 120 
75 50         1 2 3 5 6 7 8 10 13 15 16 17 18 19 20 21 22 23 24 25 26 28 30 31 32 33 34 35 36 37 38 39 40 41 42 43 44 46 47 48 50 53 54 55 57 58 59 60 61 62 63 64 65 66 67 68 69 71 72 74 76 77 78 79 80 81 82 83 85 86 87 89 90 91 92 93 94 95 96 97 98 100 103 104 105 106 107 108 110 112 113 114 116 117 118 119 120 
76 41         1 2 3 4 5 6 8 9 10 11 12 13 14 16 17 18 19 20 21 23 24 25 26 27 28 29 30 31 32 33 34 36 38 39 40 41 42 43 44 45 46 47 48 49 50 51 52 53 54 55 59 60 61 62 63 64 65 67 68 69 71 73 75 77 78 79 80 82 83 84 85 88 90 91 92 94 97 99 102 103 104 105 106 107 108 109 110 111 112 114 115 116 117 119 120 
77 31         1 2 4 5 6 8 9 10 11 13 14 15 16 17 19 20 21 23 24 25 26 27 29 30 31 32 33 34 35 36 37 38 40 41 42 44 46 47 48 49 50 52 53 54 56 57 60 61 62 63 64 65 66 67 68 70 71 72 73 74 75 76 78 80 81 82 84 85 86 88 89 90 91 92 93 94 96 97 99 100 101 102 103 104 106 107 108 109 111 112 114 115 116 117 118 119 120 
78 73         1 4 5 6 7 8 9 10 11 12 13 14 16 17 18 19 20 21 22 23 24 25 26 27 28 29 30 31 32 33 34 35 36 38 39 42 43 44 46 47 49 50 51 52 53 55 56 57 58 60 63 64 66 68 69 70 71 72 73 74 75 76 77 79 80 81 82 83 84 85 87 88 89 90 91 92 93 94 95 96 97 98 99 100 101 102 103 104 105 106 108 110 111 113 114 116 117 118 119 120 
79 89         1 2 3 4 5 6 7 9 10 11 12 13 14 15 16 17 19 20 21 22 23 25 26 27 28 29 30 31 33 34 35 36 37 40 41 42 43 45 46 47 48 49 50 52 53 54 55 56 57 58 59 60 61 63 64 66 67 68 70 71 72 73 74 75 76 78 80 81 82 83 86 87 88 89 90 91 92 93 94 95 96 97 98 99 100 101 102 103 104 105 106 108 110 111 112 113 115 116 117 118 119 120 
80 59         1 3 4 6 7 9 10 11 12 14 17 21 22 23 24 26 27 29 30 31 32 33 34 35 36 37 38 39 40 41 43 44 45 46 47 48 49 50 51 52 53 54 56 57 59 60 61 62 63 65 66 67 68 69 70 71 73 74 75 76 77 78 79 81 83 84 85 86 87 88 89 90 92 93 94 96 97 99 100 101 102 103 104 105 106 109 111 112 113 114 115 116 117 119 120 
81 88         2 3 4 5 6 7 8 9 10 11 13 14 15 16 17 18 19 20 21 22 23 25 27 28 31 32 33 34 35 36 37 38 39 40 41 42 44 45 46 47 49 50 51 52 54 55 56 57 58 59 60 62 63 64 65 66 67 68 69 70 71 73 74 75 77 78 79 80 83 84 86 88 89 90 92 93 94 95 96 97 98 99 100 102 103 104 105 106 107 108 110 112 113 114 116 119 
82 40         1 2 4 6 7 8 9 10 11 12 13 14 15 16 17 18 19 20 21 24 25 27 28 29 30 31 32 33 34 35 36 37 38 39 40 41 43 44 45 46 48 49 50 51 52 53 54 55 57 58 59 61 62 65 66 69 70 72 73 74 75 76 77 78 79 83 84 85 86 89 90 91 92 94 95 96 97 98 99 100 101 102 103 104 106 108 109 110 113 115 116 117 118 119 120 
83 71         2 3 4 5 6 7 9 11 12 13 14 16 17 18 20 22 23 24 25 27 28 29 30 31 33 34 36 37 38 40 41 42 43 45 46 47 48 50 54 55 56 58 59 60 61 62 63 64 65 66 67 69 74 75 76 78 79 80 81 82 85 86 88 89 90 91 92 95 96 97 98 99 100 101 104 105 106 107 108 110 111 113 115 116 119 120 
84 69         1 2 4 5 6 7 8 9 10 11 12 14 15 16 18 19 20 21 22 23 24 25 26 27 29 30 32 33 35 36 37 39 40 41 42 43 45 47 48 49 51 52 53 54 55 56 59 60 62 64 65 68 69 70 72 73 74 76 77 78 80 81 82 85 86 87 88 89 90 92 93 94 95 97 98 100 101 102 103 104 105 106 107 108 109 112 113 114 115 116 117 118 119 120 
85 45         1 2 3 4 5 7 9 10 11 14 15 16 17 18 21 22 23 25 26 27 28 29 30 31 32 33 34 35 36 37 38 39 41 43 44 46 47 48 49 50 52 53 54 55 56 57 58 59 63 65 66 67 68 69 71 72 73 74 75 76 77 78 80 82 83 84 87 88 89 91 92 93 94 95 96 97 98 99 100 101 102 103 105 106 107 108 109 110 112 113 114 115 116 117 118 119 
86 57         1 2 3 4 5 6 7 8 9 10 11 13 14 15 18 19 20 21 22 23 24 25 26 27 28 29 30 32 33 34 36 37 39 40 41 42 44 46 47 48 49 50 51 52 53 55 56 57 58 59 60 61 62 63 64 65 66 67 68 69 70 71 72 73 75 77 79 80 81 82 83 84 88 89 90 91 92 93 94 95 96 97 98 100 101 103 104 105 106 108 109 110 111 112 113 114 115 116 117 118 119 120 
87 49         1 3 4 6 7 8 9 11 12 13 14 15 16 17 18 19 20 21 24 25 26 27 28 29 30 34 35 36 37 38 39 40 42 43 44 47 48 49 51 53 54 55 56 57 59 60 61 62 63 64 65 66 67 69 71 72 73 74 75 78 79 80 84 85 88 89 90 91 93 94 95 96 97 98 99 100 104 105 107 108 109 110 111 112 113 114 115 116 117 119 120 
88 68         1 2 3 4 5 6 7 8 9 10 12 14 15 16 17 18 19 20 21 23 24 25 26 27 28 29 31 32 33 34 35 36 37 38 39 41 42 43 44 46 48 49 51 53 54 55 56 57 58 60 61 63 64 65 66 67 69 72 73 74 76 77 78 79 80 81 83 84 85 86 87 89 90 91 92 93 94 97 99 100 102 103 105 106 107 109 111 112 113 114 115 116 117 118 119 
89 84         1 4 5 6 7 9 10 11 14 16 17 18 19 20 21 22 23 25 28 30 32 33 34 35 36 37 39 40 41 42 44 45 46 47 48 49 50 52 53 54 55 56 57 58 59 61 62 63 64 67 68 70 71 72 73 74 75 77 78 79 80 81 82 83 84 85 86 87 88 92 93 94 95 96 97 98 99 100 101 102 103 104 105 106 107 108 109 111 112 113 114 116 117 119 120 
90 32         1 2 3 5 6 7 8 9 10 11 12 13 14 15 18 19 20 22 23 26 27 28 30 31 32 33 34 35 37 38 39 40 41 42 43 44 45 47 48 49 50 51 52 54 56 58 59 60 61 63 64 65 66 67 70 71 72 74 75 76 77 78 79 80 81 82 83 84 86 87 88 91 92 93 94 96 97 98 99 100 101 102 104 105 106 107 108 109 111 112 113 115 116 117 120 
91 69         1 2 3 4 6 7 8 9 10 11 14 15 17 18 19 20 21 22 23 24 25 26 27 28 29 30 31 32 33 34 35 36 38 39 41 43 44 46 48 49 50 52 53 54 55 57 58 59 60 62 63 64 65 66 67 68 70 71 72 73 74 75 76 77 78 79 82 83 85 86 87 88 90 92 95 96 97 98 99 100 101 102 103 104 106 108 109 110 112 113 114 116 117 119 120 
92 77         3 4 5 6 9 10 11 12 13 14 15 16 17 18 19 20 21 22 23 24 25 27 28 30 33 34 35 36 37 38 39 43 45 46 47 48 50 51 53 54 55 57 58 59 60 62 63 64 65 66 67 68 69 70 71 72 73 74 75 76 77 78 79 80 81 82 83 84 85 86 88 89 90 91 93 94 95 96 97 98 99 101 102 103 104 105 106 107 108 109 110 111 112 113 114 116 117 118 119 120 
93 92         1 3 5 6 7 8 9 10 11 12 13 14 16 17 18 19 20 22 23 24 25 26 27 28 29 30 32 33 34 35 36 37 38 39 40 41 42 43 45 46 47 48 50 52 54 55 57 60 63 65 66 67 68 70 71 73 74 75 77 78 79 80 81 84 85 86 87 88 89 90 92 95 96 97 99 100 101 102 103 104 105 106 107 109 110 111 114 116 117 120 
94 98         1 4 6 7 8 10 11 13 14 17 18 20 22 25 26 27 28 29 30 32 33 34 36 37 39 40 41 42 43 44 45 46 48 49 50 51 52 53 54 55 57 58 59 61 62 64 65 66 67 68 69 71 72 73 74 75 76 77 78 79 80 81 82 84 85 86 87 88 89 90 92 95 96 98 99 100 101 102 103 104 105 107 108 109 110 111 113 115 118 119 
95 57         1 2 3 4 5 6 7 8 9 10 11 12 13 14 15 16 17 18 19 20 21 22 23 24 25 26 27 28 29 30 32 33 34 35 37 38 39 40 41 42 43 47 48 49 50 51 52 53 54 55 56 58 59 61 62 63 65 66 67 68 69 70 71 74 75 78 79 81 82 83 84 85 86 87 89 91 92 93 94 98 99 100 102 105 106 107 108 109 110 111 112 113 114 115 117 118 119 120 
96 39         1 2 3 5 6 8 9 10 12 13 14 15 16 17 18 22 23 24 25 26 27 28 29 30 31 32 33 34 35 36 38 39 40 42 43 44 46 47 48 49 50 51 52 53 55 56 57 58 59 60 61 62 63 64 67 68 69 71 74 75 77 78 79 80 81 82 83 85 86 87 89 90 91 92 93 94 97 99 100 102 103 104 105 106 107 108 109 110 111 112 113 115 116 117 118 119 120 
97 32         1 2 3 6 7 8 9 10 11 12 14 17 18 19 21 22 23 24 27 28 29 30 31 33 34 35 36 38 39 40 42 43 44 45 46 47 48 49 50 51 52 54 55 56 58 59 60 61 62 63 64 65 66 67 68 69 70 71 73 74 75 76 77 78 79 80 81 82 83 84 85 86 87 88 89 90 91 92 93 96 98 99 100 103 104 105 106 107 108 109 110 111 112 113 114 115 116 117 118 119 
98 23         1 2 3 4 5 6 7 8 9 10 11 12 13 14 16 17 18 19 20 21 22 23 24 26 27 28 29 30 31 32 33 34 35 36 37 38 39 40 41 42 43 44 45 46 47 48 49 50 51 52 53 54 55 56 57 58 59 60 63 64 65 67 68 69 70 71 72 73 74 75 78 79 81 82 83 84 85 86 87 89 90 91 92 94 95 97 100 101 102 103 104 107 108 109 110 111 112 113 114 116 118 119 120 
99 99         2 3 5 6 7 8 9 10 12 14 16 17 18 20 22 23 24 25 26 28 29 30 31 32 34 35 36 37 38 39 40 41 42 43 44 45 46 47 48 49 50 51 53 54 57 59 60 62 64 65 67 68 69 70 71 76 77 78 79 80 81 82 83 85 87 88 89 90 91 92 93 94 95 96 97 100 101 103 104 105 106 108 109 110 111 112 113 114 115 116 117 119 120 
100 91        1 2 3 4 5 6 7 8 9 11 12 13 16 18 19 20 21 23 24 25 26 27 28 29 30 31 34 35 37 38 40 41 43 44 45 46 47 48 49 50 51 52 53 54 56 57 59 60 61 64 65 66 67 68 69 70 71 72 73 74 75 77 78 79 80 81 82 83 84 85 86 87 88 89 90 91 93 94 95 96 97 98 99 101 102 103 104 105 106 107 109 110 112 113 114 115 116 117 118 119 120 
101 48        1 2 3 5 6 7 8 9 11 12 13 14 15 16 18 19 20 21 24 25 27 28 29 30 31 32 33 34 36 37 39 41 43 44 45 46 47 48 50 51 52 54 55 56 57 58 60 62 64 65 66 67 68 69 70 71 72 74 77 78 79 80 82 83 84 85 86 89 90 91 92 93 94 98 99 100 102 103 104 105 106 107 108 109 110 111 112 114 115 116 117 118 119 
102 21        1 2 5 7 8 9 13 14 15 16 17 18 19 21 22 23 24 25 26 28 29 30 31 33 34 36 37 38 39 40 41 42 43 44 45 46 47 48 50 51 53 55 56 57 58 59 60 61 62 65 67 69 70 71 72 73 76 77 78 79 80 81 82 84 85 88 89 90 91 92 93 94 95 96 98 100 101 103 104 105 106 107 108 109 110 111 112 113 114 115 117 118 119 120 
103 70        1 3 6 7 8 9 10 11 12 13 14 15 16 17 19 20 21 22 23 24 25 26 27 29 30 31 32 33 35 36 38 39 41 46 47 48 49 50 52 54 55 56 57 58 59 60 61 62 63 64 65 66 67 68 70 72 73 75 76 77 78 79 80 81 82 84 85 86 88 89 91 92 93 94 96 97 98 99 100 101 102 104 105 106 107 108 110 111 112 113 114 115 116 117 118 119 120 
104 43        1 2 3 5 6 7 8 9 11 12 13 14 15 16 17 18 19 20 21 22 23 24 25 26 27 28 29 30 31 32 33 35 36 37 38 39 40 43 44 45 47 48 49 50 51 52 53 54 55 56 59 60 61 62 64 65 66 67 70 72 73 75 76 77 78 79 80 81 82 83 84 86 87 89 90 91 92 93 94 96 97 98 99 100 101 102 103 105 106 107 108 109 110 112 114 116 117 118 119 
105 73        1 2 3 6 8 9 10 12 14 15 16 17 18 19 20 21 22 23 24 26 27 28 29 30 31 32 33 34 35 38 40 42 43 44 45 46 47 48 49 50 52 54 55 56 57 58 59 60 62 63 64 65 67 68 70 71 72 73 74 75 76 78 79 80 81 83 84 85 86 87 88 89 90 92 93 94 95 96 97 99 100 101 102 103 104 106 107 110 111 112 113 114 116 117 119 120 
106 69        1 3 5 6 8 11 12 13 14 17 19 20 21 22 24 25 26 27 30 31 33 34 35 37 40 43 44 45 47 48 49 50 52 54 55 56 57 58 59 60 61 62 64 66 68 69 70 71 73 74 75 76 77 78 79 80 81 82 83 84 85 86 88 89 90 91 92 93 95 96 97 99 100 101 102 103 104 105 107 108 110 111 113 115 116 117 119 
107 65        1 3 4 5 6 7 8 9 10 11 12 13 15 16 18 19 20 21 23 24 25 26 27 29 30 32 33 35 36 37 38 39 40 41 42 43 44 45 48 49 50 52 54 56 58 59 60 61 62 63 64 65 66 67 68 70 71 72 73 74 75 76 77 81 83 84 85 87 88 89 90 92 93 94 95 96 97 98 100 101 102 103 104 105 106 109 110 112 114 115 116 117 118 119 120 
108 57        1 2 3 4 8 9 10 12 13 16 17 18 20 21 23 24 25 27 28 29 31 33 34 36 37 38 39 41 43 44 46 48 49 50 51 52 53 54 56 57 58 59 60 61 62 67 68 70 71 72 73 74 75 76 77 78 79 81 82 83 84 85 86 87 89 90 91 92 94 95 96 97 98 99 101 102 103 104 106 109 110 112 113 114 116 119 120 
109 67        1 2 3 4 5 6 7 8 9 10 12 13 14 15 16 17 18 19 20 21 22 23 24 25 27 28 29 30 31 33 34 35 36 38 39 40 42 43 44 45 46 47 48 50 51 52 54 55 56 58 59 60 61 62 63 64 65 66 67 68 69 70 71 72 73 76 77 80 82 84 85 86 87 88 89 90 91 92 93 94 95 96 97 98 99 100 101 102 104 107 108 110 111 112 113 114 117 118 119 120 
110 28        2 5 6 7 8 9 10 11 13 14 15 16 17 18 19 20 22 23 24 25 26 27 28 29 32 33 34 35 36 37 40 42 43 46 47 49 50 51 54 56 57 59 60 61 62 63 65 66 67 68 69 70 71 72 73 74 75 76 78 79 81 82 83 85 86 87 91 92 93 94 95 96 97 98 99 100 101 102 103 104 105 106 107 108 109 111 113 114 115 116 118 120 
111 84        1 2 3 4 6 7 8 9 10 11 12 13 14 15 17 18 19 20 21 22 23 24 25 26 28 30 31 34 35 36 37 39 40 41 42 43 45 46 47 48 49 50 51 54 55 56 57 59 60 61 62 63 64 66 67 69 70 71 72 73 74 76 77 78 79 80 83 86 87 88 89 90 92 93 94 95 96 97 98 99 101 102 103 105 106 109 110 112 113 114 115 116 117 118 119 120 
112 42        1 2 4 5 6 9 10 11 12 13 14 15 16 17 18 19 20 21 22 23 24 25 26 27 28 29 30 31 32 34 35 38 39 40 41 42 43 44 46 47 48 49 50 51 52 54 55 56 57 59 61 62 63 66 67 68 69 70 71 72 73 74 75 76 77 79 80 81 84 85 86 87 88 89 90 91 92 95 96 97 98 99 100 101 102 103 104 105 107 108 109 111 113 114 115 116 117 118 119 120 
113 61        1 2 3 4 5 6 8 10 11 12 13 14 16 17 18 20 21 22 23 24 25 26 28 29 30 31 32 34 35 39 40 41 42 45 46 47 49 50 51 52 55 56 58 59 60 61 62 63 64 65 66 68 70 71 72 73 75 78 79 80 81 82 83 84 85 86 87 88 89 90 91 92 94 95 96 97 98 99 100 102 103 105 106 108 109 110 111 112 114 115 118 119 120 
114 92        3 4 5 7 8 9 10 11 12 13 14 15 16 17 18 20 21 22 23 24 25 26 27 29 30 31 32 33 34 35 36 37 38 39 41 42 43 44 46 47 48 49 50 51 52 54 55 56 57 58 59 62 63 64 65 66 67 68 69 70 71 72 73 74 75 76 77 78 80 81 84 85 86 87 88 89 91 92 93 95 97 98 99 100 101 102 103 104 105 107 108 109 110 111 112 113 115 116 117 119 120 
115 82        1 2 3 7 8 9 10 12 13 15 16 17 18 19 20 21 22 23 24 26 28 29 30 33 34 35 36 37 38 39 40 41 43 44 46 47 48 49 50 51 52 53 54 55 56 57 58 59 61 62 64 65 66 67 68 70 71 72 76 77 79 80 82 83 84 85 86 87 88 90 94 95 96 97 99 100 101 102 103 106 107 110 111 112 113 114 116 118 119 120 
116 34        2 3 4 5 6 7 8 9 10 11 12 14 16 17 18 20 21 23 24 25 26 27 28 29 30 31 32 33 34 35 36 37 38 39 41 42 43 44 45 47 48 49 50 51 52 54 55 56 57 58 59 60 61 62 63 65 66 67 69 70 71 75 76 77 78 79 80 81 82 83 84 85 86 87 88 89 90 91 92 93 96 97 98 99 100 101 103 104 105 106 107 108 110 111 112 114 115 117 118 119 120 
117 74        1 2 3 5 8 9 11 13 14 16 17 19 20 21 23 24 25 26 27 28 29 30 32 33 34 36 37 38 42 43 45 46 47 48 49 50 51 52 53 54 55 56 57 59 60 61 62 63 64 65 66 67 68 69 70 71 73 74 75 76 77 78 79 80 82 84 85 86 87 88 89 90 91 92 93 95 96 97 99 100 101 102 103 104 105 106 107 109 111 112 114 116 118 119 120 
118 55        1 2 3 4 6 7 10 12 13 14 15 16 17 18 19 20 21 22 23 24 26 27 28 29 30 31 33 34 35 36 37 38 39 40 41 42 45 46 48 49 50 51 52 53 54 55 56 57 58 59 60 61 62 63 64 65 67 68 69 71 72 73 74 75 77 78 79 82 84 85 86 88 92 94 95 96 97 98 100 101 102 103 104 107 109 110 111 112 113 115 116 117 119 120 
119 60        1 4 5 6 7 8 10 11 13 14 15 16 17 18 19 20 22 24 25 26 27 28 29 31 32 33 34 35 36 37 38 39 40 41 42 43 47 48 49 51 52 53 54 55 57 58 59 60 61 62 64 65 67 68 69 70 71 72 73 74 75 76 77 78 79 80 81 82 83 84 85 86 87 88 89 91 92 94 95 96 97 98 99 100 101 102 103 104 105 106 107 108 109 111 112 113 114 115 116 117 118 
120 69        1 4 6 7 9 10 11 12 13 14 17 18 19 21 22 23 24 25 26 27 28 31 32 33 34 35 37 38 39 40 41 42 43 44 47 48 50 51 52 53 54 55 56 58 59 60 61 62 63 64 65 66 67 69 70 72 73 74 75 76 77 78 79 80 82 83 84 86 87 89 90 91 92 93 95 96 98 99 100 102 103 105 107 108 109 110 111 112 113 114 115 116 117 118 
