120 150
1 61          3 4 5 7 8 9 11 12 13 14 16 17 18 20 21 22 23 24 26 27 29 32 33 34 35 36 39 40 41 42 43 44 45 46 47 49 50 51 52 53 54 55 57 58 60 62 63 64 66 67 68 72 73 74 76 77 80 83 84 85 86 87 88 89 90 91 92 93 94 95 96 97 100 101 102 103 104 105 107 108 110 111 112 113 114 115 116 117 119 120 
2 96          4 5 6 7 10 11 12 13 15 16 18 21 22 24 26 27 28 29 30 32 35 36 37 38 39 40 42 44 46 47 48 50 51 52 54 56 57 60 62 63 64 65 66 67 69 71 72 73 75 76 77 78 79 81 82 83 85 86 87 88 89 90 91 92 94 95 96 97 98 99 100 101 102 104 107 108 109 110 111 113 115 116 119 
3 91          1 4 5 6 7 8 10 11 13 15 16 17 18 20 21 22 23 24 28 29 30 32 33 35 36 37 39 42 43 45 47 48 50 51 52 53 54 55 56 57 59 60 62 63 64 65 66 67 68 69 70 71 73 77 79 80 81 82 84 85 87 88 89 90 92 94 95 96 97 98 103 105 106 109 110 111 113 116 119 120 
4 37          1 2 3 5 6 7 11 13 14 15 16 17 19 21 22 23 24 25 26 28 29 30 31 32 34 35 36 37 38 39 40 41 44 45 46 47 48 49 50 51 52 54 55 56 59 60 62 63 64 65 66 69 70 73 75 78 79 82 85 86 87 88 89 90 91 92 94 96 98 99 100 101 102 103 104 105 106 108 110 111 113 114 115 116 117 118 119 120 
5 53          1 2 3 4 6 7 9 10 11 13 15 16 19 20 22 23 24 25 26 27 28 31 32 35 36 40 42 43 45 46 50 51 52 53 54 55 56 57 58 59 61 63 64 65 66 67 68 69 70 71 72 74 75 76 77 78 79 80 81 84 85 86 87 90 91 92 93 94 95 96 97 98 99 101 107 108 109 112 114 117 118 119 120 
6 76          2 3 4 5 8 9 10 11 13 14 15 16 17 18 20 21 22 23 24 26 27 30 31 33 35 36 37 38 39 40 42 43 44 46 47 48 49 55 56 57 59 60 61 63 66 67 68 69 71 74 75 76 77 78 79 80 81 84 87 88 91 92 94 95 96 97 98 99 100 102 103 105 106 107 108 109 110 112 113 115 116 117 118 119 120 
7 50          1 2 3 4 5 8 9 10 11 13 14 16 17 20 23 25 28 30 31 32 34 35 36 37 38 39 40 41 42 43 44 46 47 50 52 56 57 58 59 61 63 65 66 67 70 71 72 73 74 75 76 78 79 81 83 84 86 87 88 90 91 92 93 94 95 96 97 98 99 100 101 102 103 104 105 108 112 113 114 115 117 
8 66          1 3 6 7 9 10 11 12 13 14 15 16 17 18 20 21 22 23 26 27 28 29 32 33 35 36 37 38 39 40 41 42 43 44 45 47 48 49 50 51 52 54 55 56 58 59 60 61 63 64 65 66 68 69 70 71 74 75 79 80 81 82 83 84 85 86 89 91 93 94 96 97 99 100 102 103 104 105 106 107 108 109 111 112 113 115 117 118 119 
9 70          1 5 6 7 8 11 13 15 16 18 20 24 25 27 28 29 32 33 34 36 38 39 40 41 44 45 46 47 48 49 50 52 53 55 56 57 58 62 64 66 67 68 71 72 73 74 75 79 81 82 83 84 85 87 88 90 91 92 94 95 99 102 103 104 105 106 107 109 110 111 113 114 116 119 120 
10 87         2 3 5 6 7 8 11 12 13 14 16 17 21 22 23 24 27 28 29 30 31 33 34 35 36 39 40 41 42 43 44 47 48 49 51 53 54 55 56 57 58 59 60 61 62 63 66 67 68 70 71 74 75 78 79 80 81 82 83 85 86 87 88 89 90 91 92 93 95 97 100 101 102 103 106 107 108 109 110 112 113 114 115 116 117 118 119 120 
11 92         1 2 3 4 5 6 7 8 9 10 12 13 14 15 16 17 18 19 21 22 24 26 27 29 30 31 33 34 35 36 39 40 42 43 44 47 50 53 54 56 57 58 59 60 61 62 63 64 65 66 67 69 71 74 76 77 78 80 81 82 83 84 85 86 88 89 90 94 95 97 98 99 100 102 103 104 105 106 107 108 109 110 112 113 114 115 116 117 118 119 120 
12 35         1 2 8 10 11 13 15 16 18 19 20 21 22 23 24 26 27 28 35 37 38 40 41 42 44 46 48 50 51 52 53 54 55 57 58 59 60 61 63 67 68 71 72 74 75 77 78 79 80 81 83 85 86 87 89 90 92 93 94 96 97 98 100 101 102 103 104 108 109 110 111 112 115 117 119 120 
13 53         1 2 3 4 5 6 7 8 9 10 11 12 15 17 19 20 21 22 24 28 29 30 31 32 33 36 37 41 42 43 44 46 48 49 50 51 53 54 56 57 58 61 62 63 64 65 66 68 70 71 72 73 76 77 78 79 80 81 83 84 87 88 91 92 93 94 95 96 98 99 101 103 105 108 109 110 114 117 118 120 
14 95         1 4 6 7 8 10 11 16 19 20 21 22 25 26 27 29 32 33 35 38 39 43 45 46 48 49 51 52 53 54 55 58 59 61 62 63 64 65 66 67 68 69 70 71 73 74 75 76 77 78 80 81 83 84 85 87 88 89 90 91 94 95 96 97 98 100 101 103 104 105 106 107 108 109 110 112 114 116 117 118 120 
15 47         2 3 4 5 6 8 9 11 12 13 16 17 18 21 22 23 24 26 28 30 32 33 36 37 39 40 41 42 43 44 45 46 47 48 51 52 53 54 56 58 59 60 62 63 64 66 67 69 71 72 73 74 75 77 78 79 80 81 82 84 85 86 87 89 91 92 94 95 96 98 100 101 102 103 104 105 106 107 109 110 113 114 115 116 117 118 119 
16 56         1 2 3 4 5 6 7 8 9 10 11 12 14 15 17 18 19 21 22 23 28 29 30 31 32 34 35 36 41 43 44 45 46 47 49 50 51 52 53 57 59 60 61 62 66 67 68 69 70 71 72 74 75 77 79 85 87 90 92 93 94 98 99 103 104 105 106 107 109 112 114 115 116 117 118 
17 55         1 3 4 6 7 8 10 11 13 15 16 18 21 22 23 24 25 26 27 28 30 31 32 34 35 39 40 42 45 46 48 50 52 53 54 55 56 57 58 61 62 63 64 66 67 68 69 70 71 73 74 75 76 77 78 80 81 82 83 86 87 88 91 93 94 95 96 97 98 101 102 104 105 107 108 109 110 111 112 113 114 115 116 118 
18 86         1 2 3 6 8 9 11 12 15 16 17 19 21 22 23 25 26 27 29 30 31 33 35 38 39 40 41 46 47 48 49 50 51 55 57 59 61 62 63 66 68 70 72 73 74 75 76 77 79 80 82 83 84 85 86 87 88 89 90 92 93 94 95 96 97 98 100 101 102 104 106 107 108 110 111 112 114 116 118 120 
19 32         4 5 11 12 13 14 16 18 20 21 22 23 24 25 26 28 30 31 32 33 35 36 38 39 40 41 42 43 44 46 48 49 50 51 52 53 54 55 56 58 60 61 62 63 64 65 66 67 68 69 70 71 72 73 74 75 76 79 82 84 85 86 87 88 89 90 91 92 94 96 98 99 100 101 102 104 105 106 107 108 109 111 113 114 119 
20 99         1 3 5 6 7 8 9 12 13 14 19 21 22 26 28 29 30 31 34 35 36 39 40 41 42 47 48 49 51 52 53 54 55 56 57 58 59 60 63 64 66 68 70 75 76 77 79 83 85 86 87 88 89 91 92 93 94 96 97 101 102 104 105 106 107 108 110 113 114 115 118 119 120 
21 83         1 2 3 4 6 8 10 11 12 13 14 15 16 17 18 19 20 22 24 25 28 30 32 34 35 36 37 39 40 41 42 43 44 47 48 49 50 51 53 54 55 56 58 60 62 63 64 66 68 69 70 71 72 73 74 79 81 83 86 87 88 89 90 91 92 94 98 99 100 101 102 103 104 105 106 107 109 112 115 116 117 118 119 120 
22 88         1 2 3 4 5 6 8 10 11 12 13 14 15 16 17 18 19 20 21 23 24 26 28 29 33 34 35 36 39 40 41 42 43 44 45 46 47 48 50 51 55 56 57 58 59 61 62 63 65 68 69 70 71 72 73 74 75 76 77 78 79 80 81 82 86 88 89 90 92 93 95 96 97 98 99 100 101 102 104 106 108 109 111 112 113 115 116 117 118 119 120 
23 41         1 3 4 5 6 7 8 10 12 15 16 17 18 19 22 24 27 28 29 32 34 38 40 41 42 43 44 47 49 50 51 52 55 57 59 60 61 63 65 66 67 68 69 71 72 73 74 75 76 77 78 80 81 82 83 85 86 87 88 90 91 92 93 94 95 96 97 98 100 101 102 103 105 107 109 110 111 112 113 114 116 118 119 120 
24 63         1 2 3 4 5 6 9 10 11 12 13 15 17 19 21 22 23 25 26 27 28 29 30 31 34 35 36 37 38 40 41 42 43 44 46 47 48 49 52 53 54 55 56 59 62 64 66 67 69 71 74 75 78 79 80 82 83 84 85 86 87 88 90 91 92 93 94 96 98 99 100 102 104 105 106 107 108 109 110 111 114 115 116 117 118 119 120 
25 77         4 5 7 9 14 17 18 19 21 24 26 27 28 30 31 32 34 35 36 37 38 41 43 44 45 46 47 48 49 50 51 52 53 54 55 56 57 58 59 60 61 62 63 64 65 66 69 71 74 76 77 79 80 81 82 83 84 85 86 91 93 94 95 98 100 101 103 105 106 107 109 110 111 112 113 114 116 117 119 120 
26 60         1 2 4 5 6 8 11 12 14 15 17 18 19 20 22 24 25 27 28 30 32 33 34 36 37 39 42 43 44 45 46 47 48 49 50 51 52 53 54 55 56 59 61 63 66 67 68 69 70 71 72 75 76 77 78 80 81 82 83 84 86 87 88 89 91 93 94 95 99 100 101 103 104 105 106 107 110 111 112 113 114 115 117 118 119 120 
27 66         1 2 5 6 8 9 10 11 12 14 17 18 23 24 25 26 28 29 31 32 33 35 40 41 42 43 44 45 47 48 49 50 53 55 56 60 61 62 63 64 65 66 67 69 70 72 75 76 78 79 80 82 84 85 86 87 88 89 90 92 94 95 97 98 99 100 102 104 105 106 107 108 111 112 113 114 115 116 118 
28 53         2 3 4 5 7 8 9 10 12 13 15 16 17 19 20 21 22 23 24 25 26 27 29 31 32 33 37 39 40 41 43 44 45 46 48 49 51 52 54 56 57 58 60 62 63 65 66 67 68 70 74 76 78 79 80 83 84 85 86 87 91 92 93 96 97 99 100 101 103 104 105 106 107 108 109 110 111 113 114 115 116 117 118 120 
29 79         1 2 3 4 8 9 10 11 13 14 16 18 20 22 23 24 27 28 31 32 34 35 36 37 38 39 40 41 42 43 45 46 47 48 52 54 56 58 60 62 63 64 65 66 67 68 69 70 71 74 76 77 78 79 80 81 82 84 86 87 90 92 94 95 96 97 98 101 102 103 106 107 108 109 110 112 114 116 117 118 119 120 
30 81         2 3 4 6 7 10 11 13 15 16 17 18 19 20 21 24 25 26 31 32 33 34 36 37 38 40 41 43 44 45 46 48 49 50 51 53 55 56 57 60 62 63 65 67 68 69 70 71 72 73 74 75 76 79 80 84 89 91 93 94 95 96 97 99 100 101 102 105 107 108 110 111 112 118 119 
31 96         4 5 6 7 10 11 13 16 17 18 19 20 24 25 27 28 29 30 32 33 34 35 36 37 39 40 42 43 44 45 46 47 49 50 51 53 54 56 57 58 61 62 63 64 65 66 68 69 70 71 72 73 74 75 77 78 79 80 81 82 83 84 85 86 87 88 89 90 92 95 96 98 99 100 102 103 105 106 107 109 110 115 117 118 119 120 
32 34         1 2 3 4 5 7 8 9 13 14 15 16 17 19 21 23 25 26 27 28 29 30 31 35 36 37 39 40 41 43 46 47 48 49 50 53 54 55 57 59 60 61 62 63 64 65 67 68 69 70 72 73 77 79 80 82 83 84 85 86 87 88 89 90 92 93 95 97 99 101 103 105 106 107 108 110 111 113 114 115 116 117 119 120 
33 99         1 3 6 8 9 10 11 13 14 15 18 19 22 26 27 28 30 31 35 37 38 39 41 43 45 46 47 48 53 54 55 56 57 58 60 61 62 63 64 65 66 67 69 70 71 72 73 74 75 76 77 78 81 85 86 87 88 89 90 91 92 93 94 96 98 99 100 102 104 106 108 110 111 112 113 114 117 119 120 
34 47         1 4 7 9 10 11 16 17 20 21 22 23 24 25 26 29 30 31 36 37 38 39 41 44 46 48 49 50 51 53 54 55 56 57 60 63 65 66 69 70 71 74 77 78 79 81 82 84 86 89 90 93 94 96 99 100 101 102 103 104 105 106 108 109 111 112 113 114 115 116 117 118 120 
35 74         1 2 3 4 5 6 7 8 10 11 12 14 16 17 18 19 20 21 22 24 25 27 29 31 32 33 37 38 42 43 46 48 50 51 52 53 55 56 58 59 60 61 63 64 65 66 67 68 70 71 72 73 74 75 76 77 78 80 82 83 84 85 87 88 89 90 91 95 97 98 99 100 101 104 107 110 111 112 113 115 117 118 119 
36 87         1 2 3 4 5 6 7 8 9 10 11 13 15 16 19 20 21 22 24 25 26 29 30 31 32 34 38 39 40 41 42 43 44 45 46 47 48 49 51 52 53 55 56 58 59 61 62 66 67 68 71 72 73 75 76 77 78 79 80 81 83 85 88 89 91 92 95 96 97 99 100 101 102 103 104 106 107 110 111 112 113 116 117 119 120 
37 44         2 3 4 6 7 8 12 13 15 21 24 25 26 28 29 30 31 32 33 34 35 38 39 40 41 43 44 45 48 49 50 51 52 53 55 56 57 59 60 62 63 64 69 70 72 73 75 76 77 78 79 80 83 84 86 87 88 89 92 93 95 97 98 99 104 105 106 110 111 112 114 116 117 118 120 
38 77         2 4 6 7 8 9 12 14 18 19 23 24 25 29 30 33 34 35 36 37 40 41 42 44 46 48 49 50 51 52 53 54 55 56 57 58 59 60 62 63 64 65 66 67 68 69 71 72 73 75 76 77 78 79 80 81 82 83 84 85 86 87 90 92 93 97 98 101 102 103 104 105 107 108 110 111 112 113 114 116 117 118 119 120 
39 52         1 2 3 4 6 7 8 9 10 11 14 15 17 18 19 20 21 22 26 28 29 31 32 33 34 36 37 40 41 42 43 45 46 47 49 50 53 54 55 56 57 58 61 63 64 66 67 68 70 71 72 74 75 76 77 78 80 83 84 85 86 89 90 91 92 93 97 98 100 101 102 104 105 106 108 109 110 111 113 114 115 117 118 120 
40 99         1 2 4 5 6 7 8 9 10 11 12 15 17 18 19 20 21 22 23 24 27 28 29 30 31 32 36 37 38 39 41 42 45 46 47 48 49 50 51 52 53 57 59 60 66 67 68 70 72 74 75 80 81 83 84 85 86 87 88 89 90 92 93 94 95 96 101 103 104 105 106 107 111 113 114 115 117 118 119 120 
41 69         1 4 7 8 9 10 12 13 15 16 18 19 20 21 22 23 24 25 27 28 29 30 32 33 34 36 37 38 39 40 42 43 44 45 46 47 48 49 50 51 52 54 55 56 57 58 59 60 61 65 66 67 68 69 70 71 72 73 74 75 76 77 79 80 81 83 85 87 88 91 94 95 96 97 98 99 102 103 104 105 106 108 110 111 113 114 116 117 118 119 120 
42 64         1 2 3 5 6 7 8 10 11 12 13 15 17 19 20 21 22 23 24 26 27 29 31 35 36 38 39 40 41 43 44 45 46 48 51 52 53 54 56 57 58 59 60 61 62 63 64 65 67 68 69 70 72 75 76 79 80 82 83 84 86 87 88 89 91 92 93 94 96 97 101 104 106 108 109 111 112 114 115 117 118 
43 94         1 3 5 6 7 8 10 11 13 14 15 16 19 21 22 23 24 25 26 27 28 29 30 31 32 33 35 36 37 39 41 42 44 45 46 48 49 50 51 53 54 56 57 58 61 62 63 64 65 66 67 68 70 71 72 74 75 76 77 79 80 81 82 83 84 86 87 88 89 90 91 92 93 94 95 96 99 100 101 102 104 105 106 110 111 112 113 114 115 119 
44 38         1 2 4 6 7 8 9 10 11 12 13 15 16 19 21 22 23 24 25 26 27 28 30 31 34 36 37 38 41 42 43 46 47 48 49 50 52 56 58 59 60 61 62 63 64 65 66 67 68 70 71 72 73 74 77 78 79 80 81 82 83 84 85 86 88 89 90 92 93 94 95 96 98 99 100 103 106 107 108 109 111 112 114 116 117 118 119 
45 69         1 3 4 5 8 9 14 15 16 17 22 25 26 27 28 29 30 31 33 36 37 39 40 41 42 43 46 47 48 49 50 52 54 57 58 59 61 62 63 65 67 69 70 71 72 73 77 79 80 82 83 84 88 90 93 94 95 97 98 99 101 102 103 104 106 109 111 112 113 114 115 116 117 119 120 
46 61         1 2 4 5 6 7 9 12 13 14 15 16 17 18 19 22 24 25 26 28 29 30 31 32 33 34 35 36 38 39 40 41 42 43 44 45 48 50 52 54 56 57 59 60 61 63 64 66 67 69 70 71 72 73 76 77 78 79 81 82 83 84 85 87 88 89 90 91 92 93 94 95 96 97 98 102 103 105 106 107 108 109 111 112 113 115 118 119 120 
47 98         1 2 3 4 6 7 8 9 10 11 15 16 18 20 21 22 23 24 25 26 27 29 31 32 33 36 39 40 41 44 45 48 50 52 53 54 55 57 59 62 63 64 65 66 67 68 69 70 72 74 75 76 77 78 79 80 81 82 83 84 85 86 87 88 89 91 92 93 94 95 96 97 99 100 101 103 105 106 107 109 110 111 112 113 115 116 118 119 120 
48 40         2 3 4 6 8 9 10 12 13 14 15 17 18 19 20 21 22 24 25 26 27 28 29 30 32 33 34 35 36 37 38 40 41 42 43 44 45 46 47 52 54 55 60 61 62 63 64 65 66 68 73 75 76 77 79 81 82 84 85 87 89 91 92 93 94 95 96 97 98 104 108 109 110 111 112 113 114 115 116 117 120 
49 84         1 4 6 8 9 10 13 14 16 18 19 20 21 23 24 25 26 27 28 30 31 32 34 36 37 38 39 40 41 43 44 45 50 51 52 53 55 56 57 58 59 60 62 63 64 65 66 67 68 69 70 72 74 75 76 77 79 80 81 82 83 84 88 90 92 93 94 95 96 97 98 100 101 102 103 104 105 106 107 108 110 112 114 115 116 118 120 
50 89         1 2 3 4 5 7 8 9 11 12 13 16 17 18 19 21 22 23 25 26 27 30 31 32 34 35 37 38 39 40 41 43 44 45 46 47 49 51 53 54 55 57 58 59 60 62 63 64 68 69 70 71 72 73 75 77 78 79 80 81 84 85 86 87 88 89 90 91 92 93 95 96 97 99 100 104 107 109 110 112 113 115 116 117 118 119 120 
51 49         1 2 3 4 5 8 10 12 13 14 15 16 18 19 20 21 22 23 25 26 28 30 31 34 35 36 37 38 40 41 42 43 49 50 52 54 55 56 57 58 59 60 61 62 63 65 66 67 68 69 70 71 72 74 75 76 77 79 80 81 83 85 87 89 90 91 93 96 97 98 100 102 103 104 105 106 107 108 109 110 111 112 113 114 116 118 119 120 
52 64         1 2 3 4 5 7 8 9 12 14 15 16 17 19 20 23 24 25 26 28 29 35 36 37 38 40 41 42 44 45 46 47 48 49 51 55 56 59 60 61 63 66 67 68 70 71 73 75 76 77 78 79 80 82 84 85 87 89 90 94 95 97 98 100 102 104 105 106 108 110 112 113 114 115 116 117 119 120 
53 53         1 3 5 9 10 11 12 13 14 15 16 17 19 20 21 24 25 26 27 30 31 32 33 34 35 36 37 38 39 40 42 43 47 49 50 54 55 56 57 59 61 62 63 64 65 66 67 68 69 70 72 73 74 75 77 78 79 80 81 83 84 85 86 87 88 89 90 91 92 94 95 96 98 101 102 104 106 107 108 109 110 113 114 115 116 117 118 120 
54 41         1 2 3 4 5 8 10 11 12 13 14 15 17 19 20 21 24 25 26 28 29 31 32 33 34 38 39 41 42 43 45 46 47 48 50 51 53 55 57 58 61 62 63 64 66 67 69 70 71 73 75 76 77 79 80 83 84 85 87 89 91 92 93 94 96 98 99 100 102 105 106 107 108 109 110 111 112 113 114 115 117 118 120 
55 34         1 3 4 5 6 8 9 10 12 14 17 18 19 20 21 22 23 24 25 26 27 30 32 33 34 35 36 37 38 39 41 47 48 49 50 51 52 53 54 56 57 58 59 60 64 66 69 70 71 72 73 74 75 77 79 80 84 85 87 88 92 95 98 99 100 101 102 103 107 108 109 110 111 112 115 116 117 118 119 
56 85         2 3 4 5 6 7 8 9 10 11 13 15 17 19 20 21 22 24 25 26 27 28 29 30 31 33 34 35 36 37 38 39 41 42 43 44 46 49 51 52 53 55 57 60 63 64 65 66 67 68 69 73 74 75 77 78 79 80 81 82 84 85 86 87 88 89 90 91 92 93 94 97 101 102 103 104 105 106 108 109 110 111 112 113 115 117 118 119 120 
57 35         1 2 3 5 6 7 9 10 11 12 13 16 17 18 20 22 23 25 28 30 31 32 33 34 37 38 39 40 41 42 43 45 46 47 49 50 51 53 54 55 56 58 60 61 62 63 64 65 67 68 71 72 73 75 76 78 79 80 81 82 83 86 87 88 89 90 91 92 93 94 95 96 97 99 100 103 106 108 111 112 114 115 116 117 118 119 120 
58 55         1 5 7 8 9 10 11 12 13 14 15 17 19 20 21 22 25 28 29 31 33 35 36 38 39 41 42 43 44 45 49 50 51 54 55 57 59 60 63 64 65 66 67 69 71 73 75 76 77 78 79 80 82 83 84 85 86 89 90 94 95 96 98 101 103 104 106 107 108 109 111 112 113 114 115 116 117 118 119 120 
59 61         3 4 5 6 7 8 10 11 12 14 15 16 18 20 22 23 24 25 26 32 35 36 37 38 40 41 42 44 45 46 47 49 50 51 52 53 55 58 60 63 65 66 68 69 70 71 72 73 75 76 78 79 80 81 82 83 84 86 87 90 91 92 94 95 96 97 98 99 100 101 102 103 104 107 108 109 112 113 114 115 116 118 119 120 
60 68         1 2 3 4 6 8 10 11 12 15 16 19 20 21 23 25 27 28 29 30 32 33 34 35 37 38 40 41 42 44 46 48 49 50 51 52 55 56 57 58 59 61 62 63 64 65 68 69 71 72 74 75 77 79 80 82 83 84 85 88 89 90 92 93 94 98 99 100 101 103 106 107 109 110 111 113 114 115 117 120 
61 100        5 6 7 8 10 11 12 13 14 16 17 18 19 22 23 25 26 27 31 32 33 35 36 39 41 42 43 44 45 46 48 51 52 53 54 57 60 62 63 66 67 68 69 74 75 76 79 81 82 85 86 87 88 89 90 91 94 95 96 98 101 102 103 107 108 109 112 113 114 115 116 118 119 120 
62 75         1 2 3 4 9 10 11 13 14 15 16 17 18 19 21 22 24 25 27 28 29 30 31 32 33 36 37 38 42 43 44 45 47 48 49 50 51 53 54 57 60 61 63 64 66 67 68 69 70 71 72 73 75 76 77 78 79 80 81 82 83 84 87 89 90 92 93 94 96 98 99 106 107 112 113 116 117 118 119 120 
63 98         1 2 3 4 5 6 7 8 10 11 12 13 14 15 17 18 19 20 21 22 23 25 26 27 28 29 30 31 32 33 34 35 37 38 39 42 43 44 45 46 47 48 49 50 51 52 53 54 56 57 58 59 60 61 62 64 66 67 68 70 73 74 75 76 77 78 79 80 81 82 83 84 85 86 87 88 89 90 91 92 93 96 97 99 100 101 104 105 106 108 109 111 112 113 114 115 116 118 120 
64 36         1 2 3 4 5 8 9 11 13 14 15 17 19 20 21 24 25 27 29 31 32 33 35 37 38 39 42 43 44 46 47 48 49 50 53 54 55 56 57 58 60 62 63 66 67 69 73 74 75 76 77 78 79 80 81 82 83 84 85 89 91 93 94 95 96 99 101 102 103 104 105 106 107 108 109 110 111 114 116 117 118 
65 44         2 3 4 5 7 8 11 13 14 19 22 23 25 27 28 29 30 31 32 33 34 35 38 41 42 43 44 45 47 48 49 51 53 56 57 58 59 60 66 68 69 72 73 74 75 76 79 81 84 85 86 87 88 89 90 91 92 93 95 98 99 100 101 104 105 107 109 110 111 112 114 115 118 119 120 
66 57         1 2 3 4 5 6 7 8 9 10 11 13 14 15 16 17 18 19 20 21 23 24 25 26 27 28 29 31 33 34 35 36 38 39 40 41 43 44 46 47 48 49 51 52 53 54 55 56 58 59 61 62 63 64 65 67 68 69 72 75 77 78 79 81 85 86 87 88 89 90 91 92 93 94 95 96 97 99 100 102 104 105 106 109 111 112 113 114 115 117 118 119 120 
67 24         1 2 3 5 6 7 9 10 11 12 14 15 16 17 19 23 24 26 27 28 29 30 32 33 35 36 38 39 40 41 42 43 44 45 46 47 49 51 52 53 54 56 57 58 61 62 63 64 66 68 69 70 71 73 74 75 77 78 79 80 81 82 83 84 85 86 87 88 90 94 97 98 100 101 104 105 106 107 109 110 113 114 115 116 117 118 119 
68 60         1 3 5 6 8 9 10 12 13 14 16 17 18 19 20 21 22 23 26 28 29 30 31 32 35 36 38 39 40 41 42 43 44 47 48 49 50 51 52 53 56 57 59 60 61 62 63 65 66 67 69 70 71 72 74 76 78 80 81 83 85 86 88 90 91 93 94 95 96 97 98 100 101 102 106 108 109 110 112 113 114 115 116 117 118 
69 45         2 3 4 5 6 8 11 14 15 16 17 19 21 22 23 24 25 26 27 29 30 31 32 33 34 37 38 41 42 45 46 47 49 50 51 53 54 55 56 58 59 60 61 62 64 65 66 67 68 70 71 72 74 75 76 77 78 80 82 83 85 86 87 88 89 90 92 93 97 100 102 103 105 106 109 112 115 116 119 120 
70 48         3 4 5 7 8 10 13 14 16 17 18 19 20 21 22 26 27 28 29 30 31 32 33 34 35 37 39 40 41 42 43 44 45 46 47 49 50 51 52 53 54 55 59 62 63 67 68 69 71 72 73 74 75 78 79 80 83 84 85 86 88 89 92 94 96 98 99 100 105 106 108 109 110 111 112 113 114 115 116 117 118 120 
71 60         2 3 5 6 7 8 9 10 11 12 13 14 15 16 17 19 21 22 23 24 25 26 29 30 31 33 34 35 36 38 39 41 43 44 45 46 50 51 52 54 55 57 58 59 60 62 67 68 69 70 72 73 76 79 83 85 86 87 88 89 90 92 93 95 96 98 99 100 102 104 107 108 110 111 112 113 114 115 116 118 
72 94         1 2 5 7 9 12 13 15 16 18 19 21 22 23 26 27 30 31 32 33 35 36 37 38 39 40 41 42 43 44 45 46 47 49 50 51 53 55 57 59 60 62 65 66 68 69 70 71 73 75 76 77 78 79 80 81 83 84 86 87 88 89 91 92 93 94 95 96 97 98 99 101 103 104 105 107 108 109 111 112 114 116 118 119 120 
73 71         1 2 3 4 7 9 13 14 15 17 18 19 21 22 23 30 31 32 33 35 36 37 38 41 44 45 46 48 50 52 53 54 55 56 57 58 59 62 63 64 65 67 70 71 72 75 76 77 79 80 81 83 84 86 87 89 90 91 92 94 95 96 97 100 101 102 105 106 108 110 111 112 113 114 116 117 119 
74 70         1 5 6 7 8 9 10 11 12 14 15 16 17 18 19 21 22 23 24 25 28 29 30 31 33 34 35 39 40 41 43 44 47 49 51 53 55 56 60 61 63 64 65 67 68 69 70 75 76 77 78 79 82 83 84 85 86 87 88 89 90 91 92 94 95 96 97 98 103 104 106 107 108 109 110 111 113 114 115 116 117 118 119 120 
75 64         2 4 5 6 7 8 9 10 12 14 15 16 17 18 19 20 22 23 24 26 27 30 31 33 35 36 37 38 39 40 41 42 43 47 48 49 50 51 52 53 54 55 56 57 58 59 60 61 62 63 64 65 66 67 69 70 72 73 74 76 77 78 80 82 84 85 86 87 92 93 94 95 96 97 98 99 100 101 102 103 104 105 106 107 109 111 112 114 115 117 118 119 120 
76 62         1 2 5 6 7 11 13 14 17 18 19 20 22 23 25 26 27 28 29 30 33 35 36 37 38 39 41 42 43 46 47 48 49 51 52 54 57 58 59 61 62 63 64 65 68 69 71 72 73 74 75 78 80 81 84 85 86 87 88 89 90 91 92 93 94 95 97 99 100 101 102 103 104 105 106 107 108 109 110 111 114 115 116 117 119 120 
77 93         1 2 3 5 6 11 12 13 14 15 16 17 18 20 22 23 25 26 29 31 32 33 34 35 36 37 38 39 41 43 44 45 46 47 48 49 50 51 52 53 54 55 56 58 60 62 63 64 66 67 69 72 73 74 75 78 79 80 82 83 86 87 88 89 90 92 93 95 96 97 99 101 102 103 104 105 106 107 108 113 114 117 118 120 
78 20         2 4 5 6 7 10 11 12 13 14 15 17 22 23 24 26 27 28 29 31 33 34 35 36 37 38 39 44 46 47 50 52 53 56 57 58 59 62 63 64 66 67 68 69 70 72 74 75 76 77 79 80 81 82 84 85 86 88 90 92 93 95 96 97 98 99 102 103 104 106 107 108 112 113 114 117 118 119 
79 69         2 3 4 5 6 7 8 9 10 12 13 15 16 18 19 20 21 22 24 25 27 28 29 30 31 32 34 36 37 38 41 42 43 44 45 46 47 48 49 50 51 52 53 54 55 56 57 58 59 60 61 62 63 64 65 66 67 70 71 72 73 74 77 78 80 82 83 84 88 89 90 91 92 93 94 95 96 98 100 102 103 104 105 106 107 108 109 110 112 113 114 115 116 117 120 
80 37         1 3 5 6 8 10 11 12 13 14 15 17 18 22 23 24 25 26 27 28 29 30 31 32 35 36 37 38 39 40 41 42 43 44 45 47 49 50 51 52 53 54 55 56 57 58 59 60 62 63 64 67 68 69 70 72 73 75 76 77 78 79 81 84 86 87 88 90 91 92 93 94 95 96 97 99 101 104 106 107 108 109 110 111 115 116 117 118 120 
81 63         2 3 5 6 7 8 9 10 11 12 13 14 15 17 21 22 23 25 26 29 31 33 34 36 38 40 41 43 44 46 47 48 49 50 51 53 56 57 59 61 62 63 64 65 66 67 68 72 73 76 78 80 82 84 85 86 87 89 90 93 94 95 96 97 99 100 102 104 105 106 107 108 109 111 112 113 115 116 117 118 119 
82 61         2 3 4 8 9 10 11 15 17 18 19 22 23 24 25 26 27 29 31 32 34 35 38 42 43 44 45 46 47 48 49 52 56 57 58 59 60 61 62 63 64 67 69 74 75 77 78 79 81 83 84 85 86 88 89 90 91 92 93 95 97 98 99 101 102 104 105 106 108 110 113 114 115 116 117 118 120 
83 26         1 2 7 8 9 10 11 12 13 14 17 18 20 21 23 24 25 26 28 31 32 35 36 37 38 39 40 41 42 43 44 45 46 47 49 51 53 54 57 58 59 60 62 63 64 67 68 69 70 71 72 73 74 77 79 82 84 85 87 88 89 90 92 93 94 95 96 99 101 102 104 105 106 107 108 109 111 112 115 116 118 120 
84 54         1 3 5 6 7 8 9 11 13 14 15 18 19 24 25 26 27 28 29 30 31 32 34 35 37 38 39 40 42 43 44 45 46 47 48 49 50 52 53 54 55 56 58 59 60 62 63 64 65 67 70 72 73 74 75 76 78 79 80 81 82 83 86 88 89 90 92 93 94 96 98 100 101 102 107 109 110 112 114 116 117 119 120 
85 89         1 2 3 4 5 8 9 10 11 12 14 15 16 18 19 20 23 24 25 27 28 31 32 33 35 36 38 39 40 41 44 46 47 48 50 51 52 53 54 55 56 58 60 61 63 64 65 66 67 68 69 70 71 74 75 76 78 81 82 83 86 89 90 91 92 93 94 97 98 100 102 103 105 106 108 110 111 112 114 116 117 118 119 120 
86 46         1 2 4 5 7 8 10 11 12 15 17 18 19 20 21 22 23 24 25 26 27 28 29 31 32 33 34 37 38 39 40 42 43 44 47 50 53 56 57 58 59 61 63 65 66 67 68 69 70 71 72 73 74 75 76 77 78 80 81 82 84 85 87 88 89 90 92 93 94 95 96 97 99 100 101 102 103 104 106 107 108 109 110 111 112 113 114 115 116 117 118 119 120 
87 54         1 2 3 4 5 6 7 9 10 12 13 14 15 16 17 18 19 20 21 23 24 26 27 28 29 31 32 33 35 37 38 40 41 42 43 46 47 48 50 51 52 53 54 55 56 57 59 61 62 63 65 66 67 69 71 72 73 74 75 76 77 80 81 83 86 88 89 90 92 93 94 95 96 97 98 99 100 101 102 103 105 107 109 110 112 114 116 117 119 120 
88 50         1 2 3 4 6 7 9 10 11 13 14 17 18 19 20 21 22 23 24 26 27 31 32 33 35 36 37 40 41 42 43 44 45 46 47 49 50 53 55 56 57 60 61 63 65 66 67 68 69 70 71 72 74 76 77 78 79 80 82 83 84 86 87 89 91 93 94 95 96 97 98 99 100 103 104 105 106 107 108 109 111 112 113 114 115 116 118 119 120 
89 32         1 2 3 4 8 10 11 12 14 15 18 19 20 21 22 26 27 30 31 32 33 34 35 36 37 39 40 42 43 44 46 47 48 50 51 52 53 54 56 57 58 60 61 62 63 64 65 66 69 70 71 72 73 74 76 77 79 81 82 83 84 85 86 87 88 90 91 95 97 99 100 101 102 103 104 108 109 110 111 112 115 116 117 
90 71         1 2 3 4 5 7 9 10 11 12 14 16 18 19 21 22 23 24 27 29 31 32 33 34 35 38 39 40 43 44 45 46 49 50 51 52 53 56 57 58 59 60 61 62 63 65 66 67 68 69 71 73 74 76 77 78 79 80 81 82 83 84 85 86 87 89 91 92 94 96 98 99 100 101 102 104 105 107 109 116 118 119 
91 62         1 2 4 5 6 7 8 9 10 13 14 15 17 19 20 21 23 24 25 26 28 30 33 35 36 39 41 42 43 46 47 48 50 51 53 54 56 57 59 61 63 64 65 66 68 72 73 74 76 79 80 82 85 88 89 90 93 95 96 99 101 102 103 104 108 109 110 112 113 114 115 116 117 119 120 
92 40         1 2 3 4 5 6 7 9 10 12 13 15 16 18 19 20 21 22 23 24 27 28 29 31 32 33 36 37 38 39 40 42 43 44 46 47 48 49 50 53 54 55 56 57 59 60 62 63 65 66 69 70 71 72 73 74 75 76 77 78 79 80 82 83 84 85 86 87 90 93 94 95 96 97 99 100 101 102 103 105 106 107 108 111 112 115 116 119 120 
93 26         1 5 7 8 10 12 13 16 17 18 20 22 23 24 25 26 28 30 32 33 34 37 38 39 40 42 43 44 45 46 47 48 49 50 51 54 56 57 60 62 63 64 65 66 68 69 71 72 75 76 77 78 79 80 81 82 83 84 85 86 87 88 91 92 94 95 96 97 100 102 103 107 108 109 111 112 113 114 115 116 118 
94 59         1 2 3 4 5 6 7 8 9 11 12 13 14 15 16 17 18 19 20 21 23 24 25 26 27 29 30 33 34 40 41 42 43 44 45 46 47 48 49 52 53 54 56 57 58 59 60 61 62 64 66 67 68 70 72 73 74 75 76 79 80 81 83 84 85 86 87 88 90 92 93 95 96 97 99 100 101 102 104 107 108 109 110 111 114 115 117 118 120 
95 62         1 2 3 5 6 7 9 10 11 13 14 15 17 18 22 23 25 26 27 29 30 31 32 35 36 37 40 41 43 44 45 46 47 48 49 50 52 53 55 57 58 59 61 64 65 66 68 71 72 73 74 75 76 77 78 79 80 81 82 83 86 87 88 89 91 92 93 94 96 98 100 101 102 103 105 106 107 108 109 112 113 114 115 116 117 118 119 
96 27         1 2 3 4 5 6 7 8 12 13 14 15 17 18 19 20 22 23 24 28 29 30 31 33 34 36 40 41 42 43 44 46 47 48 49 50 51 53 54 57 58 59 61 62 63 64 66 68 70 71 72 73 74 75 77 78 79 80 81 83 84 86 87 88 90 91 92 93 94 95 97 98 99 100 101 102 103 105 106 107 108 109 110 111 112 113 114 115 117 119 
97 60         1 2 3 5 6 7 8 10 11 12 14 17 18 20 22 23 27 28 29 30 32 35 36 37 38 39 41 42 45 46 47 48 49 50 51 52 56 57 59 63 66 67 68 69 72 73 74 75 76 77 78 80 81 82 85 86 87 88 89 92 93 94 96 98 99 100 101 102 105 106 107 111 112 113 115 117 118 119 120 
98 50         2 3 4 5 6 7 11 12 13 14 15 16 17 18 19 21 22 23 24 25 27 29 31 33 35 37 38 39 41 44 45 46 48 49 51 52 53 54 55 58 59 60 61 62 65 67 68 70 71 72 74 75 78 79 82 84 85 87 88 90 95 96 97 100 102 103 105 106 107 108 109 110 111 113 116 117 119 120 
99 74         2 4 5 6 7 8 9 11 13 16 19 21 22 24 26 27 28 30 31 32 33 34 35 36 37 41 43 44 45 47 50 54 55 57 59 60 62 63 64 65 66 70 71 72 75 76 77 78 80 81 82 83 86 87 88 89 90 91 92 94 96 97 100 101 102 103 106 107 108 109 110 111 112 114 116 117 118 119 
100 34        1 2 4 6 7 8 10 11 12 14 15 18 19 21 22 23 24 25 26 27 28 30 31 33 34 35 36 39 43 44 47 49 50 51 52 54 55 57 59 60 63 65 66 67 68 69 70 71 73 75 76 79 81 84 85 86 87 88 89 90 92 93 94 95 96 97 98 99 102 103 105 108 109 110 112 114 115 116 117 119 120 
101 40        1 2 4 5 7 10 12 13 14 15 17 18 19 20 21 22 23 25 26 28 29 30 32 34 35 36 38 39 40 42 43 45 47 49 53 55 56 58 59 60 61 63 64 65 67 68 72 73 75 76 77 80 82 83 84 86 87 89 90 91 92 94 95 96 97 99 103 105 106 107 108 109 110 111 112 113 114 115 117 119 120 
102 70        1 2 4 6 7 8 9 10 11 12 15 17 18 19 20 21 22 23 24 27 29 30 31 33 34 36 38 39 41 43 45 46 49 51 52 53 54 55 56 59 61 64 66 68 69 71 73 75 76 77 78 79 81 82 83 84 85 86 87 89 90 91 92 93 94 95 96 97 98 99 100 103 104 106 107 109 110 112 113 114 117 118 119 120 
103 56        1 3 4 6 7 8 9 10 11 12 13 14 15 16 21 23 25 26 28 29 31 32 34 36 38 40 41 44 45 46 47 49 51 55 56 57 58 59 60 61 64 69 72 74 75 76 77 78 79 85 86 87 88 89 91 92 93 95 96 98 99 100 101 102 104 109 110 113 114 117 119 
104 23        1 2 4 7 8 9 11 12 14 15 16 17 18 19 20 21 22 24 26 27 28 33 34 35 36 37 38 39 40 41 42 43 45 48 49 50 51 52 53 56 58 59 63 64 65 66 67 71 72 74 75 76 77 78 79 80 81 82 83 86 88 89 90 91 94 102 103 105 109 110 111 112 113 114 116 117 119 120 
105 66        1 3 4 6 7 8 9 11 13 14 15 16 17 19 20 21 23 24 25 26 27 28 30 31 32 34 37 38 39 40 41 43 46 47 49 51 52 54 56 63 64 65 66 67 69 70 72 73 75 76 77 79 81 82 83 85 87 88 90 92 95 96 97 98 100 101 104 107 108 109 112 113 116 117 118 120 
106 57        3 4 6 8 9 10 11 14 15 16 18 19 20 21 22 24 25 26 27 28 29 31 32 33 34 36 37 39 40 41 42 43 44 45 46 47 49 51 52 53 54 56 57 58 60 62 63 64 66 67 68 69 70 73 74 75 76 77 78 79 80 81 82 83 85 86 88 92 95 96 97 98 99 101 102 107 108 109 110 111 113 114 116 117 119 120 
107 43        1 2 5 6 8 9 10 11 14 15 16 17 18 19 20 21 23 24 25 26 27 28 29 30 31 32 35 36 38 40 44 46 47 49 50 51 53 54 55 58 59 60 61 62 64 65 67 71 72 74 75 76 77 78 79 80 81 83 84 86 87 88 90 92 93 94 95 96 97 98 99 101 102 105 106 108 110 111 112 113 114 115 116 117 
108 45        1 2 4 5 6 7 8 10 11 12 13 14 17 18 19 20 22 24 27 28 29 30 32 33 34 38 39 41 42 44 46 48 49 51 52 53 54 55 56 57 58 59 61 63 64 68 70 71 72 73 74 76 77 78 79 80 81 82 83 85 86 88 89 91 92 93 94 95 96 98 99 100 101 105 106 107 109 110 111 112 113 114 116 117 118 119 120 
109 65        2 3 5 6 8 9 10 11 12 13 14 15 16 17 19 21 22 23 24 25 28 29 31 34 39 42 44 45 46 47 48 50 51 53 54 55 56 58 59 60 61 63 64 65 66 67 68 69 70 72 74 75 76 79 80 81 83 84 86 87 88 89 90 91 93 94 95 96 98 99 100 101 102 103 104 105 106 108 110 113 114 117 118 119 
110 25        1 2 3 4 6 9 10 11 12 13 14 15 17 18 20 23 24 25 26 28 29 30 31 32 33 35 36 37 38 39 41 43 47 48 49 50 51 52 53 54 55 56 60 64 65 67 68 70 71 73 74 76 79 80 82 84 85 86 87 89 91 94 96 98 99 100 101 102 103 104 106 107 108 109 111 113 114 115 116 118 120 
111 82        1 2 3 4 8 9 12 17 18 19 22 23 24 25 26 27 28 30 32 33 34 35 36 37 38 39 40 41 42 43 44 45 46 47 48 51 54 55 56 57 58 60 63 64 65 66 70 71 72 73 74 75 76 80 81 83 85 86 88 89 92 93 94 96 97 98 99 101 104 106 107 108 110 113 114 115 117 118 120 
112 82        1 5 6 7 8 10 11 12 14 16 17 18 21 22 23 25 26 27 29 30 33 34 35 36 37 38 42 43 44 45 46 47 48 49 50 51 52 54 55 56 57 58 59 61 62 63 65 66 68 69 70 71 72 73 75 78 79 81 83 84 85 86 87 88 89 91 92 93 95 96 97 99 100 101 102 104 105 107 108 114 116 117 
113 37        1 2 3 4 6 7 8 9 10 11 15 17 19 20 22 23 25 26 27 28 32 33 34 35 36 38 39 40 41 43 45 46 47 48 50 51 52 53 54 56 58 59 60 61 62 63 66 67 68 70 71 73 74 77 78 79 81 82 86 88 91 93 95 96 97 98 101 102 103 104 105 106 107 108 109 110 111 114 116 117 118 120 
114 66        1 4 5 7 9 10 11 13 14 15 16 17 18 19 20 23 24 25 26 27 28 29 32 33 34 37 38 39 40 41 42 43 44 45 48 49 51 52 53 54 57 58 59 60 61 63 64 65 66 67 68 70 71 72 73 74 75 76 77 78 79 82 84 85 86 87 88 91 93 94 95 96 99 100 101 102 103 104 106 107 108 109 110 111 112 113 115 118 119 120 
115 47        1 2 4 6 7 8 10 11 12 15 16 17 20 21 22 24 26 27 28 31 32 34 35 39 40 42 43 45 46 47 48 49 50 52 53 54 55 56 57 58 59 60 61 63 65 66 67 68 69 70 71 74 75 76 79 80 81 82 83 86 88 89 91 92 93 94 95 96 97 100 101 107 110 111 114 116 118 119 
116 44        1 2 3 4 6 9 10 11 14 15 16 17 18 21 22 23 24 25 27 28 29 32 34 36 37 38 41 44 45 47 48 49 50 51 52 53 55 57 58 59 61 62 63 64 67 68 69 70 71 72 73 74 76 79 80 81 82 83 84 85 86 87 88 89 90 91 92 93 95 98 99 100 104 105 106 107 108 110 112 113 115 117 118 
117 94        1 4 5 6 7 8 10 11 12 13 14 15 16 21 22 24 25 26 28 29 31 32 33 34 35 36 37 38 39 40 41 42 44 45 48 50 52 53 54 55 56 57 58 60 62 64 66 67 68 70 73 74 75 76 77 78 79 80 81 82 84 85 86 87 89 91 94 95 96 97 98 99 100 101 102 103 104 105 106 107 108 109 111 112 113 116 118 119 
118 23        4 5 6 8 10 11 13 14 15 16 17 18 20 21 22 23 24 26 27 28 29 30 31 34 35 37 38 39 40 41 42 44 46 47 49 50 51 53 54 55 56 57 58 59 61 62 63 64 65 66 67 68 70 71 72 74 75 77 78 80 81 82 83 85 86 88 90 93 94 95 97 99 102 105 108 109 110 111 113 114 115 116 117 119 120 
119 24        1 2 3 4 5 6 8 9 10 11 12 15 19 20 21 22 23 24 25 26 29 30 31 32 33 35 36 38 40 41 43 44 45 46 47 50 51 52 55 56 57 58 59 61 62 65 66 67 69 72 73 74 75 76 78 81 84 85 86 87 88 90 91 92 95 96 97 98 99 100 101 102 103 104 106 108 109 114 115 117 118 120 
120 51        1 3 4 5 6 9 10 11 12 13 14 18 20 21 22 23 24 25 26 28 29 31 32 33 34 36 37 38 39 40 41 45 46 47 48 49 50 51 52 53 54 56 57 58 59 60 61 62 63 65 66 69 70 72 74 75 76 77 79 80 82 83 84 85 86 87 88 91 92 94 97 98 100 101 102 104 105 106 108 110 111 113 114 118 119 
