120 150
1 38          2 3 5 12 17 24 32 34 41 43 58 63 66 77 78 81 83 92 95 96 103 106 110 113 115 119 
2 100         1 6 9 17 24 26 27 33 37 41 42 48 49 51 52 54 59 60 61 65 73 86 87 88 90 91 94 95 98 100 106 108 111 118 119 
3 60          1 15 16 18 19 26 28 29 34 35 42 43 47 49 55 57 59 60 61 63 64 65 71 74 77 83 85 87 90 93 95 96 97 103 104 107 118 
4 42          5 6 11 12 13 15 26 28 30 31 39 42 44 47 49 50 54 56 57 72 74 76 78 80 81 86 89 91 92 93 96 105 108 112 114 115 
5 20          1 4 18 19 22 24 31 33 39 50 52 56 60 61 62 65 66 68 69 74 78 81 88 89 90 94 105 108 109 110 112 113 115 117 118 
6 69          2 4 7 10 15 16 18 20 24 33 38 48 49 51 55 56 59 61 63 64 66 68 73 74 85 87 93 95 99 103 104 106 107 110 111 116 118 
7 24          6 8 10 13 14 22 23 25 27 28 30 31 35 36 39 40 47 52 54 72 73 79 84 85 94 95 96 98 99 109 116 119 120 
8 23          7 13 14 17 21 23 32 37 38 46 48 51 52 53 54 55 58 60 61 63 67 69 73 78 82 85 87 90 93 96 97 102 104 111 113 119 
9 92          2 15 16 17 20 22 26 28 29 30 31 32 33 37 38 40 43 47 53 57 58 60 61 63 67 68 69 75 78 79 81 82 89 92 94 95 99 104 106 107 116 119 
10 32         6 7 12 13 14 19 20 22 23 24 26 27 28 31 32 34 36 38 40 41 42 44 45 47 48 49 50 52 60 62 67 71 80 84 87 112 116 117 120 
11 84         4 14 16 17 20 23 27 30 32 38 41 47 49 52 55 58 61 63 65 66 68 77 79 80 83 85 86 91 93 108 109 113 117 
12 36         1 4 10 14 16 23 24 27 28 38 42 45 47 57 59 65 67 68 70 71 75 77 80 81 82 87 88 89 91 95 107 108 109 111 114 115 117 120 
13 65         4 7 8 10 15 20 21 22 28 29 33 35 40 42 45 46 48 52 53 54 60 61 65 76 78 85 87 90 91 97 98 105 112 114 117 120 
14 84         7 8 10 11 12 16 19 22 24 29 30 32 37 38 46 47 54 58 64 71 75 76 77 80 83 88 89 92 95 100 103 107 108 111 112 116 
15 34         3 4 6 9 13 17 18 20 21 30 32 41 43 44 50 59 60 61 64 69 72 76 87 91 95 98 103 110 111 114 115 117 118 
16 68         3 6 9 11 12 14 17 21 27 33 34 35 40 41 42 44 47 53 54 63 67 70 71 75 76 77 80 88 91 94 97 104 108 115 120 
17 64         1 2 8 9 11 15 16 18 19 23 24 25 26 28 41 45 47 51 54 58 65 67 81 82 84 87 92 93 94 95 97 100 102 104 107 113 115 117 120 
18 33         3 5 6 15 17 21 25 34 36 39 42 43 44 47 49 50 51 53 56 60 62 70 71 76 77 78 79 80 81 83 84 89 92 98 99 106 111 115 118 
19 69         3 5 10 14 17 22 23 24 25 27 36 38 42 46 49 50 53 54 56 58 64 72 73 74 78 80 85 86 94 97 105 110 112 118 119 
20 27         6 9 10 11 13 15 21 22 26 28 30 37 40 41 43 47 53 59 69 70 71 75 77 82 87 89 93 94 100 105 116 118 119 120 
21 47         8 13 15 16 18 20 22 23 24 27 28 33 37 39 43 44 48 56 59 66 68 70 71 79 88 92 94 96 101 109 113 117 120 
22 21         5 7 9 10 13 14 19 20 21 24 26 29 37 38 39 43 44 48 51 52 56 61 64 68 70 73 74 78 79 80 91 97 100 105 113 115 
23 85         7 8 10 11 12 17 19 21 28 30 33 34 38 44 45 46 48 54 57 63 65 75 81 85 89 90 92 97 103 108 110 113 115 
24 88         1 2 5 6 10 12 14 17 19 21 22 25 27 38 41 45 49 59 63 67 68 71 80 85 86 87 89 91 92 94 101 103 105 107 110 114 117 
25 59         7 17 18 19 24 30 34 35 39 46 52 54 55 57 61 62 63 66 74 75 77 78 79 81 82 84 85 87 88 89 90 91 94 96 98 105 107 110 
26 61         2 3 4 9 10 17 20 22 28 29 30 31 32 37 38 44 47 48 50 53 54 57 58 60 67 68 69 74 77 79 89 91 92 97 99 100 108 112 119 
27 50         2 7 10 11 12 16 19 21 24 31 36 37 38 40 41 45 47 53 54 61 68 71 75 77 78 82 88 90 97 108 109 113 114 115 118 119 120 
28 53         3 4 7 9 10 12 13 17 20 21 23 26 32 35 37 38 42 45 47 48 53 54 59 60 61 63 64 65 66 67 68 72 77 79 85 87 91 92 93 102 103 106 107 108 109 110 115 117 
29 37         3 9 13 14 22 26 31 32 33 35 37 47 48 53 57 58 65 79 83 85 86 87 90 91 101 102 103 107 115 118 120 
30 75         4 7 9 11 14 15 20 23 25 26 35 41 46 48 49 51 55 56 63 72 73 87 95 96 97 100 107 112 114 115 117 
31 64         4 5 7 9 10 26 27 29 34 36 38 41 42 44 45 49 57 59 64 69 73 76 77 78 79 82 90 95 102 103 105 111 115 116 118 
32 84         1 8 9 10 11 14 15 26 28 29 33 38 40 42 43 47 48 54 60 62 64 69 70 71 76 80 82 83 88 90 91 93 96 98 100 102 105 108 109 111 115 118 119 
33 74         2 5 6 9 13 16 21 23 29 32 34 35 38 39 44 46 49 50 52 56 57 59 62 63 66 71 72 75 79 81 89 90 92 94 95 98 102 105 107 110 112 116 117 118 120 
34 57         1 3 10 16 18 23 25 31 33 36 37 42 46 48 57 65 68 69 81 84 85 92 95 101 102 107 108 112 120 
35 83         3 7 13 16 25 28 29 30 33 47 50 52 56 57 58 62 64 65 68 72 73 74 75 77 79 80 82 83 88 89 91 92 102 105 106 111 115 
36 28         7 10 18 19 27 31 34 37 43 44 48 49 50 52 57 59 60 67 70 78 80 81 84 87 90 95 98 106 110 114 117 120 
37 31         2 8 9 14 20 21 22 26 27 28 29 34 36 40 43 51 53 55 57 59 66 68 69 74 76 78 79 81 83 85 89 91 92 95 98 102 103 105 108 109 110 116 117 
38 97         6 8 9 10 11 12 14 19 22 23 24 26 27 28 31 32 33 39 43 45 46 47 49 51 52 53 58 59 65 66 70 72 76 83 85 88 94 101 103 104 105 108 109 111 115 116 119 
39 61         4 5 7 18 21 22 25 33 38 43 46 47 48 49 56 61 64 66 67 68 71 77 80 84 91 99 101 102 103 107 108 110 111 112 117 119 
40 36         7 9 10 13 16 20 27 32 37 41 49 50 54 55 56 58 60 65 67 68 75 77 79 82 84 86 89 91 101 103 107 108 109 111 112 114 115 119 
41 46         1 2 10 11 15 16 17 20 24 27 30 31 40 46 49 52 54 60 61 62 63 66 68 70 74 77 83 85 86 87 90 93 97 100 101 102 103 105 109 118 
42 37         2 3 4 10 12 13 16 18 19 28 31 32 34 47 51 52 59 60 62 64 72 78 81 83 86 89 91 98 102 104 106 108 109 110 113 116 117 118 
43 96         1 3 9 15 18 20 21 22 32 36 37 38 39 44 49 52 61 62 65 66 68 69 72 81 87 89 91 94 99 101 105 108 109 111 112 115 120 
44 80         4 10 15 16 18 21 22 23 26 31 33 36 43 45 48 53 58 59 72 80 87 92 93 94 96 103 112 116 120 
45 53         10 12 13 17 23 24 27 28 31 38 44 46 47 51 53 54 55 56 59 66 67 83 90 93 95 99 101 105 110 120 
46 51         8 13 14 19 23 25 30 33 34 38 39 41 45 49 53 57 60 61 63 68 69 72 80 88 91 94 96 97 103 104 106 108 109 113 114 115 116 120 
47 68         3 4 7 9 10 11 12 14 16 17 18 20 26 27 28 29 32 35 38 39 42 45 51 58 60 62 64 67 68 75 78 83 84 88 90 95 105 107 109 111 117 118 120 
48 90         2 6 8 10 13 21 22 23 26 28 29 30 32 34 36 39 44 57 61 62 64 65 75 76 77 79 80 81 82 85 87 89 98 101 102 104 110 114 115 117 119 120 
49 64         2 3 4 6 10 11 18 19 24 30 31 33 36 38 39 40 41 43 46 51 54 58 60 61 67 73 84 88 90 95 96 98 99 101 102 108 109 117 120 
50 81         4 5 10 15 18 19 26 33 35 36 40 60 62 64 65 67 70 73 75 76 79 82 83 85 86 90 98 100 102 103 104 112 113 114 119 120 
51 66         2 6 8 17 18 22 30 37 38 42 45 47 49 61 66 72 75 76 78 81 88 93 94 96 100 111 
52 67         2 5 7 8 10 11 13 22 25 33 35 36 38 41 42 43 59 66 67 68 74 75 78 80 81 84 86 88 93 97 108 114 
53 80         8 9 13 16 18 19 20 26 27 28 29 37 38 44 45 46 54 55 56 58 59 60 63 64 66 67 71 72 73 74 79 83 85 91 100 110 112 113 114 119 
54 37         2 4 7 8 13 14 16 17 19 23 25 26 27 28 32 40 41 45 49 53 63 65 66 70 71 79 84 85 88 91 92 93 95 96 103 109 110 115 118 119 120 
55 92         3 6 8 11 25 30 37 40 45 53 61 64 72 76 84 88 91 100 103 107 108 112 113 114 118 
56 67         4 5 6 18 19 21 22 30 33 35 39 40 45 53 58 60 67 68 72 82 85 89 90 92 97 98 100 104 105 110 113 115 118 
57 64         3 4 9 12 23 25 26 29 31 33 34 35 36 37 46 48 62 69 70 72 73 74 82 84 85 88 94 96 97 104 105 107 108 
58 31         1 8 9 11 14 17 19 26 29 35 38 40 44 47 49 53 56 61 62 63 66 68 71 74 79 84 91 92 102 106 109 111 119 
59 94         2 3 6 12 15 20 21 24 28 31 33 36 37 38 42 44 45 52 53 62 65 73 74 80 87 95 96 107 109 116 117 118 120 
60 45         2 3 5 8 9 10 13 15 18 26 28 32 36 40 41 42 46 47 49 50 53 56 63 65 66 67 76 77 82 84 87 90 91 93 94 99 100 103 105 108 115 116 119 120 
61 80         2 3 5 6 8 9 11 13 15 22 25 27 28 39 41 43 46 48 49 51 55 58 63 64 70 72 75 80 84 92 97 101 102 103 107 116 
62 28         5 10 18 25 32 33 35 41 42 43 47 48 50 57 58 59 63 75 81 82 85 86 87 88 93 97 100 102 105 107 119 120 
63 76         1 3 6 8 9 11 16 23 24 25 28 30 33 41 46 53 54 58 60 61 62 64 65 66 67 71 72 79 80 83 84 85 88 89 90 93 95 97 104 105 106 107 109 110 112 115 118 
64 29         3 6 14 15 19 22 28 31 32 35 39 42 47 48 50 53 55 61 63 68 70 78 84 95 99 104 106 108 112 113 114 118 
65 64         2 3 5 11 12 13 17 23 28 29 34 35 38 40 43 48 50 54 59 60 63 67 69 70 80 84 89 91 92 94 100 101 102 106 108 109 112 114 115 116 117 118 119 
66 38         1 5 6 11 21 25 28 33 37 38 39 41 43 45 51 52 53 54 58 60 63 67 70 74 76 78 80 84 85 86 93 95 96 97 99 107 114 115 120 
67 48         8 9 10 12 16 17 24 26 28 36 39 40 45 47 49 50 52 53 56 60 63 65 66 72 83 86 92 93 102 103 105 117 120 
68 40         5 6 9 11 12 21 22 24 26 27 28 34 35 37 39 40 41 43 46 47 52 56 58 64 70 73 74 81 85 87 95 97 104 108 111 114 116 117 118 
69 29         5 8 9 15 20 26 31 32 34 37 43 46 57 65 73 74 75 87 91 96 101 102 105 106 110 114 116 120 
70 44         12 16 18 20 21 22 32 36 38 41 50 54 57 61 64 65 66 68 74 77 85 87 89 96 97 103 107 110 111 113 117 
71 81         3 10 12 14 16 18 20 21 24 27 32 33 39 53 54 58 63 72 75 76 82 84 89 94 96 99 100 103 104 106 111 112 113 116 117 120 
72 35         4 7 15 19 28 30 33 35 38 42 43 44 46 51 53 55 56 57 61 63 67 71 75 79 84 86 87 88 92 93 96 98 107 111 114 118 
73 51         2 6 7 8 19 22 30 31 35 49 50 53 57 59 68 69 76 81 84 87 90 91 93 99 100 101 104 106 108 113 114 115 
74 48         3 4 5 6 19 22 25 26 35 37 41 52 53 57 58 59 66 68 69 70 76 80 92 95 103 104 105 109 110 111 112 
75 67         9 12 14 16 20 23 25 27 33 35 40 47 48 50 51 52 61 62 69 71 72 78 86 89 99 105 114 116 117 118 
76 24         4 13 14 15 16 18 31 32 37 38 48 50 51 55 60 66 71 73 74 77 80 86 90 92 93 97 98 101 106 107 115 
77 46         1 3 11 12 14 16 18 20 25 26 27 28 31 35 39 40 41 48 60 70 76 79 81 91 94 96 101 102 103 108 111 117 119 
78 38         1 4 5 8 9 13 18 19 22 25 27 31 36 37 42 47 51 52 64 66 75 79 83 91 92 97 98 104 114 115 116 119 120 
79 76         7 9 11 18 21 22 25 26 28 29 31 33 35 37 40 48 50 53 54 58 63 72 77 78 86 97 101 104 110 119 
80 22         4 10 11 12 14 16 18 19 22 24 32 35 36 39 44 46 48 52 59 61 63 65 66 74 76 82 85 89 93 96 100 102 104 110 111 116 117 118 
81 30         1 4 5 9 12 17 18 23 25 33 34 36 37 42 43 48 51 52 62 68 73 77 89 90 91 94 95 96 101 102 109 110 113 114 120 
82 67         8 9 12 17 20 25 27 31 32 35 40 48 50 56 57 60 62 71 80 90 95 115 
83 45         1 3 11 14 18 29 32 35 37 38 41 42 45 47 50 53 63 67 78 85 88 90 102 104 106 107 108 114 118 119 
84 41         7 10 17 18 25 34 36 39 40 47 49 52 54 55 57 58 60 61 63 64 65 66 71 72 73 85 88 100 101 107 108 111 118 119 
85 29         3 6 7 8 11 13 19 23 24 25 28 29 34 37 38 41 48 50 53 54 56 57 62 63 66 68 70 80 83 84 88 97 98 100 102 103 106 107 108 110 118 
86 41         2 4 11 19 24 29 40 41 42 50 52 62 66 67 72 75 76 79 90 94 95 97 100 108 115 116 117 120 
87 79         2 3 6 8 10 12 13 15 17 20 24 25 28 29 30 36 41 43 44 48 59 60 62 68 69 70 72 73 95 99 104 105 108 109 114 119 
88 21         2 5 12 14 16 21 25 27 32 35 38 46 47 49 51 52 54 55 57 62 63 72 83 84 85 91 107 110 113 114 115 
89 25         4 5 9 12 14 18 20 23 24 25 26 33 35 37 40 42 43 48 56 63 65 70 71 75 80 81 94 96 104 107 111 112 113 115 
90 90         2 3 5 8 13 23 25 27 29 31 32 33 36 41 45 47 49 50 56 60 63 73 76 81 82 83 86 94 96 98 106 111 114 115 117 119 
91 62         2 4 11 12 13 15 16 22 24 25 26 28 29 32 35 37 39 40 42 43 46 53 54 55 58 60 65 69 73 77 78 81 88 94 102 105 108 111 113 114 116 117 118 
92 34         1 4 9 14 17 18 21 23 24 26 28 33 34 35 37 44 54 56 58 61 65 67 72 74 76 78 95 97 98 105 113 118 
93 73         3 4 6 8 11 17 20 28 32 41 44 45 51 52 54 60 62 63 66 67 72 73 76 80 94 96 97 107 109 111 115 116 119 
94 50         2 5 7 9 16 17 19 20 21 24 25 33 38 43 44 46 51 57 60 65 71 77 81 86 89 90 91 93 95 97 103 106 109 110 112 
95 79         1 2 3 6 7 9 12 14 15 17 30 31 33 34 36 37 45 47 49 54 59 63 64 66 68 74 81 82 86 87 92 94 96 98 99 104 105 108 109 112 118 120 
96 66         1 3 4 7 8 21 25 30 32 44 46 49 51 54 57 59 66 69 70 71 72 77 80 81 89 90 93 95 97 106 107 109 110 113 117 118 119 120 
97 59         3 8 13 16 17 19 22 23 26 27 30 41 46 52 56 57 61 62 63 66 68 70 76 78 79 85 86 92 93 94 96 99 102 106 108 113 115 116 117 118 119 120 
98 42         2 7 13 15 18 25 32 33 36 37 42 48 49 50 56 72 76 78 85 90 92 95 100 102 103 109 111 112 115 118 120 
99 90         6 7 9 18 26 39 43 45 49 60 64 66 71 73 75 87 95 97 100 102 105 107 111 112 114 117 
100 79        2 14 17 20 22 26 30 32 41 50 51 53 55 56 60 62 65 71 73 80 84 85 86 98 99 102 109 113 115 118 119 120 
101 70        21 24 29 34 38 39 40 41 43 45 48 49 61 65 69 73 76 77 79 81 84 102 107 109 115 117 119 
102 66        8 17 28 29 31 32 33 34 35 37 39 41 42 48 49 50 58 61 62 65 67 69 77 80 81 83 85 91 97 98 99 100 101 104 106 107 110 114 116 117 118 
103 80        1 3 6 14 15 23 24 28 29 31 37 38 39 40 41 44 46 50 54 55 60 61 67 70 71 74 77 85 94 98 105 106 110 114 120 
104 35        3 6 8 9 16 17 38 42 46 48 50 56 57 63 64 68 71 73 74 78 79 80 83 87 89 95 102 105 106 110 111 116 119 
105 62        4 5 13 19 20 22 24 25 31 32 33 35 37 38 41 43 45 47 56 57 60 62 63 67 69 74 75 87 91 92 95 99 103 104 114 116 118 119 120 
106 98        1 2 6 9 18 28 35 36 42 46 58 63 64 65 69 71 73 76 83 85 90 94 96 97 102 103 104 107 116 
107 97        3 6 9 12 14 17 24 25 28 29 30 33 34 39 40 47 55 57 59 61 62 63 66 70 72 76 83 84 85 88 89 93 96 99 101 102 106 110 113 
108 37        2 4 5 11 12 14 16 23 26 27 28 32 34 37 38 39 40 42 43 46 49 52 55 57 60 64 65 68 73 77 83 84 85 86 87 91 95 97 109 112 114 117 119 
109 32        5 7 11 12 21 27 28 32 37 38 40 41 42 43 46 47 49 54 58 59 63 65 74 81 87 93 94 95 96 98 100 101 108 112 120 
110 75        1 5 6 15 19 23 24 25 28 33 36 37 39 42 45 48 53 54 56 63 69 70 74 79 80 81 85 88 94 96 102 103 104 107 112 115 116 117 119 
111 91        2 6 8 12 14 15 18 31 32 35 38 39 40 43 47 51 58 68 70 71 72 74 77 80 84 89 90 91 93 98 99 104 112 118 
112 91        4 5 10 13 14 19 26 30 33 34 39 40 43 44 50 53 55 63 64 65 71 74 89 94 95 98 99 108 109 110 111 117 119 
113 48        1 5 8 11 17 21 22 23 27 42 46 50 53 55 56 64 70 71 73 81 88 89 91 92 96 97 100 107 114 116 120 
114 26        4 12 13 15 24 27 30 36 40 46 48 50 52 53 55 64 65 66 68 69 72 73 75 78 81 83 87 88 90 91 99 102 103 105 108 113 115 119 
115 23        1 4 5 12 15 16 17 18 22 23 27 28 29 30 31 32 35 38 40 43 46 48 54 56 60 63 65 66 73 76 78 82 86 88 89 90 93 97 98 100 101 110 114 116 
116 32        6 7 9 10 14 20 31 33 37 38 42 44 46 59 60 61 65 68 69 71 75 78 80 86 91 93 97 102 104 105 106 110 113 115 
117 100       5 10 11 12 13 15 17 21 24 28 30 33 36 37 39 42 47 48 49 59 65 67 68 70 71 75 77 80 86 90 91 96 97 99 101 102 108 110 112 119 120 
118 46        2 3 5 6 15 18 19 20 27 29 31 32 33 41 42 47 54 55 56 59 63 64 65 68 72 75 80 83 84 85 91 92 95 96 97 98 100 102 105 111 120 
119 29        1 2 7 8 9 19 20 26 27 32 38 39 40 48 50 53 54 58 60 62 65 77 78 79 83 84 87 90 93 96 97 100 101 104 105 108 110 112 114 117 
120 26        7 10 12 13 16 17 20 21 27 29 33 34 36 43 44 45 46 47 48 49 50 54 59 60 62 66 67 69 71 78 81 86 95 96 97 98 100 103 105 109 113 117 118 
