120 150
1 29          4 10 11 15 18 23 24 28 30 33 35 43 52 53 56 62 69 71 72 77 78 81 82 84 85 86 90 91 94 103 109 116 117 118 
2 26          3 5 9 21 28 29 31 32 33 34 35 37 39 42 43 44 46 48 52 53 60 67 72 73 76 77 96 97 102 114 120 
3 83          2 9 12 20 21 22 24 25 26 28 29 32 33 38 39 41 42 43 45 47 50 53 56 57 59 61 62 63 64 68 69 81 82 87 89 92 96 103 104 106 107 113 114 118 119 
4 82          1 7 11 13 15 21 30 31 32 34 37 38 40 41 42 45 46 47 48 51 53 56 57 60 61 62 71 74 76 77 84 85 101 104 106 107 108 109 115 116 119 
5 92          2 8 14 15 16 20 21 30 32 33 38 43 47 49 50 52 59 62 67 70 72 73 74 79 84 86 91 94 99 101 105 108 110 111 115 117 120 
6 95          11 17 18 21 23 24 31 33 36 37 42 43 44 46 49 54 57 60 70 71 73 83 85 87 92 94 97 98 99 100 104 106 108 111 120 
7 87          4 10 11 13 15 18 21 23 26 37 40 44 45 50 51 55 56 61 62 63 69 71 75 76 81 82 83 84 88 89 93 98 99 101 106 109 115 117 119 
8 63          5 10 11 12 15 17 20 24 26 27 35 37 38 39 40 42 43 50 51 52 60 62 65 68 70 76 78 83 86 89 93 95 98 99 102 106 112 114 116 
9 57          2 3 11 12 14 16 27 28 35 38 40 48 51 54 55 57 61 63 67 69 74 77 79 89 93 102 103 105 108 
10 100        1 7 8 11 12 13 15 16 28 30 36 39 40 42 44 46 54 56 63 68 69 72 85 86 90 91 95 97 98 99 101 105 110 114 118 119 
11 63         1 4 6 7 8 9 10 12 13 15 20 22 24 29 36 38 40 52 53 54 57 60 61 63 65 78 81 83 87 90 93 95 98 100 104 107 108 
12 65         3 8 9 10 11 13 14 18 19 20 24 30 34 38 42 43 45 48 49 50 59 63 64 68 77 81 87 97 103 107 110 116 
13 81         4 7 10 11 12 22 26 31 32 34 35 36 42 44 48 49 50 58 61 62 63 71 73 79 82 86 88 89 92 99 100 106 111 112 120 
14 46         5 9 12 15 16 19 21 23 27 34 38 39 45 52 57 59 62 65 69 70 72 73 78 79 89 92 93 98 100 101 104 106 112 115 117 119 
15 42         1 4 5 7 8 10 11 14 16 26 30 31 34 36 41 46 52 55 58 61 65 67 69 82 84 85 87 92 97 99 100 102 106 107 108 112 113 116 118 
16 95         5 9 10 14 15 20 22 32 34 36 43 49 50 53 54 56 66 67 68 69 73 75 76 89 92 96 99 100 101 103 106 107 111 113 114 117 
17 90         6 8 25 26 27 29 30 35 36 37 40 42 45 47 48 50 56 61 71 82 83 88 93 96 98 100 101 102 104 112 113 114 115 118 
18 80         1 6 7 12 23 25 28 31 34 36 37 39 47 49 54 56 58 59 61 67 68 72 74 76 84 85 87 88 90 95 100 105 108 109 113 117 
19 53         12 14 23 25 27 29 30 40 41 43 51 55 58 59 61 72 75 78 80 88 95 98 100 102 105 107 113 115 
20 27         3 5 8 11 12 16 21 22 25 29 37 40 47 53 55 61 63 64 71 72 73 79 81 83 84 91 93 94 95 98 103 106 108 112 113 114 115 119 
21 84         2 3 4 5 6 7 14 20 22 33 34 36 48 49 51 52 53 55 61 64 65 70 74 81 85 88 93 94 98 100 102 107 113 119 120 
22 40         3 11 13 16 20 21 25 29 34 35 36 37 40 41 42 48 49 50 53 54 55 57 59 60 64 65 75 80 81 86 89 92 93 94 97 107 108 111 115 116 118 120 
23 22         1 6 7 14 18 19 25 26 29 33 38 41 42 52 53 54 56 59 62 66 71 73 74 81 82 84 86 87 88 90 94 100 105 110 111 113 116 118 
24 97         1 3 6 8 11 12 25 28 29 31 39 44 45 46 47 51 53 54 55 57 61 64 66 71 74 75 78 79 85 89 92 93 94 95 96 102 104 108 109 111 117 119 
25 20         3 17 18 19 20 22 23 24 27 28 29 30 32 34 41 52 53 54 67 71 77 80 86 89 91 92 93 96 97 98 99 100 101 103 106 109 112 120 
26 73         3 7 8 13 15 17 23 32 39 42 43 46 48 49 51 53 54 62 65 73 75 80 85 88 89 92 93 97 101 102 103 108 110 111 112 115 116 120 
27 63         8 9 14 17 19 25 33 36 44 45 46 47 53 54 58 68 69 71 74 75 76 80 84 93 102 110 116 117 
28 95         1 2 3 9 10 18 24 25 29 30 32 33 38 39 46 49 54 64 65 68 71 72 73 82 83 84 86 93 94 95 100 108 110 111 115 116 118 
29 46         2 3 11 17 19 20 22 23 24 25 28 31 33 46 51 60 63 66 72 74 79 82 83 91 95 100 103 110 117 119 
30 42         1 4 5 10 12 15 17 19 25 28 31 34 35 37 39 40 46 51 53 55 56 59 62 63 64 66 67 74 77 78 82 93 98 102 110 111 113 114 116 117 120 
31 47         2 4 6 13 15 18 24 29 30 34 36 43 45 46 53 58 69 71 74 77 83 89 94 97 107 108 110 112 113 115 
32 40         2 3 4 5 13 16 25 26 28 33 34 35 38 42 44 47 48 54 57 68 87 89 91 96 102 107 108 109 111 114 116 
33 26         1 2 3 5 6 21 23 27 28 29 32 40 45 46 50 53 55 56 57 59 68 71 72 73 74 78 79 80 82 90 92 96 97 104 106 107 109 111 114 118 
34 88         2 4 12 13 14 15 16 18 21 22 25 30 31 32 40 49 55 58 59 65 71 75 83 84 85 92 97 105 110 113 118 
35 49         1 2 8 9 13 17 22 30 32 37 49 50 52 56 58 59 68 73 75 78 81 83 84 87 88 96 105 112 114 116 119 
36 24         6 10 11 13 15 16 17 18 21 22 27 31 39 43 44 52 53 54 56 59 60 61 62 68 71 72 73 74 76 77 78 80 84 85 95 98 105 106 108 110 112 113 114 
37 92         2 4 6 7 8 17 18 20 22 30 35 38 41 42 43 49 54 55 64 71 78 87 90 91 92 93 102 107 119 
38 87         3 4 5 8 9 11 12 14 23 28 32 37 42 43 47 50 52 53 56 58 59 64 67 71 73 75 80 93 102 111 118 
39 68         2 3 8 10 14 18 24 26 28 30 36 40 44 48 50 51 52 55 60 61 64 67 78 80 84 85 87 90 94 95 97 98 100 106 108 111 118 
40 95         4 7 8 9 10 11 17 19 20 22 30 33 34 39 41 43 46 47 51 52 53 59 62 63 64 67 71 75 84 85 92 93 102 104 110 114 116 120 
41 34         3 4 15 19 22 23 25 37 40 46 50 51 52 54 57 63 70 71 83 84 85 87 93 95 97 99 100 108 114 115 
42 82         2 3 4 6 8 10 12 13 17 22 23 26 32 37 38 45 46 47 48 50 53 57 58 62 65 67 68 71 73 80 81 84 91 96 98 101 102 104 106 113 116 120 
43 84         1 2 3 5 6 8 12 16 19 26 31 36 37 38 40 44 45 46 51 54 61 67 79 80 84 85 86 89 92 94 95 100 102 106 109 111 116 
44 43         2 6 7 10 13 24 27 32 36 39 43 45 46 48 57 60 64 65 68 73 85 89 92 100 101 103 109 113 115 117 118 119 
45 54         3 4 7 12 14 17 24 27 31 33 42 43 44 48 50 59 63 64 69 70 71 74 75 82 87 89 90 91 93 95 97 100 107 108 112 
46 73         2 4 6 10 15 24 26 27 28 29 30 31 33 40 41 42 43 44 48 49 51 56 57 59 64 65 70 71 73 80 83 85 86 91 92 93 98 100 104 105 107 109 111 114 116 118 
47 66         3 4 5 17 18 20 24 27 32 38 40 42 49 51 55 62 63 66 68 78 80 81 84 86 87 89 92 95 101 103 108 109 115 120 
48 32         2 4 9 12 13 17 21 22 26 32 39 42 44 45 46 70 73 79 80 84 87 88 91 97 100 101 103 106 109 110 113 114 117 118 119 
49 62         5 6 12 13 16 18 21 22 26 28 34 35 37 46 47 53 59 62 64 65 67 70 71 76 80 85 86 88 93 102 103 105 106 108 113 
50 48         3 5 7 8 12 13 16 17 22 33 35 38 39 41 42 45 51 53 57 66 72 75 77 79 84 86 88 89 97 98 100 103 104 105 114 
51 99         4 7 8 9 19 21 24 26 29 30 39 40 41 43 46 47 50 55 56 57 61 62 69 71 72 82 85 93 98 104 108 110 115 117 
52 90         1 2 5 8 11 14 15 21 23 25 35 36 38 39 40 41 54 55 60 61 62 63 64 76 78 85 86 88 90 91 93 95 97 100 107 109 117 
53 86         1 2 3 4 11 16 20 21 22 23 24 25 26 27 30 31 33 36 38 40 42 49 50 54 56 58 61 62 63 65 68 71 72 76 81 83 88 90 95 97 101 107 114 119 120 
54 28         6 9 10 11 16 18 22 23 24 25 26 27 28 32 36 37 41 43 52 53 68 73 76 77 79 81 90 104 106 108 109 112 116 
55 25         7 9 15 19 20 21 22 24 30 33 34 37 39 47 51 52 58 61 67 78 79 85 88 90 91 93 104 120 
56 25         1 3 4 7 10 16 17 18 23 30 33 35 36 38 46 51 53 59 60 61 62 65 66 67 69 74 76 84 86 87 98 104 109 111 120 
57 89         3 4 6 9 11 14 22 24 32 33 41 42 44 46 50 51 61 65 67 70 71 73 76 78 79 80 81 86 89 95 98 99 103 104 106 108 109 110 114 115 116 120 
58 67         13 15 18 19 27 31 34 35 38 42 53 55 60 66 68 76 84 85 86 91 96 101 102 104 105 107 113 114 115 116 
59 96         3 5 12 14 18 19 22 23 30 33 34 35 36 38 40 45 46 49 56 60 62 64 65 69 74 76 81 82 83 91 98 100 106 108 109 113 119 
60 35         2 4 6 8 11 22 29 36 39 44 52 56 58 59 64 71 73 74 77 78 80 82 86 88 92 93 95 96 97 98 105 107 112 113 119 120 
61 33         3 4 7 9 11 13 15 17 18 19 20 21 24 36 39 43 51 52 53 55 56 57 77 79 81 83 85 86 89 90 96 99 100 102 104 107 114 117 120 
62 70         1 3 4 5 7 8 13 14 23 26 30 36 40 42 47 49 51 52 53 56 59 63 64 66 67 73 78 79 82 85 88 92 97 100 103 106 109 115 119 120 
63 40         3 7 9 10 11 12 13 20 29 30 40 41 45 47 52 53 62 66 69 72 76 86 93 94 95 101 102 104 105 110 112 113 114 115 
64 59         3 12 20 21 22 24 28 30 37 38 39 40 44 45 46 49 52 59 60 62 65 67 69 71 73 76 81 83 85 89 97 100 105 107 110 113 116 
65 32         8 11 14 15 21 22 26 28 34 42 44 46 49 53 56 57 59 64 67 74 76 81 82 83 85 86 94 100 101 103 108 109 110 111 119 
66 94         16 23 24 29 30 47 50 56 58 62 63 75 77 85 86 87 88 89 93 99 102 105 106 107 108 109 116 
67 34         2 5 9 15 16 18 25 30 38 39 40 42 43 49 55 56 57 62 64 65 68 75 79 84 87 107 108 109 112 117 
68 86         3 8 10 12 16 18 27 28 32 33 35 36 42 44 47 53 54 58 67 70 73 74 75 76 78 81 82 86 95 100 101 103 105 108 109 113 114 115 117 120 
69 35         1 3 7 9 10 14 15 16 27 31 45 51 56 59 63 64 70 72 74 75 78 80 81 91 92 97 98 102 104 106 120 
70 45         5 6 8 14 21 41 45 46 48 49 57 68 69 73 74 77 79 81 82 83 84 91 93 100 101 103 104 109 110 111 112 114 118 119 120 
71 25         1 4 6 7 13 17 20 23 24 25 27 28 31 33 34 36 37 38 40 41 42 45 46 49 51 53 57 60 64 75 78 81 83 84 87 88 99 106 111 113 114 115 119 
72 76         1 2 5 10 14 18 19 20 28 29 33 36 50 51 53 63 69 79 82 83 89 92 94 95 97 98 101 104 105 106 110 116 117 119 120 
73 80         2 5 6 13 14 16 20 23 26 28 33 35 36 38 42 44 46 48 54 57 60 62 64 68 70 74 75 79 82 85 88 90 91 101 103 104 112 113 114 117 
74 42         4 5 9 18 21 23 24 27 29 30 31 33 36 45 56 59 60 65 68 69 70 73 77 81 83 88 92 95 101 108 109 112 113 115 117 119 120 
75 91         7 16 19 22 24 26 27 34 35 38 40 45 50 66 67 68 69 71 73 76 80 82 90 91 92 96 98 100 101 102 107 110 114 117 
76 44         2 4 7 8 16 18 27 36 49 52 53 54 56 57 58 59 63 64 65 68 75 80 85 86 88 92 95 98 100 105 106 108 111 118 
77 91         1 2 4 9 12 25 30 31 36 50 54 60 61 66 70 74 80 91 93 100 101 102 104 106 107 108 110 115 117 120 
78 97         1 8 11 14 19 24 30 33 35 36 37 39 47 52 55 57 60 62 68 69 71 80 82 94 98 103 110 114 117 118 
79 60         5 9 13 14 20 24 29 33 43 48 50 54 55 57 61 62 67 70 72 73 80 85 86 89 92 96 104 105 114 115 116 119 
80 29         19 22 25 26 27 33 36 38 39 42 43 46 47 48 49 57 60 69 75 76 77 78 79 81 83 85 86 87 91 95 105 107 109 120 
81 45         1 3 7 11 12 20 21 22 23 35 42 47 53 54 57 59 61 64 65 68 69 70 71 74 80 85 88 90 93 95 99 103 112 115 118 
82 37         1 3 7 13 15 17 23 28 29 30 33 45 51 59 60 62 65 68 70 72 73 75 78 84 86 89 90 91 93 95 96 106 113 114 115 
83 61         6 7 8 11 17 20 28 29 31 34 35 41 46 53 59 61 64 65 70 71 72 74 80 84 86 87 90 95 98 106 107 109 112 113 114 115 116 119 
84 54         1 4 5 7 15 18 20 23 27 28 34 35 36 39 40 41 42 43 47 48 50 56 58 67 70 71 82 83 92 94 96 102 103 105 115 117 118 
85 78         1 4 6 10 15 18 21 24 26 34 36 39 40 41 43 44 46 49 51 52 55 58 61 62 64 65 66 73 76 79 80 81 87 93 94 95 105 111 112 114 116 118 119 
86 56         1 5 8 10 13 22 23 25 28 43 46 47 49 50 52 56 57 58 60 61 63 65 66 68 76 79 80 82 83 87 91 92 96 99 100 106 108 110 112 119 
87 74         3 6 11 12 15 18 23 32 35 37 39 41 45 47 48 56 66 67 71 80 83 85 86 88 89 96 99 101 103 105 106 109 113 115 116 119 120 
88 74         7 13 17 18 19 21 23 26 35 48 49 50 52 53 55 60 62 66 71 73 74 76 81 87 93 95 97 103 106 109 110 116 
89 45         3 7 8 9 13 14 16 22 24 25 26 31 32 43 44 45 47 50 57 61 64 66 72 79 82 87 91 93 94 95 97 105 107 115 116 117 
90 21         1 10 11 18 23 33 37 39 45 52 53 54 55 61 73 75 81 82 83 92 96 102 103 104 105 107 115 117 118 120 
91 96         1 5 10 20 25 29 32 37 42 45 46 48 52 55 58 59 69 70 73 75 77 80 82 86 89 96 101 103 109 114 116 119 
92 37         3 6 13 14 15 16 22 24 25 26 33 34 37 40 43 44 46 47 60 62 69 72 74 75 76 79 84 86 90 97 99 101 102 109 111 113 114 116 117 
93 75         7 8 9 11 14 17 20 21 22 24 25 26 27 28 30 37 38 40 41 45 46 49 51 52 55 60 63 66 70 77 81 82 85 88 89 94 98 104 108 113 114 
94 100        1 5 6 20 21 22 23 24 28 31 39 43 63 65 72 78 84 85 89 93 111 112 114 117 
95 58         8 10 11 18 19 20 24 28 29 36 39 41 43 45 47 52 53 57 60 63 68 72 74 76 80 81 82 83 85 88 89 101 102 105 106 110 115 116 117 
96 84         2 3 16 17 24 25 32 33 35 42 58 60 61 75 79 82 84 86 87 90 91 98 101 102 105 108 109 111 115 
97 85         2 6 10 12 15 22 25 26 31 33 34 39 41 45 48 50 52 53 60 62 64 69 72 88 89 92 101 106 107 112 116 119 
98 56         6 7 8 10 11 14 17 19 20 21 25 30 36 39 42 46 50 51 56 57 59 60 69 72 75 76 78 83 93 96 102 103 105 106 107 115 117 118 
99 54         5 6 7 8 10 13 15 16 25 41 57 61 66 71 81 86 87 92 100 103 104 106 107 109 113 114 117 
100 71        6 11 13 14 15 16 17 18 19 21 23 25 28 29 39 41 43 44 45 46 48 50 52 59 61 62 64 65 68 70 75 76 77 86 99 104 107 110 112 115 116 118 
101 52        4 5 7 10 14 16 17 25 26 42 44 47 48 53 58 63 65 68 70 72 73 74 75 77 87 91 92 95 96 97 102 103 110 116 117 118 120 
102 79        2 8 9 15 17 19 21 24 26 27 30 32 37 38 40 42 43 49 58 61 63 66 69 75 77 84 90 92 95 96 98 101 103 108 111 114 115 120 
103 43        1 3 9 12 16 20 25 26 29 44 47 48 49 50 57 62 65 68 70 73 78 81 84 87 88 90 91 98 99 101 102 106 114 117 119 120 
104 35        3 4 6 11 14 17 24 33 40 42 46 50 51 54 55 56 57 58 61 63 69 70 72 73 77 79 90 93 99 100 105 111 117 
105 27        5 9 10 18 19 23 34 35 36 46 49 50 58 60 63 64 66 68 72 76 79 80 84 85 87 89 90 95 96 98 104 107 112 113 
106 70        3 4 6 7 8 13 14 15 16 20 25 33 36 39 42 43 48 49 54 57 59 62 66 69 71 72 76 77 82 83 86 87 88 95 97 98 99 103 111 112 113 114 119 
107 31        3 4 11 12 15 16 19 21 22 31 32 33 37 45 46 52 53 58 60 61 64 66 67 75 77 80 83 89 90 97 98 99 100 105 114 116 118 120 
108 47        4 5 6 9 11 15 18 20 22 24 26 28 31 32 36 39 41 45 47 49 51 54 57 59 65 66 67 68 74 76 77 86 93 96 102 112 118 119 
109 35        1 4 7 18 24 25 32 33 43 44 46 47 48 52 54 56 57 59 62 65 66 67 68 70 74 80 83 87 88 91 92 96 99 110 111 112 113 115 120 
110 26        5 10 12 23 26 27 28 29 30 31 34 36 40 48 51 57 63 64 65 70 72 75 77 78 86 88 95 100 101 109 116 
111 30        5 6 13 16 22 23 24 26 28 30 32 33 38 39 43 46 56 65 70 71 76 85 92 94 96 102 104 106 109 112 114 119 120 
112 97        8 13 14 15 17 20 25 26 31 35 36 45 54 60 63 67 70 73 74 81 83 85 86 94 97 100 105 106 108 109 111 113 116 117 120 
113 90        3 15 16 17 18 19 20 21 23 30 31 34 36 42 44 48 49 58 59 60 63 64 68 71 73 74 82 83 87 92 93 99 105 106 109 112 
114 80        2 3 8 10 16 17 20 30 32 33 35 36 40 41 46 48 50 53 57 58 61 63 68 70 71 73 75 78 79 82 83 85 91 92 93 94 99 102 103 106 107 111 116 118 119 120 
115 58        4 5 7 14 17 19 20 22 26 28 31 41 44 47 51 57 58 62 63 68 71 74 77 79 81 82 83 84 87 89 90 95 96 98 100 102 109 119 120 
116 60        1 4 8 12 15 22 23 26 27 28 30 32 35 40 42 43 46 54 57 58 64 66 72 79 83 85 87 88 89 91 92 95 97 100 101 107 110 112 114 117 120 
117 73        1 5 7 14 16 18 24 27 29 30 44 48 51 52 61 67 68 72 73 74 75 77 78 84 89 90 92 94 95 98 99 101 103 104 112 116 
118 46        1 3 10 15 17 22 23 28 33 34 38 39 44 46 48 70 76 78 81 84 85 90 98 100 101 107 108 114 
119 71        3 4 7 10 14 20 21 24 29 35 37 44 48 53 59 60 62 65 70 71 72 74 79 83 85 86 87 91 97 103 106 108 111 114 115 120 
120 39        2 5 6 13 21 22 25 26 30 40 42 47 53 55 56 57 60 61 62 68 69 70 72 74 77 80 87 90 101 102 103 107 109 111 112 114 115 116 119 
