120 150
1 91          2 6 7 11 17 18 19 21 24 27 29 37 40 47 48 49 58 59 65 66 68 70 71 72 75 80 81 86 90 100 103 107 116 117 119 120 
2 55          1 13 16 23 26 29 31 39 41 46 47 48 49 52 60 70 77 79 82 84 85 86 88 90 95 96 97 98 99 101 106 109 114 115 116 
3 60          4 7 8 12 17 22 23 25 31 36 59 61 62 68 69 82 83 87 99 101 106 111 115 118 
4 37          3 6 7 11 12 13 18 23 26 30 32 37 40 41 48 53 57 60 63 65 66 68 71 74 80 82 91 93 96 97 99 100 102 103 109 110 112 113 120 
5 86          6 7 9 14 15 18 19 20 25 26 27 39 40 46 47 56 63 64 65 73 76 88 90 93 95 96 100 103 105 108 115 
6 21          1 4 5 11 18 22 27 28 38 47 50 56 57 58 63 64 66 71 75 77 85 86 88 89 96 100 101 102 104 105 106 110 114 116 119 
7 21          1 3 4 5 8 11 13 14 15 19 20 25 26 34 40 41 43 49 52 63 64 65 66 73 78 80 82 84 86 87 88 89 90 92 107 110 111 
8 43          3 7 10 11 12 13 14 16 17 28 29 33 40 41 42 43 47 52 55 59 60 61 63 65 74 77 78 79 89 90 91 94 95 98 102 104 105 107 108 109 113 114 119 
9 77          5 13 16 18 25 27 30 31 33 37 44 46 48 51 55 57 62 66 67 69 74 80 81 82 83 84 87 88 95 96 97 103 106 108 114 115 116 119 
10 75         8 11 12 13 15 17 24 25 27 28 31 32 33 45 51 52 54 57 59 60 76 78 80 81 83 85 86 93 94 95 98 99 101 112 115 117 120 
11 92         1 4 6 7 8 10 13 15 19 29 41 61 62 64 66 67 71 78 81 83 84 87 94 97 98 99 102 104 107 108 109 118 
12 33         3 4 8 10 14 15 16 24 25 36 37 39 40 41 50 51 52 55 60 63 76 79 80 81 83 85 91 94 95 101 102 104 108 114 117 120 
13 59         2 4 7 8 9 10 11 14 19 21 23 32 37 40 43 46 48 52 53 55 59 61 62 68 71 73 75 76 78 81 94 96 98 105 114 115 116 118 
14 74         5 7 8 12 13 16 24 26 29 32 33 35 36 40 48 50 51 55 56 57 60 61 62 66 71 85 87 89 94 95 96 97 99 101 116 119 
15 40         5 7 10 11 12 17 18 20 25 28 32 34 43 44 48 51 53 56 61 65 68 72 75 76 82 85 87 89 90 94 96 97 99 103 107 108 113 115 119 120 
16 36         2 8 9 12 14 20 21 22 23 24 27 36 37 39 40 41 44 45 51 56 57 59 60 62 63 66 68 70 74 75 77 84 86 91 93 97 101 105 110 118 
17 62         1 3 8 10 15 20 27 28 30 32 37 42 46 52 53 57 58 62 64 70 72 74 77 81 89 92 95 99 103 105 110 113 114 117 119 
18 21         1 4 5 6 9 15 23 39 42 56 57 61 62 63 70 71 72 75 76 78 79 80 86 87 91 92 96 102 103 104 105 107 113 118 120 
19 56         1 5 7 11 13 26 34 38 48 56 58 60 62 63 66 72 73 76 79 81 87 88 91 93 94 105 106 108 109 111 113 114 115 116 117 120 
20 38         5 7 15 16 17 21 24 26 27 29 30 32 33 39 41 42 45 51 53 58 69 72 73 76 80 81 86 87 91 92 96 97 102 104 111 112 114 119 
21 22         1 13 16 20 25 27 31 36 39 41 44 45 47 50 53 55 56 62 63 65 72 75 77 78 80 94 97 101 102 115 
22 45         3 6 16 31 32 37 39 45 48 51 53 54 62 65 67 69 71 77 86 87 92 95 99 104 106 110 111 112 115 117 119 
23 94         2 3 4 13 16 18 26 30 45 46 47 49 53 61 62 66 69 70 76 77 80 84 86 90 95 96 103 108 109 111 112 
24 68         1 10 12 14 16 20 27 28 30 32 36 41 46 47 48 51 52 55 76 80 87 88 89 91 94 99 102 104 109 111 114 116 
25 83         3 5 7 9 10 12 15 21 26 28 29 31 34 37 41 49 50 61 66 68 71 78 84 88 89 92 96 97 107 115 117 
26 86         2 4 5 7 14 19 20 23 25 30 38 39 49 50 51 63 66 68 71 73 80 83 85 90 97 105 106 108 110 114 117 120 
27 75         1 5 6 9 10 16 17 20 21 24 30 40 43 47 49 51 54 55 60 61 62 64 66 70 72 79 82 83 91 96 100 102 103 110 111 115 118 
28 21         6 8 10 15 17 24 25 39 40 41 43 44 46 47 49 50 53 54 60 73 76 80 95 97 98 101 103 105 110 113 116 118 
29 40         1 2 8 11 14 20 25 32 38 45 46 49 52 56 59 69 71 72 75 77 80 83 84 85 89 91 96 101 103 104 106 107 108 110 112 114 119 
30 44         4 9 17 20 23 24 26 27 33 34 36 42 43 46 49 50 63 66 71 73 80 86 92 94 99 102 104 106 107 109 110 111 114 
31 74         2 3 9 10 21 22 25 44 45 48 51 53 57 59 64 69 70 71 72 81 82 83 87 88 90 98 102 109 110 112 116 120 
32 52         4 10 13 14 15 17 20 22 24 29 34 35 39 42 47 50 52 53 56 57 58 63 64 69 72 82 86 88 97 102 103 104 107 113 116 120 
33 61         8 9 10 14 20 30 34 37 41 44 45 46 49 50 51 52 57 58 65 66 69 71 76 78 80 82 88 91 92 95 97 99 102 104 106 108 109 110 115 117 
34 95         7 15 19 25 30 32 33 46 49 50 51 62 65 66 67 68 69 74 78 90 93 95 98 100 101 103 106 108 112 116 119 
35 20         14 32 37 38 39 43 45 46 52 53 55 62 64 66 67 70 71 73 74 78 79 80 81 83 86 87 88 89 95 97 99 105 106 108 109 110 114 
36 79         3 12 14 16 21 24 30 38 43 45 46 49 50 56 57 58 59 61 66 70 72 78 81 82 84 85 88 90 91 92 99 100 108 109 110 114 118 120 
37 76         1 4 9 12 13 16 17 22 25 33 35 39 44 46 50 59 60 63 65 67 74 75 77 79 83 84 87 89 93 97 98 100 101 106 107 111 114 
38 32         6 19 26 29 35 36 44 45 50 52 54 55 60 61 66 68 74 76 80 83 88 90 93 97 98 99 103 107 108 111 112 115 116 118 120 
39 21         2 5 12 16 18 20 21 22 26 28 32 35 37 40 43 44 47 56 59 61 62 75 77 81 82 88 90 92 95 97 98 99 101 102 103 104 115 118 120 
40 91         1 4 5 7 8 12 13 14 16 27 28 39 45 46 47 54 56 58 59 60 63 64 66 69 70 71 74 80 82 85 88 93 94 95 97 101 107 109 114 120 
41 83         2 4 7 8 11 12 16 20 21 24 25 28 33 43 48 49 50 53 55 59 62 64 71 72 74 75 77 79 80 85 86 88 89 91 92 99 103 105 109 111 114 118 
42 39         8 17 18 20 30 32 44 48 50 53 56 59 60 63 65 67 71 74 80 81 83 85 89 90 99 101 102 105 107 110 117 119 
43 31         7 8 13 15 27 28 30 35 36 39 41 44 45 46 49 61 63 68 70 71 73 76 79 89 91 96 104 106 107 108 113 115 119 
44 81         9 15 16 21 28 31 33 37 38 39 42 43 46 65 69 70 72 77 79 84 86 88 91 94 96 97 104 105 106 110 114 118 
45 41         10 16 20 21 22 23 29 31 33 35 36 38 40 43 52 56 59 60 61 63 65 66 68 71 74 80 82 83 84 91 95 97 99 100 101 102 105 107 110 111 116 119 
46 90         2 5 9 13 17 23 24 28 29 30 33 34 35 36 37 40 43 44 48 50 53 55 64 68 70 71 76 77 80 82 90 96 97 98 99 105 106 110 115 119 120 
47 74         1 2 5 6 8 21 23 24 27 28 32 39 40 50 51 53 55 57 61 66 73 75 76 79 80 82 90 91 100 103 104 107 108 112 
48 100        1 2 4 9 13 14 15 19 22 24 31 41 42 46 51 55 56 60 61 63 65 70 71 72 73 77 80 81 85 92 100 108 109 111 116 119 
49 38         1 2 7 23 25 26 27 28 29 30 33 34 36 41 43 59 60 61 64 66 69 71 72 73 74 78 89 91 96 97 99 101 110 111 112 113 116 
50 33         6 12 14 21 25 26 28 30 32 33 34 36 37 38 41 42 46 47 52 53 55 58 64 71 72 77 78 86 87 92 93 96 98 101 106 107 108 
51 74         9 10 12 14 15 16 20 22 24 26 27 31 33 34 47 48 52 54 57 59 60 61 62 67 68 70 76 84 86 88 89 90 91 95 105 109 114 117 118 119 
52 40         2 7 8 10 12 13 17 24 29 32 33 35 38 45 50 51 54 55 58 61 62 64 65 69 70 71 72 74 79 80 83 87 91 98 102 104 112 113 117 118 119 
53 80         4 13 15 17 20 21 22 23 28 31 32 35 41 42 46 47 50 57 65 71 73 78 86 90 93 99 100 101 102 104 105 108 110 111 116 117 118 
54 39         10 22 27 28 38 40 51 52 58 60 68 72 81 87 93 97 106 111 112 118 120 
55 22         8 9 12 13 14 21 24 27 35 38 41 46 47 48 50 52 59 64 67 69 78 84 85 86 89 90 91 96 97 98 101 103 108 116 118 119 
56 46         5 6 14 15 16 18 19 21 29 32 36 39 40 42 45 48 61 67 69 70 72 76 77 81 82 83 85 86 88 90 91 92 94 99 104 113 115 120 
57 58         4 6 9 10 14 16 17 18 31 32 33 36 47 51 53 67 75 77 83 86 90 92 97 98 99 107 113 114 117 120 
58 65         1 6 17 19 20 32 33 36 40 50 52 54 60 63 66 67 69 80 82 86 87 92 98 112 113 119 
59 67         1 3 8 10 13 16 29 31 36 37 39 40 41 42 45 49 51 55 73 74 77 88 89 93 106 108 111 115 116 118 
60 37         2 4 8 10 12 14 16 19 27 28 37 38 40 42 45 48 49 51 54 58 61 64 76 81 85 87 90 91 92 94 101 102 109 110 111 
61 82         3 8 11 13 14 15 18 23 25 27 36 38 39 43 45 47 48 49 51 52 56 60 63 64 65 67 68 69 73 81 82 83 95 98 101 103 105 107 112 116 119 
62 64         3 9 11 13 14 16 17 18 19 21 22 23 27 34 35 39 41 51 52 68 70 72 74 84 87 88 90 92 93 96 99 100 102 104 105 107 113 114 116 118 
63 26         4 5 6 7 8 12 16 18 19 21 26 30 32 37 40 42 43 45 48 58 61 65 66 67 75 79 80 83 84 86 93 95 97 98 99 109 114 116 117 119 
64 80         5 6 7 11 17 27 31 32 35 40 41 46 49 50 52 55 60 61 66 68 69 70 71 77 84 86 87 93 96 100 104 111 114 117 
65 74         1 4 5 7 8 15 21 22 33 34 37 42 44 45 48 52 53 61 63 67 68 74 76 78 82 85 87 89 91 93 97 99 100 103 109 110 112 113 116 118 120 
66 20         1 4 6 7 9 11 14 16 19 23 25 26 27 30 33 34 35 36 38 40 45 47 49 58 63 64 77 79 80 87 89 90 92 95 97 99 100 102 108 109 110 112 114 
67 62         9 11 22 34 35 37 42 51 55 56 57 58 61 63 65 68 70 72 73 77 80 82 84 90 94 95 96 97 107 109 110 112 115 116 117 
68 82         1 3 4 13 15 16 25 26 34 38 43 45 46 51 54 61 62 64 65 67 74 77 78 79 89 91 92 93 97 101 103 105 107 111 113 116 118 
69 40         3 9 20 22 23 29 31 32 33 34 40 44 49 52 55 56 58 61 64 74 75 84 86 90 94 102 106 107 108 109 112 115 
70 28         1 2 16 17 18 23 27 31 35 36 40 43 44 46 48 51 52 56 62 64 67 73 74 75 77 80 82 85 88 89 93 99 102 103 104 107 110 116 119 
71 72         1 4 6 11 13 14 18 22 25 26 29 30 31 33 35 40 41 42 43 45 46 48 49 50 52 53 64 74 76 78 84 85 86 92 94 95 96 97 98 100 102 104 106 110 111 117 118 
72 45         1 15 17 18 19 20 21 27 29 31 32 36 41 44 48 49 50 52 54 56 62 67 73 76 79 87 90 91 92 93 94 96 97 99 100 101 103 109 111 
73 62         5 7 13 19 20 26 28 30 35 43 47 48 49 53 59 61 67 70 72 76 81 85 86 87 91 95 96 98 103 106 107 108 110 116 117 
74 72         4 8 9 16 17 34 35 37 38 40 41 42 45 49 52 59 62 65 68 69 70 71 75 84 85 87 88 90 93 95 96 101 103 104 107 113 114 116 120 
75 89         1 6 13 15 16 18 21 29 37 39 41 47 57 63 69 70 74 78 79 84 92 93 96 98 101 103 113 116 118 
76 31         5 10 12 13 15 18 19 20 23 24 28 33 38 43 46 47 51 56 60 65 71 72 73 77 79 81 82 83 88 100 104 105 108 114 116 
77 92         2 6 8 16 17 21 22 23 29 37 39 41 44 46 48 50 56 57 59 64 66 67 68 70 76 79 84 87 88 92 93 96 97 103 106 111 113 116 117 
78 63         7 8 10 11 13 18 21 25 33 34 35 36 49 50 53 55 65 68 71 75 82 87 96 97 99 100 101 104 113 114 115 117 118 119 
79 89         2 8 12 18 19 27 35 37 41 43 44 47 52 63 66 68 72 75 76 77 81 84 85 86 89 91 101 103 109 111 116 117 120 
80 33         1 4 7 9 10 12 18 20 21 23 24 26 28 29 30 33 35 38 40 41 42 45 46 47 48 52 58 63 66 67 70 82 89 90 92 97 99 101 106 112 120 
81 25         1 9 10 11 12 13 17 19 20 31 35 36 39 42 48 54 56 60 61 73 76 79 89 93 95 101 102 106 107 111 117 119 
82 54         2 3 4 7 9 15 27 31 32 33 36 39 40 45 46 47 56 58 61 65 67 70 76 78 80 83 85 96 97 98 99 101 104 106 109 111 115 116 118 
83 66         3 9 10 11 12 26 27 29 31 35 37 38 42 45 52 56 57 61 63 76 82 84 87 88 90 92 95 98 106 107 115 117 
84 100        2 7 9 11 16 23 25 29 36 37 44 45 51 55 62 63 64 67 69 71 74 75 77 79 83 85 87 89 90 92 98 100 108 112 115 118 120 
85 20         2 6 10 12 14 15 26 29 36 40 41 42 48 55 56 60 65 70 71 73 74 79 82 84 86 87 90 92 98 99 112 116 120 
86 90         1 2 6 7 10 16 18 20 22 23 30 32 35 41 44 50 51 53 55 56 57 58 63 64 69 71 73 79 85 92 94 100 104 109 111 117 118 119 
87 87         3 7 9 11 14 15 18 19 20 22 24 31 35 37 50 52 54 58 60 62 64 65 66 72 73 74 77 78 83 84 85 92 101 102 106 108 112 115 116 117 120 
88 48         2 5 6 7 9 19 24 25 31 32 33 35 36 38 39 40 41 44 51 56 59 62 70 74 76 77 83 92 98 105 108 110 111 119 
89 28         6 7 8 14 15 17 24 25 29 35 37 41 42 43 49 51 55 59 65 66 68 70 79 80 81 84 90 95 96 99 
90 46         1 2 5 7 8 15 23 26 31 34 36 38 39 42 46 47 51 53 55 56 57 60 62 66 67 69 72 74 80 83 84 85 89 103 105 108 109 
91 76         4 8 12 16 18 19 20 24 27 29 33 36 41 43 44 45 47 49 51 52 55 56 60 65 68 72 73 79 97 99 100 101 109 115 118 119 
92 50         7 17 18 20 22 25 30 33 36 39 41 48 50 56 57 58 60 62 66 68 71 72 75 77 80 83 84 85 86 87 88 93 96 104 105 110 114 120 
93 66         4 5 10 16 19 34 37 38 40 50 53 54 59 62 63 64 65 68 70 72 74 75 77 81 92 94 96 102 103 105 107 108 
94 30         8 10 11 12 13 14 15 19 21 24 30 40 44 56 60 67 69 71 72 86 93 97 104 109 111 118 120 
95 26         2 5 8 9 10 12 14 17 22 23 28 33 34 35 39 40 45 51 61 63 66 67 71 73 74 81 83 89 104 111 113 119 
96 23         2 4 5 6 9 13 14 15 18 20 23 25 27 29 43 44 46 49 50 55 62 64 67 71 72 73 74 75 77 78 82 89 92 93 97 98 99 100 101 106 113 
97 40         2 4 9 11 14 15 16 20 21 25 26 28 32 33 35 37 38 39 40 44 45 46 49 54 55 57 63 65 66 67 68 71 72 77 78 80 82 91 94 96 102 104 106 108 109 110 111 115 116 118 
98 70         2 8 10 11 13 28 31 34 37 38 39 46 50 52 55 57 58 61 63 71 73 75 82 83 84 85 88 96 101 104 106 107 111 112 113 114 
99 57         2 3 4 10 11 14 15 17 22 24 30 33 35 36 38 39 41 42 45 46 49 53 56 57 62 63 65 66 70 72 78 80 82 85 89 91 96 100 105 109 111 114 
100 92        1 4 5 6 27 34 36 37 45 47 48 53 62 64 65 66 71 72 76 78 84 86 91 96 99 101 111 117 119 
101 52        2 3 6 10 12 14 16 21 28 29 34 37 39 40 42 45 49 50 53 55 60 61 68 72 74 75 78 79 80 81 82 87 91 96 98 100 106 107 108 110 115 
102 54        4 6 8 11 12 18 20 21 24 27 30 31 32 33 39 42 45 52 53 60 62 66 69 70 71 81 87 93 97 104 107 111 113 
103 27        1 4 5 9 15 17 18 23 27 28 29 32 34 38 39 41 47 55 61 65 68 70 72 73 74 75 77 79 90 93 111 114 115 118 
104 58        6 8 11 12 18 20 22 24 29 30 32 33 39 43 44 47 52 53 56 62 64 70 71 74 76 78 82 86 92 94 95 97 98 102 107 108 110 111 118 
105 66        5 6 8 13 16 17 18 19 26 28 35 41 42 44 45 46 51 53 61 62 68 76 88 90 92 93 99 112 119 
106 65        2 3 6 9 19 22 26 29 30 33 34 35 37 43 44 46 50 54 59 69 71 73 77 80 81 82 83 87 96 97 98 101 115 119 120 
107 93        1 7 8 11 15 18 25 29 30 32 37 38 40 42 43 45 47 50 57 61 62 67 68 69 70 73 74 81 83 93 98 101 102 104 111 114 116 
108 83        5 8 9 11 12 15 19 23 26 29 33 34 35 36 38 43 47 48 50 53 55 59 66 69 73 76 84 87 88 90 93 97 101 104 109 113 114 117 
109 37        2 4 8 11 19 23 24 30 31 33 35 36 40 41 48 51 60 63 65 66 67 69 72 79 82 86 90 91 94 97 99 108 111 114 118 120 
110 62        4 6 7 16 17 22 26 27 28 29 30 31 33 35 36 42 44 45 46 49 53 60 65 66 67 70 71 73 88 92 97 101 104 
111 94        3 7 19 20 22 23 24 27 30 37 38 41 45 48 49 53 54 59 60 64 68 71 72 77 79 81 82 86 88 94 95 97 98 99 100 102 103 104 107 109 113 114 116 118 119 
112 29        4 10 20 22 23 29 31 34 38 47 49 52 54 58 61 65 66 67 69 80 84 85 87 98 105 113 114 117 118 120 
113 66        4 8 15 17 18 19 28 32 43 49 52 56 57 58 62 65 68 74 75 77 78 95 96 98 102 108 111 112 114 
114 98        2 6 8 9 12 13 17 19 20 24 26 29 30 35 36 37 40 41 44 51 57 62 63 64 66 74 76 78 92 98 99 103 107 108 109 111 112 113 116 
115 20        2 3 5 9 10 13 15 19 21 22 25 27 33 38 39 43 46 56 59 67 69 78 82 83 84 87 91 97 101 103 106 116 120 
116 66        1 2 6 9 13 14 19 24 28 31 32 34 38 45 48 49 53 55 59 61 62 63 65 67 68 70 73 74 75 76 77 79 82 85 87 97 107 111 114 115 
117 42        1 10 12 17 19 22 25 26 33 42 51 52 53 57 63 64 67 71 73 77 78 79 81 83 86 87 100 108 112 118 
118 52        3 11 13 16 18 27 28 36 38 39 41 44 51 52 53 54 55 59 62 65 68 71 75 78 82 84 86 91 94 97 103 104 109 111 112 117 119 
119 90        1 6 8 9 14 15 17 20 22 29 34 42 43 45 46 48 51 52 55 58 61 63 70 78 81 86 88 91 95 100 105 106 111 118 
120 22        1 4 10 12 15 18 19 26 31 32 36 38 39 40 46 54 56 57 65 74 79 80 84 85 87 92 94 106 109 112 115 
