120 150
1 100         6 12 16 19 22 24 29 35 41 43 44 52 55 57 59 60 62 65 66 68 69 71 72 75 79 85 86 87 89 91 92 93 95 100 103 105 109 110 111 112 119 
2 22          6 8 11 16 17 23 25 26 27 32 34 42 43 53 54 57 58 59 61 63 64 70 71 82 83 84 85 86 87 94 98 103 105 108 110 112 113 115 117 118 120 
3 25          8 9 11 12 14 17 22 24 25 29 32 33 36 38 47 52 57 59 63 76 78 79 81 82 83 87 100 105 108 109 114 115 
4 51          17 21 23 25 29 30 32 40 42 44 49 54 67 70 75 77 78 83 85 87 90 94 95 97 102 103 105 108 109 118 
5 95          6 8 11 19 21 26 31 32 34 39 41 44 47 50 51 56 58 62 64 70 71 74 80 81 85 91 92 103 105 106 107 114 115 117 119 
6 58          1 2 5 16 27 41 42 45 50 52 56 57 58 59 63 64 65 69 72 74 75 79 82 92 97 98 101 102 103 107 111 117 119 
7 97          8 10 11 12 15 16 18 19 24 25 27 29 32 33 34 36 40 41 45 46 47 49 51 53 62 63 64 68 71 75 80 86 87 89 90 91 95 97 101 103 109 110 111 113 120 
8 30          2 3 5 7 13 25 28 29 33 37 39 40 51 53 55 61 64 65 68 76 77 80 82 83 90 94 96 97 98 101 103 104 107 112 114 116 117 119 
9 79          3 19 20 22 26 31 32 35 41 45 51 52 54 59 60 62 63 67 68 69 78 89 91 92 95 96 103 111 114 
10 23         7 21 24 29 34 35 37 40 45 53 60 61 65 68 76 79 82 84 86 89 96 97 98 99 106 110 119 120 
11 53         2 3 5 7 19 23 24 34 35 38 39 40 46 51 60 63 64 65 68 74 76 77 81 82 91 94 96 102 103 119 
12 80         1 3 7 13 15 17 19 22 28 29 31 32 36 40 43 46 47 48 49 57 60 64 67 69 70 79 81 87 89 92 93 100 101 112 115 119 120 
13 20         8 12 15 21 23 25 28 33 40 43 55 60 64 72 74 78 79 86 91 93 96 98 111 113 117 
14 65         3 17 19 25 32 35 42 46 49 52 53 62 63 64 70 71 72 74 78 82 85 92 94 96 97 101 104 105 106 114 116 120 
15 64         7 12 13 17 18 25 26 30 33 34 38 42 43 50 51 52 54 60 63 66 72 79 82 94 96 98 99 105 112 115 116 118 
16 21         1 2 6 7 21 24 25 26 33 36 38 42 43 45 49 53 58 59 62 69 75 79 81 83 85 88 90 93 95 97 102 103 106 107 113 117 118 
17 26         2 3 4 12 14 15 19 27 29 30 35 39 40 41 43 45 48 49 52 54 62 63 66 69 75 77 80 86 89 91 92 94 98 100 106 108 117 118 
18 100        7 15 20 21 25 26 28 32 33 35 37 42 43 44 49 56 58 61 62 65 74 79 80 82 85 89 93 101 105 108 114 117 118 
19 81         1 5 7 9 11 12 14 17 20 21 23 26 27 28 30 31 35 37 39 40 45 50 54 56 57 58 65 68 69 74 77 79 86 88 89 93 96 105 109 111 113 120 
20 98         9 18 19 23 25 28 31 33 36 37 39 40 42 44 48 51 53 54 55 56 59 60 61 65 73 76 84 86 89 90 91 93 96 98 100 101 108 115 118 
21 70         4 5 10 13 16 18 19 26 27 31 33 35 40 50 54 57 66 68 69 78 79 80 90 91 92 100 102 103 111 115 116 118 119 
22 85         1 3 9 12 27 28 32 37 50 54 57 58 59 63 67 69 71 77 79 80 93 97 108 111 115 116 118 
23 92         2 4 11 13 19 20 24 25 33 34 37 38 40 45 48 49 52 55 61 64 65 75 79 84 86 87 90 91 94 95 97 100 101 102 112 115 117 118 120 
24 97         1 3 7 10 11 16 23 27 28 30 37 46 49 52 65 66 68 70 75 76 77 82 85 89 93 96 103 105 107 108 109 110 112 
25 86         2 3 4 7 8 13 14 15 16 18 20 23 31 41 47 53 63 68 71 76 77 78 82 87 91 94 97 98 100 106 
26 71         2 5 9 15 16 18 19 21 29 32 35 36 38 42 48 52 55 58 61 62 67 71 73 75 78 79 80 85 88 91 96 100 101 108 111 
27 91         2 6 7 17 19 21 22 24 28 29 30 33 35 42 51 53 54 56 57 58 59 63 67 72 85 87 99 100 101 106 108 110 111 
28 29         8 12 13 18 19 20 22 24 27 31 32 44 45 51 57 58 60 63 70 74 77 78 83 85 88 93 114 119 
29 63         1 3 4 7 8 10 12 17 26 27 32 34 37 42 45 46 54 57 58 59 61 63 69 80 83 84 87 88 98 104 109 110 116 119 
30 34         4 15 17 19 24 27 32 34 35 37 39 40 44 45 48 51 56 61 64 73 84 86 92 94 97 99 100 104 105 110 113 115 117 118 
31 67         5 9 12 19 20 21 25 28 33 34 45 48 50 51 56 58 61 64 65 67 71 74 76 83 87 91 93 97 99 101 105 108 109 111 112 113 116 118 119 
32 23         2 3 4 5 7 9 12 14 18 22 26 28 29 30 33 36 38 39 43 44 45 49 51 55 59 63 65 66 73 74 80 84 90 92 100 102 103 107 113 114 
33 33         3 7 8 13 15 16 18 20 21 23 27 31 32 35 42 43 46 47 48 49 50 51 59 65 66 69 70 73 74 83 87 88 98 100 101 106 108 110 112 113 114 116 
34 89         2 5 7 10 11 15 23 29 30 31 36 43 46 48 49 59 67 69 71 75 80 82 83 88 89 94 96 97 99 106 112 114 
35 94         1 9 10 11 14 17 18 19 21 26 27 30 33 39 41 43 47 53 54 56 59 60 62 63 64 66 71 76 77 78 81 82 83 84 85 87 88 89 93 100 105 106 107 110 114 115 
36 47         3 7 12 16 20 26 32 34 38 46 49 51 55 57 59 67 71 75 90 99 100 102 109 115 116 119 
37 100        8 10 18 19 20 22 23 24 29 30 38 40 43 45 47 52 53 61 66 72 74 77 85 87 88 90 93 96 97 98 105 107 113 117 
38 37         3 11 15 16 23 26 32 36 37 40 47 49 51 53 54 56 58 60 62 63 68 75 76 81 83 88 89 90 94 97 105 108 109 110 112 113 114 117 
39 40         5 8 11 17 19 20 30 32 35 41 43 44 46 51 57 61 62 64 65 66 68 70 75 76 77 86 88 90 93 96 98 101 102 111 115 
40 58         4 7 8 10 11 12 13 17 19 20 21 23 30 37 38 41 48 51 60 64 72 73 75 85 91 95 97 99 100 102 103 105 106 113 114 118 
41 73         1 5 6 7 9 17 25 35 39 40 42 44 50 55 56 62 65 67 71 73 74 79 83 86 88 94 97 101 102 109 114 117 
42 39         2 4 6 14 15 16 18 20 26 27 29 33 41 44 45 47 48 52 54 56 63 64 65 72 73 76 84 85 86 90 94 95 96 97 100 103 105 106 109 110 112 117 118 
43 49         1 2 12 13 15 16 17 18 32 33 34 35 37 39 45 52 57 59 60 68 80 84 85 88 92 96 99 100 105 106 108 111 113 114 117 118 120 
44 79         1 4 5 18 20 28 30 32 39 41 42 46 47 54 57 60 61 62 65 66 71 88 90 99 100 102 104 105 113 115 117 119 
45 54         6 7 9 10 16 17 19 23 28 29 30 31 32 37 42 43 46 52 55 57 63 64 66 69 70 71 74 75 78 79 83 86 87 93 99 100 101 109 110 113 116 
46 57         7 11 12 14 24 29 33 34 36 39 44 45 50 59 63 65 67 69 71 85 86 88 99 100 103 106 108 115 
47 98         3 5 7 12 25 33 35 37 38 42 44 50 52 57 58 61 67 69 70 71 74 78 80 81 88 89 95 96 103 105 106 107 110 112 118 120 
48 69         12 17 20 23 26 30 31 33 34 40 42 52 53 54 55 57 58 62 63 66 76 77 78 80 81 84 85 86 87 93 94 95 106 107 108 112 114 
49 67         4 7 12 14 16 17 18 23 24 32 33 34 36 38 51 55 57 58 60 62 65 67 70 77 78 82 88 90 92 95 100 104 109 110 112 115 117 
50 49         5 6 15 19 21 22 31 33 41 46 47 51 52 59 66 67 69 70 73 78 82 83 85 92 99 101 104 106 108 110 111 115 116 120 
51 38         5 7 8 9 11 15 20 27 28 30 31 32 33 36 38 39 40 49 50 55 59 61 62 64 68 69 72 75 82 84 87 88 91 92 98 105 106 107 108 112 116 
52 34         1 3 6 9 14 15 17 23 24 26 37 42 43 45 47 48 50 53 58 65 66 68 69 70 72 73 74 75 77 78 89 93 95 101 102 112 114 116 117 
53 96         2 7 8 10 14 16 20 25 27 35 37 38 48 52 57 60 61 64 69 74 77 84 87 91 95 104 105 106 110 112 115 117 118 
54 27         2 4 9 15 17 19 20 21 22 27 29 35 38 42 44 48 55 60 72 76 77 86 89 90 95 97 100 104 105 106 110 114 116 117 119 
55 92         1 8 13 20 23 26 32 36 41 45 48 49 51 54 56 57 58 62 65 67 68 70 71 73 75 76 77 79 81 82 84 89 91 101 105 108 115 
56 82         5 6 18 19 20 27 30 31 35 38 41 42 55 58 60 61 62 64 66 70 72 74 78 89 93 97 101 104 107 109 110 111 113 116 
57 69         1 2 3 6 12 19 21 22 27 28 29 36 39 43 44 45 47 48 49 53 55 59 63 66 71 75 79 80 84 88 96 97 101 106 108 110 114 116 117 
58 45         2 5 6 16 18 19 22 26 27 28 29 31 38 47 48 49 52 55 56 59 60 63 67 73 75 76 77 78 79 80 83 89 91 98 102 103 104 105 114 116 
59 69         1 2 3 6 9 16 20 22 27 29 32 33 34 35 36 43 46 50 51 57 58 61 64 67 69 70 71 72 83 84 88 92 95 99 112 115 119 
60 20         1 9 10 11 12 13 15 20 28 35 38 40 43 44 49 53 54 56 58 65 69 70 72 75 78 80 82 84 86 89 95 96 101 103 108 109 110 115 118 
61 75         2 8 10 18 20 23 26 29 30 31 37 39 44 47 51 53 56 59 63 67 68 69 76 77 78 85 111 113 118 119 
62 97         1 5 7 9 14 16 17 18 26 35 38 39 41 44 48 49 51 55 56 64 70 72 73 78 79 84 86 87 88 89 91 94 96 98 100 104 105 106 109 113 114 
63 51         2 3 6 7 9 11 14 15 17 22 25 27 28 29 32 35 38 42 45 46 48 57 58 61 65 66 70 72 79 80 91 92 94 99 100 110 115 116 119 
64 70         2 5 6 7 8 11 12 13 14 23 30 31 35 39 40 42 45 51 53 56 59 62 66 67 68 75 76 77 78 89 90 92 95 103 106 111 115 120 
65 29         1 6 8 10 11 18 19 20 23 24 31 32 33 39 41 42 44 46 49 52 55 60 63 66 68 78 87 91 96 97 99 107 109 115 117 
66 91         1 15 17 21 24 32 33 35 37 39 44 45 48 50 52 56 57 63 64 65 69 70 71 72 73 76 78 81 82 84 86 88 90 95 101 106 116 117 118 
67 98         4 9 12 22 26 27 31 34 36 41 46 47 49 50 55 58 59 61 64 69 70 71 76 78 81 83 85 92 94 96 101 103 112 113 116 117 118 
68 77         1 7 8 9 10 11 19 21 24 25 38 39 43 51 52 55 61 64 65 70 73 75 79 82 85 86 90 91 92 96 98 105 106 108 109 110 111 112 113 114 116 118 
69 48         1 6 9 12 16 17 19 21 22 29 33 34 45 46 47 50 51 52 53 59 60 61 66 67 73 79 83 85 86 91 93 94 103 105 111 114 116 
70 45         2 4 5 12 14 24 28 33 39 45 47 49 50 52 55 56 59 60 62 63 66 67 68 73 82 83 87 98 103 105 106 107 111 112 113 116 
71 43         1 2 5 7 14 22 25 26 31 34 35 36 41 44 45 46 47 55 57 59 66 67 72 73 76 77 78 84 90 93 96 97 98 100 103 106 112 113 116 117 119 
72 61         1 6 13 14 15 27 37 40 42 51 52 54 56 59 60 62 63 66 71 74 80 83 87 88 90 92 94 99 100 102 104 107 113 115 117 
73 36         20 26 30 32 33 40 41 42 50 52 55 58 62 66 68 69 70 71 75 80 82 86 88 89 100 108 109 110 112 120 
74 82         5 6 11 13 14 18 19 28 31 32 33 37 41 45 47 52 53 56 72 79 85 87 89 94 97 99 104 106 107 110 111 115 118 119 120 
75 89         1 4 6 7 16 17 23 24 26 34 36 38 39 40 45 51 52 55 57 58 60 64 68 73 81 86 87 88 89 90 91 96 99 102 104 106 107 117 
76 94         3 8 10 11 20 24 25 31 35 38 39 42 48 54 55 58 61 64 66 67 71 77 79 80 82 83 86 89 90 97 100 102 116 117 120 
77 26         4 8 11 17 19 22 24 25 28 35 37 39 48 49 52 53 54 55 58 61 64 71 76 81 86 95 99 100 102 105 107 112 114 
78 35         3 4 9 13 14 21 25 26 28 35 45 47 48 49 50 52 56 58 60 61 62 64 65 66 67 71 80 85 93 94 105 106 109 114 120 
79 58         1 3 6 10 12 13 15 16 18 19 21 22 23 26 41 45 55 57 58 62 63 68 69 74 76 80 84 85 88 90 92 100 105 107 109 111 113 115 116 117 
80 58         5 7 8 17 18 21 22 26 29 32 34 43 47 48 57 58 60 63 72 73 76 78 79 81 86 87 89 90 93 95 103 105 106 107 111 115 116 117 119 120 
81 57         3 5 11 12 16 35 38 47 48 55 66 67 75 77 80 86 90 97 117 120 
82 46         2 3 6 8 10 11 14 15 18 24 25 34 35 49 50 51 55 60 66 68 70 73 76 85 86 90 93 99 100 101 103 105 106 107 108 110 111 112 116 120 
83 44         2 3 4 8 16 28 29 31 33 34 35 38 41 45 50 58 59 67 69 70 72 76 93 95 96 97 102 105 106 108 115 116 
84 91         2 10 20 23 29 30 32 35 42 43 48 51 53 55 57 59 60 62 66 71 79 86 87 89 91 92 95 96 97 102 103 108 
85 49         1 2 4 5 14 16 18 24 26 27 28 35 37 40 42 43 46 48 50 61 67 68 69 74 78 79 82 89 92 93 98 99 101 108 115 117 120 
86 52         1 2 7 10 13 17 19 20 23 30 39 41 42 45 46 48 54 60 62 66 68 69 73 75 76 77 80 81 82 84 88 89 90 97 98 101 103 105 109 115 
87 65         1 2 3 4 7 12 23 25 27 29 31 33 35 37 45 48 51 53 62 65 70 72 74 75 80 84 88 90 94 95 96 98 100 106 107 109 116 117 119 
88 42         16 19 26 28 29 33 34 35 37 38 39 41 43 44 46 47 49 51 57 59 62 66 72 73 75 79 86 87 90 92 93 94 96 107 111 116 119 
89 33         1 7 9 10 12 17 18 19 20 24 34 35 38 47 52 54 55 56 58 60 62 64 73 74 75 76 80 84 85 86 90 94 96 97 99 100 101 105 111 112 113 119 120 
90 60         4 7 8 16 20 21 23 32 36 37 38 39 42 44 49 54 64 66 68 71 72 75 76 79 80 81 82 86 87 88 89 97 98 103 105 106 107 112 114 117 120 
91 37         1 5 7 9 11 13 17 20 21 23 25 26 31 40 51 53 55 58 62 63 65 68 69 75 84 94 102 104 106 108 109 112 113 114 119 
92 57         1 5 6 9 12 14 17 21 30 32 43 49 50 51 59 63 64 67 68 72 79 84 85 88 93 97 98 99 101 104 105 106 114 
93 91         1 12 13 16 18 19 20 22 24 28 31 35 37 39 45 48 52 56 69 71 78 80 82 83 85 88 92 95 97 98 100 105 106 109 113 114 115 
94 52         2 4 8 11 14 15 17 23 25 30 34 38 41 42 48 62 63 67 69 72 74 78 87 88 89 91 97 100 102 106 110 112 113 115 117 
95 95         1 4 7 9 16 23 40 42 47 48 49 52 53 54 59 60 64 66 77 80 83 84 87 93 99 100 101 103 107 111 113 114 116 120 
96 84         8 9 10 11 13 14 15 19 20 24 26 34 37 39 42 43 47 57 60 62 65 67 68 71 75 83 84 87 88 89 97 103 113 117 120 
97 72         4 6 7 8 10 14 16 22 23 25 30 31 34 37 38 40 41 42 54 56 57 65 71 74 76 81 83 84 86 89 90 92 93 94 96 98 100 102 105 106 107 109 114 116 117 
98 75         2 6 8 10 13 15 17 20 25 29 33 37 39 51 58 62 68 70 71 85 86 87 90 92 93 97 99 102 112 117 118 119 
99 89         10 15 27 30 31 34 36 40 43 44 45 46 50 59 63 65 72 74 75 77 82 85 89 92 95 98 103 108 109 111 112 114 117 118 119 
100 81        1 3 12 17 20 21 23 25 26 27 30 32 33 35 36 40 42 43 44 45 46 49 54 62 63 71 72 73 76 77 79 82 87 89 93 94 95 97 102 104 112 114 117 120 
101 67        6 7 8 12 14 18 20 23 26 27 31 33 39 41 45 50 52 55 56 57 60 66 67 82 85 86 89 92 95 106 108 111 112 113 114 115 
102 74        4 6 11 16 21 23 32 36 39 40 41 44 52 58 72 75 76 77 83 84 91 94 97 98 100 105 120 
103 87        1 2 4 5 6 7 8 9 11 16 21 24 32 40 42 46 47 58 60 64 67 69 70 71 80 82 84 86 90 95 96 99 108 109 111 118 119 
104 60        8 14 29 30 44 49 50 53 54 56 58 62 72 74 75 91 92 100 107 110 111 115 118 
105 32        1 2 3 4 5 14 15 18 19 24 30 31 35 37 38 40 42 43 44 47 51 53 54 55 58 62 68 69 70 77 78 79 80 82 83 86 89 90 92 93 97 102 106 120 
106 76        5 10 14 16 17 25 27 33 34 35 40 42 43 46 47 48 50 51 53 54 57 62 64 66 68 70 71 74 75 78 80 82 83 87 90 91 92 93 94 97 101 105 118 
107 85        5 6 8 16 24 32 35 37 47 48 51 56 65 70 72 74 75 77 79 80 82 87 88 90 95 97 104 114 116 120 
108 59        2 3 4 17 18 20 22 24 26 27 31 33 38 43 46 48 50 51 55 57 60 68 73 82 83 84 85 91 99 101 103 110 111 114 115 
109 62        1 3 4 7 19 24 29 31 36 38 41 42 45 49 56 60 62 65 68 73 78 79 86 87 91 93 97 99 103 110 115 
110 39        1 2 7 10 24 27 29 30 33 35 38 42 45 47 49 50 53 54 56 57 60 63 68 73 74 82 94 104 108 109 113 116 117 119 
111 64        1 6 7 9 13 19 21 22 26 27 31 39 43 50 56 61 64 68 69 70 74 79 80 82 88 89 95 99 101 103 104 108 112 115 117 120 
112 52        1 2 8 12 15 23 24 31 33 34 38 42 47 48 49 51 52 53 59 67 68 70 71 73 77 82 89 90 91 94 98 99 100 101 111 
113 88        2 7 13 16 19 30 31 32 33 37 38 40 43 44 45 56 61 62 67 68 70 71 72 79 89 91 93 94 95 96 101 110 115 116 119 
114 45        3 5 8 9 14 18 28 32 33 34 35 38 40 41 43 48 52 54 57 58 62 68 69 77 78 90 91 92 93 95 97 99 100 101 107 108 115 116 120 
115 29        2 3 5 12 15 20 21 22 23 30 35 36 39 44 46 49 50 53 55 59 60 63 64 65 72 74 79 80 83 85 86 93 94 101 104 108 109 111 113 114 
116 88        8 14 15 21 22 29 31 33 36 45 50 51 52 54 56 57 58 63 66 67 68 69 70 71 76 79 80 82 83 87 88 95 97 107 110 113 114 118 120 
117 85        2 5 6 8 13 16 17 18 23 30 37 38 41 42 43 44 49 52 53 54 57 65 66 67 71 72 75 76 79 80 81 85 87 90 94 96 97 98 99 100 110 111 119 
118 54        2 4 15 16 17 18 20 21 22 23 30 31 40 42 43 47 53 60 61 66 67 68 74 98 99 103 104 106 116 120 
119 40        1 5 6 8 10 11 12 21 28 29 31 36 44 54 59 61 63 71 74 80 87 88 89 91 98 99 103 110 113 117 120 
120 57        2 7 10 12 14 19 23 43 47 50 64 73 74 76 78 80 81 82 85 89 90 95 96 100 102 105 107 111 114 116 118 119 
