120 150
1 91          6 7 9 21 31 35 39 51 53 58 69 72 74 76 82 84 88 112 113 117 118 120 
2 55          21 30 34 41 44 55 64 87 88 94 102 
3 60          16 23 33 41 43 71 78 85 99 110 
4 37          31 36 51 56 63 69 82 86 112 
5 86          19 34 65 69 73 81 117 
6 21          1 7 28 36 53 55 57 74 85 103 106 116 117 
7 21          1 6 14 19 20 40 52 74 76 78 80 85 91 94 97 107 113 116 
8 43          15 18 26 27 29 30 31 41 45 51 57 72 77 97 116 119 
9 77          1 18 19 30 50 78 83 105 116 117 
10 75         31 40 49 74 78 86 92 102 104 108 114 120 
11 92         17 19 36 56 75 83 93 96 100 120 
12 33         25 28 31 48 50 69 74 94 102 
13 59         23 34 39 40 41 70 93 102 107 
14 74         7 21 24 32 48 53 59 63 69 107 108 110 
15 40         8 40 44 53 77 82 94 105 
16 36         3 53 61 70 83 85 90 98 106 
17 62         11 18 23 35 54 55 59 112 116 
18 21         8 9 17 31 33 42 53 54 56 62 69 79 95 117 
19 56         5 7 9 11 20 40 46 53 57 66 89 116 119 
20 38         7 19 22 23 25 26 35 49 50 52 60 66 95 104 110 115 117 118 
21 22         1 2 14 26 31 33 35 64 68 76 84 85 92 93 99 101 109 110 113 
22 45         20 23 24 51 62 72 90 105 
23 94         3 13 17 20 22 29 38 51 57 58 79 81 89 109 
24 68         14 22 30 45 65 67 71 76 96 107 109 
25 83         12 20 38 45 52 65 82 85 101 104 117 119 
26 86         8 20 21 34 59 61 66 87 102 110 
27 75         8 28 37 45 64 77 88 98 99 101 106 111 113 
28 21         6 12 27 47 59 63 70 74 82 91 
29 40         8 23 37 50 86 89 94 102 109 110 
30 44         2 8 9 24 45 52 59 70 72 83 93 112 116 
31 74         1 4 8 10 12 18 21 56 82 112 
32 52         14 37 41 44 47 50 56 57 61 91 96 104 109 110 112 
33 61         3 18 21 34 39 48 51 62 67 90 91 113 117 
34 95         2 5 13 26 33 53 69 70 76 92 97 110 112 
35 20         1 17 20 21 38 93 100 112 114 
36 79         4 6 11 45 47 60 86 97 98 118 
37 76         27 29 32 46 54 72 82 89 113 115 116 
38 32         23 25 35 62 67 69 70 85 93 117 
39 21         1 13 33 53 56 77 83 102 113 
40 91         7 10 13 15 19 41 52 56 57 67 69 73 74 76 83 119 
41 83         2 3 8 13 32 40 47 50 51 61 79 94 97 105 109 
42 39         18 53 63 64 68 90 96 100 105 108 109 
43 31         3 47 51 57 63 65 71 100 109 115 
44 81         2 15 32 62 76 86 104 110 119 
45 41         8 24 25 27 30 36 86 87 88 100 103 
46 90         19 37 54 65 68 77 94 95 104 
47 74         28 32 36 41 43 62 65 73 81 83 87 94 95 98 103 105 115 
48 100        12 14 33 56 61 79 101 
49 38         10 20 52 79 82 83 87 101 117 
50 33         9 12 20 29 32 41 53 68 74 75 87 90 91 96 
51 74         1 4 8 22 23 33 41 43 59 68 81 98 105 108 109 120 
52 40         7 20 25 30 40 49 53 56 75 80 84 96 100 
53 80         1 6 14 15 16 18 19 34 39 42 50 52 59 83 91 101 103 111 120 
54 39         17 18 37 46 56 62 97 108 113 114 118 
55 22         2 6 17 63 64 71 85 90 92 95 110 112 
56 46         4 11 18 31 32 39 40 48 52 54 63 66 73 75 80 86 98 119 
57 58         6 8 19 23 32 40 43 67 70 73 74 92 102 
58 65         1 23 60 79 85 87 88 90 117 
59 67         14 17 26 28 30 51 53 65 83 85 88 91 98 110 117 
60 37         20 36 58 77 86 95 96 106 113 120 
61 82         16 26 32 41 48 68 72 80 84 90 105 107 111 117 118 
62 64         18 22 33 38 44 47 54 65 66 91 93 96 105 109 110 115 
63 26         4 14 28 42 43 55 56 72 84 86 116 
64 80         2 21 27 42 55 73 83 104 117 120 
65 74         5 24 25 43 46 47 59 62 71 73 88 92 
66 20         19 20 26 56 62 79 91 100 103 115 
67 62         24 33 38 40 57 73 78 91 101 117 
68 82         21 42 46 50 51 61 77 91 96 102 113 
69 40         1 4 5 12 14 18 34 38 40 70 93 104 107 110 113 117 
70 28         13 16 28 30 34 38 57 69 109 110 
71 72         3 24 43 55 65 90 94 97 
72 45         1 8 22 30 37 61 63 97 103 116 
73 62         5 40 47 56 57 64 65 67 90 115 
74 72         1 6 7 10 12 28 40 50 57 75 86 89 92 97 101 108 120 
75 89         11 50 52 56 74 82 90 101 105 
76 31         1 7 21 24 34 40 44 79 81 
77 92         8 15 27 39 46 60 68 79 82 88 106 113 
78 63         3 7 9 10 67 84 98 
79 89         18 23 41 48 49 58 66 76 77 82 103 
80 33         7 52 56 61 99 105 108 110 118 
81 25         5 23 47 51 76 98 105 108 111 
82 54         1 4 15 25 28 31 37 49 75 77 79 112 
83 66         9 11 16 30 39 40 47 49 53 59 64 97 114 115 
84 100        1 21 52 61 63 78 101 
85 20         3 6 7 16 21 25 38 55 58 59 95 96 
86 90         4 10 29 36 44 45 56 60 63 74 105 
87 87         2 26 45 47 49 50 58 88 90 92 94 95 103 112 
88 48         1 2 27 45 58 59 65 77 87 95 100 110 115 
89 28         19 23 29 37 74 94 98 112 115 
90 46         16 22 33 42 50 55 58 61 71 73 75 87 107 110 
91 76         7 28 32 33 50 53 59 62 66 67 68 97 107 110 113 
92 50         10 21 34 55 57 65 74 87 
93 66         11 13 21 30 35 38 62 69 99 101 107 109 119 
94 30         2 7 12 15 29 41 46 47 71 87 89 98 104 108 110 112 
95 26         18 20 46 47 55 60 85 87 88 109 120 
96 23         11 24 32 42 50 52 60 62 68 85 103 
97 40         7 8 34 36 41 54 71 72 74 83 91 113 
98 70         16 27 36 47 51 56 59 78 81 89 94 108 110 116 118 
99 57         3 21 27 80 93 105 118 119 
100 92        11 35 42 43 45 52 66 88 104 106 108 119 
101 52        21 25 27 48 49 53 67 74 75 84 93 120 
102 54        2 10 12 13 26 29 39 57 68 106 109 114 
103 27        6 45 47 53 66 72 79 87 96 109 
104 58        10 20 25 32 44 46 64 69 94 100 105 113 
105 66        9 15 22 41 42 47 51 61 62 75 80 81 86 99 104 114 
106 65        6 16 27 60 77 100 102 108 
107 93        7 13 14 24 61 69 90 91 93 
108 83        10 14 42 51 54 74 80 81 94 98 100 106 114 
109 37        21 23 24 29 32 41 42 43 51 62 70 93 95 102 103 
110 62        3 14 20 21 26 29 32 34 44 55 59 62 69 70 80 88 90 91 94 98 116 
111 94        27 53 61 81 
112 29        1 4 17 30 31 32 34 35 55 82 87 89 94 113 118 
113 66        1 7 21 27 33 37 39 54 60 68 69 77 91 97 104 112 115 
114 98        10 35 54 83 102 105 108 115 120 
115 20        20 37 43 47 62 66 73 83 88 89 113 114 119 
116 66        6 7 8 9 17 19 30 37 63 72 98 110 120 
117 42        1 5 6 9 18 20 25 33 38 49 58 59 61 64 67 69 
118 52        1 20 36 54 61 80 98 99 112 
119 90        8 19 25 40 44 56 93 99 100 115 
120 22        1 10 11 51 53 60 64 74 95 101 114 116 
