120 150
1 100         2 4 5 6 7 8 10 12 14 16 17 18 20 21 22 23 24 25 26 27 29 30 31 32 33 34 35 37 39 40 42 43 44 45 46 47 50 51 52 53 54 55 56 57 58 59 60 61 63 66 67 68 69 70 73 75 76 77 78 79 83 84 87 88 91 93 94 95 99 100 101 102 103 104 106 108 109 111 113 115 120 
2 22          1 3 4 5 6 7 9 10 11 12 14 15 16 17 18 19 21 22 24 25 26 27 28 30 32 35 37 41 42 43 45 46 49 50 51 52 53 54 55 56 57 60 62 63 64 65 66 68 69 72 73 74 75 76 79 80 81 82 83 84 85 86 87 88 89 90 92 93 94 96 97 98 99 101 102 103 104 106 108 110 113 115 116 119 120 
3 25          2 4 5 6 7 8 9 12 14 15 17 18 19 20 25 26 27 28 32 34 35 36 38 39 40 41 42 43 45 46 47 48 50 53 55 56 57 59 60 61 62 63 64 65 66 68 70 71 72 73 74 79 80 81 82 83 84 85 86 89 90 92 93 96 97 99 100 101 102 103 104 106 107 110 111 112 113 114 115 116 118 119 120 
4 51          1 2 3 5 6 7 8 11 12 13 14 15 16 17 19 20 21 22 23 24 25 27 28 31 32 33 34 35 37 38 40 42 43 44 45 47 48 49 50 51 52 54 55 56 57 59 60 62 64 65 66 68 70 71 72 73 75 78 79 83 84 85 86 87 88 89 92 93 99 100 102 103 104 105 108 109 110 113 114 116 117 118 119 120 
5 95          1 2 3 4 6 7 8 10 11 15 20 21 24 26 28 30 31 32 33 38 39 40 41 42 43 44 45 48 52 53 54 57 59 61 62 64 65 66 67 68 69 70 71 72 73 75 76 77 78 79 81 84 85 86 88 90 91 92 95 97 98 99 100 105 106 108 109 111 112 113 114 115 116 
6 58          1 2 3 4 5 7 8 12 13 17 18 20 23 24 26 27 28 30 31 32 33 35 36 37 38 41 43 45 46 47 48 49 51 52 54 55 56 57 58 59 60 62 65 66 68 69 70 72 73 76 77 79 81 82 83 84 85 86 87 89 90 91 92 93 94 95 98 100 101 102 103 105 109 110 112 113 114 115 116 117 118 119 120 
7 97          1 2 3 4 5 6 9 10 11 12 14 15 16 17 19 21 22 26 27 28 29 30 31 32 33 34 35 36 37 38 39 40 41 42 44 45 46 47 48 49 50 51 55 57 59 60 61 63 64 65 66 67 68 70 72 73 75 76 78 80 81 82 83 84 87 88 89 90 91 92 94 95 96 97 98 99 101 103 105 106 107 108 109 110 111 112 113 114 116 117 118 119 120 
8 30          1 3 4 5 6 9 11 12 15 16 19 21 22 24 25 26 27 28 30 31 32 33 34 35 37 39 40 41 42 46 50 51 52 53 55 57 58 60 61 62 63 65 67 69 70 71 72 73 74 75 76 77 80 81 83 87 88 89 91 93 95 96 97 99 100 101 102 103 104 105 107 108 110 111 112 113 114 115 117 119 120 
9 79          2 3 7 8 10 12 15 18 19 20 21 22 23 26 27 28 30 33 35 36 37 39 40 41 42 43 44 45 46 47 48 49 50 51 52 53 55 56 61 63 65 66 67 68 69 70 71 73 75 76 77 78 79 80 82 83 85 87 89 91 92 94 95 96 98 100 102 103 104 106 107 109 111 112 113 114 115 117 118 120 
10 23         1 2 5 7 9 13 17 18 19 20 21 22 23 24 26 27 28 29 31 32 34 35 38 39 40 41 42 43 44 45 46 47 48 49 52 53 54 55 56 57 58 59 61 63 65 66 67 68 69 70 71 76 77 78 79 83 84 85 88 89 90 91 93 94 97 98 99 101 102 104 105 108 109 110 111 112 113 114 115 
11 53         2 4 5 7 8 12 13 16 18 19 20 21 22 23 24 25 27 28 29 30 32 33 34 36 37 38 39 41 42 44 45 46 47 49 50 53 54 56 61 62 63 64 66 67 69 70 71 72 73 74 75 76 77 78 79 80 81 82 86 89 90 91 94 95 96 97 98 99 102 103 104 107 111 112 114 115 116 117 119 120 
12 80         1 2 3 4 6 7 8 9 11 14 15 16 17 19 20 22 23 24 26 27 28 29 33 36 39 40 42 43 44 45 46 47 48 49 53 54 55 56 57 58 59 60 61 62 64 65 67 68 69 71 72 76 77 78 80 81 82 83 84 87 88 89 90 91 92 94 97 98 99 100 102 103 104 106 107 108 109 110 113 115 116 117 118 119 120 
13 20         4 6 10 11 14 15 17 18 19 20 21 23 24 25 26 27 28 29 30 33 34 38 39 40 41 42 46 47 48 49 50 52 53 56 57 59 60 62 63 65 67 70 71 72 74 75 77 79 81 82 86 87 89 90 91 92 93 94 95 96 98 99 100 101 102 103 104 109 112 113 115 116 118 119 120 
14 65         1 2 3 4 7 12 13 15 16 17 18 19 21 22 23 24 25 26 27 28 29 30 31 33 34 35 36 37 38 39 40 42 43 44 45 46 47 48 50 51 52 53 54 55 57 59 61 62 65 66 67 68 70 71 73 74 75 76 77 79 80 81 82 83 84 85 86 87 88 90 92 93 94 96 98 99 101 102 108 109 110 111 113 114 115 116 117 119 
15 64         2 3 4 5 7 8 9 12 13 14 16 17 18 19 21 22 23 24 26 28 29 30 32 34 35 37 39 41 43 44 46 47 48 49 50 51 52 53 55 56 57 58 60 61 63 65 66 67 68 69 71 72 73 74 75 76 77 78 80 81 82 83 84 85 86 87 89 90 91 92 93 95 96 98 101 105 106 108 109 110 111 112 114 115 118 120 
16 21         1 2 4 7 8 11 12 14 15 18 19 21 22 23 24 25 28 29 32 33 36 38 42 43 44 45 46 47 48 49 50 51 52 54 55 56 57 58 59 60 61 62 63 64 67 68 69 70 71 72 77 78 79 80 82 84 85 87 88 89 90 93 94 95 97 98 99 101 102 103 106 108 109 112 113 114 116 117 118 119 
17 26         1 2 3 4 6 7 10 12 13 14 15 18 19 20 22 23 26 28 29 30 31 32 34 35 39 40 41 42 44 46 47 49 51 52 53 54 55 56 57 58 59 60 61 62 63 64 65 67 68 69 72 74 75 76 77 78 79 80 81 82 84 86 87 88 89 92 93 95 96 100 102 103 104 105 106 107 108 110 111 112 114 115 116 119 120 
18 100        1 2 3 6 9 10 11 13 14 15 16 17 21 22 23 24 26 27 29 30 31 32 33 34 36 38 40 41 42 44 45 46 47 48 49 51 55 56 57 58 59 60 61 62 63 65 66 67 68 69 72 73 74 75 76 77 78 79 80 82 87 89 90 91 92 93 94 95 96 97 99 102 103 104 105 108 110 112 113 114 115 116 117 118 119 
19 81         2 3 4 7 8 9 10 11 12 13 14 15 16 17 20 22 27 29 30 31 32 33 34 35 36 38 39 40 45 46 48 52 53 55 59 60 61 63 64 65 67 68 69 70 73 74 75 76 79 80 82 83 85 86 89 90 91 92 94 95 96 97 99 100 101 102 103 105 107 108 109 111 114 115 116 118 119 120 
20 98         1 3 4 5 6 9 10 11 12 13 17 19 22 23 24 25 26 27 28 30 31 33 35 37 38 39 41 42 44 45 47 48 49 50 51 52 54 55 56 57 59 62 63 64 65 67 68 70 71 72 73 74 76 77 79 81 82 84 86 87 88 92 93 94 95 99 100 101 102 103 104 105 107 109 110 112 114 115 116 119 
21 70         1 2 4 5 7 8 9 10 11 13 14 15 16 18 22 24 25 27 28 30 31 32 33 35 39 40 42 43 44 46 48 49 51 52 54 55 56 58 61 64 65 66 67 68 69 71 73 77 78 79 80 83 84 85 86 87 88 89 90 91 92 94 95 97 98 99 102 105 106 107 108 109 110 111 112 113 115 116 118 119 120 
22 85         1 2 4 7 8 9 10 11 12 14 15 16 17 18 19 20 21 23 24 25 27 29 34 35 36 37 38 39 41 42 44 46 47 48 49 52 55 56 58 60 61 62 63 66 67 68 69 72 73 74 76 77 79 82 83 84 86 87 88 89 90 92 95 96 97 98 99 100 101 102 104 106 107 108 109 110 111 112 114 115 117 119 120 
23 92         1 4 6 9 10 11 12 13 14 15 16 17 18 20 22 24 26 29 30 31 32 34 35 36 37 39 40 42 43 45 47 48 50 52 54 55 56 58 59 60 61 63 64 65 66 68 69 73 75 76 78 79 80 81 82 83 84 85 87 88 89 91 92 93 94 95 98 99 101 102 103 104 105 106 107 108 109 110 111 112 115 116 117 118 119 120 
24 97         1 2 4 5 6 8 10 11 12 13 14 15 16 18 20 21 22 23 26 27 30 31 32 34 36 38 39 41 42 43 45 48 49 50 53 55 56 57 58 59 60 61 63 64 65 67 68 69 70 71 72 74 75 76 77 79 81 82 83 85 86 88 90 91 93 94 95 96 97 100 102 104 107 108 109 110 112 113 114 115 116 117 119 120 
25 86         1 2 3 4 8 11 13 14 16 20 21 22 26 27 29 30 31 32 33 34 35 36 38 40 41 42 43 44 46 49 51 53 54 55 56 57 58 62 63 65 66 67 68 71 72 73 74 75 77 79 80 81 82 83 85 86 87 89 90 91 92 93 95 96 98 99 100 103 104 105 106 110 111 113 114 115 116 118 119 
26 71         1 2 3 5 6 7 8 9 10 12 13 14 15 17 18 20 23 24 25 28 29 30 31 34 36 37 39 42 43 44 46 47 48 51 52 53 55 57 60 61 62 65 66 67 70 71 72 73 77 78 79 80 81 83 84 85 87 88 89 93 95 96 97 98 99 101 102 103 104 105 106 109 113 114 115 116 117 118 120 
27 91         1 2 3 4 6 7 8 9 10 11 12 13 14 18 19 20 21 22 24 25 28 29 30 31 32 36 37 38 41 42 43 44 45 46 47 49 50 51 52 53 54 55 57 59 60 61 66 67 68 69 70 71 74 77 78 82 83 84 85 86 87 88 89 92 93 94 96 97 98 99 101 103 105 106 107 108 109 111 113 114 115 116 117 
28 29         2 3 4 5 6 7 8 9 10 11 12 13 14 15 16 17 20 21 26 27 31 32 33 34 37 39 40 41 43 45 47 48 49 51 53 55 56 58 60 61 62 64 65 66 67 68 69 71 72 73 74 75 76 77 78 79 81 83 84 85 86 89 90 92 93 94 95 96 101 103 104 105 106 107 109 110 113 115 116 117 118 119 
29 63         1 7 10 11 12 13 14 15 16 17 18 19 22 23 25 26 27 31 33 34 36 37 40 41 42 43 44 46 47 49 53 54 55 57 59 60 61 63 65 66 68 69 70 71 73 76 77 79 80 81 82 83 85 87 89 90 91 92 93 98 99 101 102 103 104 105 106 107 108 109 111 112 113 114 115 116 118 119 
30 34         1 2 5 6 7 8 9 11 13 14 15 17 18 19 20 21 23 24 25 26 27 31 32 33 34 35 37 39 40 41 43 45 46 47 49 50 51 52 53 54 55 56 57 58 60 62 63 64 65 66 70 71 73 74 75 78 79 82 83 85 86 87 88 89 91 93 94 98 99 101 102 105 107 108 109 110 112 116 117 119 
31 67         1 4 5 6 7 8 10 14 17 18 19 20 21 23 24 25 26 27 28 29 30 32 33 36 37 38 39 41 44 47 48 49 50 53 54 55 57 58 59 60 61 62 65 66 67 68 69 70 71 72 73 74 75 77 78 79 80 81 82 84 87 89 90 92 93 95 96 98 99 100 102 103 104 106 107 108 109 111 115 116 117 119 
32 23         1 2 3 4 5 6 7 8 10 11 15 16 17 18 19 21 23 24 25 27 28 30 31 33 35 36 37 39 42 43 44 47 49 51 53 55 56 57 58 59 61 62 64 65 66 68 69 70 71 72 74 76 77 78 79 80 83 84 86 87 88 89 91 93 94 96 97 98 99 100 101 102 103 105 106 107 110 111 112 113 114 117 118 119 120 
33 33         1 4 5 6 7 8 9 11 12 13 14 16 18 19 20 21 25 28 29 30 31 32 34 35 39 40 42 43 44 45 46 47 49 50 51 52 57 61 62 64 65 66 69 70 72 73 74 76 77 80 81 82 84 85 86 87 88 89 90 91 92 93 95 98 99 101 103 104 105 107 108 109 110 111 112 114 115 116 117 119 120 
34 89         1 3 4 7 8 10 11 13 14 15 17 18 19 22 23 24 25 26 28 29 30 33 36 37 38 39 42 43 44 45 46 47 48 50 52 53 54 55 57 58 60 61 62 63 64 65 66 67 68 69 70 71 72 73 74 75 78 79 80 82 83 85 87 88 89 90 91 92 93 95 96 97 98 100 101 102 103 104 106 107 108 111 113 114 115 116 117 118 
35 94         1 2 3 4 6 7 8 9 10 14 15 17 19 20 21 22 23 25 30 32 33 36 37 38 40 41 43 44 45 46 47 48 51 52 53 54 56 57 58 59 60 62 64 65 66 68 69 70 71 72 73 74 75 77 78 80 82 83 84 85 86 87 88 90 91 92 94 95 96 97 98 99 100 101 104 105 106 107 108 109 110 111 113 114 115 116 117 118 120 
36 47         3 6 7 9 11 12 14 16 18 19 22 23 24 25 26 27 29 31 32 34 35 38 39 42 43 44 45 46 47 48 49 50 51 52 53 55 58 59 60 63 64 66 67 68 70 71 72 73 74 75 76 77 78 79 80 81 83 84 85 87 89 90 91 92 93 94 95 96 97 99 100 101 102 105 106 107 108 109 112 113 114 115 116 117 120 
37 100        1 2 4 6 7 8 9 11 14 15 20 22 23 26 27 28 29 30 31 32 34 35 38 44 46 47 48 50 53 55 56 57 58 59 61 62 63 65 66 67 68 69 70 71 72 74 76 78 80 82 84 85 89 91 92 94 96 99 100 105 106 108 109 110 111 112 113 114 115 116 117 118 119 
38 37         3 4 5 6 7 10 11 13 14 16 18 19 20 22 24 25 27 31 34 35 36 37 40 41 43 44 46 47 48 49 50 51 52 53 54 55 56 57 58 61 62 64 65 66 67 68 69 71 73 74 76 78 79 80 81 83 84 85 87 90 91 92 93 94 96 97 100 102 105 106 107 108 109 110 111 112 114 116 118 119 
39 40         1 3 5 7 8 9 10 11 12 13 14 15 17 19 20 21 22 23 24 26 28 30 31 32 33 34 36 41 42 44 45 47 49 50 51 54 55 56 57 58 59 61 63 64 65 66 67 68 69 71 72 74 75 76 79 82 83 84 85 86 87 88 89 91 92 94 95 96 97 98 100 101 103 106 108 109 110 111 113 114 115 118 119 120 
40 58         1 3 4 5 7 8 9 10 12 13 14 17 18 19 21 23 25 28 29 30 33 35 38 42 44 46 47 48 49 51 52 53 54 55 56 58 61 62 63 64 65 66 67 68 69 70 71 73 74 75 78 79 80 81 83 85 86 89 90 91 93 94 98 99 103 104 107 108 110 111 112 116 118 119 120 
41 73         2 3 5 6 7 8 9 10 11 13 15 17 18 20 22 24 25 27 28 29 30 31 35 38 39 42 44 45 47 48 49 51 52 53 55 56 58 60 61 62 63 64 65 66 67 69 70 71 73 74 76 77 78 80 81 84 86 87 88 90 91 92 93 94 95 96 98 99 100 101 102 103 104 105 109 110 111 113 114 115 117 118 119 
42 39         1 2 3 4 5 7 8 9 10 11 12 13 14 16 17 18 20 21 22 23 24 25 26 27 29 32 33 34 36 39 40 41 43 44 45 46 48 49 50 51 52 53 55 56 58 59 60 61 62 63 65 66 67 68 69 70 72 73 74 76 79 80 81 83 84 85 86 87 89 90 91 94 95 97 98 99 100 102 103 104 106 107 109 111 113 114 115 117 118 119 120 
43 49         1 2 3 4 5 6 9 10 12 14 15 16 21 23 24 25 26 27 28 29 30 32 33 34 35 36 38 42 44 45 50 51 52 53 55 57 58 60 62 63 64 65 68 69 70 74 76 77 78 79 81 82 83 84 85 87 89 94 95 96 97 98 99 100 101 102 103 104 106 108 109 110 112 113 114 115 116 117 118 120 
44 79         1 4 5 7 9 10 11 12 14 15 16 17 18 20 21 22 25 26 27 29 31 32 33 34 35 36 37 38 39 40 41 42 43 45 46 47 48 49 50 52 55 56 57 58 59 60 61 62 64 66 67 68 69 71 72 75 76 77 78 79 80 81 82 83 84 85 86 87 88 89 90 91 92 93 94 95 96 97 99 100 101 102 104 106 108 109 110 111 113 116 117 118 120 
45 54         1 2 3 4 5 6 7 9 10 11 12 14 16 18 19 20 23 24 27 28 30 33 34 35 36 39 41 42 43 44 46 47 48 49 50 51 52 53 54 55 56 57 58 60 63 64 65 68 69 70 72 73 75 77 79 80 81 83 84 85 86 87 91 92 93 95 97 98 99 101 102 104 106 107 109 111 112 113 115 116 117 118 120 
46 57         1 2 3 6 7 8 9 10 11 12 13 14 15 16 17 18 19 21 22 25 26 27 29 30 33 34 35 36 37 38 40 42 44 45 47 48 49 50 53 54 55 57 59 60 62 63 64 65 67 68 70 71 73 76 78 79 80 81 82 83 85 86 87 88 89 90 91 92 93 94 95 96 99 101 102 103 106 107 108 109 111 112 115 116 118 119 120 
47 98         1 3 4 6 7 9 10 11 12 13 14 15 16 17 18 20 22 23 26 27 28 29 30 31 32 33 34 35 36 37 38 39 40 41 44 45 46 49 50 52 54 55 57 58 59 62 63 64 65 68 72 73 74 76 77 78 79 80 83 85 86 89 90 91 94 96 97 98 99 100 101 102 103 104 105 106 107 108 110 111 112 113 115 118 
48 69         3 4 5 6 7 9 10 12 13 14 15 16 18 19 20 21 22 23 24 26 28 31 34 35 36 37 38 40 41 42 44 45 46 49 50 51 52 54 55 57 58 59 60 61 62 63 64 65 66 67 68 69 71 72 74 75 76 78 79 80 81 82 84 85 86 87 88 89 90 92 94 95 96 101 102 103 104 105 108 109 111 112 114 115 116 117 118 119 120 
49 67         2 4 6 7 9 10 11 12 13 15 16 17 18 20 21 22 24 25 27 28 29 30 31 32 33 36 38 39 40 41 42 44 45 46 47 48 51 52 53 55 56 57 58 59 61 62 64 66 67 68 69 70 71 72 73 74 75 77 78 79 80 81 84 85 86 87 88 89 90 92 93 94 95 97 98 100 101 102 103 105 106 109 110 111 112 114 115 116 117 120 
50 49         1 2 3 4 7 8 9 11 13 14 15 16 20 23 24 27 30 31 33 34 36 37 38 39 42 43 44 45 46 47 48 52 53 55 57 58 61 62 63 64 65 67 68 69 71 73 74 75 78 79 81 82 83 84 85 86 87 88 89 90 91 93 94 95 96 97 98 99 100 101 102 103 104 105 106 107 108 109 110 111 112 115 117 119 120 
51 38         1 2 4 6 7 8 9 14 15 16 17 18 20 21 25 26 27 28 30 32 33 35 36 38 39 40 41 42 43 45 48 49 52 54 55 56 59 61 62 63 64 66 67 68 69 70 71 72 74 77 79 80 82 84 85 86 89 92 93 95 96 97 98 99 105 106 108 109 110 113 114 116 117 118 119 120 
52 34         1 2 4 5 6 8 9 10 13 14 15 16 17 19 20 21 22 23 26 27 30 33 34 35 36 38 40 41 42 43 44 45 47 48 49 50 51 53 54 57 58 59 64 68 70 72 73 74 76 77 79 83 84 85 86 88 89 91 92 93 94 96 97 98 99 100 102 103 104 105 106 107 109 111 112 113 114 117 120 
53 96         1 2 3 5 8 9 10 11 12 13 14 15 17 19 24 25 26 27 28 29 30 31 32 34 35 36 37 38 40 41 42 43 45 46 49 50 52 54 55 56 57 58 59 60 61 62 67 69 70 71 72 73 74 75 76 77 79 80 82 83 84 85 87 89 90 92 93 94 96 101 102 103 104 105 106 108 111 112 114 118 119 120 
54 27         1 2 4 5 6 10 11 12 14 16 17 20 21 23 25 27 29 30 31 34 35 38 39 40 45 46 47 48 51 52 53 55 56 57 58 59 60 61 62 63 64 65 66 67 68 70 75 76 77 78 79 81 82 83 84 85 89 90 91 94 95 96 97 98 102 103 105 106 107 108 109 110 111 113 115 116 117 119 120 
55 92         1 2 3 4 6 7 8 9 10 12 14 15 16 17 18 19 20 21 22 23 24 25 26 27 28 29 30 31 32 34 36 37 38 39 40 41 42 43 44 45 46 47 48 49 50 51 53 54 56 57 59 60 62 63 64 67 71 73 74 75 76 77 78 79 80 85 86 89 91 93 94 96 97 98 99 100 101 102 103 104 105 108 110 111 112 113 116 117 118 
56 82         1 2 3 4 6 9 10 11 12 13 15 16 17 18 20 21 22 23 24 25 28 30 32 35 37 38 39 40 41 42 44 45 49 51 53 54 55 57 58 60 61 64 65 66 69 70 71 74 76 77 79 80 82 83 84 86 87 88 89 90 91 93 96 97 98 100 101 102 103 106 107 108 110 112 113 115 117 118 119 120 
57 69         1 2 3 4 5 6 7 8 10 12 13 14 15 16 17 18 20 24 25 26 27 29 30 31 32 33 34 35 37 38 39 43 44 45 46 47 48 49 50 52 53 54 55 56 58 59 62 63 64 65 66 67 68 69 70 71 72 73 74 75 76 77 78 81 82 83 86 91 92 93 96 97 99 100 101 102 103 104 106 107 108 109 110 114 115 116 117 118 119 
58 45         1 6 8 10 12 15 16 17 18 21 22 23 24 25 28 30 31 32 34 35 36 37 38 39 40 41 42 43 44 45 47 48 49 50 52 53 54 56 57 59 60 61 62 63 64 66 67 68 69 70 71 72 74 75 76 77 78 79 81 83 87 88 89 90 91 93 94 95 97 98 99 100 102 103 104 105 106 107 108 111 113 114 116 117 118 119 
59 69         1 3 4 5 6 7 10 12 13 14 16 17 18 19 20 23 24 27 29 31 32 35 36 37 39 42 44 46 47 48 49 51 52 53 54 55 57 58 60 61 62 63 64 66 69 70 71 72 74 75 78 82 83 84 85 86 90 91 92 93 94 95 96 98 99 100 101 102 104 108 109 110 111 112 113 114 116 117 118 119 
60 20         1 2 3 4 6 7 8 12 13 15 16 17 18 19 22 23 24 26 27 28 29 30 31 34 35 36 41 42 43 44 45 46 48 53 54 55 56 58 59 61 62 63 65 66 67 68 69 70 71 72 76 77 79 80 83 84 85 87 88 89 90 91 92 94 96 98 101 104 105 107 108 109 110 111 112 113 114 115 116 118 119 120 
61 75         1 3 5 7 8 9 10 11 12 14 15 16 17 18 19 21 22 23 24 26 27 28 29 31 32 33 34 37 38 39 40 41 42 44 48 49 50 51 53 54 56 58 59 60 62 64 65 66 68 69 70 73 74 75 76 78 79 80 81 83 85 87 88 89 90 93 96 97 98 102 103 104 105 107 108 109 110 111 112 113 114 118 119 120 
62 97         2 3 4 5 6 8 11 12 13 14 16 17 18 20 22 25 26 28 30 31 32 33 34 35 37 38 40 41 42 43 44 46 47 48 49 50 51 53 54 55 57 58 59 60 61 64 66 67 69 70 71 72 75 78 79 81 82 83 85 87 88 89 90 92 93 94 95 96 97 98 99 101 102 103 104 107 108 109 111 113 114 115 117 118 119 120 
63 51         1 2 3 7 8 9 10 11 13 15 16 17 18 19 20 22 23 24 25 29 30 34 36 37 39 40 41 42 43 45 46 47 48 50 51 54 55 57 58 59 60 64 65 66 67 68 69 71 73 74 75 76 77 78 80 81 83 84 85 86 88 91 93 94 95 97 98 99 100 102 103 104 105 106 107 108 110 111 113 114 115 116 117 118 119 
64 70         2 3 4 5 7 11 12 16 17 19 20 21 23 24 28 30 32 33 34 35 36 38 39 40 41 43 44 45 46 47 48 49 50 51 52 54 55 56 57 58 59 61 62 63 66 68 70 71 72 73 74 75 76 78 79 80 81 82 86 88 89 91 93 95 99 100 101 104 106 107 109 110 112 118 120 
65 29         2 3 4 5 6 7 8 9 10 12 13 14 15 17 18 19 20 21 23 24 25 26 28 29 30 31 32 33 34 35 37 38 39 40 41 42 43 45 46 47 48 50 54 56 57 60 61 63 67 68 69 71 75 76 77 81 82 83 84 86 87 88 89 91 92 94 96 97 98 100 101 102 103 106 107 109 111 112 115 117 118 120 
66 91         1 2 3 4 5 6 7 9 10 11 14 15 18 21 22 23 25 26 27 28 29 30 31 32 33 34 35 36 37 38 39 40 41 42 44 48 49 51 54 56 57 58 59 60 61 62 63 64 68 70 71 72 73 75 76 78 79 81 82 83 84 85 86 87 88 89 91 93 95 98 99 101 102 103 105 106 108 111 112 113 114 116 117 118 120 
67 98         1 5 7 8 9 10 11 12 13 14 15 16 17 18 19 20 21 22 24 25 26 27 28 31 34 36 37 38 39 40 41 42 44 46 48 49 50 51 53 54 55 57 58 60 62 63 65 69 71 72 73 74 76 78 82 84 85 86 88 89 90 91 92 94 96 97 98 99 100 101 105 106 107 108 109 110 111 112 114 115 116 117 118 119 120 
68 77         1 2 3 4 5 6 7 9 10 12 14 15 16 17 18 19 20 21 22 23 24 25 27 28 29 31 32 34 35 36 37 38 39 40 42 43 44 45 46 47 48 49 50 51 52 54 57 58 60 61 63 64 65 66 70 71 72 73 74 75 76 77 78 79 81 82 85 86 88 89 91 92 93 95 96 97 98 99 101 103 105 107 108 109 112 113 114 115 116 117 119 120 
69 48         1 2 5 6 8 9 10 11 12 15 16 17 18 19 21 22 23 24 27 28 29 31 32 33 34 35 37 38 39 40 41 42 43 44 45 48 49 50 51 53 56 57 58 59 60 61 62 63 65 67 71 72 73 74 75 76 78 79 81 82 83 84 86 87 88 90 91 92 93 94 95 96 98 99 102 103 105 106 108 109 111 112 115 116 118 119 120 
70 45         1 3 4 5 6 7 8 9 10 11 13 14 16 19 20 24 26 27 29 30 31 32 33 34 35 36 37 40 41 42 43 45 46 49 51 52 53 54 56 57 58 59 60 61 62 64 66 68 73 75 78 79 81 82 83 87 89 91 92 93 94 96 97 98 99 102 104 106 108 109 111 112 113 114 115 116 117 118 119 120 
71 43         3 4 5 8 9 10 11 12 13 14 15 16 20 21 24 25 26 27 28 29 30 31 32 34 35 36 37 38 39 40 41 44 46 48 49 50 51 53 55 56 57 58 59 60 62 63 64 65 66 67 68 69 75 76 77 79 80 81 82 83 84 85 86 88 90 91 92 93 94 95 96 97 100 101 102 103 104 106 107 108 109 111 112 113 115 116 117 118 119 120 
72 61         2 3 4 5 6 7 8 11 12 13 15 16 17 18 20 22 24 25 26 28 31 32 33 34 35 36 37 39 42 44 45 47 48 49 51 52 53 57 58 59 60 62 64 66 67 68 69 73 74 77 78 81 82 84 85 86 87 88 91 92 94 95 97 98 100 101 102 103 104 105 106 107 108 109 111 112 115 116 118 119 120 
73 36         1 2 3 4 5 6 7 8 9 11 14 15 18 19 20 21 22 23 25 26 28 29 30 31 33 34 35 36 38 40 41 42 45 46 47 49 50 52 53 55 57 61 63 64 66 67 68 69 70 72 75 76 77 79 80 81 85 86 88 90 91 92 93 94 95 96 97 98 102 103 104 105 106 107 108 109 110 112 113 114 115 116 118 120 
74 82         2 3 8 11 13 14 15 17 18 19 20 22 24 25 27 28 30 31 32 33 34 35 36 37 38 39 40 41 42 43 47 48 49 50 51 52 53 55 56 57 58 59 61 63 64 67 68 69 72 75 76 77 78 79 80 81 84 86 87 88 91 92 95 99 100 104 105 106 107 108 109 110 111 112 113 114 116 118 120 
75 89         1 2 4 5 7 8 9 11 13 14 15 17 18 19 23 24 25 28 30 31 34 35 36 39 40 44 45 48 49 50 53 54 55 57 58 59 61 62 63 64 65 66 68 69 70 71 73 74 76 78 80 81 82 85 86 87 88 89 92 95 97 99 100 101 102 104 105 106 107 108 109 111 112 113 114 115 116 117 118 119 
76 94         1 2 5 6 7 8 9 10 11 12 14 15 17 18 19 20 22 23 24 28 29 32 33 36 37 38 39 41 42 43 44 46 47 48 52 53 54 55 56 57 58 60 61 63 64 65 66 67 68 69 71 73 74 75 77 78 79 80 82 83 85 86 88 89 90 91 92 93 94 95 96 97 98 99 101 102 104 105 106 109 111 112 113 114 116 119 
77 26         1 5 6 8 9 10 11 12 13 14 15 16 17 18 20 21 22 24 25 26 27 28 29 31 32 33 35 36 41 43 44 45 47 49 51 52 53 54 55 56 57 58 60 63 65 68 71 72 73 74 76 78 79 80 82 83 84 85 87 89 92 94 95 96 97 98 99 101 102 103 104 105 107 108 110 111 112 113 114 115 116 118 
78 35         1 4 5 7 9 10 11 12 15 16 17 18 21 23 26 27 28 30 31 32 34 35 36 37 38 40 41 43 44 46 47 48 49 50 54 55 57 58 59 61 62 63 64 66 67 68 69 70 72 74 75 76 77 79 85 87 89 90 91 92 93 94 95 99 100 102 103 105 106 108 109 111 112 113 114 116 117 118 120 
79 58         1 2 3 4 5 6 9 10 11 13 14 16 17 18 19 20 21 22 23 24 25 26 28 29 30 31 32 34 36 38 39 40 42 43 44 45 46 47 48 49 50 51 52 53 54 55 56 58 60 61 62 64 66 68 69 70 71 73 74 76 77 78 80 81 84 85 86 88 89 91 92 93 94 95 96 97 98 99 101 102 103 104 105 106 108 109 110 111 112 113 114 120 
80 58         2 3 7 8 9 11 12 14 15 16 17 18 19 21 23 25 26 29 31 32 33 34 35 36 37 38 40 41 42 44 45 46 47 48 49 51 53 55 56 60 61 63 64 71 73 74 75 76 77 79 81 82 83 87 89 90 91 93 95 96 97 98 99 100 102 103 104 105 106 107 108 111 112 113 116 117 118 119 120 
81 57         2 3 5 6 7 8 11 12 13 14 15 17 20 23 24 25 26 28 29 31 33 36 38 40 41 42 43 44 45 46 48 49 50 54 57 58 61 62 63 64 65 66 68 69 70 71 72 73 74 75 79 80 82 83 84 85 86 87 88 89 90 91 92 93 94 96 97 98 99 101 104 107 109 111 113 114 115 116 118 119 120 
82 46         2 3 6 7 9 11 12 13 14 15 16 17 18 19 20 22 23 24 25 27 29 30 31 33 34 35 37 39 43 44 46 48 50 51 53 54 56 57 59 62 64 65 66 67 68 69 70 71 72 75 76 77 80 81 83 84 87 90 91 92 95 98 99 100 102 103 105 108 109 112 113 115 116 118 119 120 
83 44         1 2 3 4 6 7 8 9 10 12 14 15 19 21 22 23 24 25 26 27 28 29 30 32 34 35 36 38 39 40 42 43 44 45 46 47 50 52 53 54 56 57 58 59 60 61 62 63 65 66 69 70 71 76 77 80 81 82 85 86 87 88 89 92 93 94 95 96 100 101 102 103 104 105 106 107 112 115 117 118 119 120 
84 91         1 2 3 4 5 6 7 10 12 14 15 16 17 20 21 22 23 26 27 28 31 32 33 35 36 37 38 39 41 42 43 44 45 48 49 50 51 52 53 54 56 59 60 63 65 66 67 69 71 72 74 77 79 81 82 85 86 88 89 90 93 94 95 96 97 98 99 100 101 102 104 107 108 109 111 112 114 115 116 118 119 120 
85 49         2 3 4 5 6 9 10 14 15 16 19 21 23 24 25 26 27 28 29 30 33 34 35 36 37 38 39 40 42 43 44 45 46 47 48 49 50 51 52 53 54 55 59 60 61 62 63 66 67 68 71 72 73 75 76 77 78 79 81 83 84 87 88 89 90 91 92 94 95 97 100 102 103 104 105 106 108 110 111 112 113 114 115 116 117 118 119 120 
86 52         2 3 4 5 6 11 13 14 15 17 19 20 21 22 24 25 27 28 30 32 33 35 39 40 41 42 44 45 46 47 48 49 50 51 52 55 56 57 59 63 64 65 66 67 68 69 71 72 73 74 75 76 79 81 83 84 87 89 91 92 93 95 96 97 98 99 100 102 103 104 105 106 107 108 109 110 111 112 113 114 115 116 117 118 119 
87 65         1 2 4 6 7 8 9 12 13 14 15 16 17 18 20 21 22 23 25 26 27 29 30 31 32 33 34 35 36 38 39 41 42 43 44 45 46 48 49 50 53 56 58 60 61 62 65 66 69 70 72 74 75 77 78 80 81 82 83 85 86 88 89 91 92 93 94 95 96 98 99 100 101 102 103 104 105 106 109 110 112 113 114 115 116 117 118 119 120 
88 42         1 2 4 5 7 8 10 12 14 16 17 20 21 22 23 24 26 27 30 32 33 34 35 39 41 44 46 48 49 50 52 56 58 60 61 62 63 64 65 66 67 68 69 71 72 73 74 75 76 79 81 83 84 85 87 89 90 93 94 95 97 98 99 100 102 105 107 108 109 112 113 115 116 117 118 119 120 
89 33         2 3 4 6 7 8 9 10 11 12 13 15 16 17 18 19 21 22 23 25 26 27 28 29 30 31 32 33 34 36 37 39 40 42 43 44 46 47 48 49 50 51 52 53 54 55 56 58 60 61 62 64 65 66 67 68 70 75 76 77 78 79 80 81 83 84 85 86 87 88 91 92 94 96 100 102 104 106 110 111 112 113 114 115 116 119 120 
90 60         2 3 5 6 7 10 11 12 13 14 15 16 18 19 21 22 24 25 28 29 31 33 34 35 36 38 40 41 42 44 46 47 48 49 50 53 54 56 58 59 60 61 62 67 69 71 73 76 78 80 81 82 84 85 88 91 92 93 94 96 97 98 99 100 101 103 104 106 107 108 109 110 111 112 114 115 116 
91 37         1 5 6 7 8 9 10 11 12 13 15 18 19 21 23 24 25 29 30 32 33 34 35 36 37 38 39 40 41 42 44 45 46 47 50 52 54 55 56 57 58 59 60 63 64 65 66 67 68 69 70 71 72 73 74 76 78 79 80 81 82 85 86 87 89 90 92 93 94 96 97 99 100 101 102 104 105 106 107 108 109 110 111 113 114 116 117 118 119 
92 57         2 3 4 5 6 7 9 12 13 14 15 17 18 19 20 21 22 23 25 27 28 29 31 33 34 35 36 37 38 39 41 44 45 46 48 49 51 52 53 57 59 60 62 65 67 68 69 70 71 72 73 74 75 76 77 78 79 81 82 83 85 86 87 89 90 91 93 94 95 96 97 99 100 101 102 103 104 105 107 108 109 111 112 116 118 119 120 
93 91         1 2 3 4 6 8 10 13 14 15 16 17 18 20 23 24 25 26 27 28 29 30 31 32 33 34 36 38 40 41 44 45 46 49 50 51 52 53 55 56 57 58 59 61 62 63 64 66 68 69 70 71 73 76 78 79 80 81 83 84 86 87 88 90 91 92 94 95 96 97 98 100 101 103 104 105 106 107 108 109 110 112 113 114 115 118 119 120 
94 52         1 2 6 7 9 10 11 12 13 14 16 18 19 20 21 23 24 27 28 30 32 35 36 37 38 39 40 41 42 43 44 46 47 48 49 50 52 53 54 55 58 59 60 62 63 65 67 69 70 71 72 73 76 77 78 79 81 83 84 85 87 88 89 90 91 92 93 95 99 100 101 102 103 104 105 106 107 108 109 111 112 114 115 120 
95 95         1 5 6 7 8 9 11 13 15 16 17 18 19 20 21 22 23 24 25 26 28 31 33 34 35 36 39 41 42 43 44 45 46 48 49 50 51 54 58 59 62 63 64 66 68 69 71 72 73 74 75 76 77 78 79 80 82 83 84 85 86 87 88 92 93 94 96 98 99 100 101 102 103 104 105 107 110 111 112 113 114 115 117 118 120 
96 84         2 3 7 8 9 11 13 14 15 17 18 19 22 24 25 26 27 28 31 32 34 35 36 37 38 39 41 43 44 46 47 48 50 51 52 53 54 55 56 57 59 60 61 62 65 67 68 69 70 71 73 76 77 79 80 81 83 84 86 87 89 90 91 92 93 95 98 99 102 103 104 105 109 110 112 113 114 115 117 118 119 120 
97 72         2 3 5 7 8 10 11 12 16 18 19 21 22 24 26 27 32 34 35 36 38 39 42 43 44 45 47 49 50 51 52 54 55 56 57 58 61 62 63 65 67 68 70 71 72 73 75 76 77 79 80 81 84 85 86 88 90 91 92 93 99 100 101 103 105 106 109 110 111 112 113 114 115 119 120 
98 75         2 5 6 7 9 10 11 12 13 14 15 16 21 22 23 25 26 27 29 30 31 32 33 34 35 39 40 41 42 43 45 47 49 50 51 52 54 55 56 58 59 60 61 62 63 65 66 67 68 69 70 72 73 76 77 79 80 81 82 84 86 87 88 90 93 95 96 99 100 101 102 103 104 105 107 108 110 111 112 113 115 117 118 119 120 
99 89         1 2 3 4 5 7 8 10 11 12 13 14 16 18 19 20 21 22 23 25 26 27 29 30 31 32 33 35 36 37 40 41 42 43 44 45 46 47 50 51 52 55 57 58 59 62 63 64 66 67 68 69 70 74 75 76 77 78 79 80 81 82 84 86 87 88 90 91 92 94 95 96 97 98 101 104 105 106 108 109 110 111 113 114 115 116 117 118 119 120 
100 81        1 3 4 5 6 8 9 12 13 17 19 20 22 24 25 31 32 34 35 36 37 38 39 41 42 43 44 47 49 50 52 55 56 57 58 59 63 64 65 67 71 72 74 75 78 80 82 83 84 85 86 87 88 89 90 91 92 93 94 95 97 98 101 102 103 104 106 108 109 111 112 113 114 115 117 118 119 120 
101 67        1 2 3 6 7 8 10 13 14 15 16 19 20 22 23 26 27 28 29 30 32 33 34 35 36 39 41 43 44 45 46 47 48 49 50 53 55 56 57 59 60 62 64 65 66 67 68 71 72 75 76 77 79 81 83 84 87 90 91 92 93 94 95 97 98 99 100 102 103 106 107 108 109 111 112 113 114 116 119 
102 74        1 2 3 4 6 8 9 10 11 12 13 14 16 17 18 19 20 21 22 23 24 26 29 30 31 32 34 36 38 41 42 43 44 45 46 47 48 49 50 52 53 54 55 56 57 58 59 61 62 63 65 66 69 70 71 72 73 75 76 77 78 79 80 82 83 84 85 86 87 88 89 91 92 94 95 96 98 100 101 103 104 106 109 112 113 116 117 118 119 120 
103 87        1 2 3 4 6 7 8 9 11 12 13 16 17 18 19 20 23 25 26 27 28 29 31 32 33 34 39 40 41 42 43 46 47 48 49 50 52 53 54 55 56 57 58 61 62 63 65 66 68 69 71 72 73 77 78 79 80 82 83 85 86 87 90 92 93 94 95 96 97 98 100 101 102 104 106 109 110 112 113 116 117 118 
104 60        1 2 3 4 8 9 10 11 12 13 17 18 20 22 23 24 25 26 28 29 31 33 34 35 40 41 42 43 44 45 47 48 50 52 53 55 57 58 59 60 61 62 63 64 70 71 72 73 74 75 76 77 79 80 81 83 84 85 86 87 89 90 91 92 93 94 95 96 98 99 100 102 103 106 107 109 110 111 113 114 115 117 118 119 120 
105 32        4 5 6 7 8 10 15 17 18 19 20 21 23 25 26 27 28 29 30 32 33 35 36 37 38 41 47 48 49 50 51 52 53 54 55 58 60 61 63 66 67 68 69 72 73 74 75 76 77 78 79 80 82 83 85 86 87 88 91 92 93 94 95 96 97 98 99 106 107 108 109 110 111 112 113 114 115 118 119 120 
106 76        1 2 3 5 7 9 12 15 16 17 21 22 23 25 26 27 28 29 31 32 34 35 36 37 38 39 42 43 44 45 46 47 49 50 51 52 53 54 56 57 58 63 64 65 66 67 69 70 71 72 73 74 75 76 78 79 80 83 85 86 87 89 90 91 93 94 97 99 100 101 102 103 104 105 107 109 110 111 112 113 114 116 117 119 120 
107 85        3 7 8 9 11 12 17 19 20 21 22 23 24 27 28 29 30 31 32 33 34 35 36 38 40 42 45 46 47 50 52 54 56 57 58 60 61 62 63 64 65 67 68 71 72 73 74 75 77 80 81 83 84 86 88 90 91 92 93 94 95 98 101 104 105 106 108 110 111 112 113 114 117 119 120 
108 59        1 2 4 5 7 8 10 12 14 15 16 17 18 19 21 22 23 24 27 29 30 31 33 34 35 36 37 38 39 40 43 44 46 47 48 50 51 53 54 55 56 57 58 59 60 61 62 63 66 67 68 69 70 71 72 73 74 75 77 78 79 80 82 84 85 86 88 90 91 92 93 94 98 99 100 101 105 107 109 111 112 113 114 116 117 118 119 120 
109 62        1 4 5 6 7 9 10 12 13 14 15 16 19 20 21 22 23 24 26 27 28 29 30 31 33 35 36 37 38 39 41 42 43 44 45 46 48 49 50 51 52 54 57 59 60 61 62 64 65 67 68 69 70 71 72 73 74 75 76 78 79 81 82 84 86 87 88 90 91 92 93 94 96 97 99 100 101 102 103 104 105 106 108 110 111 112 114 115 116 117 118 119 120 
110 39        2 3 4 6 7 8 10 12 14 15 17 18 20 21 22 23 24 25 28 30 32 33 35 37 38 39 40 41 43 44 47 49 50 51 54 55 56 57 59 60 61 63 64 67 73 74 77 79 85 86 87 89 90 91 93 95 96 97 98 99 103 104 105 106 107 109 113 114 116 117 118 119 
111 64        1 3 5 7 8 9 10 11 14 15 17 19 21 22 23 25 27 29 31 32 33 34 35 37 38 39 40 41 42 44 45 46 47 48 49 50 52 53 54 55 58 59 60 61 62 63 65 66 67 69 70 71 72 74 75 76 77 78 79 80 81 84 85 86 89 90 91 92 94 95 97 98 99 100 101 104 105 106 107 108 109 112 113 114 115 116 117 118 119 
112 52        3 5 6 7 8 9 10 11 13 15 16 17 18 20 21 22 23 24 29 30 32 33 36 37 38 40 43 45 46 47 48 49 50 52 53 55 56 59 60 61 64 65 66 67 68 69 70 71 72 73 74 75 76 77 78 79 80 82 83 84 85 86 87 88 89 90 92 93 94 95 96 97 98 100 101 102 103 105 106 107 108 109 111 114 115 118 119 
113 88        1 2 3 4 5 6 7 8 9 10 12 13 14 16 18 21 24 25 26 27 28 29 32 34 35 36 37 39 41 42 43 44 45 47 51 52 54 55 56 58 59 60 61 62 63 66 68 70 71 73 74 75 76 77 78 79 80 81 82 85 86 87 88 89 91 93 95 96 97 98 99 100 101 102 103 104 105 106 107 108 110 111 115 116 117 118 119 120 
114 45        3 4 5 6 7 8 9 10 11 14 15 16 17 18 19 20 22 24 25 26 27 29 32 33 34 35 36 37 38 39 41 42 43 48 49 51 52 53 57 58 59 60 61 62 63 66 67 68 70 73 74 75 76 77 78 79 81 84 85 86 87 89 90 91 93 94 95 96 97 99 100 101 104 105 106 107 108 109 110 111 112 115 117 118 119 120 
115 29        1 2 3 5 6 8 9 10 11 12 13 14 15 17 18 19 20 21 22 23 24 25 26 27 28 29 31 33 34 35 36 37 39 41 42 43 45 46 47 48 49 50 54 56 57 60 62 63 65 67 68 69 70 71 72 73 75 77 81 82 83 84 85 86 87 88 89 90 93 94 95 96 97 98 99 100 104 105 109 111 112 113 114 116 117 118 119 120 
116 88        2 3 4 5 6 7 11 12 13 14 16 17 18 19 20 21 23 24 25 26 27 28 29 30 31 33 34 35 36 37 38 40 43 44 45 46 48 49 51 54 55 57 58 59 60 63 66 67 68 69 70 71 72 73 74 75 76 77 78 80 81 82 84 85 86 87 88 89 90 91 92 99 101 102 103 106 108 109 110 111 113 115 117 118 119 120 
117 85        4 6 7 8 9 11 12 14 16 18 22 23 24 26 27 28 30 31 32 33 34 35 36 37 41 42 43 44 45 48 49 50 51 52 54 55 56 57 58 59 62 63 65 66 67 68 70 71 75 78 80 83 85 86 87 88 91 95 96 98 99 100 102 103 104 106 107 108 109 110 111 113 114 115 116 118 120 
118 54        3 4 6 7 9 12 13 15 16 18 19 21 23 25 26 28 29 32 34 35 37 38 39 40 41 42 43 44 45 46 47 48 51 53 55 56 57 58 59 60 61 62 63 64 65 66 67 69 70 71 72 73 74 75 77 78 80 81 82 83 84 85 86 87 88 91 92 93 95 96 98 99 100 102 103 104 105 108 109 110 111 112 113 114 115 116 117 
119 40        2 3 4 6 7 8 11 12 13 14 16 17 18 19 20 21 22 23 24 25 28 29 30 31 32 33 37 38 39 40 41 42 46 48 50 51 53 54 56 57 58 59 60 61 62 63 67 68 69 70 71 72 75 76 80 81 82 83 84 85 86 87 88 89 91 92 93 96 97 98 99 100 101 102 104 105 106 107 108 109 110 111 112 113 114 115 116 
120 57        1 2 3 4 6 7 8 9 11 12 13 15 17 19 21 22 23 24 26 32 33 35 36 39 40 42 43 44 45 46 48 49 50 51 52 53 54 56 60 61 62 64 65 66 67 68 69 70 71 72 73 74 78 79 80 81 82 83 84 85 87 88 89 92 93 94 95 96 97 98 99 100 102 104 105 106 107 108 109 113 114 115 116 117 
