120 150
1 61          6 7 28 30 31 32 37 87 99 104 105 106 
2 96          13 21 23 26 32 34 38 54 67 89 91 92 93 104 118 119 
3 91          7 8 72 86 95 99 100 101 109 115 118 
4 37          6 8 15 27 32 41 43 70 74 83 88 90 100 
5 53          7 9 10 11 13 17 42 44 60 68 71 74 97 106 
6 76          1 4 23 27 40 47 61 62 73 80 91 98 
7 50          1 3 5 29 35 39 58 61 64 69 71 89 97 101 
8 66          3 4 13 16 22 28 32 52 54 64 71 79 85 87 94 118 
9 70          5 43 49 58 67 77 79 84 89 100 101 110 118 
10 87         5 19 22 43 50 52 55 95 111 119 
11 92         5 25 32 42 56 73 75 77 79 85 92 
12 35         36 37 52 62 68 82 93 104 105 107 115 117 120 
13 53         2 5 8 23 30 31 35 38 40 43 78 86 90 91 100 104 106 
14 95         24 25 30 47 48 72 75 80 89 
15 47         4 17 31 33 48 49 52 62 85 94 119 
16 56         8 33 43 58 69 83 108 117 
17 55         5 15 29 32 41 49 58 67 94 97 106 112 116 
18 86         59 67 75 77 80 94 97 106 109 113 
19 32         10 28 36 65 91 93 108 110 120 
20 99         27 40 72 83 95 108 111 112 
21 83         2 48 50 57 59 67 70 72 91 97 106 
22 88         8 10 29 33 42 52 55 76 77 90 92 101 
23 41         2 6 13 105 110 118 
24 63         14 35 48 58 60 66 99 102 117 
25 77         11 14 49 75 85 116 118 
26 60         2 40 45 50 59 62 64 85 95 109 119 
27 66         4 6 20 32 43 61 74 84 86 91 100 
28 53         1 8 19 38 78 83 
29 79         7 17 22 32 41 58 73 110 112 120 
30 81         1 13 14 46 55 70 71 76 82 87 96 100 110 116 
31 96         1 13 15 33 36 47 55 61 62 74 79 86 101 
32 34         1 2 4 8 11 17 27 29 51 59 64 73 84 99 107 115 
33 99         15 16 22 31 34 61 64 69 73 88 94 99 113 
34 47         2 33 35 36 39 41 45 54 66 72 74 81 94 106 108 112 113 115 
35 74         7 13 24 34 75 80 84 95 106 113 115 
36 87         12 19 31 34 47 50 51 60 66 83 85 110 117 
37 44         1 12 41 56 66 70 71 73 74 96 109 
38 77         2 13 28 56 58 75 102 104 111 119 
39 52         7 34 54 56 64 65 66 72 108 
40 99         6 13 20 26 42 51 57 76 84 98 104 107 
41 69         4 17 29 34 37 43 44 53 58 59 73 80 87 93 97 99 100 106 
42 64         5 11 22 40 50 51 83 94 105 115 118 
43 94         4 9 10 13 16 27 41 46 94 101 105 110 111 113 
44 38         5 41 74 84 113 120 
45 69         26 34 48 55 82 83 
46 61         30 43 54 60 70 78 80 85 102 105 
47 98         6 14 31 36 53 55 58 60 62 66 110 111 119 
48 40         14 15 21 24 45 63 64 65 77 109 
49 84         9 15 17 25 52 58 69 90 113 119 
50 89         10 21 26 36 42 70 86 88 89 101 106 118 
51 49         32 36 40 42 56 59 66 74 75 79 80 91 100 105 118 
52 64         8 10 12 15 22 49 54 81 83 96 110 114 118 
53 53         41 47 70 76 87 96 109 114 
54 41         2 8 34 39 46 52 57 65 74 101 102 106 
55 34         10 22 30 31 45 47 56 61 66 77 90 98 117 
56 85         11 37 38 39 51 55 69 77 81 83 87 96 
57 35         21 40 54 58 59 78 83 89 95 108 
58 55         7 9 16 17 24 29 38 41 47 49 57 59 67 81 88 93 103 104 114 117 
59 61         18 21 26 32 41 51 57 58 73 102 113 
60 68         5 24 36 46 47 67 72 75 82 90 91 97 99 102 103 114 
61 100        6 7 27 31 33 55 62 80 83 87 92 116 117 
62 75         6 12 15 26 31 47 61 69 72 85 90 91 106 109 116 
63 98         48 64 67 101 107 116 
64 36         7 8 26 32 33 39 48 63 75 80 91 98 105 108 
65 44         19 39 48 54 83 109 
66 57         24 34 36 37 39 47 51 55 74 80 91 93 108 116 118 
67 24         2 9 17 18 21 58 60 63 73 74 76 87 88 93 101 104 106 108 
68 60         5 12 77 80 96 98 115 
69 45         7 16 33 49 56 62 71 106 
70 48         4 21 30 37 46 50 53 72 78 85 89 118 
71 60         5 7 8 30 37 69 82 106 
72 94         3 14 20 21 34 39 60 62 70 78 85 90 98 102 
73 71         6 11 29 32 33 37 41 59 67 76 79 104 106 110 119 
74 70         4 5 27 31 34 37 44 51 54 66 67 75 81 98 106 119 
75 64         11 14 18 25 35 38 51 60 64 74 
76 62         22 30 40 53 67 73 84 91 99 108 109 113 
77 93         9 11 18 22 48 55 56 68 78 81 110 
78 20         13 28 46 57 70 72 77 79 88 91 96 108 
79 69         8 9 11 31 51 73 78 81 95 102 113 
80 37         6 14 18 35 41 46 51 61 64 66 68 81 85 86 89 99 100 105 113 
81 63         34 52 56 58 74 77 79 80 101 111 113 
82 61         12 30 45 60 71 88 93 97 103 108 
83 26         4 16 20 28 36 42 45 52 56 57 61 65 85 92 93 100 101 106 119 120 
84 54         9 27 32 35 40 44 76 102 109 115 116 117 120 
85 89         8 11 15 25 26 36 46 62 70 72 80 83 88 114 116 
86 46         3 13 27 31 50 80 
87 54         1 8 30 41 53 56 61 67 116 
88 50         4 33 50 58 67 78 82 85 90 103 106 
89 32         2 7 9 14 50 57 70 80 98 100 114 
90 71         4 13 22 49 55 60 62 72 88 101 103 120 
91 62         2 6 13 19 21 27 51 60 62 64 66 76 78 110 113 114 120 
92 40         2 11 22 61 83 102 111 115 120 
93 26         2 12 19 41 58 66 67 82 83 97 119 
94 59         8 15 17 18 33 34 42 43 102 106 112 117 
95 62         3 10 20 26 35 57 79 102 103 106 114 
96 27         30 37 52 53 56 68 78 101 113 
97 60         5 7 17 18 21 41 60 82 93 105 
98 50         6 40 55 64 68 72 74 89 99 105 111 117 
99 74         1 3 24 32 33 41 60 76 80 98 102 103 112 117 
100 34        3 4 9 13 27 30 41 51 80 83 89 102 104 
101 40        3 7 9 22 31 43 50 54 63 67 81 83 90 96 107 111 119 
102 70        24 38 46 54 59 60 72 79 84 92 94 95 99 100 114 118 
103 56        58 60 82 88 90 95 99 111 114 
104 23        1 2 12 13 38 40 58 67 73 100 105 106 
105 66        1 12 23 42 43 46 51 64 80 97 98 104 
106 57        1 5 13 17 18 21 34 35 41 50 54 62 67 69 71 73 74 83 88 94 95 104 107 114 
107 43        12 32 40 63 101 106 108 118 
108 45        16 19 20 34 39 57 64 66 67 76 78 82 107 
109 65        3 18 26 37 48 53 62 65 76 84 
110 25        9 19 23 29 30 36 43 47 52 73 77 91 
111 82        10 20 38 43 47 81 92 98 101 103 
112 82        17 20 29 34 94 99 115 120 
113 37        18 33 34 35 43 44 49 59 76 79 80 81 91 96 115 
114 66        52 53 58 60 85 89 91 95 102 103 106 
115 47        3 12 32 34 35 42 68 84 92 112 113 
116 44        17 25 30 61 62 63 66 84 85 87 
117 94        12 16 24 36 55 58 61 84 94 98 99 119 
118 23        2 3 8 9 23 25 42 50 51 52 66 70 102 107 
119 24        2 10 15 26 38 47 49 73 74 83 93 101 117 
120 51        12 19 29 44 83 84 90 91 92 112 
