120 150
1 91          2 3 4 5 6 7 8 9 10 11 12 13 14 15 16 17 18 19 20 21 22 23 25 26 27 28 29 30 32 33 34 35 36 37 38 39 40 41 42 43 44 45 46 47 48 49 51 52 53 55 56 57 58 59 60 61 62 63 64 65 66 67 68 69 70 71 72 73 74 75 77 78 79 80 81 82 83 84 85 86 87 88 89 90 91 92 93 94 95 96 97 98 99 100 102 103 104 105 106 107 108 109 110 112 113 115 116 117 118 119 120 
2 55          1 3 4 5 6 7 8 9 10 11 12 13 14 15 16 17 18 19 20 21 22 23 25 26 27 28 29 30 31 32 33 34 35 36 37 38 39 40 41 42 43 44 45 46 47 48 49 50 51 52 53 54 56 57 58 59 60 61 62 64 65 66 67 68 69 71 72 73 74 75 76 77 78 79 80 81 82 83 84 85 86 87 88 89 90 92 93 94 95 96 97 98 99 100 101 102 103 104 105 106 107 108 109 110 111 112 113 114 115 116 118 119 120 
3 60          1 2 4 5 6 7 8 9 10 11 12 13 14 15 16 17 18 19 20 21 22 23 24 25 26 27 29 30 31 32 33 34 35 36 37 38 39 40 41 42 43 45 46 47 48 49 50 51 52 53 54 55 56 57 58 60 61 62 63 64 65 66 67 68 69 70 72 73 74 75 76 77 78 79 80 81 82 83 84 85 86 87 88 89 90 92 93 94 99 100 103 105 107 108 109 110 111 112 113 114 115 116 118 119 120 
4 37          1 2 3 5 6 7 8 9 10 11 12 13 14 15 16 17 18 19 20 21 22 23 24 25 26 27 28 29 30 31 32 33 34 35 36 37 38 39 40 41 42 44 46 47 48 49 50 51 52 53 54 55 56 57 58 59 60 61 62 63 64 65 66 67 68 69 70 71 72 73 75 76 77 78 79 80 81 82 84 85 86 88 89 90 91 93 94 96 97 98 99 100 101 102 103 104 105 106 107 109 110 111 112 113 114 115 116 117 118 119 120 
5 86          1 2 3 4 6 7 8 9 10 11 12 13 14 15 16 17 18 19 20 21 22 23 24 25 26 27 28 29 30 31 32 33 34 35 36 37 38 39 40 42 43 44 45 46 47 48 49 50 51 53 55 56 57 58 61 62 63 64 66 68 69 70 71 72 73 74 75 76 77 78 80 83 84 86 87 88 89 90 92 93 94 95 96 98 100 101 102 103 105 106 108 110 111 112 113 114 115 116 117 118 119 120 
6 21          1 2 3 4 5 7 8 9 10 11 12 14 16 17 18 19 20 21 22 23 24 25 26 27 28 29 30 31 32 33 34 35 36 37 39 40 41 42 43 44 45 46 47 48 50 51 53 54 55 56 57 58 59 60 61 62 64 68 69 70 71 72 73 74 75 76 77 78 79 80 81 83 84 86 87 88 89 90 92 93 94 95 97 98 99 100 101 102 103 104 105 106 108 109 110 111 112 113 114 115 116 117 118 119 120 
7 21          1 2 3 4 5 6 8 9 10 11 12 14 15 16 17 18 19 20 21 23 24 26 27 28 30 31 33 34 37 38 39 40 41 42 43 46 47 48 49 50 51 52 53 54 55 56 57 59 60 61 62 63 65 66 67 68 69 70 72 73 74 75 76 77 78 79 80 81 82 83 84 85 86 87 88 89 90 91 92 93 94 95 96 97 98 99 100 101 104 105 106 107 108 109 110 111 112 114 115 116 117 118 119 120 
8 43          1 2 3 4 5 6 7 9 10 11 12 13 14 15 16 17 18 21 22 23 24 25 26 27 28 29 30 31 32 33 35 36 37 38 39 40 41 42 43 45 46 48 49 50 51 52 53 54 55 56 58 59 61 62 63 64 65 66 67 68 69 70 71 72 73 75 77 78 79 80 81 82 83 84 85 86 87 88 89 90 91 94 95 96 97 98 99 100 101 102 103 104 105 106 107 108 109 111 112 113 114 115 116 117 118 119 120 
9 77          1 2 3 4 5 6 7 8 10 11 12 13 14 16 17 18 20 22 23 24 25 26 27 28 29 30 32 33 34 35 36 37 38 39 40 41 42 43 44 45 46 47 48 49 51 53 54 55 56 57 58 59 60 61 62 64 65 66 67 68 70 71 72 73 74 75 76 77 79 80 81 82 83 84 85 86 87 88 89 90 91 92 93 94 95 96 97 98 99 100 101 102 103 104 105 106 107 108 109 110 111 112 113 114 115 116 118 119 120 
10 75         1 2 3 4 5 6 7 8 9 11 12 14 16 18 19 20 21 23 24 25 26 27 28 29 31 32 33 34 35 36 37 38 39 41 42 43 44 45 46 47 48 49 50 51 52 53 54 56 57 59 62 64 66 67 68 69 71 72 73 74 75 76 77 78 80 81 82 83 84 85 86 87 88 90 91 92 93 94 96 97 98 100 101 102 103 105 107 108 109 110 111 112 113 114 115 116 117 118 119 
11 92         1 2 3 4 5 6 7 8 9 10 12 13 14 15 16 17 18 19 20 21 22 23 24 25 26 27 28 29 30 31 32 33 34 36 37 38 39 40 41 42 43 44 45 47 48 51 52 53 54 55 56 57 58 59 60 61 62 63 64 66 67 69 70 71 72 73 74 75 76 79 80 81 82 83 84 85 86 88 89 90 91 92 93 94 95 96 98 99 101 102 103 104 105 106 107 108 109 110 111 112 113 114 115 116 117 118 119 120 
12 33         1 2 3 4 5 6 7 8 9 10 11 13 14 15 16 17 19 20 21 23 24 25 26 27 28 29 30 31 32 33 34 35 36 37 38 39 40 41 42 43 44 45 46 47 48 49 50 51 52 53 54 55 56 57 58 59 60 61 62 63 65 66 68 69 70 71 72 73 74 75 76 77 78 79 80 81 82 84 85 86 87 88 89 90 91 92 93 94 95 96 97 98 99 100 101 102 103 104 105 106 107 108 109 110 111 112 113 115 116 117 119 120 
13 59         1 2 3 4 5 8 9 11 12 14 15 16 17 18 20 21 22 23 24 25 26 27 28 29 31 32 33 34 37 39 41 42 43 44 45 46 47 48 49 50 51 52 53 54 55 56 57 58 59 60 62 63 64 65 66 67 68 69 70 72 73 74 75 77 78 79 80 81 83 84 85 86 87 88 89 90 92 93 94 95 96 97 98 99 100 101 102 103 104 105 106 107 108 109 111 112 113 114 115 116 117 118 119 120 
14 74         1 2 3 4 5 6 7 8 9 10 11 12 13 15 16 17 18 21 23 24 25 26 27 28 29 31 33 34 35 36 37 38 39 40 41 42 43 44 45 46 47 48 49 50 52 53 54 57 58 59 60 61 62 63 64 65 66 67 68 69 70 72 73 74 75 76 78 79 80 81 82 83 84 85 86 87 88 89 90 91 92 93 94 95 96 97 98 99 100 102 103 104 105 106 107 108 109 111 112 113 114 115 116 118 119 120 
15 40         1 2 3 4 5 7 8 11 12 13 14 16 17 18 19 21 23 24 25 26 27 28 29 30 31 32 33 34 35 37 38 39 40 41 42 43 44 45 48 49 50 51 52 53 54 55 56 57 58 59 60 61 62 63 64 65 67 68 69 70 71 72 73 74 75 76 77 78 79 80 81 82 83 84 86 87 88 89 90 91 92 93 94 95 96 97 98 99 100 102 103 106 107 108 110 111 113 114 115 116 117 118 119 120 
16 36         1 2 3 4 5 6 7 8 9 10 11 12 13 14 15 18 19 20 21 22 23 24 26 27 28 29 30 31 32 33 34 36 37 38 39 40 41 42 44 45 46 47 48 49 50 51 52 53 54 55 56 57 58 59 60 61 62 64 65 66 67 68 69 70 71 72 73 74 75 76 79 80 81 83 84 85 86 87 88 89 90 92 93 94 95 96 97 98 99 100 102 103 104 105 106 107 108 109 110 111 112 113 114 115 117 118 119 120 
17 62         1 2 3 4 5 6 7 8 9 11 12 13 14 15 18 19 20 21 22 23 24 25 26 27 28 29 31 32 33 34 36 38 39 40 42 43 44 45 46 47 48 50 51 52 53 54 55 56 58 60 61 62 63 64 65 66 67 68 69 70 71 72 73 74 75 76 77 78 79 80 81 82 83 85 86 87 88 89 90 91 93 94 95 96 97 98 99 100 101 102 103 104 105 106 107 108 109 110 111 112 113 114 115 116 117 118 119 120 
18 21         1 2 3 4 5 6 7 8 9 10 11 13 14 15 16 17 19 21 22 23 24 25 26 27 28 29 30 31 32 33 34 35 37 38 39 40 41 42 43 44 45 46 47 48 49 50 51 52 53 54 55 56 57 58 59 60 61 62 63 64 65 66 67 68 69 70 72 73 74 75 76 77 78 80 81 82 83 84 85 87 88 89 90 91 92 93 94 95 96 97 98 99 100 101 102 104 105 106 107 108 109 110 111 112 113 114 115 116 117 118 119 120 
19 56         1 2 3 4 5 6 7 10 11 12 15 16 17 18 20 21 22 23 24 25 26 27 29 30 31 32 33 34 35 37 39 40 41 43 44 45 46 47 48 49 50 51 52 53 54 55 56 57 58 59 60 61 62 63 64 65 66 67 68 69 70 71 72 73 74 75 77 78 79 80 81 82 83 84 85 86 87 88 89 90 91 93 94 95 96 97 98 99 100 101 103 104 105 106 107 108 109 110 111 112 113 114 115 116 117 119 120 
20 38         1 2 3 4 5 6 7 9 10 11 12 13 16 17 19 21 22 23 24 25 27 29 30 31 32 33 34 35 36 37 38 40 41 42 43 44 46 47 49 50 51 52 53 54 55 56 57 58 60 61 62 63 65 66 67 68 69 70 71 73 74 75 76 77 78 79 80 81 82 83 85 86 87 88 89 90 92 94 95 96 97 98 99 100 101 102 103 104 105 106 107 108 109 111 112 113 114 115 116 118 120 
21 22         1 2 3 4 5 6 7 8 10 11 12 13 14 15 16 17 18 19 20 22 23 24 25 26 28 30 31 33 34 35 36 37 38 39 40 41 42 43 44 45 46 47 49 50 51 52 53 54 55 56 58 59 60 61 62 63 64 65 66 67 68 69 70 72 73 74 75 79 80 81 83 85 86 87 88 89 90 91 92 93 94 95 96 97 98 99 100 101 103 104 105 106 107 108 109 110 111 113 114 115 116 118 119 
22 45         1 2 3 4 5 6 8 9 11 13 16 17 18 19 20 21 23 24 25 26 27 28 29 30 31 32 33 34 35 36 37 39 41 42 43 44 45 46 47 48 49 50 51 52 53 54 55 57 58 59 60 62 63 66 67 68 69 70 71 72 73 74 75 76 77 78 79 80 81 82 83 84 85 86 87 88 89 90 91 93 94 96 97 98 99 100 101 102 103 105 106 107 108 109 110 111 112 113 114 115 116 117 118 119 120 
23 94         1 2 3 4 5 6 7 8 9 10 11 12 13 14 15 16 17 18 19 20 21 22 24 25 26 27 29 30 31 32 33 34 35 36 37 38 39 40 41 42 43 44 45 46 47 48 49 50 51 52 53 56 57 58 59 60 61 62 63 64 65 66 67 68 69 70 71 72 73 74 75 76 77 79 80 82 83 84 85 86 87 88 89 90 91 92 93 94 95 96 98 99 100 101 102 103 104 105 106 107 108 109 110 111 112 113 114 115 116 117 118 119 120 
24 68         3 4 5 6 7 8 9 10 11 12 13 14 15 16 17 18 19 20 21 22 23 25 26 27 28 30 31 32 33 35 36 37 38 39 40 42 43 44 45 46 48 49 50 51 52 53 54 55 56 57 58 59 61 62 63 64 65 66 67 68 69 70 71 73 74 76 77 78 79 80 81 83 84 85 86 87 88 89 90 91 92 93 94 95 96 97 99 100 101 102 103 104 105 106 107 109 110 111 112 113 114 115 116 117 118 119 120 
25 83         1 2 3 4 5 6 8 9 10 11 12 13 14 15 17 18 19 20 21 22 23 24 26 27 29 30 31 32 33 34 35 36 37 38 39 40 41 42 43 44 45 47 48 49 50 51 52 53 54 55 57 59 60 61 62 63 64 65 66 67 68 69 70 71 72 73 74 75 76 77 78 79 80 81 82 83 84 85 86 87 88 89 90 91 93 94 95 96 97 99 101 102 103 104 105 106 107 108 109 110 111 112 113 115 116 117 118 119 
26 86         1 2 3 4 5 6 7 8 9 10 11 12 13 14 15 16 17 18 19 21 22 23 24 25 27 28 29 31 32 33 34 35 36 37 38 39 40 41 42 43 44 45 46 47 48 49 50 51 52 53 55 56 57 58 59 60 61 62 63 64 65 67 68 69 70 71 72 73 74 76 78 79 81 82 83 84 85 86 87 88 89 90 91 92 93 94 95 96 97 98 100 101 102 104 105 106 107 108 109 110 111 115 116 117 119 120 
27 75         1 2 3 4 5 6 7 8 9 10 11 12 13 14 15 16 17 18 19 20 22 23 24 25 26 28 29 30 31 32 33 34 35 36 37 38 39 40 41 42 44 45 46 47 49 50 51 52 53 54 55 56 57 58 60 62 63 64 65 66 67 68 70 71 72 73 74 75 76 77 79 80 81 82 83 86 87 88 89 90 91 92 93 94 95 96 97 98 99 100 101 102 103 104 105 106 107 109 110 111 112 113 114 115 116 117 118 119 120 
28 21         1 2 4 5 6 7 8 9 10 11 12 13 14 15 16 17 18 21 22 24 26 27 29 30 31 32 33 34 35 36 37 38 39 40 43 44 45 46 47 48 49 50 51 52 53 54 55 56 57 58 59 60 61 62 63 64 65 66 67 68 69 70 71 72 73 74 75 76 77 78 79 81 83 84 85 86 87 88 89 90 91 92 93 94 95 96 97 98 99 101 102 103 104 105 106 108 109 110 113 114 115 116 117 118 119 
29 40         1 2 3 4 5 6 8 9 10 11 12 13 14 15 16 17 18 19 20 22 23 25 26 27 28 30 31 32 33 34 35 36 37 38 39 40 41 43 44 45 46 47 48 49 50 51 52 53 54 55 56 57 58 59 60 61 62 63 65 66 67 68 69 70 71 72 74 76 77 78 79 82 83 84 85 86 87 88 89 90 91 92 93 94 95 96 97 98 99 100 102 103 104 105 106 107 108 110 111 112 114 115 116 117 118 119 120 
30 44         1 2 3 4 5 6 7 8 9 11 12 15 16 18 19 20 21 22 23 24 25 27 28 29 31 32 33 34 36 37 38 39 40 41 42 43 44 45 47 48 51 52 53 54 56 57 58 59 60 62 63 65 67 68 69 70 71 72 73 74 75 76 77 80 82 83 84 85 86 87 88 91 92 93 94 96 97 99 100 101 102 103 105 106 107 108 110 111 112 113 114 115 116 117 118 119 120 
31 74         2 3 4 5 6 7 8 10 11 12 13 14 15 16 17 18 19 20 21 22 23 24 25 26 27 28 29 30 32 33 34 35 36 37 38 39 40 42 43 44 45 46 47 48 49 50 51 52 53 54 55 56 57 58 59 60 61 62 64 65 66 67 68 69 70 71 72 73 74 75 76 77 78 79 80 81 82 83 84 86 87 88 89 90 91 92 93 94 96 97 98 99 100 101 102 104 105 106 107 109 110 111 112 113 114 115 116 117 118 120 
32 52         1 2 3 4 5 6 8 9 10 11 12 13 15 16 17 18 19 20 22 23 24 25 26 27 28 29 30 31 33 34 35 36 37 38 39 40 42 43 44 45 47 48 49 50 52 53 54 55 56 57 58 59 60 61 62 63 64 65 66 67 68 69 70 71 72 73 74 75 76 78 79 80 81 82 83 84 85 86 87 88 89 90 91 92 93 94 95 96 97 98 99 101 102 103 104 105 106 107 108 110 111 112 113 114 116 117 118 119 120 
33 61         1 2 3 4 5 6 7 8 9 10 11 12 13 14 15 16 17 18 19 20 21 22 23 24 25 26 27 28 29 30 31 32 34 35 36 37 38 39 40 41 42 43 45 46 47 48 49 50 51 52 53 54 55 56 57 58 59 60 61 62 63 64 65 66 67 69 70 71 72 73 74 75 76 77 78 80 81 82 83 84 85 86 87 88 89 90 91 93 94 95 96 97 98 99 100 101 102 104 105 106 107 108 109 110 111 112 113 114 115 116 117 118 119 120 
34 95         1 2 3 4 5 6 7 9 10 11 12 13 14 15 16 17 18 19 20 21 22 23 25 26 27 28 29 30 31 32 33 35 37 38 39 40 41 42 43 44 45 46 47 48 49 50 51 52 53 54 55 56 57 58 59 60 61 62 63 66 67 68 69 70 71 72 73 74 75 76 77 78 79 80 81 82 83 84 85 86 87 88 89 90 91 92 93 94 96 97 98 99 100 101 102 103 105 106 107 108 110 111 112 113 114 115 116 117 118 119 120 
35 20         1 2 3 4 5 6 8 9 10 12 14 15 18 19 20 21 22 23 24 25 26 27 28 29 31 32 33 34 36 37 38 40 42 43 46 47 48 49 50 51 52 53 54 55 56 57 59 60 61 62 63 65 67 68 69 70 72 73 74 75 76 77 78 79 80 81 82 83 84 85 86 87 88 89 90 91 92 93 94 95 96 97 98 99 100 101 102 103 104 105 106 107 108 109 110 112 113 114 115 116 117 118 119 
36 79         1 2 3 4 5 6 8 9 10 11 12 14 16 17 20 21 22 23 24 25 26 27 28 29 30 31 32 33 35 37 38 39 40 41 42 43 44 45 46 47 48 49 50 51 52 54 55 56 57 58 59 60 61 62 63 64 65 66 67 68 69 70 72 73 75 76 77 78 81 82 83 84 86 87 88 89 90 91 92 93 94 95 96 97 98 99 100 101 102 103 104 105 106 107 108 109 110 111 113 114 115 116 117 118 119 120 
37 76         1 2 3 4 5 6 7 8 9 10 11 12 13 14 15 16 18 19 20 21 22 23 24 25 26 27 28 29 30 31 32 33 34 35 36 38 40 41 42 44 45 46 47 48 49 50 51 52 53 54 55 56 57 58 59 60 62 63 64 66 67 68 69 70 71 72 73 74 75 76 78 80 81 82 83 84 85 86 87 88 91 92 93 95 98 99 100 101 102 103 104 105 106 108 109 110 111 112 113 114 115 116 117 118 119 120 
38 32         1 2 3 4 5 7 8 9 10 11 12 14 15 16 17 18 20 21 23 24 25 26 27 28 29 30 31 32 33 34 35 36 37 39 41 42 43 44 45 46 47 48 49 50 51 52 53 54 55 56 57 59 60 61 62 63 64 65 66 67 68 69 70 71 72 73 74 75 77 78 79 80 81 82 84 85 86 88 89 90 91 92 94 95 96 97 98 99 100 101 102 103 107 108 109 110 111 112 113 114 115 116 117 119 120 
39 21         1 2 3 4 5 6 7 8 9 10 11 12 13 14 15 16 17 18 19 21 22 23 24 25 26 27 28 29 30 31 32 33 34 36 38 40 41 42 43 44 46 47 49 51 52 53 54 55 56 57 58 59 60 61 62 63 65 66 67 68 69 70 71 72 73 75 76 77 79 80 81 82 83 84 85 86 87 88 89 90 91 92 93 94 95 96 97 98 99 100 101 102 103 104 106 107 108 109 110 111 112 113 114 115 116 117 118 119 120 
40 91         1 2 3 4 5 6 7 8 9 11 12 14 15 16 17 18 19 20 21 23 24 25 26 27 28 29 30 31 32 33 34 35 36 37 39 41 42 43 44 46 47 48 49 50 51 53 54 57 58 59 60 61 62 64 65 66 67 68 69 70 71 72 73 74 75 76 77 78 80 81 84 85 87 88 89 90 91 92 93 94 95 96 97 98 99 100 101 102 103 104 105 106 107 108 109 110 111 112 113 114 115 116 117 118 119 120 
41 83         1 2 3 4 6 7 8 9 10 11 12 13 14 15 16 18 19 20 21 22 23 25 26 27 29 30 33 34 36 37 38 39 40 42 43 44 45 46 47 48 49 50 51 52 53 54 55 56 57 58 59 60 61 62 63 65 66 67 70 71 72 73 74 75 76 77 78 79 80 81 82 84 86 87 88 89 91 92 93 94 95 97 98 99 100 101 102 103 104 105 106 107 108 109 110 111 112 113 114 116 117 118 119 
42 39         1 2 3 4 5 6 7 8 9 10 11 12 13 14 15 16 17 18 20 21 22 23 24 25 26 27 30 31 32 33 34 35 36 37 38 39 40 41 43 44 45 46 47 48 49 50 51 52 53 54 56 57 58 59 60 61 62 63 64 65 66 67 69 70 71 72 74 75 76 77 78 79 81 82 83 84 85 86 87 88 89 90 91 92 93 94 95 96 97 98 100 101 102 103 105 106 107 108 109 110 111 112 113 115 116 117 118 119 120 
43 31         1 2 3 5 6 7 8 9 10 11 12 13 14 15 17 18 19 20 21 22 23 24 25 26 28 29 30 31 32 33 34 35 36 38 39 40 41 42 44 46 47 48 49 50 52 53 54 55 56 57 58 59 60 61 62 63 64 65 66 67 68 70 71 72 73 74 75 76 77 78 79 80 81 82 83 84 85 87 88 89 90 92 93 94 95 97 98 99 101 102 103 104 105 106 107 108 109 111 112 113 114 115 116 117 118 119 120 
44 81         1 2 4 5 6 9 10 11 12 13 14 15 16 17 18 19 20 21 22 23 24 25 26 27 28 29 30 31 32 34 36 37 38 39 40 41 42 43 45 46 48 49 51 52 53 54 55 56 57 58 59 60 61 62 63 64 65 66 67 68 69 70 71 72 73 74 75 76 79 80 81 82 83 84 85 86 87 88 89 90 91 92 93 94 95 96 97 98 99 100 101 102 103 104 105 106 107 108 109 110 111 112 113 114 115 117 118 119 120 
45 41         1 2 3 5 6 8 9 10 11 12 13 14 15 16 17 18 19 21 22 23 24 25 26 27 28 29 30 31 32 33 34 36 37 38 41 42 44 46 47 48 49 50 51 52 53 54 55 56 58 59 60 61 62 63 64 65 66 67 68 70 71 72 73 74 75 77 78 79 81 82 83 84 85 86 87 88 89 90 91 92 93 94 95 96 97 98 99 100 101 102 104 105 106 107 108 110 111 112 113 114 115 116 117 118 119 120 
46 90         1 2 3 4 5 6 7 8 9 10 12 13 14 16 17 18 19 20 21 22 23 24 26 27 28 29 31 33 34 35 36 37 38 39 40 41 42 43 44 45 47 48 49 50 51 52 53 54 55 56 58 59 60 61 62 63 65 67 68 69 70 71 73 74 75 76 78 79 81 82 83 84 85 86 87 88 89 90 91 92 93 94 95 96 97 98 99 100 101 103 104 105 107 108 109 110 111 112 113 114 115 116 117 118 119 120 
47 74         1 2 3 4 5 6 7 9 10 11 12 13 14 16 17 18 19 20 21 22 23 25 26 27 28 29 30 31 32 33 34 35 36 37 38 39 40 41 42 43 45 46 48 49 50 51 52 53 55 56 57 58 59 60 61 62 64 65 66 67 68 69 70 71 72 74 75 76 77 78 79 81 82 83 84 85 86 87 88 89 90 91 92 93 94 95 97 98 99 100 101 102 103 104 105 106 107 108 109 110 111 112 113 114 115 116 117 118 120 
48 100        1 2 3 4 5 6 7 8 9 10 11 12 13 14 15 16 17 18 19 22 23 24 25 26 28 29 30 31 32 33 34 35 36 37 38 40 41 42 43 44 45 46 47 49 50 51 52 53 54 55 56 58 59 60 61 62 63 64 65 66 67 68 69 71 72 73 74 75 76 77 78 79 80 81 84 85 86 87 88 89 90 91 92 93 94 95 96 98 99 100 101 102 103 104 105 106 107 108 109 110 111 112 113 114 115 116 117 118 119 120 
49 38         1 2 3 4 5 7 8 9 10 12 13 14 15 16 18 19 20 21 22 23 24 25 26 27 28 29 31 32 33 34 35 36 37 38 39 40 41 42 43 44 45 46 47 48 50 51 52 53 54 55 56 57 58 61 62 63 64 65 68 69 70 71 72 73 74 75 76 77 78 80 81 82 83 84 85 86 87 88 89 90 91 92 93 94 96 97 98 99 100 101 102 103 104 105 106 107 108 109 110 111 112 113 114 115 116 117 118 119 120 
50 33         2 3 4 5 6 7 8 10 12 13 14 15 16 17 18 19 20 21 22 23 24 25 26 27 28 29 31 32 33 34 35 36 37 38 40 41 42 43 45 46 47 48 49 51 52 53 54 55 56 57 58 59 60 61 62 64 65 67 68 69 70 71 72 73 74 75 76 78 79 80 82 83 84 85 86 87 89 90 91 92 93 94 95 97 98 99 100 101 102 103 104 105 108 109 110 112 114 116 117 118 119 
51 74         1 2 3 4 5 6 7 8 9 10 11 12 13 15 16 17 18 19 20 21 22 23 24 25 26 27 28 29 30 31 33 34 35 36 37 38 39 40 41 42 44 45 46 47 48 49 50 52 54 55 57 58 59 60 61 62 63 64 65 67 68 69 70 71 72 73 74 75 76 77 78 79 81 82 83 84 85 86 87 88 89 91 92 93 95 96 97 99 100 101 102 103 104 105 106 107 108 109 110 111 112 113 114 115 116 117 118 119 120 
52 40         1 2 3 4 7 8 10 11 12 13 14 15 16 17 18 19 20 21 22 23 24 25 26 27 28 29 30 31 32 33 34 35 36 37 38 39 41 42 43 44 45 46 47 48 49 50 51 53 54 55 56 57 58 59 60 61 62 63 66 68 69 70 71 72 73 74 75 76 77 78 79 80 81 82 83 84 85 86 87 88 90 93 94 95 97 98 99 100 101 102 103 104 105 106 107 109 110 111 112 113 114 115 116 117 118 119 120 
53 80         1 2 3 4 5 6 7 8 9 10 11 12 13 14 15 16 17 18 19 20 21 22 23 24 25 26 27 28 29 30 31 32 33 34 35 37 38 39 40 41 42 43 44 45 46 47 48 49 50 52 54 55 56 57 58 59 60 61 62 63 64 65 66 67 68 69 70 71 72 73 75 76 77 78 79 80 81 82 83 84 86 87 88 90 91 92 94 95 96 98 99 100 101 102 103 104 105 106 108 109 110 111 112 113 114 115 116 117 118 119 120 
54 39         2 3 4 6 7 8 9 10 11 12 13 14 15 16 17 18 19 20 21 22 24 25 27 28 29 30 31 32 33 34 35 36 37 38 39 40 41 42 43 44 45 46 48 49 50 51 52 53 56 57 58 59 60 61 62 63 64 65 66 67 69 70 71 72 74 75 76 77 78 79 80 81 82 83 84 85 86 87 88 90 91 92 94 95 96 97 99 100 101 102 104 105 107 108 109 110 111 112 113 114 115 116 117 118 120 
55 22         1 3 4 5 6 7 8 9 11 12 13 15 16 17 18 19 20 21 22 24 25 26 27 28 29 31 32 33 34 35 36 37 38 39 41 43 44 45 46 47 48 49 50 51 52 53 57 58 59 60 62 64 65 66 67 68 69 70 72 73 74 75 76 77 78 79 80 81 82 83 84 85 86 87 88 89 90 91 92 93 94 95 96 97 100 101 102 103 104 105 106 107 108 109 110 111 112 114 115 116 117 118 119 120 
56 46         1 2 3 4 5 6 7 8 9 10 11 12 13 15 16 17 18 19 20 21 23 24 26 27 28 29 30 31 32 33 34 35 36 37 38 39 41 42 43 44 45 46 47 48 49 50 52 53 54 57 58 59 60 61 62 63 64 65 66 67 69 70 71 72 73 74 75 76 77 78 79 80 81 82 83 84 85 86 87 88 90 91 92 93 94 95 96 97 98 99 100 101 102 103 104 105 106 107 108 109 110 111 113 114 115 116 117 118 119 120 
57 58         1 2 3 4 5 6 7 9 10 11 12 13 14 15 16 18 19 20 22 23 24 25 26 27 28 29 30 31 32 33 34 35 36 37 38 39 40 41 42 43 44 47 49 50 51 52 53 54 55 56 60 62 63 64 65 66 67 68 69 70 71 72 73 75 76 77 78 79 81 82 83 84 85 86 87 88 89 90 91 92 93 94 95 96 97 98 100 101 102 103 104 105 106 107 108 109 110 111 112 113 114 115 116 117 118 119 
58 65         1 2 3 4 5 6 8 9 11 12 13 14 15 16 17 18 19 20 21 22 23 24 26 27 28 29 30 31 32 33 34 36 37 39 40 41 42 43 44 45 46 47 48 49 50 51 52 53 54 55 56 59 60 61 62 63 64 65 66 67 68 69 70 71 72 73 74 75 76 77 78 79 80 81 82 83 85 86 87 88 89 90 91 92 93 94 95 96 97 98 99 101 102 103 104 105 106 107 108 110 111 112 113 115 116 117 118 119 120 
59 67         1 2 4 6 7 8 9 10 11 12 13 14 15 16 18 19 21 22 23 24 25 26 28 29 30 31 32 33 34 35 36 37 38 39 40 41 42 43 44 45 46 47 48 50 51 52 53 54 55 56 58 60 61 62 63 64 65 66 67 68 69 70 71 73 74 75 76 77 79 80 81 82 83 84 85 86 87 88 89 90 91 92 93 94 95 96 97 98 100 101 102 103 104 105 106 107 108 109 110 111 112 113 114 115 116 117 118 119 
60 37         1 2 3 4 6 7 9 11 12 13 14 15 16 17 18 19 20 21 22 23 25 26 27 28 29 30 31 32 33 34 35 36 37 38 39 40 41 42 43 44 45 46 47 48 50 51 52 53 54 55 56 57 58 59 61 62 63 64 65 66 67 68 69 70 71 72 73 74 75 76 77 78 79 80 81 82 83 84 85 86 87 88 89 90 92 93 94 96 97 99 100 101 102 103 104 105 106 107 109 111 112 113 114 115 116 117 118 119 120 
61 82         1 2 3 4 5 6 7 8 9 11 12 14 15 16 17 18 19 20 21 23 24 25 26 28 29 31 32 33 34 35 36 38 39 40 41 42 43 44 45 46 47 48 49 50 51 52 53 54 56 58 59 60 62 63 64 65 66 67 68 69 70 71 72 73 75 76 77 78 79 80 81 82 83 84 85 86 87 88 89 90 91 92 93 94 95 97 98 99 100 101 102 103 104 105 106 107 108 109 110 111 112 113 114 115 117 118 119 120 
62 64         1 2 3 4 5 6 7 8 9 10 11 12 13 14 15 16 17 18 19 20 21 22 23 24 25 26 27 28 29 30 31 32 33 34 35 36 37 38 39 40 41 42 43 44 45 46 47 48 49 50 51 52 53 54 55 56 57 58 59 60 61 63 64 66 67 68 69 70 72 73 74 75 76 77 78 79 80 81 82 83 84 85 86 87 88 89 90 91 92 93 94 95 96 97 98 101 102 103 104 105 107 108 109 110 111 112 113 114 115 117 118 119 120 
63 26         1 3 4 5 7 8 11 12 13 14 15 17 18 19 20 21 22 23 24 25 26 27 28 29 30 32 33 34 35 36 37 38 39 41 42 43 44 45 46 48 49 51 52 53 54 56 57 58 59 60 61 62 64 65 66 67 68 69 70 71 72 74 75 76 77 78 80 81 82 83 84 85 86 87 88 89 90 91 92 93 94 97 98 99 100 102 103 104 105 106 107 108 109 110 111 112 113 114 115 116 117 118 119 120 
64 80         1 2 3 4 5 6 8 9 10 11 13 14 15 16 17 18 19 21 23 24 25 26 27 28 31 32 33 36 37 38 40 42 43 44 45 47 48 49 50 51 53 54 55 56 57 58 59 60 61 62 63 65 66 67 68 71 72 73 74 75 76 77 78 79 80 81 82 84 85 86 87 88 89 90 91 92 93 94 95 96 97 98 100 101 102 103 104 106 107 108 109 110 111 112 113 114 115 116 117 118 119 120 
65 74         1 2 3 4 7 8 9 12 13 14 15 16 17 18 19 20 21 23 24 25 26 27 28 29 30 31 32 33 35 36 38 39 40 41 42 43 44 45 46 47 48 49 50 51 53 54 55 56 57 58 59 60 61 63 64 66 67 68 69 70 71 72 73 74 75 76 77 78 79 80 81 82 83 84 85 86 88 89 91 92 93 94 95 96 97 100 101 102 104 105 106 107 108 109 110 111 112 113 114 115 116 117 118 119 120 
66 20         1 2 3 4 5 7 8 9 10 11 12 13 14 16 17 18 19 20 21 22 23 24 25 27 28 29 31 32 33 34 36 37 38 39 40 41 42 43 44 45 47 48 52 53 54 55 56 57 58 59 60 61 62 63 64 65 67 68 69 70 71 72 73 74 75 76 77 78 79 80 81 82 83 84 85 86 87 88 89 90 91 92 93 94 95 96 97 98 99 100 101 102 103 104 105 106 107 108 109 110 111 112 113 114 115 116 118 119 120 
67 62         1 2 3 4 7 8 9 10 11 13 14 15 16 17 18 19 20 21 22 23 24 25 26 27 28 29 30 31 32 33 34 35 36 37 38 39 40 41 42 43 44 45 46 47 48 50 51 53 54 55 56 57 58 59 60 61 62 63 64 65 66 70 71 72 73 74 75 76 77 78 79 81 82 83 84 85 87 88 89 90 91 93 94 95 96 97 98 99 100 101 102 103 104 105 106 107 108 109 110 111 112 113 114 115 116 118 119 120 
68 82         1 2 3 4 5 6 7 8 9 10 12 13 14 15 16 17 18 19 20 21 22 23 24 25 26 27 28 29 30 31 32 34 35 36 37 38 39 40 43 44 45 46 47 48 49 50 51 52 53 55 57 58 59 60 61 62 63 64 65 66 70 71 72 73 74 75 76 77 78 80 81 82 83 84 88 89 90 91 92 93 94 95 96 97 99 100 101 103 104 106 107 108 109 110 111 112 113 114 115 116 117 119 
69 40         1 2 3 4 5 6 7 8 10 11 12 13 14 15 16 17 18 19 20 21 22 23 24 25 26 28 29 30 31 32 33 34 35 36 37 38 39 40 42 44 46 47 48 49 50 51 52 53 54 55 56 57 58 59 60 61 62 63 65 66 70 71 72 73 74 75 76 77 78 79 80 81 82 83 84 85 86 87 88 89 90 91 92 93 95 96 97 98 99 100 101 102 103 104 105 106 108 109 110 111 112 114 115 116 117 118 119 120 
70 28         1 3 4 5 6 7 8 9 11 12 13 14 15 16 17 18 19 20 21 22 23 24 25 26 27 28 29 30 31 32 33 34 35 36 37 38 39 40 41 42 43 44 45 46 47 49 50 51 52 53 54 55 56 57 58 59 60 61 62 63 65 66 67 68 69 72 74 76 77 78 79 80 81 82 83 84 85 86 87 88 89 90 92 93 95 97 98 99 100 101 102 103 104 105 106 107 108 109 110 111 112 113 114 115 116 117 118 119 120 
71 72         1 2 4 5 6 8 9 10 11 12 15 16 17 19 20 22 23 24 25 26 27 28 29 30 31 32 33 34 37 38 39 40 41 42 43 44 45 46 47 48 49 50 51 52 53 54 56 57 58 59 60 61 63 64 65 66 67 68 69 72 73 74 75 76 77 78 79 80 81 82 83 84 85 86 87 88 89 90 91 92 93 95 96 97 98 100 101 102 103 104 105 107 108 109 110 111 112 113 114 116 117 118 119 120 
72 45         1 2 3 4 5 6 7 8 9 10 11 12 13 14 15 16 17 18 19 21 22 23 25 26 27 28 29 30 31 32 33 34 35 36 37 38 39 40 41 42 43 44 45 47 48 49 50 51 52 53 54 55 56 57 58 60 61 62 63 64 65 66 67 68 69 70 71 74 75 76 77 78 80 81 83 84 85 86 87 88 89 90 91 92 93 94 95 96 97 98 99 100 102 103 104 105 106 107 108 109 110 111 112 114 115 116 117 118 119 120 
73 62         1 2 3 4 5 6 7 8 9 10 11 12 13 14 15 16 17 18 19 20 21 22 23 24 25 26 27 28 30 31 32 33 34 35 36 37 38 39 40 41 43 44 45 46 48 49 50 51 52 53 55 56 57 58 59 60 61 62 64 65 66 67 68 69 71 74 75 76 77 78 79 80 81 82 83 84 85 86 87 89 90 92 93 94 96 97 98 99 100 101 102 103 104 105 106 107 108 110 111 112 113 114 115 116 117 118 119 120 
74 72         1 2 3 5 6 7 9 10 11 12 13 14 15 16 17 18 19 20 21 22 23 24 25 26 27 28 29 30 31 32 33 34 35 37 38 40 41 42 43 44 45 46 47 48 49 50 51 52 54 55 56 58 59 60 62 63 64 65 66 67 68 69 70 71 72 73 76 77 78 79 80 81 83 84 86 87 89 91 92 93 94 95 96 97 99 100 101 102 103 104 105 106 107 108 109 111 112 113 114 115 116 117 118 119 120 
75 89         1 2 3 4 5 6 7 8 9 10 11 12 13 14 15 16 17 18 19 20 21 22 23 25 27 28 30 31 32 33 34 35 36 37 38 39 40 41 42 43 44 45 46 47 48 49 50 51 52 53 54 55 56 57 58 59 60 61 62 63 64 65 66 67 68 69 71 72 73 76 77 78 79 80 81 82 83 84 85 86 87 88 89 90 91 92 93 94 96 97 98 99 100 102 103 104 105 106 110 111 112 113 114 115 116 117 118 119 120 
76 31         2 3 4 5 6 7 9 10 11 12 14 15 16 17 18 20 22 23 24 25 26 27 28 29 30 31 32 33 34 35 36 37 39 40 41 42 43 44 46 47 48 49 50 51 52 53 54 55 56 57 58 59 60 61 62 63 64 65 66 67 68 69 70 71 72 73 74 75 77 78 79 80 81 82 83 84 85 86 88 89 91 92 93 94 95 96 97 98 99 100 101 103 104 105 106 107 108 109 110 111 112 113 114 115 116 117 118 119 120 
77 92         1 2 3 4 5 6 7 8 9 10 12 13 15 17 18 19 20 22 23 24 25 27 28 29 30 31 33 34 35 36 38 39 40 41 42 43 45 47 48 49 51 52 53 54 55 56 57 58 59 60 61 62 63 64 65 66 67 68 69 70 71 72 73 74 75 76 78 79 80 81 82 83 84 85 87 88 89 90 91 92 93 94 97 98 99 100 101 102 103 104 105 106 107 110 111 112 113 115 116 117 118 119 120 
78 63         1 2 3 4 5 6 7 8 10 12 13 14 15 17 18 19 20 22 24 25 26 28 29 31 32 33 34 35 36 37 38 40 41 42 43 45 46 47 48 49 50 51 52 53 54 55 56 57 58 60 61 62 63 64 65 66 67 68 69 70 71 72 73 74 75 76 77 80 81 82 83 84 85 86 87 88 89 90 91 92 93 94 95 96 98 99 100 101 102 103 104 105 106 107 108 109 110 111 112 113 114 115 116 117 118 119 120 
79 89         1 2 3 4 6 7 8 9 11 12 13 14 15 16 17 19 20 21 22 23 24 25 26 27 28 29 31 32 34 35 38 39 41 42 43 44 45 46 47 48 50 51 52 53 54 55 56 57 58 59 60 61 62 64 65 66 67 69 70 71 73 74 75 76 77 80 81 82 83 85 86 88 89 90 91 92 93 94 95 96 97 98 99 100 101 102 103 104 106 107 108 109 110 111 113 114 115 117 118 119 120 
80 33         1 2 3 4 5 6 7 8 9 10 11 12 13 14 15 16 17 18 19 20 21 22 23 24 25 27 30 31 32 33 34 35 37 38 39 40 41 43 44 48 49 50 52 53 54 55 56 58 59 60 61 62 63 64 65 66 68 69 70 71 72 73 74 75 76 77 78 79 81 82 83 85 86 87 88 89 90 91 92 93 94 95 96 97 98 99 100 101 102 103 105 106 107 108 109 111 113 114 115 116 117 118 119 120 
81 25         1 2 3 4 6 7 8 9 10 11 12 13 14 15 16 17 18 19 20 21 22 24 25 26 27 28 31 32 33 34 35 36 37 38 39 40 41 42 43 44 45 46 47 48 49 51 52 53 54 55 56 57 58 59 60 61 62 63 64 65 66 67 68 69 70 71 72 73 74 75 76 77 78 79 80 82 83 84 85 87 88 89 90 91 92 93 94 95 96 97 98 99 100 101 102 103 104 105 107 108 109 110 111 112 113 114 115 116 117 118 119 120 
82 54         1 2 3 4 7 8 9 10 11 12 14 15 17 18 19 20 22 23 25 26 27 29 30 31 32 33 34 35 36 37 38 39 41 42 43 44 45 46 47 49 50 51 52 53 54 55 56 57 58 59 60 61 62 63 64 65 66 67 68 69 70 71 73 75 76 77 78 79 80 81 83 84 85 88 89 90 91 92 93 94 95 96 97 98 100 101 103 104 105 106 107 108 109 111 112 113 114 115 116 118 120 
83 66         1 2 3 5 6 7 8 9 10 11 13 14 15 16 17 18 19 20 21 22 23 24 25 26 27 28 29 30 31 32 33 34 35 36 37 39 42 43 44 45 46 47 49 50 51 52 53 54 55 56 57 58 59 60 61 62 63 65 66 67 68 69 70 71 72 73 74 75 76 77 78 79 80 81 82 84 85 86 87 88 89 90 91 93 94 95 96 97 99 101 102 103 104 105 106 107 108 109 110 111 112 113 114 115 117 118 119 120 
84 100        1 2 3 4 5 6 7 8 9 10 11 12 13 14 15 16 18 19 22 23 24 25 26 28 29 30 31 32 33 34 35 36 37 38 39 40 41 42 43 44 45 46 47 48 49 50 51 52 53 54 55 56 57 59 60 61 62 63 64 65 66 67 68 69 70 71 72 73 74 75 76 77 78 81 82 83 85 86 87 88 89 90 91 92 93 94 95 96 97 98 99 100 103 105 106 107 108 109 111 112 113 114 115 116 117 118 119 120 
85 20         1 2 3 4 7 8 9 10 11 12 13 14 16 17 18 19 20 21 22 23 24 25 26 28 29 30 32 33 34 35 37 38 39 40 42 43 44 45 46 47 48 49 50 51 52 54 55 56 57 58 59 60 61 62 63 64 65 66 67 69 70 71 72 73 75 76 77 78 79 80 81 82 83 84 86 87 89 90 91 92 93 95 96 97 98 99 100 101 102 104 105 106 107 108 109 110 112 113 114 115 116 117 118 119 120 
86 90         1 2 3 4 5 6 7 8 9 10 11 12 13 14 15 16 17 19 20 21 22 23 24 25 26 27 28 29 30 31 32 33 34 35 36 37 38 39 41 42 44 45 46 47 48 49 50 51 52 53 54 55 56 57 58 59 60 61 62 63 64 65 66 69 70 71 72 73 74 75 76 78 79 80 83 84 85 87 88 89 90 91 92 93 94 95 96 97 98 99 100 101 102 103 104 105 106 107 108 109 110 111 112 113 114 115 117 118 119 120 
87 87         1 2 3 5 6 7 8 9 10 12 13 14 15 16 17 18 19 20 21 22 23 24 25 26 27 28 29 30 31 32 33 34 35 36 37 39 40 41 42 43 44 45 46 47 48 49 50 51 52 53 54 55 56 57 58 59 60 61 62 63 64 66 67 69 70 71 72 73 74 75 77 78 80 81 83 84 85 86 88 89 90 91 92 93 94 95 96 97 98 99 100 101 102 103 104 105 108 109 110 111 112 113 114 115 116 117 118 119 120 
88 48         1 2 3 4 5 6 7 8 9 10 11 12 13 14 15 16 17 18 19 20 21 22 23 24 25 26 27 28 29 30 31 32 33 34 35 36 37 38 39 40 41 42 43 44 45 46 47 48 49 51 52 53 54 55 56 57 58 59 60 61 62 63 64 65 66 67 68 69 70 71 72 75 76 77 78 79 80 81 82 83 84 86 87 89 90 91 92 93 94 96 97 98 99 100 101 102 103 104 105 107 108 109 110 111 112 113 114 115 116 117 118 119 120 
89 28         1 2 3 4 5 6 7 8 9 11 12 13 14 15 16 17 18 19 20 21 22 23 24 25 26 27 28 29 31 32 33 34 35 36 38 39 40 41 42 43 44 45 46 47 48 49 50 51 55 57 58 59 60 61 62 63 64 65 66 67 68 69 70 71 72 73 74 75 76 77 78 79 80 81 82 83 84 85 86 87 88 90 91 92 93 94 95 96 97 98 99 100 101 102 103 104 105 106 107 108 109 110 112 113 114 116 117 118 119 120 
90 46         1 2 3 4 5 6 7 8 9 10 11 12 13 14 15 16 17 18 19 20 21 22 23 24 25 26 27 28 29 31 32 33 34 35 36 38 39 40 42 43 44 45 46 47 48 49 50 52 53 54 55 56 57 58 59 60 61 62 63 64 66 67 68 69 70 71 72 73 75 77 78 79 80 81 82 83 84 85 86 87 88 89 91 92 93 94 95 96 97 98 100 101 102 103 104 105 107 108 109 110 111 112 113 115 116 117 118 119 120 
91 76         1 4 7 8 9 10 11 12 14 15 17 18 19 21 22 23 24 25 26 27 28 29 30 31 32 33 34 35 36 37 38 39 40 41 42 44 45 46 47 48 49 50 51 53 54 55 56 57 58 59 61 62 63 64 65 66 67 68 69 71 72 74 75 76 77 78 79 80 81 82 83 84 85 86 87 88 89 90 92 93 94 95 98 101 102 103 104 105 106 107 109 110 111 112 113 114 116 117 118 119 120 
92 50         1 2 3 5 6 7 9 10 11 12 13 14 15 16 18 20 21 23 24 26 27 28 29 30 31 32 34 35 36 37 38 39 40 41 42 43 44 45 46 47 48 49 50 51 53 54 55 56 57 58 59 60 61 62 63 64 65 66 68 69 70 71 72 73 74 75 76 77 78 79 80 81 82 84 85 86 87 88 89 90 91 93 94 95 96 98 99 100 101 102 103 104 106 107 108 109 110 111 112 113 114 115 116 117 118 119 120 
93 66         1 2 3 4 5 6 7 9 10 11 12 13 14 15 16 17 18 19 21 22 23 24 25 26 27 28 29 30 31 32 33 34 35 36 37 39 40 41 42 43 44 45 46 47 48 49 50 51 52 55 56 57 58 59 60 61 62 63 64 65 66 67 68 69 70 71 72 73 74 75 76 77 78 79 80 81 82 83 84 85 86 87 88 89 90 91 92 95 96 97 98 99 100 101 102 103 105 106 107 108 109 110 111 112 113 115 116 117 118 119 120 
94 30         1 2 3 4 5 6 7 8 9 10 11 12 13 14 15 16 17 18 19 20 21 22 23 24 25 26 27 28 29 30 31 32 33 34 35 36 38 39 40 41 42 43 44 45 46 47 48 49 50 52 53 54 55 56 57 58 59 60 61 62 63 64 65 66 67 68 72 73 74 75 76 77 78 79 80 81 82 83 84 86 87 88 89 90 91 92 95 96 97 99 100 102 103 104 105 106 107 108 110 111 112 113 114 115 116 117 118 119 120 
95 26         1 2 5 6 7 8 9 11 12 13 14 15 16 17 18 19 20 21 23 24 25 26 27 28 29 32 33 35 36 37 38 39 40 41 42 43 44 45 46 47 48 50 51 52 53 54 55 56 57 58 59 61 62 64 65 66 67 68 69 70 71 72 74 76 78 79 80 81 82 83 84 85 86 87 89 90 91 92 93 94 96 97 98 99 100 101 102 103 104 105 106 107 108 110 111 112 113 115 116 118 119 120 
96 23         1 2 4 5 7 8 9 10 11 12 13 14 15 16 17 18 19 20 21 22 23 24 25 26 27 28 29 30 31 32 33 34 35 36 38 39 40 42 44 45 46 48 49 51 53 54 55 56 57 58 59 60 62 64 65 66 67 68 69 71 72 73 74 75 76 78 79 80 81 82 83 84 85 86 87 88 89 90 92 93 94 95 97 98 99 101 103 104 105 107 108 110 111 112 113 114 115 116 117 118 119 120 
97 40         1 2 4 6 7 8 9 10 12 13 14 15 16 17 18 19 20 21 22 24 25 26 27 28 29 30 31 32 33 34 35 36 38 39 40 41 42 43 44 45 46 47 49 50 51 52 54 55 56 57 58 59 60 61 62 63 64 65 66 67 68 69 70 71 72 73 74 75 76 77 79 80 81 82 83 84 85 86 87 88 89 90 93 94 95 96 98 100 101 102 103 104 105 106 107 108 109 110 111 112 113 114 115 117 118 119 120 
98 70         1 2 4 5 6 7 8 9 10 11 12 13 14 15 16 17 18 19 20 21 22 23 26 27 28 29 31 32 33 34 35 36 37 38 39 40 41 42 43 44 45 46 47 48 49 50 52 53 56 57 58 59 61 62 63 64 66 67 69 70 71 72 73 75 76 77 78 79 80 81 82 84 85 86 87 88 89 90 91 92 93 95 96 97 99 100 101 102 103 105 106 107 108 109 110 111 113 114 115 116 117 118 119 120 
99 57         1 2 3 4 6 7 8 9 11 12 13 14 15 16 17 18 19 20 21 22 23 24 25 27 28 29 30 31 32 33 34 35 36 37 38 39 40 41 43 44 45 46 47 48 49 50 51 52 53 54 56 58 60 61 63 66 67 68 69 70 72 73 74 75 76 77 78 79 80 81 83 84 85 86 87 88 89 92 93 94 95 96 98 100 101 102 103 104 105 106 107 109 110 111 112 113 114 116 117 118 119 120 
100 92        1 2 3 4 5 6 7 8 9 10 12 13 14 15 16 17 18 19 20 21 22 23 24 26 27 29 30 31 33 34 35 36 37 38 39 40 41 42 44 45 46 47 48 49 50 51 52 53 54 55 56 57 59 60 61 63 64 65 66 67 68 69 70 71 72 73 74 75 76 77 78 79 80 81 82 84 85 86 87 88 89 90 92 93 94 95 97 98 99 101 102 103 104 105 106 109 110 111 112 114 115 118 119 120 
101 52        2 4 5 6 7 8 9 10 11 12 13 17 18 19 20 21 22 23 24 25 26 27 28 30 31 32 33 34 35 36 37 38 39 40 41 42 43 44 45 46 47 48 49 50 51 52 53 54 55 56 57 58 59 60 61 62 64 65 66 67 68 69 70 71 73 74 76 77 78 79 80 81 82 83 85 86 87 88 89 90 91 92 93 95 96 97 98 99 100 102 103 104 105 106 107 108 109 110 111 112 113 114 115 116 117 118 119 120 
102 54        1 2 4 5 6 8 9 10 11 12 13 14 15 16 17 18 20 22 23 24 25 26 27 28 29 30 31 32 33 34 35 36 37 38 39 40 41 42 43 44 45 47 48 49 50 51 52 53 54 55 56 57 58 59 60 61 62 63 64 65 66 67 69 70 71 72 73 74 75 77 78 79 80 81 83 85 86 87 88 89 90 91 92 93 94 95 97 98 99 100 101 103 104 105 107 108 109 110 111 112 113 114 116 117 118 120 
103 27        1 2 3 4 5 6 8 9 10 11 12 13 14 15 16 17 19 20 21 22 23 24 25 27 28 29 30 32 34 35 36 37 38 39 40 41 42 43 44 46 47 48 49 50 51 52 53 55 56 57 58 59 60 61 62 63 64 66 67 68 69 70 71 72 73 74 75 76 77 78 79 80 81 82 83 84 86 87 88 89 90 91 92 93 94 95 96 97 98 99 100 101 102 104 105 106 107 108 109 110 111 112 113 114 115 116 117 118 120 
104 58        1 2 4 6 7 8 9 11 12 13 14 16 17 18 19 20 21 23 24 25 26 27 28 29 31 32 33 35 36 37 39 40 41 43 44 45 46 47 48 49 50 51 52 53 54 55 56 57 58 59 60 61 62 63 64 65 66 67 68 69 70 71 72 73 74 75 76 77 78 79 81 82 83 85 86 87 88 89 90 91 92 94 95 96 97 99 100 101 102 103 106 107 108 109 110 111 112 113 114 115 116 117 118 119 120 
105 66        1 2 3 4 5 6 7 8 9 10 11 12 13 14 16 17 18 19 20 21 22 23 24 25 26 27 28 29 30 31 32 33 34 35 36 37 40 41 42 43 44 45 46 47 48 49 50 51 52 53 54 55 56 57 58 59 60 61 62 63 65 66 67 69 70 71 72 73 74 75 76 77 78 80 81 82 83 84 85 86 87 88 89 90 91 93 94 95 96 97 98 99 100 101 102 103 106 107 108 109 110 111 112 113 114 115 116 117 118 119 120 
106 65        1 2 4 5 6 7 8 9 11 12 13 14 15 16 17 18 19 20 21 22 23 24 25 26 27 28 29 30 31 32 33 34 35 36 37 39 40 41 42 43 44 45 47 48 49 51 52 53 55 56 57 58 59 60 61 63 64 65 66 67 68 69 70 72 73 74 75 76 77 78 79 80 82 83 84 85 86 89 91 92 93 94 95 97 98 99 100 101 103 104 105 107 108 109 110 111 112 113 114 115 116 117 118 119 120 
107 93        1 2 3 4 7 8 9 10 11 12 13 14 15 16 17 18 19 20 21 22 23 24 25 26 27 29 30 31 32 33 34 35 36 38 39 40 41 42 43 44 45 46 47 48 49 51 52 54 55 56 57 58 59 60 61 62 63 64 65 66 67 68 70 71 72 73 74 76 77 78 79 80 81 82 83 84 85 86 88 89 90 91 92 93 94 95 96 97 98 99 101 102 103 104 105 106 108 109 110 111 113 114 115 116 117 118 120 
108 83        1 2 3 5 6 7 8 9 10 11 12 13 14 15 16 17 18 19 20 21 22 23 25 26 28 29 30 32 33 34 35 36 37 38 39 40 41 42 43 44 45 46 47 48 49 50 51 53 54 55 56 57 58 59 61 62 63 64 65 66 67 68 69 70 71 72 73 74 76 78 79 80 81 82 83 84 85 86 87 88 89 90 92 93 94 95 96 97 98 101 102 103 104 105 106 107 109 110 111 112 113 114 115 116 117 118 119 120 
109 37        1 2 3 4 6 7 8 9 10 11 12 13 14 16 17 18 19 20 21 22 23 24 25 26 27 28 31 33 35 36 37 38 39 40 41 42 43 44 46 47 48 49 50 51 52 53 54 55 56 57 59 60 61 62 63 64 65 66 67 68 69 70 71 72 74 76 78 79 80 81 82 83 84 85 86 87 88 89 90 91 92 93 97 98 99 100 101 102 103 104 105 106 107 108 110 111 112 113 114 115 116 117 118 119 120 
110 62        1 2 3 4 5 6 7 9 10 11 12 15 16 17 18 19 21 22 23 24 25 26 27 28 29 30 31 32 33 34 35 36 37 38 39 40 41 42 44 45 46 47 48 49 50 51 52 53 54 55 56 57 58 59 61 62 63 64 65 66 67 68 69 70 71 72 73 75 76 77 78 79 81 83 85 86 87 88 89 90 91 92 93 94 95 96 97 98 99 100 101 102 103 104 105 106 107 108 109 111 113 116 117 118 119 120 
111 94        2 3 4 5 6 7 8 9 10 11 12 13 14 15 16 17 18 19 20 21 22 23 24 25 26 27 29 30 31 32 33 34 36 37 38 39 40 41 42 43 44 45 46 47 48 49 51 52 53 54 55 56 57 58 59 60 61 62 63 64 65 66 67 68 69 70 71 72 73 74 75 76 77 78 79 80 81 82 83 84 86 87 88 90 91 92 93 94 95 96 97 98 99 100 101 102 103 104 105 106 107 108 109 110 112 113 114 115 116 118 119 120 
112 29        1 2 3 4 5 6 7 8 9 10 11 12 13 14 16 17 18 19 20 22 23 24 25 27 29 30 31 32 33 34 35 37 38 39 40 41 42 43 44 45 46 47 48 49 50 51 52 53 54 55 57 58 59 60 61 62 63 64 65 66 67 68 69 70 71 72 73 74 75 76 77 78 81 82 83 84 85 86 87 88 89 90 91 92 93 94 95 96 97 99 100 101 102 103 104 105 106 108 109 111 113 115 116 117 118 119 120 
113 66        1 2 3 4 5 6 8 9 10 11 12 13 14 15 16 17 18 19 20 21 22 23 24 25 27 28 30 31 32 33 34 35 36 37 38 39 40 41 42 43 44 45 46 47 48 49 51 52 53 54 56 57 58 59 60 61 62 63 64 65 66 67 68 70 71 73 74 75 76 77 78 79 80 81 82 83 84 85 86 87 88 89 90 91 92 93 94 95 96 97 98 99 101 102 103 104 105 106 107 108 109 110 111 112 114 115 116 117 118 119 120 
114 98        2 3 4 5 6 7 8 9 10 11 13 14 15 16 17 18 19 20 21 22 23 24 27 28 29 30 31 32 33 34 35 36 37 38 39 40 41 43 44 45 46 47 48 49 50 51 52 53 54 55 56 57 59 60 61 62 63 64 65 66 67 68 69 70 71 72 73 74 75 76 78 79 80 81 82 83 84 85 86 87 88 89 91 92 94 96 97 98 99 100 101 102 103 104 105 106 107 108 109 111 113 115 116 117 118 119 120 
115 20        1 2 3 4 5 6 7 8 9 10 11 12 13 14 15 16 17 18 19 20 21 22 23 24 25 26 27 28 29 30 31 33 34 35 36 37 38 39 40 42 43 44 45 46 47 48 49 51 52 53 54 55 56 57 58 59 60 61 62 63 64 65 66 67 68 69 70 72 73 74 75 76 77 78 79 80 81 82 83 84 85 86 87 88 90 92 93 94 95 96 97 98 100 101 103 104 105 106 107 108 109 111 112 113 114 116 117 118 119 120 
116 66        1 2 3 4 5 6 7 8 9 10 11 12 13 14 15 17 18 19 20 21 22 23 24 25 26 27 28 29 30 31 32 33 34 35 36 37 38 39 40 41 42 43 45 46 47 48 49 50 51 52 53 54 55 56 57 58 59 60 63 64 65 66 67 68 69 70 71 72 73 74 75 76 77 78 80 81 82 84 85 87 88 89 90 91 92 93 94 95 96 98 99 101 102 103 104 105 106 107 108 109 110 111 112 113 114 115 117 118 119 120 
117 42        1 4 5 6 7 8 10 11 12 13 15 16 17 18 19 22 23 24 25 26 27 28 29 30 31 32 33 34 35 36 37 38 39 40 41 42 43 44 45 46 47 48 49 50 51 52 53 54 55 56 57 58 59 60 61 62 63 64 65 68 69 70 71 72 73 74 75 76 77 78 79 80 81 83 84 85 86 87 88 89 90 91 92 93 94 96 97 98 99 101 102 103 104 105 106 107 108 109 110 112 113 114 115 116 118 119 120 
118 52        1 2 3 4 5 6 7 8 9 10 11 13 14 15 16 17 18 20 21 22 23 24 25 27 28 29 30 31 32 33 34 35 36 37 39 40 41 42 43 44 45 46 47 48 49 50 51 52 53 54 55 56 57 58 59 60 61 62 63 64 65 66 67 69 70 71 72 73 74 75 76 77 78 79 80 81 82 83 84 85 86 87 88 89 90 91 92 93 94 95 96 97 98 99 100 101 102 103 104 105 106 107 108 109 110 111 112 113 114 115 116 117 119 120 
119 90        1 2 3 4 5 6 7 8 9 10 11 12 13 14 15 16 17 18 19 21 22 23 24 25 26 27 28 29 30 32 33 34 35 36 37 38 39 40 41 42 43 44 45 46 48 49 50 51 52 53 55 56 57 58 59 60 61 62 63 64 65 66 67 68 69 70 71 72 73 74 75 76 77 78 79 80 81 83 84 85 86 87 88 89 90 91 92 93 94 95 96 97 98 99 100 101 104 105 106 108 109 110 111 112 113 114 115 116 117 118 120 
120 22        1 2 3 4 5 6 7 8 9 11 12 13 14 15 16 17 18 19 20 22 23 24 26 27 29 30 31 32 33 34 36 37 38 39 40 42 43 44 45 46 47 48 49 51 52 53 54 55 56 58 60 61 62 63 64 65 66 67 69 70 71 72 73 74 75 76 77 78 79 80 81 82 83 84 85 86 87 88 89 90 91 92 93 94 95 96 97 98 99 100 101 102 103 104 105 106 107 108 109 110 111 112 113 114 115 116 117 118 119 
