120 150
1 29          2 4 7 9 12 13 14 15 16 17 19 20 21 23 24 25 26 27 28 29 30 31 33 34 35 36 37 38 39 40 41 42 43 44 45 47 48 49 50 51 52 54 55 56 57 58 59 60 61 62 63 64 65 67 68 70 71 72 73 74 76 77 78 79 80 81 82 83 85 86 87 88 89 90 91 92 93 94 95 96 97 98 99 100 101 102 103 104 107 108 109 110 111 112 113 114 115 116 117 120 
2 26          1 3 4 6 7 8 9 10 12 14 15 16 17 18 20 21 22 23 24 27 28 29 31 34 36 37 38 39 40 41 43 44 45 47 48 50 51 52 53 54 55 56 57 58 59 61 62 63 64 65 66 67 68 69 70 71 72 73 74 77 79 80 81 82 83 84 85 86 87 88 89 90 91 92 93 95 96 97 98 100 101 102 103 105 106 107 108 109 110 111 112 113 114 115 116 117 119 120 
3 83          2 4 6 7 8 9 10 13 14 15 19 20 21 22 23 24 25 26 28 29 30 32 34 35 36 38 39 40 41 42 43 44 45 46 47 48 49 52 54 55 58 59 61 62 63 64 65 67 68 69 70 71 72 73 74 75 76 77 78 79 80 82 83 85 86 87 88 89 90 91 93 94 95 96 97 98 99 100 101 102 104 106 107 108 109 110 112 113 114 115 117 119 120 
4 82          1 2 3 5 6 7 8 9 10 11 12 13 14 15 16 17 20 21 22 23 24 25 28 29 31 32 33 34 35 36 38 40 42 43 46 47 49 51 52 53 54 55 56 57 58 61 62 63 65 66 67 68 69 70 73 75 76 77 78 79 80 83 85 86 87 88 89 90 92 93 94 95 96 97 98 99 100 101 102 103 104 105 106 107 109 110 111 112 113 114 115 116 117 118 119 120 
5 92          4 6 8 9 10 11 14 15 17 19 20 21 22 23 24 25 26 27 28 30 31 32 33 34 36 37 38 39 40 41 42 43 45 46 47 48 49 50 51 52 53 54 55 56 58 59 61 62 63 64 65 66 68 69 70 72 78 79 80 81 82 83 84 87 89 90 91 92 95 97 98 99 100 102 104 105 107 108 109 110 111 112 113 114 115 116 117 119 120 
6 95          2 3 4 5 8 9 11 12 13 14 15 17 18 19 20 21 22 23 24 25 26 27 28 29 33 35 36 37 38 39 40 41 42 45 46 47 48 49 51 53 54 56 57 58 59 60 62 63 64 66 67 68 69 70 71 72 73 74 75 76 77 78 79 80 81 82 83 84 85 86 87 88 89 90 91 92 94 95 96 98 99 100 101 102 103 104 105 106 107 108 109 110 112 113 114 117 118 120 
7 87          1 2 3 4 8 9 12 13 14 15 16 17 20 22 23 24 25 26 27 28 29 31 32 34 35 36 37 38 39 40 42 43 45 46 47 48 50 51 52 53 54 55 56 57 58 59 60 61 63 64 66 67 69 70 71 72 73 74 75 76 77 80 81 82 83 86 87 89 92 93 94 95 96 97 99 101 102 103 104 105 106 107 108 109 110 111 112 113 114 116 117 119 
8 63          2 3 4 5 6 7 10 11 12 15 16 18 20 21 22 23 24 25 26 27 29 30 31 32 33 34 35 36 37 39 40 42 43 44 45 46 47 48 49 50 51 53 54 56 57 58 60 61 63 64 65 66 68 69 70 71 72 73 74 75 76 77 79 81 82 83 84 85 86 87 88 89 90 91 92 93 94 96 97 98 99 100 101 102 103 105 106 107 108 109 110 111 112 114 117 118 119 120 
9 57          1 2 3 4 5 6 7 10 11 12 13 14 15 16 17 18 20 22 25 26 27 28 29 30 31 33 34 35 36 37 38 39 40 43 47 48 49 51 52 53 54 55 56 57 58 59 60 61 62 64 65 66 67 68 70 71 73 74 75 76 77 78 79 80 81 84 85 86 87 88 90 91 92 93 94 95 97 98 99 100 101 103 104 106 107 108 110 111 112 113 114 115 116 118 119 120 
10 100        2 3 4 5 8 9 11 14 15 16 17 18 19 20 23 25 27 28 29 31 32 33 34 35 36 37 38 40 41 42 44 45 46 47 48 50 51 52 53 54 55 56 57 58 59 60 61 62 63 64 65 66 67 68 69 70 71 72 73 74 77 78 79 80 81 82 83 84 85 86 87 88 90 91 92 93 96 98 100 101 102 103 105 107 108 109 110 111 113 114 116 117 118 119 120 
11 63         4 5 6 8 9 10 12 13 14 15 16 17 18 19 20 21 22 23 24 25 26 27 28 29 30 31 34 35 36 37 38 39 40 41 42 44 45 46 47 48 49 50 51 52 56 57 61 62 63 64 65 66 68 70 71 72 73 75 76 77 78 79 80 81 84 85 86 88 89 90 93 96 98 99 100 101 103 104 105 106 107 108 109 110 111 112 113 114 116 117 119 120 
12 65         1 2 4 6 7 8 9 11 15 16 17 18 19 20 22 23 25 26 27 28 29 30 32 33 34 35 36 38 39 40 41 42 43 45 46 47 48 49 50 51 52 53 54 55 57 58 59 60 61 62 63 65 67 68 70 71 72 74 77 78 79 80 82 83 84 86 87 88 89 90 91 93 94 95 96 98 99 100 102 103 104 105 107 108 109 110 111 112 113 114 115 118 120 
13 81         1 3 4 6 7 9 11 14 15 16 18 19 20 21 22 24 25 26 28 30 31 32 33 34 35 36 37 39 42 43 44 45 46 47 48 49 51 53 54 55 56 59 61 62 63 64 65 66 68 69 70 71 72 73 76 77 78 79 80 81 82 84 85 86 87 88 89 90 91 92 94 95 96 97 98 99 100 101 102 104 105 106 107 108 109 110 111 112 113 114 115 116 118 120 
14 46         1 2 3 4 5 6 7 9 10 11 13 16 17 18 20 22 23 24 25 26 27 28 29 32 33 34 35 36 37 38 39 40 41 42 43 44 46 49 50 51 52 53 54 55 57 58 59 61 62 63 64 65 66 70 71 72 73 75 76 78 79 80 81 82 83 84 85 86 87 88 89 90 92 93 94 95 96 97 99 100 101 104 105 106 107 109 111 112 113 114 115 116 117 120 
15 42         1 2 3 4 5 6 7 8 9 10 11 12 13 17 18 19 20 21 23 24 25 27 28 29 31 33 35 36 38 39 40 41 42 43 44 47 48 49 50 52 53 54 55 56 58 60 61 62 63 64 65 66 67 69 70 72 73 74 75 76 77 78 80 81 82 83 84 85 86 87 88 89 90 91 92 95 96 98 99 100 101 102 103 104 105 108 109 111 112 114 115 116 119 120 
16 95         1 2 4 7 8 9 10 11 12 13 14 18 19 20 24 25 26 27 29 30 31 33 34 35 36 37 38 39 40 42 43 44 45 46 47 48 49 50 51 52 53 54 55 56 57 59 60 61 62 64 65 68 70 72 73 74 76 77 78 79 81 83 84 87 88 89 90 91 92 93 94 95 97 98 99 100 102 103 104 105 107 108 109 110 111 112 113 115 116 118 119 120 
17 90         1 2 4 5 6 7 9 10 11 12 14 15 18 19 20 21 22 23 24 25 26 27 29 31 32 33 34 36 38 40 41 42 43 44 45 47 48 49 51 52 53 54 55 56 57 58 59 60 63 64 65 66 67 68 69 70 71 72 73 74 75 76 77 79 80 81 82 83 84 85 86 88 89 90 91 92 93 94 95 96 97 98 99 100 101 102 103 105 109 111 113 114 115 116 117 118 119 120 
18 80         2 6 8 9 10 11 12 13 14 15 16 17 19 20 21 22 23 24 25 26 27 28 29 30 34 35 36 37 38 41 42 43 44 45 46 47 48 49 50 51 52 53 54 55 56 58 59 60 61 62 63 64 65 66 67 68 70 72 73 75 76 77 79 80 81 82 83 84 86 87 88 89 90 91 92 93 94 95 96 97 98 99 100 101 102 103 104 106 107 108 109 110 111 112 113 114 115 117 118 119 120 
19 53         1 3 5 6 10 11 12 13 15 16 17 18 20 21 22 24 26 27 28 30 33 34 35 36 38 39 40 41 43 44 45 46 47 48 49 50 51 52 53 57 58 61 62 63 64 65 66 67 68 71 74 75 77 78 79 80 81 83 84 85 86 87 88 89 90 91 92 93 94 95 96 97 98 99 101 102 103 105 106 107 108 109 110 111 113 114 115 116 117 118 119 
20 27         1 2 3 4 5 6 7 8 9 10 11 12 13 14 15 16 17 18 19 21 22 23 24 25 26 28 31 32 33 34 35 36 37 38 39 41 42 43 44 45 46 47 48 49 50 51 52 55 56 57 59 61 62 63 64 65 67 69 70 71 73 74 75 77 78 79 80 81 82 83 85 86 87 88 89 90 92 93 94 95 97 98 99 100 102 103 104 106 107 108 109 110 111 112 113 115 116 118 119 120 
21 84         1 2 3 4 5 6 8 11 13 15 17 18 19 20 22 23 24 28 29 30 32 33 35 36 37 38 39 41 42 43 44 45 46 47 48 49 51 52 53 54 56 57 58 59 61 62 63 64 65 66 67 68 69 70 71 72 74 75 76 77 78 79 80 81 82 83 84 86 87 89 90 91 92 93 94 95 97 99 100 102 103 105 106 107 108 109 110 112 113 114 115 116 117 118 119 120 
22 40         2 3 4 5 6 7 8 9 11 12 13 14 17 18 19 20 21 23 24 25 26 27 28 29 30 33 34 36 37 38 40 42 43 44 45 46 50 51 52 53 54 55 56 58 59 60 61 62 63 64 67 68 69 70 71 72 73 74 75 76 77 78 79 80 82 83 84 85 87 88 89 90 91 92 93 94 96 97 98 99 100 101 102 103 105 107 108 110 111 112 114 115 117 118 119 120 
23 22         1 2 3 4 5 6 7 8 10 11 12 14 15 17 18 20 21 22 24 25 26 27 28 29 30 31 32 34 35 37 38 39 40 41 42 43 44 45 46 47 48 50 52 53 54 55 56 57 58 61 63 64 65 67 68 69 70 71 72 73 74 75 76 77 78 80 81 82 83 84 87 88 89 90 91 92 93 94 95 96 97 98 101 102 104 105 106 107 109 111 114 115 116 117 118 119 
24 97         1 2 3 4 5 6 7 8 11 13 14 15 16 17 18 19 20 21 22 23 25 26 27 28 29 30 31 32 33 34 37 38 40 41 42 43 44 46 47 48 49 50 51 52 53 54 55 56 57 58 59 60 61 63 64 65 67 68 69 70 71 72 73 74 75 76 77 78 79 81 83 84 85 86 87 90 92 93 94 95 97 98 99 100 101 102 104 106 107 108 109 110 111 113 114 115 116 117 118 119 
25 20         1 3 4 5 6 7 8 9 10 11 12 13 14 15 16 17 18 20 22 23 24 26 27 29 30 31 35 36 37 38 39 41 42 43 44 45 46 47 48 49 50 51 52 54 55 56 57 58 59 60 61 62 63 64 66 67 68 69 71 72 73 74 75 76 77 78 79 80 81 82 83 84 85 86 87 88 89 90 91 92 93 94 95 96 97 98 99 100 102 103 104 105 106 108 109 110 111 112 114 115 116 118 119 120 
26 73         1 3 5 6 7 8 9 11 12 13 14 16 17 18 19 20 22 23 24 25 27 29 30 32 33 34 35 36 37 38 39 40 42 43 44 45 46 47 48 49 50 52 53 55 56 57 58 60 61 62 63 64 66 67 68 69 73 74 76 77 78 79 80 81 82 83 84 85 86 87 88 89 90 92 94 95 96 98 100 102 103 104 105 106 107 108 109 111 112 113 114 116 117 118 
27 63         1 2 5 6 7 8 9 10 11 12 14 15 16 17 18 19 22 23 24 25 26 28 29 30 32 33 34 35 36 38 39 40 43 45 46 48 49 52 53 54 55 56 57 58 60 62 63 64 65 68 69 70 71 72 73 74 75 76 77 78 79 80 81 82 83 84 85 86 87 88 89 90 91 92 94 95 96 97 98 99 100 101 103 104 106 107 108 109 110 111 112 114 115 116 117 119 120 
28 95         1 2 3 4 5 6 7 9 10 11 12 13 14 15 18 19 20 21 22 23 24 27 29 30 31 33 34 35 38 39 40 41 42 43 44 45 46 47 48 50 52 54 55 56 58 59 60 61 62 63 64 65 66 67 68 69 70 71 72 74 75 76 77 78 80 81 82 83 84 85 87 88 89 90 92 93 94 95 97 98 99 100 101 103 104 106 107 108 109 110 111 112 113 114 116 118 120 
29 46         1 2 3 4 6 7 8 9 10 11 12 14 15 16 17 18 21 22 23 24 25 26 27 28 31 33 34 36 37 38 40 41 42 43 44 45 46 47 49 51 52 53 54 55 56 57 58 59 60 61 62 63 65 66 67 68 69 70 71 72 73 74 75 77 80 81 82 84 85 86 87 90 92 94 95 96 97 99 100 101 102 104 106 112 113 116 117 118 119 120 
30 42         1 3 5 8 9 11 12 13 16 18 19 21 22 23 24 25 26 27 28 31 32 35 37 38 39 41 42 43 45 46 47 48 49 50 51 52 53 54 55 57 58 59 61 62 63 64 65 66 67 70 72 73 74 75 76 77 78 79 80 81 82 83 85 87 88 89 90 91 92 93 94 95 96 97 98 99 100 101 102 103 105 106 107 108 109 110 111 114 117 118 119 120 
31 47         1 2 4 5 7 8 9 10 11 13 15 16 17 20 23 24 25 28 29 30 32 33 34 35 36 37 39 40 41 43 44 45 46 47 49 50 51 53 54 55 56 57 58 60 61 62 63 65 67 69 70 71 72 73 74 75 77 78 80 82 83 84 85 87 88 89 90 91 92 93 94 96 97 98 99 100 101 103 104 105 106 110 111 113 115 116 118 119 
32 40         3 4 5 7 8 10 12 13 14 17 20 21 23 24 26 27 30 31 34 35 36 37 39 40 41 42 44 47 48 49 50 51 52 53 54 56 58 59 60 61 62 63 66 70 71 72 73 75 76 77 78 79 82 83 84 85 86 87 88 89 90 91 92 93 94 97 99 101 102 104 105 106 107 108 109 110 113 114 115 116 117 118 119 120 
33 26         1 4 5 6 8 9 10 12 13 14 15 16 17 19 20 21 22 24 26 27 28 29 31 35 36 37 38 39 41 45 47 48 49 50 52 53 54 55 57 58 59 61 62 65 66 68 69 70 71 72 73 74 75 76 77 78 79 80 81 82 84 85 86 88 89 91 92 93 94 95 96 99 100 101 102 103 104 105 106 107 108 109 110 111 112 113 114 116 117 118 119 120 
34 88         1 2 3 4 5 7 8 9 10 11 12 13 14 16 17 18 19 20 22 23 24 26 27 28 29 31 32 35 36 38 39 40 42 43 44 47 49 50 52 53 55 57 59 60 62 63 64 65 66 67 68 69 70 71 72 76 77 79 81 82 83 84 86 87 88 89 91 93 94 95 96 98 99 101 102 104 105 107 108 109 111 113 114 115 116 117 118 119 120 
35 49         1 3 4 6 7 8 9 10 11 12 13 14 15 16 18 19 20 21 23 25 26 27 28 30 31 32 33 34 36 38 39 40 41 42 44 46 48 51 52 53 54 56 57 58 59 60 61 62 64 65 66 67 68 69 70 72 73 76 77 78 79 81 83 84 85 86 87 88 89 90 91 92 94 95 96 97 98 100 102 103 104 105 107 108 109 110 111 113 114 116 117 118 120 
36 24         1 2 3 4 5 6 7 8 9 10 11 12 13 14 15 16 17 18 19 20 21 22 25 26 27 29 31 32 33 34 35 37 39 40 42 43 44 45 46 47 48 49 50 51 52 53 54 55 56 57 59 61 62 63 64 65 66 67 68 69 70 71 73 75 76 77 78 81 82 83 84 86 87 88 89 91 93 94 95 97 98 99 100 101 102 103 106 107 108 109 110 111 112 114 115 116 117 119 
37 92         1 2 5 6 7 8 9 10 11 13 14 16 18 20 21 22 23 24 25 26 29 30 31 32 33 36 38 39 40 41 44 46 47 48 49 50 51 52 54 55 56 57 59 62 63 65 67 69 71 72 74 75 76 77 78 80 81 84 86 87 88 89 90 93 96 97 100 101 102 103 104 105 106 107 108 110 111 112 113 114 116 118 119 120 
38 87         1 2 3 4 5 6 7 9 10 11 12 14 15 16 17 18 19 20 21 22 23 24 25 26 27 28 29 30 33 34 35 37 39 40 41 42 43 44 45 47 48 51 53 54 55 56 57 58 59 60 61 63 64 65 66 67 68 69 70 71 72 73 74 76 77 78 79 80 81 82 83 84 85 89 91 92 93 94 96 97 98 99 100 101 102 104 105 107 109 110 111 112 113 114 115 116 117 120 
39 68         1 2 3 5 6 7 8 9 11 12 13 14 15 16 19 20 21 23 25 26 27 28 30 31 32 33 34 35 36 37 38 40 41 42 43 44 45 46 47 48 49 50 51 52 53 54 55 56 57 58 59 60 61 62 63 64 65 66 67 69 70 71 72 74 75 76 77 78 80 81 83 84 85 86 87 88 89 90 91 92 93 94 95 96 97 98 99 100 101 102 106 108 109 111 112 114 116 119 120 
40 95         1 2 3 4 5 6 7 8 9 10 11 12 14 15 16 17 19 22 23 24 26 27 28 29 31 32 34 35 36 37 38 39 41 42 43 44 45 46 47 49 50 51 52 53 56 57 58 59 60 61 62 63 64 65 67 68 69 70 71 72 73 74 75 76 77 79 81 82 83 84 85 87 88 89 90 91 92 93 94 95 96 98 99 100 102 103 104 106 107 108 109 110 112 113 114 115 116 118 119 
41 34         1 2 3 5 6 10 11 12 14 15 17 18 19 20 21 23 24 25 28 29 30 31 32 33 35 37 38 39 40 43 44 45 47 49 51 52 53 54 56 57 58 59 61 62 63 65 66 67 69 70 71 73 74 75 76 78 79 80 81 82 83 84 85 86 87 89 90 92 95 96 97 98 99 100 101 102 103 104 105 106 107 108 109 110 111 112 113 115 117 118 119 120 
42 82         1 3 4 5 6 7 8 10 11 12 13 14 15 16 17 18 20 21 22 23 24 25 26 28 29 30 32 34 35 36 38 39 40 43 45 46 48 49 50 51 52 53 54 55 56 58 59 60 61 62 64 65 66 67 69 70 71 72 73 74 76 79 81 82 83 84 85 86 87 88 89 90 91 92 94 96 97 98 100 101 104 105 106 107 108 111 112 115 118 119 120 
43 84         1 2 3 4 5 7 8 9 12 13 14 15 16 17 18 19 20 21 22 23 24 25 26 27 28 29 30 31 34 36 38 39 40 41 42 44 45 46 47 49 50 51 52 54 55 56 57 60 61 62 63 64 65 67 68 69 70 71 73 74 77 78 79 80 82 83 85 86 87 88 90 92 94 95 96 98 99 100 101 102 103 104 105 106 108 109 110 111 113 116 117 118 119 120 
44 43         1 2 3 8 10 11 13 14 15 16 17 18 19 20 21 22 23 24 25 26 28 29 31 32 34 35 36 37 38 39 40 41 43 45 47 48 49 52 53 54 55 56 57 58 59 60 61 63 64 65 66 67 68 69 70 71 74 75 76 78 80 81 82 83 84 85 87 90 91 92 93 94 95 96 98 99 104 108 109 110 111 112 113 114 115 116 120 
45 54         1 2 3 5 6 7 8 10 11 12 13 16 17 18 19 20 21 22 23 25 26 27 28 29 30 31 33 36 38 39 40 41 42 43 44 46 47 48 49 50 51 52 53 54 56 57 58 59 62 63 64 65 66 67 69 70 73 75 76 77 78 79 80 81 82 83 84 86 87 88 89 91 92 93 94 96 97 98 99 100 101 102 103 104 107 108 109 110 111 112 113 114 116 117 118 119 120 
46 73         3 4 5 6 7 8 10 11 12 13 14 16 18 19 20 21 22 23 24 25 26 27 28 29 30 31 35 36 37 39 40 42 43 45 47 48 50 51 52 53 54 55 56 57 58 59 61 62 63 65 66 67 68 69 71 72 73 74 75 76 77 78 80 81 82 83 84 85 87 88 89 93 94 95 97 98 101 103 105 106 108 109 110 112 113 115 116 117 118 119 120 
47 66         1 2 3 4 5 6 7 8 9 10 11 12 13 15 16 17 18 19 20 21 23 24 25 26 28 29 30 31 32 33 34 36 37 38 39 40 41 43 44 45 46 49 50 53 54 55 56 58 60 61 62 63 64 65 66 67 68 69 70 71 72 73 74 75 76 77 78 81 82 83 84 85 86 87 88 90 91 93 94 96 98 99 100 101 104 105 107 108 109 110 111 113 114 115 116 117 119 120 
48 32         1 2 3 5 6 7 8 9 10 11 12 13 15 16 17 18 19 20 21 23 24 25 26 27 28 30 32 33 35 36 37 38 39 42 44 45 46 49 50 51 52 53 54 55 56 57 59 60 61 63 65 66 67 68 69 70 71 72 73 75 76 77 79 80 81 82 83 84 86 87 88 89 90 92 93 94 97 98 99 100 101 102 103 104 105 106 107 108 109 110 111 112 113 114 115 117 119 120 
49 62         1 3 4 5 6 8 9 11 12 13 14 15 16 17 18 19 20 21 24 25 26 27 29 30 31 32 33 34 36 37 39 40 41 42 43 44 45 47 48 50 51 52 53 54 55 56 58 59 61 62 63 64 65 66 67 69 70 71 72 73 74 75 76 79 81 83 84 85 86 87 88 89 90 91 92 93 94 95 96 98 99 100 101 102 103 105 107 108 109 110 111 113 114 115 116 117 118 119 
50 48         1 2 5 7 8 10 11 12 14 15 16 18 19 20 22 23 24 25 26 28 30 31 32 33 34 36 37 39 40 42 43 45 46 47 48 49 51 52 53 54 55 56 58 62 63 65 66 67 68 69 71 72 76 77 78 79 80 83 84 85 86 87 89 90 91 92 93 94 95 96 97 98 99 101 102 103 104 106 108 109 110 111 113 114 115 116 118 119 120 
51 99         1 2 4 5 6 7 8 9 10 11 12 13 14 16 17 18 19 20 21 22 24 25 29 30 31 32 35 36 37 38 39 40 41 42 43 45 46 48 49 50 52 55 56 57 58 59 61 62 64 65 66 67 72 73 74 76 78 79 80 82 83 84 85 86 87 88 89 90 91 92 93 96 97 98 99 100 102 103 104 106 107 108 109 110 112 113 114 115 116 118 119 
52 90         1 2 3 4 5 7 9 10 11 12 14 15 16 17 18 19 20 21 22 23 24 25 26 27 28 29 30 32 33 34 35 36 37 39 40 41 42 43 44 45 46 48 49 50 51 53 55 56 58 59 60 61 62 63 64 65 67 68 71 72 73 74 75 76 77 78 79 80 81 82 84 85 86 87 88 89 91 92 93 94 95 97 98 100 101 104 105 106 108 109 110 111 112 114 115 116 117 118 119 120 
53 86         2 4 5 6 7 8 9 10 12 13 14 15 16 17 18 19 21 22 23 24 26 27 29 30 31 32 33 34 35 36 38 39 40 41 42 44 45 46 47 48 49 50 52 54 56 58 60 61 62 63 64 65 67 68 69 72 73 74 75 76 77 78 79 80 81 82 83 84 87 88 89 90 91 92 93 94 95 97 101 102 103 104 105 106 107 108 109 110 111 112 114 115 116 117 119 120 
54 28         1 2 3 4 5 6 7 8 9 10 12 13 14 15 16 17 18 21 22 23 24 25 27 28 29 30 31 32 33 35 36 37 38 39 41 42 43 44 45 46 47 48 49 50 53 55 56 58 60 61 62 64 65 67 68 69 71 72 73 77 78 79 80 82 83 84 85 86 87 89 90 91 92 93 94 96 98 99 100 101 102 103 104 105 106 107 109 110 112 113 114 116 118 119 120 
55 25         1 2 3 4 5 7 9 10 12 13 14 15 16 17 18 20 22 23 24 25 26 27 28 29 30 31 33 34 36 37 38 39 42 43 44 46 47 48 49 50 51 52 54 56 57 58 59 61 62 63 64 66 67 68 69 70 71 72 73 74 75 77 78 79 82 83 84 85 86 88 89 90 91 92 93 94 95 96 97 98 99 100 101 102 103 104 105 106 107 109 110 112 113 114 115 116 117 118 120 
56 25         1 2 4 5 6 7 8 9 10 11 13 15 16 17 18 20 21 22 23 24 25 26 27 28 29 31 32 35 36 37 38 39 40 41 42 43 44 45 46 47 48 49 50 51 52 53 54 55 57 58 59 60 62 63 64 65 66 67 68 69 70 71 73 74 75 76 77 78 79 80 81 82 83 84 85 88 89 93 94 95 96 97 98 99 101 102 105 106 108 109 110 111 112 113 114 115 116 118 119 120 
57 89         1 2 4 6 7 8 9 10 11 12 14 16 17 19 20 21 23 24 25 26 27 29 30 31 33 34 35 36 37 38 39 40 41 43 44 45 46 48 51 55 56 59 60 61 62 64 65 66 67 68 71 72 73 74 75 76 77 78 79 83 85 86 87 89 90 93 94 95 96 97 98 99 100 101 102 103 104 105 106 107 108 109 110 111 112 113 114 116 117 118 119 120 
58 67         1 2 3 4 5 6 7 8 9 10 12 14 15 17 18 19 21 22 23 24 25 26 27 28 29 30 31 32 33 35 38 39 40 41 42 44 45 46 47 49 50 51 52 53 54 55 56 59 60 61 62 63 64 65 66 67 68 71 72 73 74 77 78 80 81 82 83 85 86 87 88 90 91 92 94 96 97 98 99 100 101 103 104 105 106 107 108 109 110 111 112 113 115 116 117 119 120 
59 96         1 2 3 5 6 7 9 10 12 13 14 16 17 18 20 21 22 24 25 28 29 30 32 33 34 35 36 37 38 39 40 41 42 44 45 46 48 49 51 52 55 56 57 58 60 62 63 64 65 66 67 68 69 70 71 72 73 74 77 78 79 80 81 82 83 85 86 87 88 89 90 91 92 96 97 98 99 101 103 106 107 108 109 110 111 112 115 117 118 119 120 
60 35         1 6 7 8 9 10 12 15 16 17 18 22 24 25 26 27 28 29 31 32 34 35 38 39 40 42 43 44 47 48 52 53 54 56 57 58 59 62 63 64 65 66 68 70 71 73 75 77 78 79 80 81 83 84 85 86 87 89 90 91 94 95 96 97 98 100 101 103 104 105 106 107 108 109 111 112 113 114 115 116 117 118 119 120 
61 33         1 2 3 4 5 7 8 9 10 11 12 13 14 15 16 18 19 20 21 22 23 24 25 26 28 29 30 31 32 33 35 36 38 39 40 41 42 43 44 46 47 48 49 51 52 53 54 55 57 58 62 65 67 68 70 71 72 73 75 76 77 78 80 81 82 83 84 85 86 87 88 90 91 92 93 94 95 96 97 98 99 100 101 102 103 104 105 106 107 108 109 110 111 112 113 115 116 118 119 
62 70         1 2 3 4 5 6 9 10 11 12 13 14 15 16 18 19 20 21 22 25 26 27 28 29 30 31 32 33 34 35 36 37 39 40 41 42 43 45 46 47 49 50 51 52 53 54 55 56 57 58 59 60 61 63 64 65 66 67 68 69 70 71 72 73 74 75 76 77 79 80 81 83 86 87 88 89 90 91 92 93 94 95 96 97 98 99 100 103 105 106 107 108 109 111 113 115 116 117 119 120 
63 40         1 2 3 4 5 6 7 8 10 11 12 13 14 15 17 18 19 20 21 22 23 24 25 26 27 28 29 30 31 32 34 36 37 38 39 40 41 43 44 45 46 47 48 49 50 52 53 55 56 58 59 60 62 64 65 68 69 71 72 73 74 75 76 77 79 80 82 83 84 85 86 87 88 89 90 91 93 94 96 98 99 100 101 102 104 106 107 108 109 110 112 113 114 116 117 118 120 
64 59         1 2 3 5 6 7 8 9 10 11 13 14 15 16 17 18 19 20 21 22 23 24 25 26 27 28 30 34 35 36 38 39 40 42 43 44 45 47 49 51 52 53 54 55 56 57 58 59 60 62 63 65 66 67 68 69 72 74 77 79 80 81 83 84 85 86 87 88 89 90 91 93 94 95 96 97 98 100 101 102 103 104 105 106 109 110 111 112 113 114 115 116 117 118 119 120 
65 32         1 2 3 4 5 8 9 10 11 12 13 14 15 16 17 18 19 20 21 23 24 27 28 29 30 31 33 34 35 36 37 38 39 40 41 42 43 44 45 46 47 48 49 50 51 52 53 54 56 57 58 59 60 61 62 63 64 67 68 69 70 71 72 73 74 75 77 78 80 81 82 83 84 85 86 87 88 89 90 91 92 93 94 96 97 98 100 101 102 103 104 105 107 108 109 110 111 112 113 115 116 118 119 120 
66 94         2 4 5 6 7 8 9 10 11 13 14 15 17 18 19 21 25 26 28 29 30 32 33 34 35 36 38 39 41 42 44 45 46 47 48 49 50 51 55 56 57 58 59 60 62 64 67 68 69 70 71 74 75 77 78 79 81 82 83 84 85 86 87 88 91 92 93 94 95 96 97 98 101 102 104 105 107 108 109 110 111 112 113 114 115 117 118 119 120 
67 34         1 2 3 4 6 7 9 10 12 15 17 18 19 20 21 22 23 24 25 26 28 29 30 31 34 35 36 37 38 39 40 41 42 43 44 45 46 47 48 49 50 51 52 53 54 55 56 57 58 59 61 62 64 65 66 69 70 71 72 73 75 77 78 79 80 81 82 83 84 85 87 88 89 90 91 94 95 96 97 98 99 100 101 102 103 104 105 106 107 109 110 111 112 113 115 117 118 119 120 
68 86         1 2 3 4 5 6 8 9 10 11 12 13 16 17 18 19 21 22 23 24 25 26 27 28 29 33 34 35 36 38 40 43 44 46 47 48 50 52 53 54 55 56 57 58 59 60 61 62 63 64 65 66 69 71 73 75 76 77 78 79 80 81 82 83 84 85 86 87 89 90 91 92 93 94 95 97 98 99 100 101 102 103 104 105 106 107 108 109 111 113 114 115 116 117 118 119 120 
69 35         2 3 4 5 6 7 8 10 13 15 17 20 21 22 23 24 25 26 27 28 29 31 33 34 35 36 37 38 39 40 41 42 43 44 45 46 47 48 49 50 53 54 55 56 59 62 63 64 65 66 67 68 70 72 73 74 76 77 78 79 80 81 82 83 84 85 86 87 88 89 90 91 92 93 94 96 97 98 100 101 103 104 105 107 108 109 110 111 112 113 114 115 116 117 118 119 
70 45         1 2 3 4 5 6 7 8 9 10 11 12 13 14 15 16 17 18 20 21 22 23 24 27 28 29 30 31 32 33 34 35 36 38 39 40 41 42 43 44 45 47 48 49 55 56 59 60 61 62 65 66 67 69 72 73 76 78 79 80 81 82 83 84 86 88 89 90 91 93 94 96 97 100 101 102 103 104 105 106 107 108 109 110 111 112 115 116 119 120 
71 25         1 2 3 6 7 8 9 10 11 12 13 14 17 19 20 21 22 23 24 25 27 28 29 31 32 33 34 36 37 38 39 40 41 42 43 44 46 47 48 49 50 52 54 55 56 57 58 59 60 61 62 63 65 66 67 68 72 73 74 77 78 79 80 81 82 83 85 86 87 89 90 91 93 94 95 97 98 100 103 105 106 107 108 109 110 112 114 115 116 117 118 119 120 
72 76         1 2 3 5 6 7 8 10 11 12 13 14 15 16 17 18 21 22 23 24 25 27 28 29 30 31 32 33 34 35 37 38 39 40 42 46 47 48 49 50 51 52 53 54 55 57 58 59 61 62 63 64 65 67 69 70 71 73 74 75 77 78 80 81 82 83 84 86 88 90 91 92 93 95 98 99 100 101 102 103 104 106 107 108 109 110 111 112 113 115 116 117 119 
73 80         1 2 3 4 6 7 8 9 10 11 13 14 15 16 17 18 20 22 23 24 25 26 27 29 30 31 32 33 35 36 38 40 41 42 43 45 46 47 48 49 51 52 53 54 55 56 57 58 59 60 61 62 63 65 67 68 69 70 71 72 75 76 77 79 82 83 84 85 86 88 89 90 91 92 93 94 95 96 97 98 100 101 102 103 104 105 107 108 109 110 111 112 113 114 115 116 117 119 120 
74 42         1 2 3 6 7 8 9 10 12 15 16 17 19 20 21 22 23 24 25 26 27 28 29 30 31 33 37 38 39 40 41 42 43 44 46 47 49 51 52 53 55 56 57 58 59 62 63 64 65 66 69 71 72 75 76 77 78 79 80 81 82 83 84 85 86 87 89 90 92 93 94 95 96 97 98 99 100 102 103 104 105 106 108 110 111 113 114 115 116 117 119 120 
75 91         3 4 6 7 8 9 11 14 15 17 18 19 20 21 22 23 24 25 27 28 29 30 31 32 33 36 37 39 40 41 44 45 46 47 48 49 52 53 55 56 57 60 61 62 63 65 66 67 68 72 73 74 76 77 78 80 81 82 83 84 85 86 87 89 90 91 92 93 94 95 96 97 98 99 100 101 102 103 104 105 107 109 110 111 112 113 114 115 117 118 119 120 
76 44         1 3 4 6 7 8 9 11 13 14 15 16 17 18 21 22 23 24 25 26 27 28 30 32 33 34 35 36 37 38 39 40 41 42 44 45 46 47 48 49 50 51 52 53 56 57 61 62 63 68 69 70 73 74 75 77 78 79 80 81 84 85 86 87 89 90 91 92 93 94 95 96 97 98 99 100 102 103 104 105 106 108 109 110 112 113 114 116 117 119 
77 91         1 2 3 4 6 7 8 9 10 11 12 13 15 16 17 18 19 20 21 22 23 24 25 26 27 28 29 30 31 32 33 34 35 36 37 38 39 40 43 45 46 47 48 50 52 53 54 55 56 57 58 59 60 61 62 63 64 65 66 67 68 69 71 72 73 74 75 76 78 79 80 81 82 83 84 85 88 89 90 91 93 94 95 96 97 98 99 100 101 102 103 105 106 107 109 110 111 112 113 114 115 117 118 119 120 
78 97         1 3 4 5 6 9 10 11 12 13 14 15 16 19 20 21 22 23 24 25 26 27 28 30 31 32 33 35 36 37 38 39 41 43 44 45 46 47 50 51 52 53 54 55 56 57 58 59 60 61 65 66 67 68 69 70 71 72 74 75 76 77 79 80 82 83 84 86 88 89 90 91 92 93 94 96 98 99 100 103 104 105 106 107 108 109 111 112 113 115 116 117 118 119 
79 60         1 2 3 4 5 6 8 9 10 11 12 13 14 16 17 18 19 20 21 22 24 25 26 27 30 32 33 34 35 38 40 41 42 43 45 48 49 50 51 52 53 54 55 56 57 59 60 62 63 64 66 67 68 69 70 71 73 74 76 77 78 80 81 82 83 84 85 86 87 88 89 90 91 93 94 95 96 97 98 99 100 101 102 103 105 106 108 109 110 111 112 113 114 115 116 117 118 119 120 
80 29         1 2 3 4 5 6 7 9 10 11 12 13 14 15 17 18 19 20 21 22 23 25 26 27 28 29 30 31 33 37 38 39 41 43 44 45 46 48 50 51 52 53 54 56 58 59 60 61 62 63 64 65 67 68 69 70 71 72 74 75 76 77 78 79 82 83 84 85 86 87 89 90 91 93 94 95 96 97 98 99 101 102 103 104 106 107 108 109 110 111 112 113 114 115 116 117 118 119 
81 45         1 2 5 6 7 8 9 10 11 13 14 15 16 17 18 19 20 21 23 24 25 26 27 28 29 30 33 34 35 36 37 38 39 40 41 42 44 45 46 47 48 49 52 53 56 58 59 60 61 62 64 65 66 67 68 69 70 71 72 74 75 76 77 79 82 83 84 85 86 87 88 89 90 91 92 94 95 96 97 99 102 103 104 105 106 107 108 109 110 111 112 114 117 118 120 
82 37         1 2 3 5 6 7 8 10 12 13 14 15 17 18 20 21 22 23 25 26 27 28 29 30 31 32 33 34 36 38 40 41 42 43 44 45 46 47 48 51 52 53 54 55 56 58 59 61 63 65 66 67 68 69 70 71 72 73 74 75 77 78 79 80 81 83 84 85 86 87 90 91 92 93 95 96 97 98 99 100 101 103 104 105 106 108 109 110 111 113 114 116 117 118 119 120 
83 61         1 2 3 4 5 6 7 8 10 12 14 15 16 17 18 19 20 21 22 23 24 25 26 27 28 30 31 32 34 35 36 38 39 40 41 42 43 44 45 46 47 48 49 50 51 53 54 55 56 57 58 59 60 61 62 63 64 65 66 67 68 69 70 71 72 73 74 75 77 78 79 80 81 82 85 86 88 90 91 95 97 98 99 101 102 104 105 106 107 108 110 111 112 113 116 117 118 119 
84 54         2 5 6 8 9 10 11 12 13 14 15 16 17 18 19 21 22 23 24 25 26 27 28 29 31 32 33 34 35 36 37 38 39 40 41 42 44 45 46 47 48 49 50 51 52 53 54 55 56 60 61 63 64 65 66 67 68 69 70 72 73 74 75 76 77 78 79 80 81 82 85 86 88 90 91 93 95 96 97 98 99 100 101 102 103 105 106 107 109 110 111 113 114 115 116 117 118 119 120 
85 78         1 2 3 4 6 8 9 10 11 13 14 15 17 19 20 22 24 25 26 27 28 29 30 31 32 33 35 38 39 40 41 42 43 44 46 47 49 50 51 52 54 55 56 57 58 59 60 61 63 64 65 66 67 68 69 71 73 74 75 76 77 79 80 81 82 83 84 86 87 88 90 91 92 93 96 98 99 100 101 102 103 104 105 106 107 108 109 110 111 112 113 114 115 117 118 119 120 
86 56         1 2 3 4 6 7 8 9 10 11 12 13 14 15 17 18 19 20 21 24 25 26 27 29 32 33 34 35 36 37 39 41 42 43 45 47 48 49 50 51 52 54 55 57 58 59 60 61 62 63 64 65 66 68 69 70 71 72 73 74 75 76 78 79 80 81 82 83 84 85 87 89 90 91 92 93 94 95 96 97 98 99 100 101 103 104 105 106 107 108 109 110 111 112 113 115 116 118 120 
87 74         1 2 3 4 5 6 7 8 9 10 12 13 14 15 16 18 19 20 21 22 23 24 25 26 27 28 29 30 31 32 34 35 36 37 39 40 41 42 43 44 45 46 47 48 49 50 51 52 53 54 57 58 59 60 61 62 63 64 65 66 67 68 69 71 74 75 76 79 80 81 82 85 86 88 90 91 92 93 95 97 98 99 100 103 105 106 107 108 109 110 111 112 113 114 115 116 117 118 119 
88 74         1 2 3 4 6 8 9 10 11 12 13 14 15 16 17 18 19 20 22 23 25 26 27 28 30 31 32 33 34 35 36 37 39 40 42 43 45 46 47 48 49 51 52 53 55 56 58 59 61 62 63 64 65 66 67 69 70 72 73 77 78 79 81 83 84 85 87 89 91 92 94 96 97 98 101 102 103 104 106 107 109 110 111 113 114 115 116 120 
89 45         1 2 3 4 5 6 7 8 11 12 13 14 15 16 17 18 19 20 21 22 23 25 26 27 28 30 31 32 33 34 35 36 37 38 39 40 41 42 45 46 48 49 50 51 52 53 54 55 56 57 59 60 62 63 64 65 67 68 69 70 71 73 74 75 76 77 78 79 80 81 86 88 90 91 92 93 95 96 97 98 99 100 101 104 105 106 107 108 110 111 112 113 114 115 116 118 119 120 
90 21         1 2 3 4 5 6 8 9 10 11 12 13 14 15 16 17 18 19 20 21 22 23 24 25 26 27 28 29 30 31 32 35 37 39 40 41 42 43 44 47 48 49 50 51 53 54 55 57 58 59 60 61 62 63 64 65 67 68 69 70 71 72 73 74 75 76 77 78 79 80 81 82 83 84 85 86 87 89 91 92 93 94 95 96 97 98 99 100 101 102 103 104 106 107 108 109 110 111 113 115 116 117 118 119 120 
91 96         1 2 3 5 6 8 9 10 12 13 15 16 17 18 19 21 22 23 25 27 30 31 32 33 34 35 36 38 39 40 42 44 45 47 49 50 51 52 53 54 55 58 59 60 61 62 63 64 65 66 67 68 69 70 71 72 73 75 76 77 78 79 80 81 82 83 84 85 86 87 88 89 90 92 94 95 96 97 98 99 100 101 102 103 105 106 108 109 110 112 113 114 115 116 
92 37         1 2 4 5 6 7 8 9 10 13 14 15 16 17 18 19 20 21 22 23 24 25 26 27 28 29 30 31 32 33 35 38 39 40 41 42 43 44 45 48 49 50 51 52 53 54 55 58 59 61 62 65 66 68 69 72 73 74 75 76 78 81 82 85 86 87 88 89 90 91 94 95 97 99 100 102 104 105 106 107 108 109 110 111 112 113 114 116 117 118 119 120 
93 75         1 2 3 4 7 8 9 10 11 12 14 16 17 18 19 20 21 22 23 24 25 28 30 31 32 33 34 36 37 38 39 40 44 45 46 47 48 49 50 51 52 53 54 55 56 57 61 62 63 64 65 66 68 69 70 71 72 73 74 75 76 77 78 79 80 82 84 85 86 87 89 90 94 95 96 97 98 99 100 101 103 104 105 106 107 109 110 111 115 116 117 118 119 120 
94 100        1 3 4 6 7 8 9 12 13 14 16 17 18 19 20 21 22 23 24 25 26 27 28 29 30 31 32 33 34 35 36 38 39 40 42 43 44 45 46 47 48 49 50 52 53 54 55 56 57 58 60 61 62 63 64 65 66 67 68 69 70 71 73 74 75 76 77 78 79 80 81 86 88 90 91 92 93 96 97 98 99 100 101 105 109 110 111 112 113 114 115 116 118 119 120 
95 58         1 2 3 4 5 6 7 9 12 13 14 15 16 17 18 19 20 21 23 24 25 26 27 28 29 30 33 34 35 36 39 40 41 43 44 46 49 50 52 53 55 56 57 60 61 62 64 66 67 68 71 72 73 74 75 76 77 79 80 81 82 83 84 86 87 89 90 91 92 93 96 97 98 99 101 102 103 104 105 106 108 110 111 112 113 114 115 116 117 119 120 
96 84         1 2 3 4 6 7 8 10 11 12 13 14 15 17 18 19 22 23 25 26 27 29 30 31 33 34 35 37 38 39 40 41 42 43 44 45 47 49 50 51 54 55 56 57 58 59 60 61 62 63 64 65 66 67 69 70 73 74 75 76 77 78 79 80 81 82 84 85 86 88 89 90 91 93 94 95 97 98 99 102 103 104 105 106 107 108 110 111 113 114 115 117 118 119 
97 85         1 2 3 4 5 7 8 9 13 14 16 17 18 19 20 21 22 23 24 25 27 28 29 30 31 32 35 36 37 38 39 41 42 45 46 48 50 51 52 53 55 56 57 58 59 60 61 62 64 65 66 67 68 69 70 71 73 74 75 76 77 79 80 81 82 83 84 86 87 88 89 90 91 92 93 94 95 96 98 99 100 101 103 104 105 108 109 111 112 113 114 116 117 118 119 120 
98 56         1 2 3 4 5 6 8 9 10 11 12 13 15 16 17 18 19 20 22 23 24 25 26 27 28 30 31 34 35 36 38 39 40 41 42 43 44 45 46 47 48 49 50 51 52 54 55 56 57 58 59 60 61 62 63 64 65 66 67 68 69 71 72 73 74 75 76 77 78 79 80 82 83 84 85 86 87 88 89 90 91 93 94 95 96 97 99 100 101 102 103 104 106 107 108 109 110 111 112 113 114 115 116 117 118 119 120 
99 54         1 3 4 5 6 7 8 9 11 12 13 14 15 16 17 18 19 20 21 22 24 25 27 28 29 30 31 32 33 34 36 38 39 40 41 43 44 45 47 48 49 50 51 54 55 56 57 58 59 61 62 63 67 68 72 74 75 76 77 78 79 80 81 82 83 84 85 86 87 89 90 91 92 93 94 95 96 97 98 100 101 103 104 106 107 110 111 112 113 114 118 119 120 
100 71        1 2 3 4 5 6 8 9 10 11 12 13 14 15 16 17 18 20 21 22 24 25 26 27 28 29 30 31 33 35 36 37 38 39 40 41 42 43 45 47 48 49 51 52 54 55 57 58 60 61 62 63 64 65 67 68 69 70 71 72 73 74 75 76 77 78 79 82 84 85 86 87 89 90 91 92 93 94 97 98 99 101 102 104 105 106 108 109 110 111 112 113 115 116 117 118 120 
101 52        1 2 3 4 6 7 8 9 10 11 13 14 15 17 18 19 22 23 24 27 28 29 30 31 32 33 34 36 37 38 39 41 42 43 45 46 47 48 49 50 52 53 54 55 56 57 58 59 60 61 63 64 65 66 67 68 69 70 72 73 75 77 79 80 82 83 84 85 86 88 89 90 91 93 94 95 97 98 99 100 102 103 104 105 106 107 108 109 110 112 113 114 115 117 118 119 120 
102 79        1 2 3 4 5 6 7 8 10 12 13 15 16 17 18 19 20 21 22 23 24 25 26 29 30 32 33 34 35 36 37 38 39 40 41 43 45 48 49 50 51 53 54 55 56 57 61 63 64 65 66 67 68 70 72 73 74 75 76 77 79 80 81 83 84 85 88 90 91 92 95 96 98 100 101 103 104 105 106 109 110 111 112 113 115 116 117 118 120 
103 43        1 2 4 6 7 8 9 10 11 12 15 16 17 18 19 20 21 22 25 26 27 28 30 31 33 35 36 37 40 41 43 45 46 48 49 50 51 53 54 55 57 58 59 60 61 62 64 65 67 68 69 70 71 72 73 74 75 76 77 78 79 80 81 82 84 85 86 87 88 90 91 93 95 96 97 98 99 101 102 104 105 107 108 109 110 112 113 114 116 117 118 119 120 
104 35        1 3 4 5 6 7 9 11 12 13 14 15 16 18 20 23 24 25 26 27 28 29 31 32 33 34 35 37 38 40 41 42 43 44 45 47 48 50 51 52 53 54 55 57 58 60 61 63 64 65 66 67 68 69 70 72 73 74 75 76 78 80 81 82 83 85 86 88 89 90 92 93 95 96 97 98 99 100 101 102 103 105 106 107 108 109 110 111 112 113 114 116 117 118 119 
105 27        2 4 5 6 7 8 10 11 12 13 14 15 16 17 19 21 22 23 25 26 30 31 32 33 34 35 37 38 41 42 43 46 47 48 49 52 53 54 55 56 57 58 60 61 62 64 65 66 67 68 69 70 71 73 74 75 76 77 78 79 81 82 83 84 85 86 87 89 91 92 93 94 95 96 97 100 101 102 103 104 106 107 108 109 111 112 113 114 115 117 118 119 120 
106 70        2 3 4 6 7 8 9 11 13 14 18 19 20 21 23 24 25 26 27 28 29 30 31 32 33 36 37 39 40 41 42 43 46 48 50 51 52 53 54 55 56 57 58 59 60 61 62 63 64 67 68 70 71 72 74 76 77 78 79 80 81 82 83 84 85 86 87 88 89 90 91 92 93 95 96 98 99 100 101 102 104 105 107 109 110 111 112 113 114 115 116 117 118 119 120 
107 31        1 2 3 4 5 6 7 8 9 10 11 12 13 14 16 18 19 20 21 22 23 24 26 27 28 30 32 33 34 35 36 37 38 40 41 42 45 47 48 49 51 53 54 55 57 58 59 60 61 62 63 65 66 67 68 69 70 71 72 73 75 77 78 80 81 83 84 85 86 87 88 89 90 92 93 96 98 99 101 103 104 105 106 108 109 110 112 113 114 115 116 117 118 119 
108 47        1 2 3 5 6 7 8 9 10 11 12 13 15 16 18 19 20 21 22 24 25 26 27 28 30 32 33 34 35 36 37 39 40 41 42 43 44 45 46 47 48 49 50 51 52 53 56 57 58 59 60 61 62 63 65 66 68 69 70 71 72 73 74 76 78 79 80 81 82 83 85 86 87 89 90 91 92 95 96 97 98 100 101 103 104 105 107 110 111 112 114 115 116 
109 35        1 2 3 4 5 6 7 8 10 11 12 13 14 15 16 17 18 19 20 21 23 24 25 26 27 28 30 32 33 34 35 36 38 39 40 41 43 44 45 46 47 48 49 50 51 52 53 54 55 56 57 58 59 60 61 62 63 64 65 66 67 68 69 70 71 72 73 75 76 77 78 79 80 81 82 84 85 86 87 88 90 91 92 93 94 97 98 100 101 102 103 104 105 106 107 110 111 112 113 114 115 117 120 
110 26        1 2 3 4 5 6 7 8 9 10 11 12 13 16 18 19 20 21 22 24 25 27 28 30 31 32 33 35 36 37 38 40 41 43 44 45 46 47 48 49 50 51 52 53 54 55 56 57 58 59 61 63 64 65 66 67 69 70 71 72 73 74 75 76 77 79 80 81 82 83 84 85 86 87 88 89 90 91 92 93 94 95 96 98 99 100 101 102 103 104 106 107 108 109 111 112 113 114 115 116 117 118 119 120 
111 30        1 2 4 5 7 8 9 10 11 12 13 14 15 16 17 18 19 20 22 23 24 25 26 27 28 30 31 33 34 35 36 37 38 39 41 42 43 44 45 47 48 49 50 52 53 56 57 58 59 60 61 62 64 65 66 67 68 69 70 72 73 74 75 77 78 79 80 81 82 83 84 85 86 87 88 89 90 92 93 94 95 96 97 98 99 100 102 104 105 106 108 109 110 112 113 115 116 117 118 119 120 
112 97        1 2 3 4 5 6 7 8 9 11 12 13 14 15 16 18 20 21 22 25 26 27 28 29 33 36 37 38 39 40 41 42 44 45 46 48 51 52 53 54 55 56 57 58 59 60 61 63 64 65 66 67 69 70 71 72 73 75 76 77 78 79 80 81 83 85 86 87 89 91 92 94 95 97 98 99 100 101 102 103 104 105 106 107 108 109 110 111 113 114 115 116 117 118 119 120 
113 90        1 2 3 4 5 6 7 9 10 11 12 13 14 16 17 18 19 20 21 24 26 28 29 31 32 33 34 35 37 38 40 41 43 44 45 46 47 48 49 50 51 54 55 56 57 58 60 61 62 63 64 65 66 67 68 69 72 73 74 75 76 77 78 79 80 82 83 84 85 86 87 88 89 90 91 92 94 95 96 97 98 99 100 101 102 103 104 105 106 107 109 110 111 112 114 115 116 117 119 
114 80        1 2 3 4 5 6 7 8 9 10 11 12 13 14 15 17 18 19 21 22 23 24 25 26 27 28 30 32 33 34 35 36 37 38 39 40 44 45 47 48 49 50 51 52 53 54 55 56 57 60 63 64 66 68 69 71 73 74 75 76 77 79 80 81 82 84 85 87 88 89 91 92 94 95 96 97 98 99 101 103 104 105 106 107 108 109 110 112 113 115 116 117 118 119 120 
115 58        1 2 3 4 5 9 12 13 14 15 16 17 18 19 20 21 22 23 24 25 27 31 32 34 36 38 40 41 42 44 46 47 48 49 50 51 52 53 55 56 58 59 60 61 62 64 65 66 67 68 69 70 71 72 73 74 75 77 78 79 80 84 85 86 87 88 89 90 91 93 94 95 96 98 100 101 102 105 106 107 108 109 110 111 112 113 114 116 117 118 
116 60        1 2 4 5 7 9 10 11 13 14 15 16 17 19 20 21 23 24 25 26 27 28 29 31 32 33 34 35 36 37 38 39 40 43 44 45 46 47 49 50 51 52 53 54 55 56 57 58 60 61 62 63 64 65 68 69 70 71 72 73 74 76 78 79 80 82 83 84 86 87 88 89 90 91 92 93 94 95 97 98 100 102 103 104 106 107 108 110 111 112 113 114 115 117 118 119 120 
117 73        1 2 3 4 5 6 7 8 10 11 14 17 18 19 21 22 23 24 26 27 29 30 32 33 34 35 36 38 41 43 45 46 47 48 49 52 53 55 57 58 59 60 62 63 64 66 67 68 69 71 72 73 74 75 76 77 78 79 80 81 82 83 84 85 87 90 92 93 95 96 97 98 100 101 102 103 104 105 106 107 109 110 111 112 113 114 115 116 118 120 
118 46        4 6 8 9 10 12 13 16 17 18 19 20 21 22 23 24 25 26 28 29 30 31 32 33 34 35 37 40 41 42 43 45 46 49 50 51 52 54 55 56 57 59 60 61 63 64 65 66 67 68 69 71 75 77 78 79 80 81 82 83 84 85 86 87 89 90 92 93 94 96 97 98 99 100 101 102 103 104 105 106 107 110 111 112 114 115 116 117 119 120 
119 71        2 3 4 5 7 8 9 10 11 15 16 17 18 19 20 21 22 23 24 25 27 29 30 31 32 33 34 36 37 39 40 41 42 43 45 46 47 48 49 50 51 52 53 54 56 57 58 59 60 61 62 64 65 66 67 68 69 70 71 72 73 74 75 76 77 78 79 80 82 83 84 85 87 89 90 92 93 94 95 96 97 98 99 101 103 104 105 106 107 110 111 112 113 114 116 118 120 
120 39        1 2 3 4 5 6 8 9 10 11 12 13 14 15 16 17 18 20 21 22 25 27 28 29 30 32 33 34 35 37 38 39 41 42 43 44 45 46 47 48 50 52 53 54 55 56 57 58 59 60 62 63 64 65 66 67 68 70 71 73 74 75 77 79 81 82 84 85 86 88 89 90 92 93 94 95 97 98 99 100 101 102 103 105 106 109 110 111 112 114 116 117 118 119 
