120 150
1 38          4 7 8 11 15 17 20 21 22 24 25 26 27 28 30 32 33 34 35 38 39 40 41 42 43 45 47 53 54 55 56 58 60 61 62 63 66 67 68 69 70 71 74 75 77 78 80 81 82 85 86 87 88 91 93 95 97 98 99 100 102 103 105 106 107 108 109 110 112 113 114 115 120 
2 100         3 4 6 7 8 9 13 14 15 17 18 20 23 24 25 29 31 32 35 36 40 41 44 47 48 49 51 55 57 58 59 60 61 65 70 73 74 77 78 79 80 81 82 84 85 87 88 90 91 94 96 97 99 100 101 105 106 107 108 110 111 113 115 116 117 118 119 
3 60          2 5 6 7 8 9 10 11 12 13 14 16 17 18 20 21 22 27 29 30 32 34 36 39 41 42 43 44 45 46 47 48 52 53 55 58 59 62 64 65 66 67 69 72 73 74 75 76 77 79 80 83 84 85 90 92 93 94 95 96 99 100 101 102 103 104 105 107 110 112 113 114 115 116 117 118 119 
4 42          1 2 6 8 9 11 12 13 14 15 17 18 22 23 24 25 27 28 29 30 31 32 33 34 35 37 38 40 41 42 43 44 47 48 50 51 52 54 58 59 63 67 69 70 71 72 73 74 76 77 79 81 82 83 84 86 89 92 93 94 96 97 98 100 101 102 103 106 112 114 115 116 117 
5 20          3 6 7 8 11 15 17 19 21 22 23 24 25 26 27 28 29 30 31 33 34 37 39 40 41 42 45 47 48 50 51 53 55 56 60 61 64 65 66 69 70 75 76 77 78 79 82 83 85 86 88 89 90 91 92 95 96 97 98 99 100 102 103 104 106 107 109 116 119 
6 69          2 3 4 5 7 8 9 10 11 17 18 20 23 24 25 28 29 30 31 33 34 35 37 39 41 42 43 44 45 46 47 48 49 50 51 52 53 55 56 57 58 62 66 67 68 71 72 73 74 75 78 80 81 82 86 87 88 89 91 93 94 96 97 99 100 102 103 104 107 108 109 111 112 113 114 116 118 
7 24          1 2 3 5 6 8 10 11 14 16 17 18 19 21 23 26 28 29 30 31 36 38 41 42 43 44 45 50 51 52 55 57 58 59 60 64 67 68 69 70 71 72 73 74 75 76 83 86 87 89 90 92 93 94 96 97 98 99 103 104 105 107 108 109 110 111 112 113 116 117 120 
8 23          1 2 3 4 5 6 7 9 10 11 12 13 16 20 21 24 25 26 27 29 30 31 32 33 34 35 38 41 42 45 46 47 48 49 51 53 55 59 61 64 67 68 69 71 72 73 74 76 79 80 83 84 88 89 90 93 95 96 97 98 99 100 101 102 103 104 106 107 108 109 110 112 113 
9 92          2 3 4 6 8 12 14 16 17 18 19 20 21 22 23 24 25 28 29 31 33 35 36 37 38 39 40 42 44 45 52 53 54 55 56 57 58 63 68 69 71 74 75 76 78 79 80 82 83 86 89 90 92 93 98 99 100 101 103 104 105 106 108 110 111 114 116 117 118 119 120 
10 32         3 6 7 8 12 13 15 21 22 24 29 30 32 34 35 36 39 40 41 43 44 45 46 47 48 50 54 56 57 58 61 62 63 64 65 67 68 69 70 71 73 75 78 80 81 82 83 84 86 87 89 90 91 93 96 97 99 100 102 103 104 105 108 111 113 114 116 119 
11 84         1 3 4 5 6 7 8 12 14 16 18 20 21 23 24 27 29 33 34 36 38 39 41 45 46 47 48 53 56 58 59 61 62 63 64 65 67 68 69 70 74 76 77 80 81 83 85 86 87 89 94 96 97 99 100 103 104 105 108 111 112 115 117 119 
12 36         3 4 8 9 10 11 13 14 16 17 18 19 21 22 23 24 25 26 27 29 31 32 33 34 35 36 37 38 39 40 42 44 46 48 49 51 52 53 54 56 59 64 65 66 67 70 71 72 73 74 75 76 78 79 80 82 84 85 86 88 89 90 93 94 96 99 101 102 103 104 105 107 109 111 112 113 115 117 118 119 120 
13 65         2 3 4 8 10 12 15 16 17 18 20 22 23 24 25 28 30 32 33 34 35 39 44 45 46 47 48 49 52 53 56 57 59 61 62 63 64 66 68 69 70 72 75 77 78 80 81 82 83 86 87 88 89 90 92 94 95 96 97 98 101 102 104 105 106 107 108 110 112 114 117 118 119 120 
14 84         2 3 4 7 9 11 12 15 16 17 18 19 20 21 22 24 26 27 28 29 30 33 34 37 38 39 42 43 45 46 47 48 49 50 53 57 60 62 63 67 69 70 73 74 77 78 79 80 81 82 84 85 89 90 93 95 97 98 99 100 101 102 104 105 106 108 110 113 115 117 118 120 
15 34         1 2 4 5 10 13 14 16 18 19 22 24 25 28 29 30 31 32 34 35 38 39 40 42 46 47 48 49 50 51 52 53 54 55 56 57 59 60 61 62 63 65 66 67 68 69 70 71 72 73 74 79 81 82 83 84 85 86 89 90 92 93 94 95 97 98 99 100 101 103 104 105 106 107 108 109 110 111 112 113 114 116 117 
16 68         3 7 8 9 11 12 13 14 15 17 18 20 21 22 24 26 27 28 30 31 33 34 36 42 43 44 46 47 49 50 51 52 53 55 58 63 64 68 69 71 72 74 75 77 78 80 86 87 89 95 96 100 101 102 105 112 113 115 119 120 
17 64         1 2 3 4 5 6 7 9 12 13 14 16 18 19 21 22 23 24 26 29 31 32 33 37 38 39 41 42 43 44 47 49 51 52 56 57 60 61 62 63 64 68 72 74 75 76 78 79 86 87 88 89 91 94 95 96 97 98 101 102 103 105 107 108 112 115 116 118 119 120 
18 33         2 3 4 6 7 9 11 12 13 14 15 16 17 22 24 25 27 29 31 33 34 35 36 37 38 40 41 42 43 45 46 47 48 49 50 54 55 56 58 61 62 63 65 66 71 72 73 76 77 78 79 81 83 87 88 92 95 97 99 101 103 104 105 107 108 109 110 111 112 114 115 116 118 119 120 
19 69         5 7 9 12 14 15 17 21 23 24 25 27 30 33 34 40 41 42 44 45 47 48 49 50 51 54 55 56 57 58 63 64 65 66 67 68 70 71 75 79 80 84 85 86 87 88 91 92 94 96 99 100 101 103 106 107 108 110 111 112 113 114 116 117 118 119 120 
20 27         1 2 3 6 8 9 11 13 14 16 21 22 24 25 28 32 34 36 37 40 43 44 45 46 48 49 51 52 53 55 58 59 64 67 68 69 71 72 73 74 77 78 80 81 82 84 85 86 87 88 89 91 92 93 94 96 97 99 101 105 106 108 110 111 113 114 115 117 118 
21 47         1 3 5 7 8 9 10 11 12 14 16 17 19 20 22 24 29 31 33 36 38 41 42 44 45 46 49 50 51 54 56 58 60 62 63 66 67 69 70 71 72 73 74 75 79 82 83 84 85 87 88 89 92 93 94 95 96 100 102 103 104 105 107 108 110 111 112 114 115 116 117 118 119 120 
22 21         1 3 4 5 9 10 12 13 14 15 16 17 18 20 21 24 26 27 29 30 34 35 36 37 41 43 45 46 47 48 49 50 51 52 53 54 55 57 60 63 64 65 66 68 70 72 73 74 76 77 80 81 82 83 84 86 87 88 89 91 92 93 94 97 98 102 104 105 107 109 110 111 112 117 118 119 120 
23 85         2 4 5 6 7 9 11 12 13 17 19 24 25 31 32 33 34 35 36 37 42 43 44 45 46 49 50 51 52 54 57 58 59 60 63 64 66 68 69 70 71 72 74 75 76 77 78 79 80 83 84 86 87 93 94 96 98 99 101 102 104 106 107 108 109 112 115 116 118 119 120 
24 88         1 2 4 5 6 8 9 10 11 12 13 14 15 16 17 18 19 20 21 22 23 25 26 27 30 31 34 36 37 42 45 48 49 52 54 55 59 62 63 64 67 69 70 71 72 76 78 80 81 85 89 90 95 97 98 103 104 105 106 107 108 110 115 116 118 
25 59         1 2 4 5 6 8 9 12 13 15 18 19 20 23 24 27 29 30 31 32 33 34 35 37 38 39 40 41 42 43 44 45 46 47 48 51 52 53 54 55 56 57 58 61 62 64 66 67 70 71 73 74 76 77 78 81 85 86 88 89 90 92 93 94 95 96 97 99 100 101 103 104 105 107 109 110 113 114 115 118 120 
26 61         1 5 7 8 12 14 16 17 22 24 28 29 30 31 32 33 35 36 38 39 40 43 44 46 47 49 51 55 57 59 60 61 65 66 67 69 70 71 72 73 74 75 82 86 92 96 100 101 106 108 109 110 111 113 115 116 120 
27 50         1 3 4 5 8 11 12 14 16 18 19 22 24 25 28 29 30 34 35 36 37 39 41 42 44 45 48 50 53 55 56 57 58 60 61 62 65 66 67 68 70 73 74 78 79 80 81 82 83 85 89 90 91 93 94 96 97 98 99 100 104 106 107 109 110 113 115 117 118 119 120 
28 53         1 4 5 6 7 9 13 14 15 16 20 26 27 29 30 31 36 38 39 47 48 52 54 55 56 57 59 61 62 63 65 66 68 71 74 76 78 81 82 83 84 86 87 88 90 93 95 96 98 103 104 105 106 107 109 112 113 116 119 120 
29 37         2 3 4 5 6 7 8 9 10 11 12 14 15 17 18 21 22 25 26 27 28 32 33 35 36 38 39 40 41 42 45 49 50 51 54 56 57 58 59 61 63 67 71 72 73 77 78 81 83 84 85 86 88 89 90 93 95 96 97 99 100 102 103 104 105 107 109 111 112 116 119 
30 75         1 3 4 5 6 7 8 10 13 14 15 16 19 22 24 25 26 27 28 31 32 34 37 38 39 40 42 43 44 45 46 47 49 50 56 59 62 63 68 69 71 72 73 74 75 76 78 80 81 82 83 86 89 90 91 93 96 97 98 100 103 104 105 107 109 110 112 113 114 117 118 120 
31 64         2 4 5 6 7 8 9 12 15 16 17 18 21 23 24 25 26 28 30 32 33 34 35 36 38 39 40 41 42 43 45 47 50 51 55 56 60 61 65 66 69 70 71 72 73 74 75 76 77 78 80 87 89 90 91 92 94 95 97 98 99 100 101 102 104 105 108 109 110 113 114 117 120 
32 84         1 2 3 4 8 10 12 13 15 17 20 23 25 26 29 30 31 33 34 36 37 38 41 43 45 46 47 50 51 52 53 55 57 58 61 62 63 65 67 69 72 73 79 80 81 83 84 88 89 90 92 93 94 96 98 100 101 103 106 108 109 111 114 116 118 119 120 
33 74         1 4 5 6 8 9 11 12 13 14 16 17 18 19 21 23 25 26 29 31 32 34 37 39 46 51 52 53 54 55 56 58 59 61 62 68 69 71 73 74 75 77 78 82 83 85 86 87 89 91 93 96 97 98 101 102 103 104 105 107 108 109 111 113 115 116 117 118 119 
34 57         1 3 4 5 6 8 10 11 12 13 14 15 16 18 19 20 22 23 24 25 27 30 31 32 33 35 37 38 40 41 44 46 47 48 50 52 53 54 57 58 59 60 61 62 63 64 66 68 70 71 72 73 74 76 77 78 79 81 83 84 85 87 90 91 92 93 95 96 98 100 101 106 107 108 110 111 113 114 115 116 120 
35 83         1 2 4 6 8 9 10 12 13 15 18 22 23 25 26 27 29 31 34 36 38 40 41 42 45 46 48 49 50 51 52 53 54 55 58 59 60 68 72 73 74 75 76 77 78 79 80 81 82 83 84 85 87 91 92 95 99 100 101 102 103 105 107 109 110 111 113 114 115 116 117 
36 28         2 3 7 9 10 11 12 16 18 20 21 22 23 24 26 27 28 29 31 32 35 37 39 41 42 45 48 53 54 55 57 58 60 61 65 68 69 71 72 73 74 76 79 81 85 91 92 95 96 97 98 101 103 105 106 107 110 111 113 117 118 120 
37 31         4 5 6 9 12 14 17 18 20 22 23 24 25 27 30 32 33 34 36 38 39 40 41 47 48 50 53 54 55 56 58 61 65 66 67 70 74 75 78 79 81 87 88 89 90 93 94 95 96 99 100 101 102 103 108 109 113 114 115 117 119 120 
38 97         1 4 7 8 9 11 12 14 15 17 18 21 25 26 28 29 30 31 32 34 35 37 40 42 43 48 49 50 51 52 53 54 56 57 62 63 64 66 67 69 70 71 72 73 76 77 78 79 81 82 84 85 86 87 88 89 90 91 92 95 97 98 99 100 101 102 107 109 110 111 112 113 115 116 118 119 120 
39 61         1 3 5 6 9 10 11 12 13 14 15 17 25 26 27 28 29 30 31 33 36 37 41 43 46 48 50 51 54 55 57 60 61 62 63 64 67 70 71 73 75 82 83 87 89 91 92 95 96 97 100 102 103 104 105 106 107 108 110 112 114 117 118 120 
40 36         1 2 4 5 9 10 12 15 18 19 20 25 26 29 30 31 34 35 37 38 41 42 44 47 48 49 50 51 53 54 55 57 58 59 60 61 62 63 65 66 67 68 70 71 72 73 74 77 79 81 83 84 85 88 89 91 92 98 99 100 102 103 104 105 106 107 108 109 110 111 113 115 116 118 119 120 
41 46         1 2 3 4 5 6 7 8 10 11 17 18 19 21 22 25 27 29 31 32 34 35 36 37 39 40 42 44 48 51 52 54 55 56 57 61 64 67 68 70 71 74 75 77 78 79 80 81 82 83 84 85 86 87 89 91 93 96 99 100 101 102 105 106 107 111 112 114 115 116 117 118 119 120 
42 37         1 3 4 5 6 7 8 9 12 14 15 16 17 18 19 21 23 24 25 27 29 30 31 35 36 38 40 41 43 45 47 51 53 55 57 61 62 63 65 68 69 74 76 77 78 79 81 83 85 86 87 88 89 90 91 92 94 96 98 102 105 106 107 108 109 111 112 115 118 120 
43 96         1 3 4 6 7 10 14 16 17 18 20 22 23 25 26 30 31 32 38 39 42 45 46 48 49 50 51 53 55 57 59 62 63 64 66 69 71 73 74 75 76 77 80 81 83 85 86 87 88 89 91 92 93 95 96 97 98 99 101 102 103 104 106 108 110 111 112 113 115 116 118 119 120 
44 80         2 3 4 6 7 9 10 12 13 16 17 19 20 21 23 25 26 27 30 34 40 41 45 47 48 50 51 52 53 54 55 58 59 60 62 64 65 66 67 68 69 71 74 75 76 78 79 80 81 82 84 85 87 88 89 90 91 92 94 97 99 100 101 103 106 107 109 111 112 117 119 
45 53         1 3 5 6 7 8 9 10 11 13 14 18 19 20 21 22 23 24 25 27 29 30 31 32 35 36 42 43 44 46 48 49 52 55 56 57 58 67 68 69 70 71 72 73 74 75 76 80 81 82 84 85 86 90 92 93 97 98 99 100 101 103 104 105 106 107 108 109 110 111 112 113 116 117 118 119 120 
46 51         3 6 8 10 11 12 13 14 15 16 18 20 21 22 23 25 26 30 32 33 34 35 39 43 45 48 50 51 52 53 54 56 57 58 59 61 62 64 66 69 74 75 76 78 85 86 88 89 90 91 93 99 100 104 108 109 110 111 112 113 114 115 116 
47 68         1 2 3 4 5 6 8 10 11 13 14 15 16 17 18 19 22 25 26 28 30 31 32 34 37 40 42 44 49 50 52 54 61 63 64 65 66 68 69 72 76 77 78 79 80 81 85 86 89 90 93 94 95 96 97 98 99 103 105 106 108 109 115 116 118 119 
48 90         2 3 4 5 6 8 10 11 12 13 14 15 18 19 20 22 24 25 27 28 34 35 36 37 38 39 40 41 43 44 45 46 49 50 52 54 59 61 62 63 67 69 71 72 73 74 75 76 77 79 81 83 84 86 87 89 92 96 97 101 102 103 104 105 106 108 112 114 116 120 
49 64         2 6 8 12 13 14 15 16 17 18 19 20 21 22 23 24 26 29 30 35 38 40 43 45 47 48 50 51 53 55 56 57 59 60 62 63 65 66 67 68 69 71 72 73 74 75 76 77 79 80 82 83 84 85 88 89 90 93 97 98 99 100 101 102 103 104 108 109 114 115 116 118 120 
50 81         4 5 6 7 10 14 15 16 18 19 21 22 23 27 29 30 31 32 34 35 37 38 39 40 43 44 46 47 48 49 51 52 53 54 58 59 61 62 63 64 65 66 67 68 69 70 71 73 74 76 77 78 80 81 83 84 85 86 89 90 91 94 95 98 100 101 102 105 108 109 110 113 114 115 117 118 
51 66         2 4 5 6 7 8 12 15 16 17 19 20 21 22 23 25 26 29 31 32 33 35 38 39 40 41 42 43 44 46 49 50 52 53 54 55 56 59 62 64 65 67 68 69 70 71 72 74 77 78 80 84 85 86 91 94 96 97 99 100 104 105 106 107 108 109 112 117 118 120 
52 67         3 4 6 7 9 12 13 15 16 17 20 22 23 24 25 28 32 33 34 35 38 41 44 45 46 47 48 50 51 55 56 57 58 60 64 65 66 67 68 73 74 75 77 78 79 80 82 83 84 85 86 90 92 94 97 98 99 102 104 105 106 107 108 109 111 113 114 115 116 117 119 120 
53 80         1 3 5 6 8 9 11 12 13 14 15 16 20 22 25 27 32 33 34 35 36 37 38 40 42 43 44 46 49 50 51 56 59 60 62 65 66 68 70 73 75 78 80 81 82 83 86 87 88 91 93 94 96 97 98 99 100 102 103 104 108 110 111 112 113 114 117 118 119 120 
54 37         1 4 9 10 12 15 18 19 21 22 23 24 25 28 29 33 34 35 36 37 38 39 40 41 44 46 47 48 50 51 56 57 58 61 62 65 67 73 75 77 78 79 80 81 82 86 90 91 93 95 96 98 99 100 101 102 103 104 105 107 109 112 116 119 120 
55 92         1 2 3 5 6 7 8 9 15 16 18 19 20 22 24 25 26 27 28 31 32 33 35 36 37 39 40 41 42 43 44 45 49 51 52 57 58 61 66 67 68 69 70 72 74 76 78 82 83 84 85 86 88 90 91 92 95 98 102 103 104 105 106 107 108 110 112 113 114 115 117 119 120 
56 67         1 5 6 9 10 11 12 13 15 17 18 19 21 25 27 28 29 30 31 33 37 38 41 45 46 49 51 52 53 54 58 59 60 62 63 66 69 72 73 74 75 76 77 78 80 81 82 84 85 86 87 88 90 92 93 94 97 98 99 100 101 102 106 108 112 113 115 116 117 119 120 
57 64         2 6 7 9 10 13 14 15 17 19 22 23 25 26 27 28 29 32 34 36 38 39 40 41 42 43 45 46 49 52 54 55 58 59 62 63 64 65 66 68 70 71 73 74 75 76 78 80 81 82 83 84 85 86 88 89 90 92 95 97 99 100 101 102 103 104 106 107 108 110 113 115 116 
58 31         1 2 3 4 6 7 9 10 11 16 18 19 20 21 23 25 27 29 32 33 34 35 36 37 40 44 45 46 50 52 54 55 56 57 59 60 62 63 64 67 68 69 72 73 74 76 77 79 80 81 82 83 84 85 86 89 90 91 94 95 100 101 104 105 106 109 110 111 112 116 117 118 120 
59 94         2 3 4 7 8 11 12 13 15 20 23 24 26 28 29 30 33 34 35 40 43 44 46 48 49 50 51 53 56 57 58 60 61 63 66 67 68 69 70 71 72 73 75 76 77 80 81 82 84 86 88 89 90 91 93 95 96 98 101 102 104 106 111 114 116 117 118 119 120 
60 45         1 2 5 7 14 15 17 21 22 23 26 27 31 34 35 36 39 40 44 49 52 53 56 58 59 62 63 65 66 71 74 75 80 81 83 84 85 86 87 90 93 94 95 97 98 99 102 103 104 105 107 109 112 113 114 117 
61 80         1 2 5 8 10 11 13 15 17 18 25 26 27 28 29 31 32 33 34 36 37 39 40 41 42 46 47 48 50 54 55 59 62 64 65 66 67 69 72 75 76 77 79 80 84 85 86 87 88 89 90 92 93 95 96 97 98 99 100 101 103 105 107 108 110 112 113 115 118 119 
62 28         1 3 6 10 11 13 14 15 17 18 21 24 25 27 28 30 32 33 34 38 39 40 42 43 44 46 48 49 50 51 53 54 56 57 58 60 61 63 67 68 69 70 71 72 74 75 76 77 78 79 80 84 85 87 91 93 94 95 96 97 98 103 105 106 109 111 112 113 114 120 
63 76         1 4 9 10 11 13 14 15 16 17 18 19 21 22 23 24 28 29 30 32 34 38 39 40 42 43 47 48 49 50 56 57 58 59 60 62 64 65 66 67 68 74 76 78 79 82 83 84 87 88 90 91 92 94 97 98 99 101 102 103 104 106 107 108 109 111 112 113 114 115 116 118 
64 29         3 5 7 8 10 11 12 13 16 17 19 20 22 23 24 25 34 38 39 41 43 44 46 47 50 51 52 57 58 61 63 66 67 68 69 70 71 72 73 75 76 78 86 90 91 92 93 94 95 96 97 99 100 101 102 103 105 106 109 110 111 112 114 116 119 
65 64         2 3 5 10 11 12 15 18 19 22 26 27 28 31 32 36 37 40 42 44 47 49 50 51 52 53 54 57 60 61 63 67 70 71 73 74 78 79 80 81 82 83 85 86 87 90 96 97 100 102 104 105 107 108 109 111 112 113 114 118 119 
66 38         1 3 5 6 12 13 15 18 19 21 22 23 25 26 27 28 31 34 37 38 40 43 44 46 47 49 50 52 53 55 56 57 59 60 61 63 64 68 69 72 73 74 80 81 83 84 85 94 96 97 103 105 107 109 110 111 112 114 117 118 120 
67 48         1 3 4 6 7 8 10 11 12 14 15 19 20 21 24 25 26 27 29 32 37 38 39 40 41 44 45 48 49 50 51 52 54 55 58 59 61 62 63 64 65 69 70 71 72 73 74 76 78 82 83 84 85 87 88 89 91 92 93 95 96 97 98 100 101 102 103 104 105 107 110 114 115 117 120 
68 40         1 6 7 8 9 10 11 13 15 16 17 19 20 22 23 27 28 30 33 34 35 36 40 41 42 44 45 47 49 50 51 52 53 55 57 58 59 62 63 64 66 69 70 71 72 73 74 77 78 79 81 84 85 86 88 91 92 93 95 96 97 98 100 101 102 103 104 105 106 107 109 110 111 113 116 117 118 120 
69 29         1 3 4 5 7 8 9 10 11 13 14 15 16 20 21 23 24 26 30 31 32 33 36 38 42 43 44 45 46 47 48 49 50 51 55 56 58 59 61 62 64 66 67 68 71 72 73 74 75 76 77 79 80 82 86 87 88 89 90 91 92 93 94 97 98 99 100 101 102 104 105 106 109 110 111 112 113 114 115 117 118 
70 44         1 2 4 5 7 10 11 12 13 14 15 19 21 22 23 24 25 26 27 31 34 37 38 39 40 41 45 50 51 53 55 57 59 62 64 65 67 68 72 73 74 75 76 78 79 80 81 82 84 85 86 88 89 93 94 97 100 102 103 104 105 106 108 109 112 114 117 120 
71 81         1 4 6 7 8 9 10 12 15 16 18 19 20 21 23 24 25 26 28 29 30 31 33 34 36 38 39 40 41 43 44 45 48 49 50 51 57 59 60 62 64 65 67 68 69 72 73 75 76 77 78 81 83 84 85 86 89 91 93 95 96 98 100 102 103 104 105 106 107 108 110 113 114 116 117 118 119 120 
72 35         3 4 6 7 8 12 13 15 16 17 18 20 21 22 23 24 26 29 30 31 32 34 35 36 38 40 45 47 48 49 51 55 56 58 59 61 62 64 66 67 68 69 70 71 73 74 76 78 79 80 82 83 84 85 87 88 89 90 92 94 95 97 99 100 101 103 104 105 106 107 108 109 110 111 112 115 117 118 119 120 
73 51         2 3 4 6 7 8 10 12 14 15 18 20 21 22 25 26 27 29 30 31 32 33 34 35 36 38 39 40 43 45 48 49 50 52 53 54 56 57 58 59 64 65 66 67 68 69 70 71 72 74 76 77 78 79 81 82 84 86 87 88 90 93 95 96 97 100 102 103 104 105 106 107 108 109 110 112 114 115 116 117 119 120 
74 48         1 2 3 4 6 7 8 9 11 12 14 15 16 17 20 21 22 23 25 26 27 28 30 31 33 34 35 36 37 40 41 42 43 44 45 46 48 49 50 51 52 55 56 57 58 60 62 63 65 66 67 68 69 70 72 73 76 78 80 82 83 84 86 87 89 90 91 92 96 97 98 99 104 105 106 107 109 110 111 112 116 119 120 
75 67         1 3 5 6 7 9 10 12 13 16 17 19 21 23 26 30 31 33 35 37 39 41 43 44 45 46 48 49 52 53 54 56 57 59 60 61 62 64 69 70 71 76 77 78 80 82 83 84 85 86 87 88 89 90 91 93 94 95 96 97 98 99 100 108 111 113 114 117 119 120 
76 24         3 4 5 7 8 9 11 12 17 18 22 23 24 25 28 30 31 34 35 36 38 42 43 44 45 46 47 48 49 50 55 56 57 58 59 61 62 63 64 67 69 70 71 72 73 74 75 77 78 79 80 81 82 83 84 85 88 89 91 94 95 97 101 103 107 108 109 110 114 115 116 117 119 120 
77 46         1 2 3 4 5 11 13 14 16 18 20 22 23 25 29 31 33 34 35 38 40 41 42 43 47 48 49 50 51 52 54 56 58 59 61 62 68 69 71 73 75 76 79 80 81 82 84 85 86 87 88 90 91 94 95 96 98 99 102 103 104 105 107 110 112 114 117 120 
78 38         1 2 5 6 9 10 12 13 14 16 17 18 20 23 24 25 27 28 29 30 31 33 34 35 37 38 41 42 44 46 47 50 51 52 53 54 55 56 57 62 63 64 65 67 68 70 71 72 73 74 75 76 79 80 81 83 86 91 92 96 98 102 104 105 107 108 110 111 112 113 114 115 116 118 120 
79 76         2 3 4 5 8 9 12 14 15 17 18 19 21 23 27 32 34 35 36 37 38 40 41 42 44 47 48 49 52 54 58 61 62 63 65 68 69 70 72 73 76 77 78 82 83 84 87 88 90 92 93 94 100 103 104 105 107 108 110 112 114 117 119 120 
80 22         1 2 3 6 8 9 10 11 12 13 14 16 19 20 22 23 24 27 30 31 32 35 41 43 44 45 47 49 50 51 52 53 54 56 57 58 59 60 61 62 65 66 69 70 72 74 75 76 77 78 82 83 86 89 91 95 96 97 99 102 104 105 106 107 109 110 113 115 116 117 119 120 
81 30         1 2 4 6 10 11 13 14 15 18 20 22 24 25 27 28 29 30 32 34 35 36 37 38 40 41 42 43 44 45 47 48 50 53 54 56 57 58 59 60 65 66 68 70 71 73 76 77 78 84 85 86 87 91 94 95 96 97 99 100 101 102 104 105 106 108 110 112 113 115 116 118 119 120 
82 67         1 2 4 5 6 9 10 12 13 14 15 20 21 22 26 27 28 30 33 35 38 39 41 44 45 49 52 53 54 55 56 57 58 59 63 65 67 69 70 72 73 74 75 76 77 79 80 84 85 86 88 89 90 91 92 94 95 96 97 99 100 101 103 105 109 110 111 114 115 116 117 119 120 
83 45         3 4 5 7 8 9 10 11 13 15 18 21 22 23 27 28 29 30 32 33 34 35 39 40 41 42 43 48 49 50 52 53 55 57 58 60 63 65 66 67 71 72 74 75 76 78 79 80 85 88 92 93 94 95 97 98 99 101 103 104 105 107 108 109 110 113 114 118 119 
84 41         2 3 4 8 10 12 14 15 19 20 21 22 23 28 29 32 34 35 38 40 41 44 45 48 49 50 51 52 55 56 57 58 59 60 61 62 63 66 67 68 70 71 72 73 74 75 76 77 79 81 82 85 87 91 96 97 98 99 101 102 103 105 106 107 108 109 110 111 113 114 115 116 118 119 120 
85 29         1 2 3 5 11 12 14 15 19 20 21 24 25 27 29 33 34 35 36 38 40 41 42 43 44 45 46 47 49 50 51 52 55 56 57 58 60 61 62 65 66 67 68 70 71 72 75 76 77 81 82 83 84 86 87 88 92 96 97 98 100 101 105 107 110 113 114 116 117 119 120 
86 41         1 4 5 6 7 9 10 11 12 13 15 16 17 19 20 22 23 25 26 28 29 30 33 38 41 42 43 45 46 47 48 50 51 52 53 54 55 56 57 58 59 60 61 64 65 68 69 70 71 73 74 75 77 78 80 81 82 85 87 88 89 91 92 95 98 99 100 101 103 104 105 106 107 108 109 111 112 113 115 116 117 118 120 
87 79         1 2 6 7 10 11 13 16 17 18 19 20 21 22 23 28 31 33 34 35 37 38 39 41 42 43 44 48 53 56 60 61 62 63 65 67 69 72 73 74 75 77 79 81 84 85 86 88 89 90 91 92 93 95 96 98 99 100 103 104 105 106 108 109 112 114 116 118 119 120 
88 21         1 2 5 6 8 12 13 17 18 19 20 21 22 25 28 29 32 37 38 40 42 43 44 46 49 53 55 56 57 59 61 63 67 68 69 70 72 73 75 76 77 79 82 83 85 86 87 90 91 92 95 96 97 98 99 101 102 104 105 106 107 109 110 113 114 116 118 119 120 
89 25         4 5 6 7 8 9 10 11 12 13 14 15 16 17 20 21 22 24 25 27 29 30 31 32 33 37 38 39 40 41 42 43 44 46 47 48 49 50 57 58 59 61 67 69 70 71 72 74 75 76 80 82 86 87 91 93 95 96 97 98 100 101 102 103 108 109 112 113 115 117 119 120 
90 90         2 3 5 7 8 9 10 12 13 14 15 24 25 27 28 29 30 31 32 34 37 38 42 44 45 46 47 49 50 52 54 55 56 57 58 59 60 61 63 64 65 69 72 73 74 75 77 79 82 87 88 91 93 96 97 98 99 102 104 106 109 110 112 113 114 115 116 120 
91 62         1 2 5 6 10 17 19 20 22 27 30 31 33 34 35 36 38 39 40 41 42 43 44 46 50 51 53 54 55 58 59 62 63 64 67 68 69 71 74 75 76 77 78 80 81 82 84 86 87 88 89 90 92 93 97 98 99 100 101 102 103 104 105 106 109 112 113 114 117 118 
92 34         3 4 5 7 9 13 15 18 19 20 21 22 25 26 31 32 34 35 36 38 39 40 42 43 44 45 48 52 55 56 57 61 63 64 67 68 69 72 74 78 79 82 83 85 86 87 88 91 93 95 96 97 99 101 102 105 106 107 108 109 111 112 113 114 117 118 119 
93 73         1 3 4 6 7 8 9 10 12 14 15 20 21 22 23 25 27 28 29 30 32 33 34 37 41 43 45 46 47 49 53 54 56 59 60 61 62 64 67 68 69 70 71 73 75 79 83 87 89 90 91 92 95 97 99 101 102 103 105 108 109 111 114 115 117 119 120 
94 50         2 3 4 6 7 11 12 13 15 17 19 20 21 22 23 25 27 31 32 37 42 44 47 50 51 52 53 56 58 60 62 63 64 66 69 70 72 75 76 77 79 81 82 83 95 96 97 98 99 101 105 106 107 110 112 114 115 116 117 119 120 
95 79         1 3 5 8 13 14 15 16 17 18 21 24 25 28 29 31 34 35 36 37 38 39 43 47 50 54 55 57 58 59 60 61 62 64 67 68 71 72 73 75 76 77 80 81 82 83 86 87 88 89 92 93 94 97 98 100 101 102 103 105 109 110 111 113 114 115 116 
96 66         2 3 4 5 6 7 8 10 11 12 13 16 17 19 20 21 23 25 26 27 28 29 30 32 33 34 36 37 39 41 42 43 47 48 51 53 54 59 61 62 64 65 66 67 68 71 73 74 75 77 78 80 81 82 84 85 87 88 89 90 92 94 97 98 99 101 102 104 105 106 108 111 112 114 116 118 119 
97 59         1 2 4 5 6 7 8 10 11 13 14 15 17 18 20 22 24 25 27 29 30 31 33 36 38 39 43 44 45 47 48 49 51 52 53 56 57 60 61 62 63 64 65 66 67 68 69 70 72 73 74 75 76 80 81 82 83 84 85 88 89 90 91 92 93 94 95 96 98 99 100 101 102 105 107 108 111 112 113 115 117 119 120 
98 42         1 4 5 7 8 9 13 14 15 17 22 23 24 27 28 30 31 32 33 34 36 38 40 42 43 45 47 49 50 52 53 54 55 56 59 60 61 62 63 67 68 69 71 74 75 77 78 83 84 85 86 87 88 89 90 91 94 95 96 97 99 100 103 104 108 110 111 113 114 115 116 117 
99 90         1 2 3 5 6 7 8 9 10 11 12 14 15 18 19 20 23 25 27 29 31 35 37 38 40 41 43 44 45 46 47 49 51 52 53 54 56 57 60 61 63 64 69 72 74 75 77 80 81 82 83 84 86 87 88 90 91 92 93 94 96 97 98 100 102 103 105 106 107 108 110 112 117 120 
100 79        1 2 3 4 5 6 8 9 10 11 14 15 16 19 21 25 26 27 29 30 31 32 34 35 37 38 39 40 41 44 45 46 49 50 51 53 54 56 57 58 61 64 65 67 68 69 70 71 72 73 75 79 81 82 85 86 87 89 91 95 97 98 99 101 102 107 108 110 111 112 114 116 117 118 119 120 
101 70        2 3 4 8 9 12 13 14 15 16 17 18 19 20 23 25 26 31 32 33 34 35 36 37 38 41 43 44 45 48 49 50 54 56 57 58 59 61 63 64 67 68 69 72 76 81 82 83 84 85 86 88 89 91 92 93 94 95 96 97 100 102 103 106 107 108 109 112 114 115 116 117 119 
102 66        1 3 4 5 6 8 10 12 13 14 16 17 21 22 23 29 31 33 35 37 38 39 40 41 42 43 48 49 50 52 53 54 55 56 57 59 60 63 64 65 67 68 69 70 71 73 77 78 80 81 84 88 89 90 91 92 93 95 96 97 99 100 101 103 104 105 107 108 110 111 112 113 115 120 
103 80        1 3 4 5 6 7 8 9 10 11 12 15 17 18 19 21 24 25 28 29 30 32 33 35 36 37 39 40 43 44 45 47 48 49 53 54 55 57 60 61 62 63 64 66 67 68 70 71 72 73 76 77 79 82 83 84 86 87 89 91 93 95 98 99 101 102 104 106 109 111 112 113 114 115 118 
104 35        3 5 6 7 8 9 10 11 12 13 14 15 18 21 22 23 24 25 27 28 29 30 31 33 39 40 43 45 46 48 49 51 52 53 54 55 57 58 59 60 63 65 67 68 69 70 71 72 73 74 77 78 79 80 81 83 86 87 88 90 91 96 98 102 103 107 110 111 113 115 119 120 
105 62        1 2 3 7 9 10 11 12 13 14 15 16 17 18 20 21 22 24 25 28 29 30 31 33 35 36 39 40 41 42 45 47 48 50 51 52 54 55 58 60 61 62 64 65 66 67 68 69 70 71 72 73 74 77 78 79 80 81 82 83 84 85 86 87 88 91 92 93 94 95 96 97 99 102 106 107 108 111 112 113 114 115 116 
106 98        1 2 4 5 8 9 13 14 15 19 20 23 24 26 27 28 32 34 36 39 40 41 42 43 44 45 47 48 51 52 55 56 57 58 59 62 63 64 68 69 70 71 72 73 74 80 81 84 86 87 88 90 91 92 94 96 99 101 103 105 107 108 109 111 112 114 115 118 120 
107 97        1 2 3 5 6 7 8 12 13 15 17 18 19 21 22 23 24 25 27 28 29 30 33 34 35 36 38 39 40 41 42 44 45 51 52 54 55 57 60 61 63 65 66 67 68 71 72 73 74 76 77 78 79 80 83 84 85 86 88 92 94 97 99 100 101 102 104 105 106 108 109 110 111 112 113 117 119 
108 37        1 2 6 7 8 9 10 11 13 14 15 17 18 19 20 21 23 24 26 31 32 33 34 37 39 40 42 43 45 46 47 48 49 50 51 52 53 55 56 57 61 63 65 70 71 72 73 75 76 78 79 81 83 84 86 87 89 92 93 96 97 98 99 100 101 102 105 106 107 109 110 111 114 116 117 119 120 
109 32        1 5 6 7 8 12 15 18 22 23 25 26 27 28 29 30 31 32 33 35 37 38 40 42 44 45 46 47 49 50 51 52 54 58 60 62 63 64 65 66 68 69 70 72 73 74 76 80 82 83 84 86 87 88 89 90 91 92 93 95 101 103 106 107 108 110 111 112 113 114 116 117 118 
110 75        1 2 3 7 8 9 13 14 15 18 19 20 21 22 24 25 26 27 30 31 34 35 36 38 39 40 43 45 46 50 53 55 57 58 61 64 66 67 68 69 71 72 73 74 76 77 78 79 80 81 82 83 84 85 88 90 94 95 98 99 100 102 104 107 108 109 111 112 113 116 117 118 
111 91        2 6 7 9 10 11 12 15 18 19 20 21 22 26 29 32 33 34 35 36 38 40 41 42 43 44 45 46 52 53 58 59 62 63 64 65 66 68 69 72 74 75 78 82 84 86 92 93 95 96 97 98 100 102 103 104 105 106 107 108 109 110 112 113 115 116 117 119 
112 91        1 3 4 6 7 8 11 12 13 15 16 17 18 19 21 22 23 28 29 30 38 39 41 42 43 44 45 46 48 51 53 54 55 56 58 60 61 62 63 64 65 66 69 70 72 73 74 77 78 79 81 86 87 89 90 91 92 94 96 97 99 100 101 102 103 105 106 107 109 110 111 113 116 118 119 
113 48        1 2 3 6 7 8 10 12 14 15 16 19 20 25 26 27 28 30 31 33 34 35 36 37 38 40 43 45 46 50 52 53 55 56 57 60 61 62 63 65 68 69 71 75 78 80 81 83 84 85 86 88 89 90 91 92 95 97 98 102 103 104 105 107 109 110 111 112 115 116 117 120 
114 26        1 3 4 6 9 10 13 15 18 19 20 21 25 30 31 32 34 35 37 39 41 46 48 49 50 52 53 55 59 60 62 63 64 65 66 67 69 70 71 73 75 76 77 78 79 82 83 84 85 87 88 90 91 92 93 94 95 96 98 100 101 103 105 106 108 109 115 116 117 119 
115 23        1 2 3 4 11 12 14 16 17 18 20 21 23 24 25 26 27 33 34 35 37 38 40 41 42 43 46 47 49 50 52 55 56 57 61 63 67 69 72 73 76 78 80 81 82 84 86 89 90 93 94 95 97 98 101 102 103 104 105 106 111 113 114 116 118 120 
116 32        2 3 4 5 6 7 9 10 15 17 18 19 21 23 24 26 28 29 32 33 34 35 38 40 41 43 45 46 47 48 49 52 54 56 57 58 59 63 64 68 71 73 74 76 78 80 81 82 84 85 86 87 88 90 94 95 96 98 100 101 105 108 109 110 111 112 113 114 115 119 120 
117 100       2 3 4 7 9 11 12 13 14 15 19 20 21 22 27 30 31 33 35 36 37 39 41 44 45 50 51 52 53 55 56 58 59 60 66 67 68 69 70 71 72 73 75 76 77 79 80 82 85 86 89 91 92 93 94 97 98 99 100 101 107 108 109 110 111 113 114 119 120 
118 46        2 3 6 9 12 13 14 17 18 19 20 21 22 23 24 25 27 30 32 33 36 38 39 40 41 42 43 45 47 49 50 51 53 58 59 61 63 65 66 68 69 71 72 78 81 83 84 86 87 88 91 92 96 100 103 106 109 110 112 115 119 
119 29        2 3 5 9 10 11 12 13 16 17 18 19 21 22 23 27 28 29 32 33 37 38 40 41 43 44 45 47 52 53 54 55 56 59 61 64 65 71 72 73 74 75 76 79 80 81 82 83 84 85 87 88 89 92 93 94 96 97 100 101 104 107 108 111 112 114 116 117 118 
120 26        1 7 9 12 13 14 16 17 18 19 21 22 23 25 26 27 28 30 31 32 34 36 37 38 39 40 41 42 43 45 48 49 51 52 53 54 55 56 58 59 62 66 67 68 70 71 72 73 74 75 76 77 78 79 80 81 82 84 85 86 87 88 89 90 93 94 97 99 100 102 104 106 108 113 115 116 117 
