120 150
1 26          4 5 24 30 31 34 35 39 42 47 54 58 63 64 65 68 74 81 84 86 89 93 97 99 102 104 107 108 111 116 120 
2 25          9 20 24 31 32 33 36 37 40 41 42 43 44 47 50 57 63 65 73 74 82 85 86 89 99 104 109 120 
3 67          13 14 16 23 26 30 42 50 54 55 57 60 65 72 74 76 77 83 96 98 99 106 112 118 
4 77          1 6 9 11 12 18 20 26 37 38 60 64 65 69 76 77 83 87 95 99 105 108 110 112 
5 67          1 9 12 14 18 21 22 26 30 35 37 46 52 53 54 55 59 66 72 78 83 84 99 100 105 
6 79          4 12 13 18 23 28 42 47 54 57 62 66 69 70 72 76 77 81 82 91 96 100 102 103 105 
7 47          19 23 33 38 43 45 46 49 50 52 80 84 88 91 105 106 120 
8 84          25 26 30 38 39 41 55 58 68 71 74 77 78 79 81 82 90 91 96 97 108 115 117 120 
9 50          2 4 5 27 32 33 38 41 49 51 52 56 60 62 63 75 86 87 94 99 102 105 109 114 116 117 
10 21         25 35 39 45 54 56 61 72 76 95 108 110 112 115 116 
11 87         4 14 15 36 38 45 54 58 69 70 72 82 84 93 97 98 101 105 109 113 117 119 
12 83         4 5 6 17 19 22 25 33 39 43 52 54 56 68 79 80 81 89 94 100 101 106 113 
13 44         3 6 22 24 30 32 33 38 45 58 65 75 76 85 87 93 99 103 106 109 
14 88         3 5 11 15 24 27 31 34 39 44 45 46 52 67 69 71 74 76 80 85 94 96 98 100 101 108 109 116 
15 78         11 14 16 17 20 23 28 36 37 38 41 46 50 51 54 63 68 70 71 80 86 88 89 94 102 104 111 
16 53         3 15 24 25 27 39 40 43 47 51 60 66 68 72 73 74 81 93 95 101 119 
17 78         12 15 18 32 35 37 38 57 61 65 68 71 83 85 88 89 90 92 95 97 118 120 
18 37         4 5 6 17 19 22 32 34 41 54 56 60 62 68 70 72 73 76 81 84 89 92 96 100 104 111 117 118 
19 47         7 12 18 24 26 27 32 36 39 43 47 50 51 57 59 61 69 71 73 77 80 85 88 89 91 94 98 99 105 108 112 119 120 
20 52         2 4 15 31 36 37 41 43 55 56 66 67 76 77 82 88 92 96 101 102 103 108 109 116 
21 32         5 23 24 31 34 36 37 38 45 50 56 60 62 64 67 68 71 74 76 78 80 89 90 94 102 104 113 116 118 120 
22 88         5 12 13 18 28 43 45 50 53 57 61 63 72 73 77 79 81 119 
23 85         3 6 7 15 21 32 39 50 54 69 79 81 85 99 109 112 113 118 
24 82         1 2 13 14 16 19 21 26 30 34 39 49 51 54 55 62 68 71 77 81 89 91 93 99 105 108 109 110 115 
25 55         8 10 12 16 31 39 41 49 50 56 68 79 82 87 91 93 96 97 110 119 
26 41         3 4 5 8 19 24 34 42 43 45 46 50 53 61 64 70 79 80 81 84 85 89 91 103 107 117 120 
27 60         9 14 16 19 30 41 54 59 64 65 68 76 77 85 94 103 107 108 109 114 
28 66         6 15 22 38 44 45 49 51 54 56 63 69 73 74 78 80 106 118 
29 78         37 39 44 46 50 54 67 69 75 76 81 82 84 94 98 101 102 104 113 114 117 119 
30 72         1 3 5 8 13 24 27 36 37 46 49 51 56 58 62 66 72 76 81 87 95 99 105 109 110 118 
31 34         1 2 14 20 21 25 35 51 52 57 58 62 73 74 97 100 101 102 106 109 110 119 
32 64         2 9 13 17 18 19 23 33 34 35 36 37 53 54 60 65 66 70 73 74 79 80 81 86 88 89 97 98 102 110 111 116 
33 20         2 7 9 12 13 32 34 40 52 74 82 89 90 96 97 101 107 114 119 
34 60         1 14 18 21 24 26 32 33 35 39 42 50 52 59 71 73 75 79 90 94 107 109 114 117 
35 100        1 5 10 17 31 32 34 37 43 44 45 46 47 49 64 65 73 76 91 92 99 104 107 118 
36 62         2 11 15 19 20 21 30 32 41 44 46 53 59 64 65 68 73 80 84 90 96 97 100 103 105 111 113 120 
37 80         2 4 5 15 17 20 21 29 30 32 35 41 43 50 51 57 62 65 74 76 77 78 79 86 93 100 101 105 108 109 112 116 117 
38 34         4 7 8 9 11 13 15 17 21 28 50 54 68 69 73 75 86 87 91 93 103 107 108 109 111 118 120 
39 68         1 8 10 12 14 16 19 23 24 25 29 34 46 50 52 53 54 55 77 80 81 84 89 92 98 101 102 104 108 109 110 
40 38         2 16 33 47 48 58 69 71 72 88 98 99 101 102 104 106 115 118 
41 32         2 8 9 15 18 20 25 27 36 37 46 48 52 58 64 66 69 71 73 77 78 89 91 98 110 113 118 
42 32         1 2 3 6 26 34 48 58 66 69 70 71 75 85 87 92 94 95 96 101 103 112 115 
43 37         2 7 12 16 19 20 22 26 35 37 57 58 62 68 74 78 82 83 87 88 89 91 94 104 115 118 119 
44 82         2 14 28 29 35 36 59 62 70 71 74 76 77 87 89 95 100 113 
45 98         7 10 11 13 14 21 22 26 28 35 53 55 58 59 69 72 74 75 76 82 96 99 105 113 114 115 118 120 
46 90         5 7 14 15 26 29 30 35 36 39 41 49 72 79 92 94 95 107 118 
47 58         1 2 6 16 19 35 40 53 58 61 70 71 73 86 89 94 97 109 111 117 118 
48 97         40 41 42 56 58 66 68 71 77 80 89 99 102 107 109 114 117 
49 56         7 9 24 25 28 30 35 46 54 56 63 64 69 71 77 80 81 85 88 91 94 97 100 101 107 111 
50 34         2 3 7 15 19 21 22 23 25 26 29 34 37 38 39 54 55 61 63 65 67 80 85 95 100 103 110 112 114 
51 70         9 15 16 19 24 28 30 31 37 57 63 66 74 77 83 84 90 108 113 114 119 120 
52 39         5 7 9 12 14 31 33 34 39 41 53 55 60 69 70 77 80 81 100 102 106 114 120 
53 56         5 22 26 32 36 39 45 47 52 66 71 76 77 78 82 86 88 89 97 100 105 110 114 116 
54 69         1 3 5 6 10 11 12 15 18 23 24 27 28 29 32 38 39 49 50 55 65 66 77 78 85 87 91 96 98 99 100 105 109 120 
55 36         3 5 8 20 24 39 45 50 52 54 59 69 70 71 72 82 85 89 99 103 105 111 115 117 118 
56 20         9 10 12 18 20 21 25 28 30 48 49 63 77 92 94 97 100 103 105 115 
57 99         2 3 6 17 19 22 31 37 43 51 76 79 82 85 89 92 
58 84         1 8 11 13 30 31 40 41 42 43 45 47 48 60 62 88 91 98 99 100 103 106 107 108 111 120 
59 53         5 19 27 34 36 44 45 55 71 73 81 94 101 102 108 109 111 113 120 
60 27         3 4 9 16 18 21 32 52 58 64 67 74 80 85 87 89 94 95 106 107 114 116 
61 88         10 17 19 22 26 47 50 65 71 75 83 86 97 102 108 110 
62 53         6 9 18 21 24 30 31 37 43 44 58 66 68 69 76 77 85 91 107 108 116 
63 42         1 2 9 15 22 28 49 50 51 56 68 70 87 93 97 99 102 116 
64 45         1 4 21 26 27 35 36 41 49 60 68 69 71 72 73 80 88 90 93 98 100 103 104 105 107 119 
65 42         1 2 3 4 13 17 27 32 35 36 37 50 54 61 87 96 97 99 101 108 120 
66 31         5 6 16 20 30 32 41 42 48 51 53 54 62 68 76 79 84 92 93 94 103 112 
67 54         14 20 21 29 50 60 74 80 90 93 97 101 102 117 
68 60         1 8 12 15 16 17 18 21 24 25 27 36 38 43 48 62 63 64 66 70 72 74 76 80 88 108 120 
69 55         4 6 11 14 19 23 28 29 38 40 41 42 45 49 52 55 62 64 78 80 91 103 116 
70 27         6 11 15 18 26 32 42 44 47 52 55 63 68 82 90 91 96 109 110 116 
71 36         8 14 15 17 19 21 24 34 40 41 42 44 47 48 49 53 55 59 61 64 77 86 91 93 94 107 113 118 
72 31         3 5 6 10 11 16 18 22 30 40 45 46 55 64 68 75 88 90 96 97 111 115 116 
73 39         2 16 18 19 22 28 31 32 34 35 36 38 41 47 59 64 76 79 81 87 90 110 112 118 119 
74 91         1 2 3 8 14 16 21 28 31 32 33 37 43 44 45 51 60 67 68 75 77 79 93 95 102 103 110 113 
75 45         9 13 29 34 38 42 45 61 72 74 83 86 91 96 102 104 105 111 117 
76 97         3 4 6 10 13 14 18 20 21 27 29 30 35 37 44 45 53 57 62 66 68 73 79 81 90 92 93 98 109 115 117 
77 26         3 4 6 8 19 20 22 24 27 37 39 41 44 48 49 51 52 53 54 56 62 71 74 79 83 85 86 90 92 95 97 108 114 
78 80         5 8 21 28 37 41 43 53 54 69 93 97 103 104 107 108 110 112 115 116 
79 41         8 12 22 23 25 26 32 34 37 46 57 66 73 74 76 77 89 102 103 104 109 113 114 116 119 
80 56         7 12 14 15 19 21 26 28 32 36 39 48 49 50 52 60 64 67 68 69 84 97 100 103 104 108 120 
81 70         1 6 8 12 16 18 22 23 24 26 29 30 32 39 49 52 59 73 76 82 89 95 98 100 104 108 116 119 
82 97         2 6 8 11 20 25 29 33 43 45 53 55 57 70 81 85 86 87 90 92 117 
83 48         3 4 5 17 43 51 61 75 77 94 96 101 107 112 116 117 120 
84 87         1 5 7 11 18 26 29 36 39 51 66 80 86 89 96 99 104 108 111 
85 23         2 13 14 17 19 23 26 27 42 49 50 54 55 57 60 62 77 82 89 102 105 109 113 114 115 
86 32         1 2 9 15 32 37 38 47 53 61 71 75 77 82 84 88 93 94 96 97 99 110 114 
87 75         4 9 13 25 30 38 42 43 44 54 60 63 65 73 82 89 90 94 97 103 104 110 112 
88 100        7 15 17 19 20 32 40 43 49 53 58 64 68 72 86 111 115 120 
89 97         1 2 12 15 17 18 19 21 24 26 32 33 39 41 43 44 47 48 53 55 57 60 79 81 84 85 87 90 104 106 107 116 117 120 
90 51         8 17 21 33 34 36 51 64 67 70 72 73 76 77 82 87 89 93 95 97 99 108 110 114 120 
91 78         6 7 8 19 24 25 26 35 38 41 43 49 54 58 62 69 70 71 75 101 111 114 115 120 
92 78         17 18 20 35 39 42 46 56 57 66 76 77 82 98 99 107 110 117 
93 21         1 11 13 16 24 25 37 38 63 64 66 67 71 74 76 78 86 90 94 95 100 105 107 109 111 113 117 120 
94 72         9 12 14 15 19 21 27 29 34 42 43 46 47 49 56 59 60 66 71 83 86 87 93 97 101 106 
95 72         4 10 16 17 30 42 44 46 50 60 74 77 81 90 93 96 102 106 109 117 118 
96 79         3 6 8 14 18 20 25 33 36 42 45 54 65 70 72 75 83 84 86 95 102 108 109 113 114 115 119 
97 46         1 8 11 17 25 31 32 33 36 47 49 53 56 61 63 65 67 72 77 78 80 86 87 90 94 101 118 120 
98 30         3 11 14 19 29 32 39 40 41 54 58 64 76 81 92 
99 48         1 2 3 4 5 9 13 19 23 24 30 35 40 45 48 54 55 58 63 65 84 86 90 92 100 113 117 118 
100 27        5 6 12 14 18 31 36 37 44 49 50 52 53 54 56 58 64 80 81 93 99 103 112 118 
101 95        11 12 14 16 20 29 31 33 37 39 40 42 49 59 65 67 83 91 94 97 108 114 118 119 
102 48        1 6 9 15 20 21 29 31 32 39 40 48 52 59 61 63 67 74 75 79 85 95 96 104 105 106 117 120 
103 67        6 13 20 26 27 36 38 42 50 55 56 58 64 66 69 74 78 79 80 87 100 106 108 115 117 119 
104 58        1 2 15 18 21 29 35 39 40 43 64 75 78 79 80 81 84 87 89 102 105 111 
105 46        4 5 6 7 9 11 19 24 30 36 37 45 53 54 55 56 64 75 85 93 102 104 106 107 
106 92        3 7 12 13 28 31 40 52 58 60 89 94 95 102 103 105 109 110 111 115 120 
107 21        1 26 27 33 34 35 38 46 48 49 58 60 62 64 71 78 83 89 92 93 105 112 113 118 119 
108 82        1 4 8 10 14 19 20 24 27 37 38 39 51 58 59 61 62 65 68 77 78 80 81 84 90 96 101 103 109 115 120 
109 91        2 9 11 13 14 20 23 24 27 30 31 34 37 38 39 47 48 54 59 70 76 79 85 93 95 96 106 108 
110 40        4 10 24 25 30 31 32 39 41 50 53 61 70 73 74 78 86 87 90 92 106 111 
111 56        1 15 18 32 36 38 47 49 55 58 59 72 75 84 88 91 93 104 106 110 118 
112 24        3 4 10 19 23 37 42 50 66 73 78 83 87 100 107 113 114 
113 94        11 12 21 23 29 36 41 44 45 51 59 71 74 79 85 93 96 99 107 112 116 117 
114 44        9 27 29 33 34 45 48 50 51 52 53 60 77 79 85 86 90 91 96 101 112 118 119 
115 91        8 10 24 40 42 43 45 55 56 72 76 78 85 88 91 96 103 106 108 116 118 
116 92        1 9 10 14 20 21 32 37 53 60 62 63 69 70 72 78 79 81 83 89 113 115 
117 81        8 9 11 18 26 29 34 37 47 48 55 67 75 76 82 83 89 92 93 95 99 102 103 113 
118 24        3 17 18 21 23 28 30 35 38 40 41 43 45 46 47 55 71 73 95 97 99 100 101 107 111 114 115 120 
119 84        11 16 19 22 25 29 31 33 43 51 64 73 79 81 96 101 103 107 114 
120 44        1 2 7 8 17 19 21 26 36 38 45 51 52 54 58 59 65 68 80 83 88 89 90 91 93 97 102 106 108 118 
