120 150
1 42          6 14 18 23 24 31 32 40 44 47 49 51 60 61 65 70 79 84 87 93 96 103 111 117 
2 98          6 15 18 23 31 32 33 36 41 43 54 55 56 60 63 64 67 68 73 75 76 83 87 91 93 95 98 100 101 109 111 114 116 
3 27          4 8 11 12 14 27 29 30 33 46 47 48 58 62 65 69 72 74 75 77 85 92 93 94 105 106 111 112 114 116 117 
4 21          3 11 15 18 32 35 38 43 44 52 70 76 92 93 102 112 113 114 
5 71          6 8 11 12 22 27 32 35 37 43 49 62 74 79 81 84 85 89 92 94 97 
6 71          1 2 5 7 12 14 20 22 26 28 36 39 46 49 50 56 63 71 78 80 84 85 94 96 101 104 110 116 
7 78          6 8 20 21 35 38 41 46 54 66 67 68 81 82 95 96 102 109 118 120 
8 76          3 5 7 10 14 26 29 35 38 39 40 42 46 47 68 70 74 83 87 91 94 95 96 107 108 112 114 120 
9 57          11 21 22 25 28 29 32 33 35 37 42 47 48 50 56 58 59 60 66 70 74 79 80 85 101 103 104 118 120 
10 24         8 13 14 27 37 53 56 58 61 75 82 89 90 94 101 107 108 109 115 
11 91         3 4 5 9 18 22 24 30 33 38 49 56 57 70 76 79 81 83 84 87 92 95 96 100 107 108 113 114 117 
12 84         3 5 6 15 25 28 31 36 50 54 55 72 75 78 81 84 85 97 98 107 109 
13 35         10 17 22 25 34 37 44 56 58 59 60 61 62 75 79 81 83 88 90 91 93 99 101 107 
14 25         1 3 6 8 10 15 20 23 25 27 31 32 41 43 45 50 51 54 63 71 82 84 94 95 105 113 114 
15 77         2 4 12 14 18 25 28 46 55 63 64 75 83 88 91 98 104 110 115 119 
16 96         19 20 22 29 30 33 35 37 41 42 43 46 48 56 61 63 64 72 73 76 81 82 83 87 89 93 99 103 105 112 119 
17 97         13 22 34 44 46 47 54 68 69 74 75 76 82 85 86 95 98 103 104 109 110 117 118 119 
18 89         1 2 4 11 15 28 30 33 34 44 55 57 58 61 69 74 80 82 84 91 99 104 111 114 119 
19 30         16 23 26 31 36 44 46 47 57 60 65 67 72 73 77 83 84 88 92 102 103 107 109 110 116 117 118 119 
20 86         6 7 14 16 22 27 30 35 47 52 58 67 79 92 93 95 97 105 107 110 113 118 119 
21 81         7 9 26 33 45 54 63 72 75 76 80 82 83 87 90 107 109 
22 39         5 6 9 11 13 16 17 20 27 31 32 36 37 38 39 51 55 56 72 79 83 86 95 98 105 109 118 119 120 
23 75         1 2 14 19 30 33 34 43 44 46 49 53 56 58 59 60 61 65 68 76 82 83 92 98 100 102 108 113 
24 66         1 11 29 35 41 51 53 67 75 86 100 101 
25 85         9 12 13 14 15 30 32 33 63 64 70 88 97 103 104 109 116 
26 36         6 8 19 21 28 39 41 44 49 52 53 70 72 73 76 87 89 92 99 105 108 115 
27 60         3 5 10 14 20 22 34 43 51 53 59 63 85 89 92 101 102 103 104 107 109 114 119 
28 56         6 9 12 15 18 26 38 39 40 43 44 46 52 58 59 65 73 75 77 99 103 104 116 119 
29 50         3 8 9 16 24 33 42 54 77 78 79 80 84 89 92 95 99 100 101 103 107 108 114 115 
30 75         3 11 16 18 20 23 25 55 57 68 72 73 77 78 83 84 85 87 99 104 105 120 
31 75         1 2 12 14 19 22 32 38 45 48 52 55 58 62 82 85 92 94 102 103 117 119 
32 37         1 2 4 5 9 14 22 25 31 38 44 49 52 58 65 81 83 84 88 92 104 106 109 120 
33 87         2 3 9 11 16 18 21 23 25 29 34 35 36 42 43 47 50 55 56 59 68 72 74 76 79 87 88 94 101 104 109 111 114 117 
34 95         13 17 18 23 27 33 40 42 45 49 50 53 55 61 63 73 75 76 79 82 83 94 98 99 105 106 112 115 117 118 
35 21         4 5 7 8 9 16 20 24 33 38 43 47 48 54 58 60 64 70 72 80 81 82 90 98 115 120 
36 99         2 6 12 19 22 33 39 51 53 57 64 65 66 70 75 85 88 90 98 105 110 116 
37 42         5 9 10 13 16 22 46 51 52 61 67 69 71 76 81 84 100 107 110 114 
38 57         4 7 8 11 22 28 31 32 35 39 40 41 52 56 64 67 73 74 75 85 98 106 112 118 
39 31         6 8 22 26 28 36 38 44 48 55 57 58 72 75 79 84 93 98 102 112 120 
40 37         1 8 28 34 38 47 48 49 54 62 65 70 71 72 74 88 89 90 100 105 111 114 117 
41 42         2 7 14 16 24 26 38 60 80 82 86 88 92 98 100 113 114 119 
42 40         8 9 16 29 33 34 43 49 50 51 52 54 55 63 68 70 79 84 86 90 92 95 101 
43 69         2 4 5 14 16 23 27 28 33 35 42 59 62 68 70 71 78 82 86 89 94 101 106 107 108 115 116 119 120 
44 91         1 4 13 17 18 19 23 26 28 32 39 45 47 52 59 61 62 64 71 76 77 82 84 89 92 94 99 100 103 105 117 
45 45         14 21 31 34 44 50 53 55 56 60 63 74 82 104 105 113 117 118 
46 97         3 6 7 8 15 16 17 19 23 28 37 48 54 56 61 73 75 76 83 91 103 
47 84         1 3 8 9 17 19 20 33 35 40 44 48 51 52 53 56 58 59 63 66 68 69 70 79 81 83 86 89 105 108 
48 90         3 9 16 31 35 39 40 46 47 54 55 57 65 67 82 85 91 95 111 119 120 
49 52         1 5 6 11 23 26 32 34 40 42 54 60 64 75 77 79 81 83 84 90 93 94 96 99 104 105 116 
50 43         6 9 12 14 33 34 42 45 51 64 69 70 72 88 95 96 106 108 118 
51 68         1 14 22 24 27 36 37 42 47 50 61 70 74 76 79 87 97 103 110 115 116 119 
52 53         4 20 26 28 31 32 37 38 42 44 47 53 58 59 78 94 109 114 117 
53 37         10 23 24 26 27 34 36 45 47 52 54 70 74 79 90 92 94 98 108 111 113 116 
54 65         2 7 12 14 17 21 29 35 40 42 46 48 49 53 57 74 85 94 96 102 111 
55 79         2 12 15 18 22 30 31 33 34 39 42 45 48 61 62 67 71 76 79 80 87 89 92 100 101 107 111 115 116 118 
56 73         2 6 9 10 11 13 16 22 23 33 38 45 46 47 57 58 64 81 90 98 102 108 109 
57 92         11 18 19 30 36 39 48 54 56 60 61 64 65 77 78 82 83 84 87 95 96 101 106 119 
58 87         3 9 10 13 18 20 23 28 31 32 35 39 47 52 56 63 67 72 75 77 86 96 100 102 103 111 115 117 
59 20         9 13 23 27 28 33 43 44 47 52 62 63 70 80 86 98 102 106 107 108 118 
60 20         1 2 9 13 19 23 35 41 45 49 57 61 65 73 77 78 85 86 90 115 118 
61 73         1 10 13 16 18 23 34 37 44 46 51 55 57 60 67 73 76 84 86 87 94 96 99 104 115 
62 42         3 5 13 31 40 43 44 55 59 74 77 83 87 96 98 106 108 112 117 119 120 
63 52         2 6 14 15 16 21 25 27 34 42 45 47 58 59 68 69 78 79 80 94 98 119 
64 20         2 15 16 25 35 36 38 44 49 50 56 57 67 73 74 75 83 84 96 99 106 107 109 112 113 115 
65 24         1 3 19 23 28 32 36 40 48 57 60 66 72 82 84 89 90 91 93 96 104 106 
66 76         7 9 36 47 65 74 82 93 100 105 108 115 120 
67 71         2 7 19 20 24 37 38 48 55 58 61 64 71 73 81 83 85 96 100 102 113 119 
68 72         2 7 8 17 23 30 33 42 43 47 63 74 76 82 85 87 97 99 103 105 106 
69 21         3 17 18 37 47 50 63 70 89 90 95 97 100 111 114 116 117 
70 21         1 4 8 9 11 25 26 35 36 40 42 43 47 50 51 53 59 69 81 83 85 87 89 91 93 97 99 113 
71 82         6 14 37 40 43 44 55 67 84 90 92 94 100 103 107 114 120 
72 92         3 12 16 19 21 22 26 30 33 35 39 40 50 58 65 74 76 77 82 86 87 89 90 91 93 96 98 111 116 118 119 120 
73 78         2 16 19 26 28 30 34 38 46 60 61 64 67 78 81 89 100 106 108 110 117 120 
74 87         3 5 8 9 17 18 33 38 40 45 51 53 54 62 64 66 68 72 82 88 93 96 97 98 104 113 117 118 119 120 
75 50         2 3 10 12 13 15 17 21 24 28 34 36 38 39 46 49 58 64 80 103 108 111 112 113 117 118 
76 41         2 4 11 16 17 21 23 26 33 34 37 44 46 51 55 61 68 72 77 79 81 82 86 93 102 112 
77 31         3 19 28 29 30 44 49 57 58 60 62 72 76 80 83 87 91 94 105 106 107 111 112 118 119 
78 73         6 12 29 30 43 52 57 60 63 73 88 89 98 99 104 105 110 115 117 120 
79 89         1 5 9 11 13 20 22 29 33 34 39 42 47 49 51 53 55 63 76 84 93 96 97 100 107 114 
80 59         6 9 18 21 29 35 41 55 59 63 75 77 98 111 117 
81 88         5 7 11 12 13 16 32 35 37 47 49 56 67 70 73 76 83 84 89 93 98 101 106 113 114 115 
82 40         7 10 14 16 17 18 21 23 31 34 35 41 43 44 45 48 57 65 66 68 72 74 76 87 91 94 97 102 104 106 109 111 116 120 
83 71         2 8 11 13 15 16 19 21 22 23 30 32 34 46 47 49 57 62 64 67 70 77 81 84 89 95 97 101 103 112 119 120 
84 69         1 5 6 11 12 14 18 19 29 30 32 37 39 42 44 49 57 61 64 65 71 79 81 83 85 103 105 107 120 
85 45         3 5 6 9 12 17 27 30 31 36 38 48 54 60 67 68 70 84 86 87 88 90 92 94 102 104 
86 57         17 22 24 41 42 43 47 58 59 60 61 72 76 85 87 95 101 104 107 109 
87 49         1 2 8 11 16 21 26 30 33 51 55 57 61 62 68 70 72 77 82 85 86 90 91 95 101 105 116 119 
88 68         13 15 19 25 32 33 36 40 41 50 74 78 85 89 93 96 99 102 108 112 117 
89 84         5 10 16 26 27 29 40 43 44 47 55 65 69 70 72 73 78 81 83 88 90 97 100 103 114 116 119 
90 32         10 13 21 35 36 40 42 49 53 56 60 65 69 71 72 85 87 89 95 100 102 106 110 115 116 118 
91 69         2 8 13 15 18 46 48 65 70 72 77 82 87 103 109 110 115 119 
92 77         3 4 5 11 19 20 23 26 27 29 31 32 41 42 44 53 55 71 85 94 98 105 110 115 
93 92         1 2 3 4 13 16 20 39 49 65 66 70 72 74 76 79 81 88 95 113 118 
94 98         3 5 6 8 10 14 31 33 34 43 44 49 52 53 54 61 63 71 77 82 85 92 98 99 104 112 114 115 
95 57         2 7 8 11 14 17 20 22 29 42 48 50 57 69 83 86 87 90 93 106 111 
96 39         1 6 7 8 11 49 50 54 57 58 61 62 64 65 67 72 74 79 88 103 106 109 116 
97 32         5 12 20 25 51 68 69 70 74 79 82 83 89 99 101 104 112 
98 23         2 12 15 17 22 23 34 35 36 38 39 41 53 56 59 62 63 72 74 78 80 81 92 94 101 102 105 107 115 
99 99         13 16 18 26 28 29 30 34 44 49 61 64 68 70 78 88 94 97 100 111 112 119 
100 91        2 11 23 24 29 37 40 41 44 55 58 66 67 69 71 73 79 89 90 99 109 112 116 118 119 
101 48        2 6 9 10 13 24 27 29 33 42 43 55 57 81 83 86 87 97 98 108 111 114 116 
102 21        4 7 19 23 27 31 39 54 56 58 59 67 76 82 85 88 90 98 103 105 107 108 112 119 
103 70        1 9 16 17 19 25 27 28 29 31 44 46 51 58 68 71 75 83 84 89 91 96 102 107 109 110 114 117 118 
104 43        6 9 15 17 18 25 27 28 30 32 33 45 49 61 65 74 78 82 85 86 94 97 107 112 
105 73        3 14 16 20 22 26 30 34 36 40 44 45 47 49 66 68 77 78 84 87 92 98 102 115 
106 69        3 32 34 38 43 50 57 59 62 64 65 68 73 77 81 82 90 95 96 
107 65        8 10 11 12 13 19 20 21 27 29 37 43 55 59 64 71 77 79 84 86 98 102 103 104 113 117 119 
108 57        8 10 11 23 26 29 43 47 50 53 56 59 62 66 73 75 88 101 102 113 117 120 
109 67        2 7 10 12 17 19 21 22 25 27 32 33 52 56 64 82 86 91 96 100 103 116 
110 28        6 15 17 19 20 36 37 51 73 78 90 91 92 103 111 116 120 
111 84        1 2 3 18 33 40 48 53 54 55 58 69 72 75 77 80 82 95 99 101 110 116 
112 42        3 4 8 16 34 38 39 62 64 75 76 77 83 88 94 97 99 100 102 104 118 119 
113 61        4 11 14 20 23 41 45 53 64 67 70 74 75 81 93 107 108 
114 92        2 3 4 8 11 14 18 27 29 33 37 40 41 52 69 71 79 81 89 94 101 103 
115 82        10 15 26 29 34 35 43 51 55 58 60 61 64 66 78 81 90 91 92 94 98 105 117 119 120 
116 34        2 3 6 19 25 28 36 43 49 51 53 55 69 72 82 87 89 90 96 100 101 109 110 111 117 
117 74        1 3 11 17 19 31 33 34 40 44 45 52 58 62 69 73 74 75 78 80 88 103 107 108 115 116 
118 55        7 9 17 19 20 22 34 38 45 50 55 59 60 72 74 75 77 90 93 100 103 112 120 
119 60        15 16 17 18 19 20 22 27 28 31 41 43 48 51 57 62 63 67 72 74 77 83 87 89 91 99 100 102 107 112 115 
120 69        7 8 9 22 30 32 35 39 43 48 62 66 71 72 73 74 78 82 83 84 108 110 115 118 
