250 150
1 38          2 3 8 25 29 32 33 39 48 55 58 63 65 66 71 73 80 89 90 91 93 97 100 107 111 115 118 122 125 131 141 148 150 156 164 165 167 170 172 179 180 182 183 184 186 190 193 194 196 200 205 213 218 225 234 238 247 
2 60          1 3 14 16 19 27 31 35 41 48 55 64 66 68 82 92 95 102 105 113 118 119 126 137 160 162 165 176 177 180 191 194 197 204 206 207 216 217 223 224 225 226 235 236 237 239 242 249 
3 53          1 2 5 8 14 15 19 20 26 30 35 37 38 45 54 68 71 72 74 77 83 85 89 93 97 100 105 119 120 124 126 138 139 144 147 159 163 166 167 177 178 184 186 188 195 199 203 206 215 216 217 225 237 240 249 250 
4 55          7 8 9 13 15 21 22 34 40 44 45 50 51 52 54 55 59 64 74 83 89 91 95 99 102 107 110 114 117 123 128 131 145 149 152 155 158 161 162 163 172 177 179 180 187 196 201 203 205 207 211 216 217 218 219 222 225 227 245 247 249 
5 90          3 7 16 17 19 21 24 25 40 41 47 64 65 72 76 81 84 91 92 93 96 97 100 101 102 108 109 112 117 127 129 131 132 136 137 139 147 162 164 172 181 206 208 216 218 232 233 241 
6 48          18 20 40 42 49 52 54 55 63 70 71 86 89 95 112 115 116 119 120 126 132 142 148 159 160 161 162 165 166 168 173 174 175 179 182 187 192 193 209 210 212 214 220 233 241 246 247 
7 55          4 5 8 11 12 18 33 37 48 49 51 52 54 55 58 59 64 70 73 74 87 90 99 100 108 119 127 130 131 137 143 146 151 152 155 156 159 176 177 179 185 196 204 206 208 212 214 215 217 218 220 225 228 234 239 242 248 
8 57          1 3 4 7 9 36 37 64 77 85 86 92 95 108 118 127 134 138 139 140 143 144 145 154 160 167 173 176 192 197 201 208 217 219 220 221 244 247 
9 59          4 8 12 17 18 21 43 65 72 79 80 81 98 119 124 126 131 132 136 139 146 149 151 155 158 170 171 173 174 176 178 181 182 184 195 206 212 225 231 235 236 238 242 246 
10 25         12 21 23 26 41 47 59 64 67 68 72 80 89 90 100 102 110 129 137 141 148 153 154 155 156 162 166 170 171 174 187 202 213 217 226 229 238 241 248 
11 51         7 28 30 31 38 46 47 50 57 59 65 69 73 74 76 77 78 79 81 83 100 104 118 119 120 121 122 125 126 129 143 150 155 161 164 167 183 185 189 199 200 209 213 236 238 247 249 250 
12 22         7 9 10 13 16 18 21 25 38 43 45 57 59 62 64 67 68 69 78 79 80 83 86 87 95 105 113 117 120 124 129 137 138 150 153 169 182 183 184 186 188 194 212 213 220 229 244 250 
13 43         4 12 17 18 30 45 53 88 90 98 100 121 127 137 141 145 148 149 150 151 153 154 155 156 177 185 186 193 215 216 218 220 221 231 234 245 249 
14 31         2 3 15 18 19 22 23 29 31 33 39 42 44 54 59 61 72 73 74 76 79 80 84 85 87 106 114 120 122 124 136 138 144 145 148 149 151 153 156 162 167 171 174 201 203 207 221 223 231 243 250 
15 52         3 4 14 19 21 22 47 49 56 59 63 68 71 81 82 107 117 127 130 140 141 147 150 152 155 162 164 167 174 177 181 184 186 187 191 195 197 211 214 215 217 218 226 228 230 234 237 242 243 247 250 
16 89         2 5 12 17 23 31 37 39 42 49 50 53 62 63 66 67 69 73 75 79 82 83 88 101 118 122 128 130 131 135 138 149 152 155 163 166 171 174 179 184 190 193 197 208 209 211 217 218 227 230 232 234 240 243 
17 96         5 9 13 16 19 28 30 31 36 41 47 51 56 69 76 78 79 81 82 87 89 91 92 96 105 108 114 125 128 129 134 137 138 143 151 154 164 175 178 185 186 193 197 210 219 223 230 236 237 
18 58         6 7 9 12 13 14 23 26 28 32 33 38 45 47 59 60 61 73 80 86 89 104 113 136 138 142 143 145 161 169 173 176 180 187 190 202 204 214 217 219 228 231 232 243 244 
19 63         2 3 5 14 15 17 23 37 38 40 53 54 55 57 64 68 72 78 91 100 104 105 106 108 119 120 121 129 141 149 152 153 155 174 177 181 182 191 196 201 205 207 209 210 214 216 217 223 225 228 236 238 239 242 
20 27         3 6 25 28 29 32 44 46 56 58 60 65 66 71 72 73 78 83 85 90 93 95 116 123 124 129 135 145 147 154 157 158 168 176 177 181 184 187 194 197 202 207 210 213 223 225 226 231 232 233 234 241 243 246 
21 46         4 5 9 10 12 15 28 41 42 43 45 47 51 57 58 64 65 66 69 81 82 86 87 88 98 109 111 115 120 128 130 132 134 138 146 153 157 158 162 166 171 175 178 182 190 192 194 197 203 204 206 208 210 214 216 220 233 234 235 240 244 245 
22 43         4 14 15 23 27 32 33 53 58 62 66 71 103 104 105 107 112 114 117 119 124 130 137 139 148 154 162 164 165 168 170 171 180 184 191 192 200 202 204 207 215 222 223 227 230 241 243 244 246 
23 30         10 14 16 18 19 22 29 33 36 41 44 47 51 53 74 79 80 82 85 91 100 103 109 115 119 132 141 144 147 149 150 153 154 167 171 181 184 186 193 196 198 205 207 218 220 222 228 235 236 247 248 250 
24 44         5 28 39 42 48 56 63 64 71 74 76 83 84 102 114 117 124 125 130 131 152 153 155 160 162 167 168 170 172 174 183 184 191 195 213 217 218 231 239 240 241 242 245 247 248 249 
25 71         1 5 12 20 27 29 33 49 59 60 62 70 72 77 87 88 93 94 97 103 108 113 117 120 123 126 127 130 131 140 147 150 154 157 160 176 178 189 191 195 196 197 204 205 215 226 227 229 230 232 245 248 
26 66         3 10 18 29 40 44 59 64 67 68 77 80 81 88 89 93 94 104 109 110 114 117 121 132 148 156 158 159 161 168 169 179 180 208 210 211 212 224 226 230 237 239 
27 64         2 22 25 31 38 50 53 62 76 79 89 92 96 98 100 102 109 112 113 116 126 133 142 145 152 156 157 160 162 170 174 176 177 182 184 185 191 192 196 199 200 203 206 209 212 213 219 230 231 236 243 247 
28 28         11 17 18 20 21 24 32 40 48 50 57 66 67 85 89 94 98 105 109 116 121 127 128 130 137 155 158 159 160 173 174 175 184 187 195 196 197 198 199 204 206 210 212 216 222 224 231 234 237 240 248 249 250 
29 83         1 14 20 23 25 26 33 36 47 50 58 59 60 61 62 78 82 99 111 113 117 119 122 138 139 140 145 149 158 164 171 186 191 192 204 205 208 217 219 233 236 242 243 246 248 
30 88         3 11 13 17 32 39 42 46 47 59 65 83 88 93 102 107 109 120 125 129 131 132 142 146 156 159 168 173 176 178 180 186 188 197 198 199 200 207 213 216 217 218 219 227 229 230 231 234 235 
31 42         2 11 14 16 17 27 34 51 53 56 60 62 67 76 80 86 89 95 112 123 125 133 141 147 162 169 192 193 199 202 205 206 212 213 220 230 237 243 248 
32 92         1 18 20 22 28 30 34 39 42 43 51 59 68 72 76 80 83 84 88 92 93 108 109 113 126 127 129 130 135 137 148 161 171 189 193 194 196 201 203 204 209 217 219 221 225 230 231 232 236 238 239 241 248 249 
33 95         1 7 14 18 22 23 25 29 35 45 51 72 76 78 82 85 87 91 95 98 100 122 126 139 140 161 175 179 180 188 191 192 198 199 212 217 223 236 237 242 244 
34 36         4 31 32 35 49 52 58 59 69 72 75 78 82 92 96 100 112 118 123 124 127 130 140 144 145 152 165 166 174 177 182 184 187 189 196 203 208 209 223 240 244 250 
35 24         2 3 33 34 40 42 44 52 54 56 59 62 65 97 98 106 108 114 115 121 122 131 137 139 141 143 150 157 159 161 174 178 179 180 181 197 213 215 217 219 222 232 239 241 244 245 
36 62         8 17 23 29 42 50 51 53 54 58 59 63 69 82 90 92 99 100 102 103 104 107 109 112 128 129 130 137 152 154 160 171 173 176 178 180 181 190 191 192 199 200 201 205 217 218 226 231 237 240 242 
37 44         3 7 8 16 19 43 47 51 54 60 63 68 89 100 106 110 116 124 125 131 132 134 142 145 146 153 154 162 164 168 189 191 197 198 216 217 219 221 224 239 244 248 
38 82         3 11 12 18 19 27 39 51 56 57 62 69 74 76 80 81 86 88 93 97 100 103 106 110 113 123 125 142 145 151 154 157 172 177 185 188 204 207 213 216 220 226 227 229 234 243 246 
39 59         1 14 16 24 30 32 38 45 47 52 54 55 60 63 66 76 77 81 86 89 92 95 102 107 114 120 121 123 146 148 155 157 159 160 162 164 165 166 168 172 190 195 197 206 216 217 221 222 226 249 
40 31         4 5 6 19 26 28 35 43 51 61 62 66 67 69 71 75 79 86 90 95 96 105 107 109 111 112 113 118 124 126 129 134 136 139 140 142 146 148 155 168 178 186 189 198 205 212 216 217 221 222 227 234 240 248 
41 96         2 5 10 17 21 23 42 49 57 63 64 68 78 84 93 95 98 104 109 112 115 125 132 139 142 143 146 151 153 154 156 164 165 177 179 187 189 195 196 201 204 207 212 221 228 230 231 239 245 248 
42 44         6 14 16 21 24 30 32 35 36 41 51 58 70 76 77 79 81 86 97 103 105 116 117 122 132 134 140 141 143 146 149 152 156 162 166 167 176 178 191 195 196 199 200 207 212 215 218 219 220 225 231 232 235 236 244 
43 61         9 12 21 32 37 40 46 49 53 57 59 61 62 69 74 79 84 88 94 96 102 106 107 113 114 116 119 120 121 122 125 129 132 133 135 140 145 150 151 155 158 167 170 173 177 185 186 190 191 192 203 206 210 217 220 226 227 231 234 237 238 244 246 249 
44 78         4 14 20 23 26 35 47 63 76 84 92 106 107 114 117 140 150 154 167 176 187 188 197 203 206 223 227 228 232 235 245 246 249 250 
45 72         3 4 12 13 18 21 33 39 48 73 75 77 78 84 91 93 97 99 101 105 110 122 127 132 133 136 139 142 147 149 153 163 170 177 178 179 189 193 194 202 206 211 215 219 220 227 230 238 246 249 
46 62         11 20 30 43 51 53 55 60 61 63 66 68 72 76 95 96 99 100 112 115 116 122 132 137 138 139 142 147 148 153 158 163 168 170 176 181 191 196 214 219 225 232 236 246 248 249 
47 76         5 10 11 15 17 18 21 23 29 30 37 39 44 57 60 68 73 82 88 95 102 103 106 115 126 129 131 134 138 144 153 160 161 175 183 190 197 198 206 208 211 212 223 228 229 231 233 235 247 
48 65         1 2 7 24 28 45 56 59 66 70 73 74 85 90 94 99 100 101 106 112 113 114 116 127 128 132 135 137 147 155 160 167 170 172 181 190 191 196 203 205 218 219 221 227 231 236 
49 22         6 7 15 16 25 34 41 43 53 61 69 78 85 89 96 101 103 105 106 117 118 123 130 131 133 143 148 151 155 157 161 173 182 193 194 206 207 208 210 215 217 218 226 231 238 242 246 249 
50 41         4 11 16 27 28 29 36 59 66 71 77 80 81 85 88 89 97 102 103 105 112 113 114 116 121 123 124 129 130 134 135 139 144 148 155 165 185 187 188 194 197 199 200 206 207 209 210 217 220 228 230 235 238 242 243 250 
51 27         4 7 17 21 23 31 32 33 36 37 38 40 42 46 65 66 71 74 76 80 82 83 84 91 92 96 98 101 110 115 127 128 137 147 150 152 154 156 157 158 161 164 167 180 185 188 196 197 199 201 202 205 206 214 215 217 229 231 233 234 235 236 241 242 244 245 246 248 249 
52 85         4 6 7 34 35 39 55 65 81 88 91 93 95 96 101 110 115 118 122 128 130 133 134 135 140 142 143 144 146 150 152 157 158 162 164 166 171 174 182 183 184 186 187 188 193 198 203 207 209 218 221 223 228 232 236 240 
53 80         13 16 19 22 23 27 31 36 43 46 49 54 62 87 91 92 94 97 98 101 112 120 122 128 133 138 140 148 156 159 167 178 180 183 195 196 198 202 210 222 226 
54 72         3 4 6 7 14 19 35 36 37 39 53 56 57 60 67 68 75 76 77 79 80 81 82 85 94 101 109 116 122 126 128 129 130 133 137 141 147 149 161 167 183 188 192 194 195 198 204 205 221 222 223 227 228 231 233 242 244 247 250 
55 100        1 2 4 6 7 19 39 46 52 58 64 69 70 74 75 85 89 90 113 115 120 144 146 157 158 160 165 168 174 178 181 182 186 187 189 208 210 222 224 226 232 233 239 240 
56 29         15 17 20 24 31 35 38 48 54 59 61 62 68 77 80 83 85 90 102 105 116 117 122 126 129 130 142 144 151 153 164 178 179 181 183 186 188 193 201 205 206 209 217 232 240 241 246 250 
57 27         11 12 19 21 28 38 41 43 47 54 60 61 67 77 87 93 95 101 104 108 112 113 128 131 136 140 147 148 150 163 166 169 171 173 174 187 188 190 195 200 203 204 207 212 219 220 222 238 240 245 246 248 250 
58 43         1 7 20 21 22 29 34 36 42 55 65 75 76 83 84 86 87 92 98 105 109 111 118 124 127 136 151 158 161 165 166 174 178 180 194 196 212 213 226 231 235 245 250 
59 83         4 7 10 11 12 14 15 18 25 26 29 30 32 34 35 36 43 48 50 56 60 76 78 79 81 84 88 92 93 97 104 105 118 121 122 129 142 143 144 145 146 148 151 153 157 158 162 163 167 171 172 177 180 184 188 196 199 201 202 208 222 230 232 233 241 245 248 
60 32         18 20 25 29 31 37 39 46 47 54 57 59 62 65 66 67 69 82 84 86 93 94 99 106 107 109 115 116 119 121 124 132 137 140 148 154 162 168 169 173 178 179 180 188 193 194 195 203 207 209 210 213 224 225 226 240 
61 33         14 18 29 40 43 46 49 56 57 65 66 68 75 81 84 98 100 107 121 123 127 131 140 144 146 152 153 155 156 159 173 179 181 185 186 188 194 205 207 209 213 228 235 239 240 245 248 
62 53         12 16 22 25 27 29 31 35 38 40 43 53 56 60 69 73 75 83 94 96 98 109 115 117 120 128 129 132 134 147 148 152 153 156 158 159 160 162 164 168 175 180 186 190 193 194 196 197 200 201 210 223 228 231 235 241 243 247 
63 95         1 6 15 16 24 36 37 39 41 44 46 73 84 86 112 120 130 133 134 136 137 140 142 143 148 149 150 152 163 171 173 175 182 183 188 193 200 201 225 227 228 232 237 238 246 248 
64 99         2 4 5 7 8 10 12 19 21 24 26 41 55 68 70 71 73 80 82 88 93 108 115 122 127 142 152 154 162 163 164 168 171 189 198 199 207 212 213 215 221 223 233 244 
65 20         1 5 9 11 20 21 30 35 51 52 58 60 61 67 72 76 80 82 86 91 97 99 103 108 111 117 135 139 140 143 160 163 179 183 203 205 211 212 214 223 229 230 233 236 244 249 
66 23         1 2 16 20 21 22 28 39 40 46 48 50 51 60 61 68 72 77 78 89 91 93 100 102 110 116 119 125 129 131 133 135 155 157 158 168 170 173 175 177 190 202 212 213 215 234 237 238 247 
67 72         10 12 16 26 28 31 40 54 57 60 65 70 72 77 82 84 85 92 101 106 111 118 129 132 145 148 160 168 169 175 179 181 190 195 196 206 210 212 215 217 219 222 226 234 236 237 238 243 
68 50         2 3 10 12 15 19 26 32 37 41 46 47 54 56 61 64 66 69 76 80 81 83 90 91 106 107 112 115 119 126 130 136 137 149 154 159 165 171 173 184 185 188 193 196 199 201 205 206 215 223 236 237 240 241 243 244 
69 50         11 12 16 17 21 34 36 38 40 43 49 55 60 62 68 75 79 87 94 96 97 100 103 105 107 111 114 134 137 147 149 155 165 172 174 177 178 184 188 191 196 200 204 207 225 227 230 231 232 237 238 240 250 
70 27         6 7 25 42 48 55 64 67 71 79 85 94 99 110 117 118 119 134 142 144 147 155 156 161 171 173 176 189 194 198 205 206 209 212 216 219 226 229 230 233 235 244 
71 89         1 3 6 15 20 22 24 40 50 51 64 70 74 80 83 90 91 92 95 98 105 107 109 110 124 126 129 130 132 139 142 148 153 155 159 166 170 173 176 179 185 193 194 195 196 203 207 208 211 212 214 220 221 231 232 238 244 245 249 250 
72 53         3 5 9 10 14 19 20 25 32 33 34 46 65 66 67 77 78 80 85 91 93 96 98 99 102 122 131 137 138 141 144 152 164 168 172 174 181 182 191 193 207 213 215 219 222 239 241 243 248 249 
73 75         1 7 11 14 16 18 20 45 47 48 62 63 64 82 86 92 93 96 97 103 116 123 137 138 144 150 152 155 161 170 172 174 176 193 197 199 202 206 207 209 216 218 227 229 235 239 242 247 
74 81         3 4 7 11 14 23 24 38 43 48 51 55 71 75 80 83 85 86 95 99 110 111 113 120 123 126 137 138 139 140 142 147 150 151 154 155 156 162 169 179 182 185 186 188 189 191 204 214 222 224 229 230 234 236 241 243 246 248 
75 34         16 34 40 45 54 55 58 61 62 69 74 80 86 87 90 96 105 107 111 116 119 120 122 123 124 132 136 137 142 143 150 156 158 160 174 185 192 195 209 214 215 219 221 230 231 232 237 247 250 
76 27         5 11 14 17 24 27 31 32 33 38 39 42 44 46 51 54 58 59 65 68 77 89 98 100 105 106 118 134 141 144 148 152 160 162 165 166 169 170 176 177 179 180 184 187 190 191 203 205 209 213 234 243 249 250 
77 69         3 8 11 25 26 39 42 45 50 54 56 57 66 67 72 76 95 96 100 103 107 116 120 124 125 130 132 142 143 149 151 157 158 159 165 171 176 184 193 195 209 212 216 226 232 235 245 
78 48         11 12 17 19 20 29 33 34 41 45 49 59 66 72 81 84 93 95 97 98 102 104 106 110 115 116 117 123 126 136 143 144 147 149 165 172 182 186 189 200 206 210 213 216 218 233 235 236 237 240 247 
79 84         9 11 12 14 16 17 23 27 40 42 43 54 59 69 70 80 87 102 109 113 116 121 122 124 125 126 128 131 141 143 144 148 150 155 160 166 171 172 206 207 216 217 218 221 223 224 229 233 235 241 
80 37         1 9 10 12 14 18 23 26 31 32 38 50 51 54 56 64 65 68 71 72 74 75 79 86 89 91 92 93 94 98 108 113 115 121 132 135 139 146 150 157 161 167 170 174 175 181 187 189 196 198 203 209 210 228 236 241 242 244 245 
81 69         5 9 11 15 17 21 26 38 39 42 50 52 54 59 61 68 78 84 87 88 90 92 93 95 97 102 108 109 112 115 118 125 126 132 139 142 150 161 172 178 190 192 197 200 205 211 220 225 227 232 236 239 243 247 
82 54         2 15 16 17 21 23 29 33 34 36 47 51 54 60 64 65 67 73 86 90 91 95 101 107 112 121 124 135 138 139 153 166 171 174 177 178 181 184 192 203 207 208 210 213 218 224 227 231 244 245 249 
83 51         3 4 11 12 16 20 24 30 32 51 56 58 62 68 71 74 84 86 100 103 105 120 132 134 153 165 169 171 175 176 179 184 190 210 217 218 223 237 238 246 
84 49         5 14 24 32 41 43 44 45 51 58 59 60 61 63 67 78 81 83 85 87 92 97 104 116 123 135 142 155 157 159 165 175 185 187 188 189 194 199 205 220 221 222 224 227 235 238 240 250 
85 49         3 8 14 20 23 28 33 48 49 50 54 55 56 67 70 72 74 84 94 106 107 115 126 128 130 139 142 146 148 149 154 159 160 163 165 171 172 177 179 180 187 195 196 200 202 204 205 209 216 220 221 222 224 226 230 240 243 247 248 
86 54         6 8 12 18 21 31 38 39 40 42 58 60 63 65 73 74 75 80 82 83 87 91 93 99 105 108 112 116 120 122 123 135 143 144 147 149 159 164 169 172 184 191 202 207 208 212 222 232 234 243 
87 100        7 12 14 17 21 25 33 53 57 58 69 75 79 81 84 86 98 131 132 140 146 147 153 163 164 165 172 179 181 185 189 191 193 194 202 208 212 216 217 224 228 232 234 237 241 242 
88 55         13 16 21 25 26 30 32 38 43 47 50 52 59 64 81 91 92 103 105 111 118 132 134 145 147 149 151 155 157 161 162 164 169 172 182 183 194 198 201 203 205 208 226 230 243 249 250 
89 45         1 3 4 6 10 17 18 26 27 28 31 37 39 49 50 55 66 76 80 94 103 106 114 117 126 130 133 139 145 153 162 169 172 174 187 191 209 213 214 217 224 228 230 235 236 239 240 243 249 
90 83         1 7 10 13 20 36 40 48 55 56 68 71 75 81 82 91 97 99 113 117 134 144 152 154 166 171 174 178 181 186 192 193 194 195 196 202 204 216 222 227 234 241 244 
91 61         1 4 5 17 19 23 33 45 51 52 53 65 66 68 71 72 80 82 86 88 90 96 97 100 107 111 113 118 121 133 134 136 139 140 141 144 149 150 154 155 177 179 183 189 190 192 194 197 210 222 226 231 234 239 241 
92 96         2 5 8 17 27 32 34 36 39 44 51 53 58 59 67 71 73 80 81 84 88 94 97 98 118 131 139 158 159 166 168 179 181 196 207 208 212 213 217 220 231 241 246 
93 91         1 3 5 20 25 26 30 32 38 41 45 52 57 59 60 64 66 72 73 78 80 81 86 99 103 120 123 124 128 131 132 135 156 158 161 163 171 174 177 180 181 187 188 196 197 198 199 205 206 215 221 222 236 238 240 250 
94 37         25 26 28 43 48 53 54 60 62 69 70 80 85 89 92 100 101 116 117 124 128 134 140 143 145 154 157 161 162 174 182 183 185 186 196 198 204 205 206 217 218 219 223 228 234 235 241 242 243 
95 53         2 4 6 8 12 20 31 33 39 40 41 46 47 52 57 71 74 77 78 81 82 102 106 110 111 114 115 120 125 136 137 144 161 162 164 174 176 209 211 214 215 222 224 225 228 234 235 237 243 244 
96 76         5 17 27 34 40 43 46 49 51 52 62 69 72 73 75 77 91 99 106 109 111 112 116 118 128 137 139 146 148 153 157 163 165 166 171 191 213 225 233 235 238 246 247 248 
97 50         1 3 5 25 35 38 42 45 50 53 59 65 69 73 78 81 84 90 91 92 104 108 120 130 138 143 145 153 162 171 174 179 181 183 186 197 199 216 220 235 238 244 
98 66         9 13 21 27 28 33 35 41 51 53 58 61 62 71 72 76 78 80 87 92 99 101 104 118 129 132 139 140 149 163 168 171 174 175 176 179 186 187 188 189 193 196 198 205 211 216 231 237 247 
99 70         4 7 29 36 45 46 48 60 65 70 72 74 86 90 93 96 98 117 119 125 127 132 135 137 139 144 172 177 180 187 188 189 190 192 197 198 206 215 217 226 227 234 235 236 238 239 247 248 249 
100 87        1 3 5 7 10 11 13 19 23 27 33 34 36 37 38 46 48 61 66 69 76 77 83 91 94 102 103 104 106 110 116 119 121 126 141 143 145 156 158 162 165 166 168 170 177 180 184 188 191 213 214 215 219 222 227 231 234 235 241 
101 92        5 16 45 48 49 51 52 53 54 57 67 82 94 98 103 106 110 116 117 118 124 138 152 154 157 158 168 169 176 178 186 201 202 203 205 216 220 222 224 231 240 
102 35        2 4 5 10 24 27 30 36 39 43 47 50 56 66 72 78 79 81 95 100 105 106 107 112 113 120 125 138 140 152 158 162 167 170 173 175 176 179 188 189 197 222 233 235 237 249 
103 53        22 23 25 36 38 42 47 49 50 65 69 73 77 83 88 89 93 100 101 108 121 123 125 126 132 134 138 139 145 147 149 152 154 155 157 161 164 174 177 188 190 199 201 203 206 216 226 228 232 238 240 244 
104 95        11 18 19 22 26 36 41 57 59 78 84 97 98 100 108 117 130 138 141 145 151 158 162 172 179 180 181 182 184 185 186 190 196 200 204 206 212 213 215 228 232 239 241 244 246 
105 47        2 3 12 17 19 22 28 40 42 45 49 50 56 58 59 69 71 75 76 83 86 88 102 114 115 126 137 153 154 159 162 172 178 186 193 194 196 199 204 210 212 220 221 226 233 237 240 243 244 248 
106 56        14 19 35 37 38 43 44 47 48 49 60 67 68 76 78 85 89 95 96 100 101 102 110 113 117 132 135 139 144 149 155 156 164 170 172 174 179 182 184 186 187 188 207 209 211 215 219 225 227 230 238 239 244 245 249 
107 55        1 4 15 22 30 36 39 40 43 44 60 61 68 69 71 75 77 82 85 91 102 108 110 115 123 128 136 142 148 151 169 180 192 193 197 198 206 213 218 224 227 235 236 239 245 247 
108 86        5 7 8 17 19 25 32 35 57 64 65 80 81 86 97 103 104 107 113 114 119 129 134 139 143 155 156 158 164 166 180 202 205 212 220 221 225 234 249 250 
109 32        5 21 23 26 27 28 30 32 36 40 41 54 58 60 62 71 79 81 96 116 117 121 125 132 134 136 137 146 151 169 176 182 184 196 197 198 201 210 214 215 217 222 223 224 231 232 234 245 
110 99        4 10 26 37 38 45 51 52 66 70 71 74 78 95 100 101 106 107 113 129 136 142 151 160 170 173 178 181 185 188 200 202 207 211 214 223 232 235 238 
111 83        1 21 29 40 58 65 67 69 74 75 88 91 95 96 116 117 119 122 127 131 132 133 135 141 145 151 168 191 192 205 207 213 224 227 230 231 233 234 237 239 243 248 
112 88        5 6 22 27 31 34 36 40 41 46 48 50 53 57 63 68 81 82 86 96 102 113 115 124 125 129 131 134 138 148 149 151 152 156 157 159 161 168 169 180 186 210 214 216 217 224 231 235 240 245 
113 41        2 12 18 25 27 29 32 38 40 43 48 50 55 57 74 79 80 90 91 102 106 108 110 112 114 119 123 139 143 149 157 158 164 169 173 183 185 193 199 205 206 208 210 213 219 220 221 226 242 
114 63        4 14 17 22 24 26 35 39 43 44 48 50 69 89 95 105 108 113 116 131 132 136 138 143 150 151 154 157 169 176 178 201 204 209 216 226 235 236 238 242 249 
115 77        1 6 21 23 35 41 46 47 51 52 55 60 62 64 68 78 80 81 85 95 105 107 112 116 117 126 128 133 135 139 141 146 158 159 162 169 171 175 177 178 182 188 189 202 213 214 225 226 230 239 240 243 247 248 
116 60        6 20 27 28 37 42 43 46 48 50 54 56 60 66 73 75 77 78 79 84 86 94 96 100 101 109 111 114 115 123 125 129 130 131 134 137 141 142 149 154 156 160 162 164 168 169 175 178 181 183 184 187 194 202 211 212 233 237 242 244 
117 66        4 5 12 15 22 24 25 26 29 42 44 49 56 62 65 70 78 89 90 94 99 101 104 106 109 111 115 128 134 149 150 151 154 165 166 167 170 174 175 179 181 185 192 198 203 204 209 216 217 219 226 228 229 231 235 237 241 248 
118 53        1 2 8 11 16 34 40 49 52 58 59 67 70 76 81 88 91 92 96 98 101 119 120 129 131 138 141 144 147 148 157 158 161 163 164 166 185 189 195 197 205 211 220 
119 79        2 3 6 7 9 11 19 22 23 29 43 60 66 68 70 75 99 100 108 111 113 118 121 124 125 126 132 145 156 158 162 169 173 176 180 188 192 201 210 214 219 224 229 236 243 245 
120 81        3 6 11 12 14 19 21 25 30 39 43 53 55 62 63 74 75 77 83 86 93 95 97 102 118 123 126 128 137 150 153 154 155 156 161 167 174 191 204 205 207 208 209 213 217 222 229 244 245 
121 96        11 13 19 26 28 35 39 43 50 59 60 61 79 80 82 91 100 103 109 119 122 140 142 145 159 163 165 173 174 175 177 179 187 197 201 203 210 211 215 217 219 222 227 231 234 243 245 
122 34        1 11 14 16 29 33 35 42 43 45 46 52 53 54 56 59 64 72 75 79 86 111 121 126 137 138 139 143 152 159 160 162 163 168 171 176 181 182 189 212 218 220 229 231 235 237 238 243 
123 99        4 20 25 31 34 38 39 49 50 61 73 74 75 78 84 86 93 103 107 113 116 120 126 131 135 140 142 149 156 158 161 163 176 181 182 184 186 205 211 212 216 217 222 224 236 237 241 245 
124 47        3 9 12 14 20 22 24 34 37 40 50 58 60 71 75 77 79 82 93 94 101 112 119 125 129 133 136 137 139 145 146 157 158 160 184 190 195 200 202 211 212 214 225 230 234 237 243 246 247 
125 74        1 11 17 24 30 31 37 38 41 43 66 77 79 81 95 99 102 103 109 112 116 119 124 128 130 133 140 143 144 145 154 167 169 174 176 178 181 185 189 194 197 198 208 209 213 226 234 237 242 
126 87        2 3 6 9 11 25 27 32 33 40 47 54 56 68 71 74 78 79 81 85 89 100 103 105 115 119 120 122 123 131 132 134 137 147 153 161 163 166 185 188 195 201 216 219 220 223 236 248 250 
127 44        5 7 8 13 15 25 28 32 34 45 48 51 58 61 64 99 111 149 150 151 153 154 159 170 173 176 200 202 203 210 218 223 225 232 234 238 239 240 247 
128 77        4 16 17 21 28 36 48 51 52 53 54 57 62 79 85 93 94 96 107 115 117 120 125 130 132 136 145 161 162 164 175 179 182 183 187 188 191 197 200 205 209 211 216 219 226 227 239 246 247 
129 52        5 10 11 12 17 19 20 30 32 36 40 43 47 50 54 56 59 62 66 67 71 98 108 110 112 116 118 124 132 134 135 136 145 146 149 154 158 166 172 175 180 182 190 196 199 202 203 208 214 218 232 235 242 249 
130 99        7 15 16 21 22 24 25 28 32 34 36 49 50 52 54 56 63 68 71 77 85 89 97 104 116 125 128 131 132 133 134 136 144 147 152 159 161 172 173 176 184 193 202 205 211 212 213 215 222 233 234 246 
131 69        1 4 5 7 9 16 24 25 30 35 37 47 49 57 61 66 72 79 87 92 93 111 112 114 116 118 123 126 130 133 136 153 172 175 199 202 206 208 220 223 224 239 249 
132 64        5 6 9 21 23 26 30 37 41 42 43 45 46 48 60 62 67 71 75 77 80 81 83 87 88 93 98 99 103 106 109 111 114 119 126 128 129 130 133 138 140 145 151 159 164 165 170 173 178 179 180 182 188 189 205 206 207 211 214 215 217 228 231 235 238 240 241 249 
133 94        27 31 43 45 49 52 53 54 63 66 89 91 111 115 124 125 130 131 132 134 135 141 144 151 155 157 160 166 168 170 175 188 189 191 199 211 213 214 217 221 224 225 230 238 241 243 245 
134 38        8 17 21 37 40 42 47 50 52 62 63 69 70 76 83 88 90 91 94 103 108 109 112 116 117 126 129 130 133 142 147 152 153 165 177 203 214 215 217 219 225 227 229 230 235 238 244 
135 69        16 20 32 43 48 50 52 65 66 80 82 84 86 93 99 106 111 115 123 129 133 142 144 145 157 161 163 166 167 170 175 179 184 185 189 191 193 195 199 200 201 203 206 212 217 219 225 241 
136 61        5 9 14 18 40 45 57 58 63 68 75 78 91 95 107 109 110 114 124 128 129 130 131 142 145 153 161 164 165 166 167 171 172 191 200 209 212 215 232 235 236 238 242 245 249 
137 98        2 5 7 10 12 13 17 22 28 32 35 36 46 48 51 54 60 63 68 69 72 73 74 75 95 96 99 105 109 116 120 122 124 126 139 143 144 147 151 157 160 165 173 179 182 195 199 200 219 225 239 248 
138 40        3 8 12 14 16 17 18 21 29 46 47 53 72 73 74 82 97 101 102 103 104 112 114 118 122 132 139 153 157 158 159 178 180 185 187 198 206 208 221 227 236 238 250 
139 84        3 5 8 9 22 29 33 35 40 41 45 46 50 65 71 74 80 81 82 85 89 91 92 96 98 99 103 106 108 113 115 122 124 137 138 141 148 149 153 154 163 164 172 180 181 183 190 194 195 205 208 209 211 215 216 221 225 228 229 233 
140 89        8 15 25 29 33 34 40 42 43 44 52 53 57 60 61 63 65 74 87 91 94 98 102 121 123 125 132 144 146 147 151 153 156 158 162 168 175 178 190 192 215 219 226 235 237 240 248 249 
141 49        1 10 13 15 19 23 31 35 42 54 72 76 79 91 100 104 111 115 116 118 133 139 142 145 146 149 161 165 172 184 188 208 209 213 215 225 227 228 229 231 232 233 236 249 
142 64        6 18 27 30 37 38 40 41 45 46 52 56 59 63 64 70 71 74 75 77 81 84 85 107 110 116 121 123 134 135 136 141 143 147 148 156 159 160 163 164 174 176 187 190 193 198 205 211 212 218 225 228 237 247 250 
143 53        7 8 11 17 18 35 41 42 49 52 59 63 65 75 77 78 79 86 94 97 100 108 113 114 122 125 137 142 154 155 157 161 173 181 183 189 194 195 200 230 232 233 238 244 247 248 
144 41        3 8 14 23 34 47 50 52 55 56 59 61 70 72 73 76 78 79 86 90 91 95 99 106 118 125 130 133 135 137 140 148 151 156 159 161 171 175 177 179 193 196 202 217 226 
145 34        4 8 13 14 18 20 27 29 34 37 38 43 59 67 88 89 94 97 100 103 104 111 119 121 124 125 128 129 132 135 136 141 148 149 157 160 184 186 187 194 196 199 200 204 207 212 219 222 225 226 236 245 
146 85        7 9 21 30 37 39 40 41 42 52 55 59 61 80 85 87 96 109 115 124 129 140 141 148 154 155 176 194 197 198 199 214 215 223 224 241 
147 35        3 5 15 20 23 25 31 45 46 48 51 54 57 62 69 70 74 78 86 87 88 103 118 126 130 134 137 140 142 152 156 162 164 168 174 194 203 204 207 213 218 226 234 237 242 246 248 
148 55        1 6 10 13 14 22 26 32 39 40 46 49 50 53 57 59 60 62 63 67 71 76 79 85 96 107 112 118 139 142 144 145 146 161 167 172 175 206 207 209 210 211 214 216 218 219 223 224 226 229 231 238 247 
149 61        4 9 13 14 16 19 23 29 42 45 54 63 68 69 77 78 85 86 88 91 98 103 106 112 113 116 117 123 127 129 139 141 145 161 172 176 190 198 217 218 219 233 235 248 
150 68        1 11 12 13 15 23 25 35 43 44 51 52 57 63 73 74 75 79 80 81 91 114 117 120 127 151 153 157 161 162 165 170 172 178 190 192 193 196 199 207 216 220 221 226 227 229 232 233 243 245 
151 100       7 9 13 14 17 38 41 43 49 56 58 59 74 77 88 104 107 109 110 111 112 114 117 127 132 133 137 140 144 150 153 155 171 172 173 183 186 196 199 204 208 209 215 217 220 225 227 228 229 232 236 246 
152 75        4 7 15 16 19 24 27 34 36 42 51 52 61 62 63 64 72 73 76 90 101 102 103 112 122 130 134 147 155 160 164 165 167 170 171 178 187 188 193 196 197 209 224 226 234 237 239 
153 98        10 12 13 14 19 21 23 24 37 41 45 46 47 56 59 61 62 71 82 83 87 89 96 97 105 120 126 127 131 134 136 138 139 140 150 151 156 157 158 164 173 177 182 184 190 195 207 213 216 220 225 227 234 235 241 242 
154 36        8 10 13 17 20 22 23 25 36 37 38 41 44 51 60 64 68 74 85 90 91 94 101 103 105 114 116 117 120 125 127 129 139 143 146 158 163 166 169 171 177 179 185 188 192 193 201 206 218 226 231 237 238 
155 44        4 7 9 10 11 13 15 16 19 24 28 39 40 43 48 49 50 61 66 69 70 71 73 74 79 84 88 91 103 106 108 120 133 143 146 151 152 156 171 172 181 185 188 194 200 201 202 204 212 215 220 224 228 231 232 238 243 249 250 
156 57        1 7 10 13 14 26 27 30 41 42 51 53 61 62 70 74 75 93 100 106 108 112 116 119 120 123 140 142 144 147 153 155 162 163 175 180 181 185 187 205 206 212 214 217 227 232 234 235 237 245 249 
157 24        20 21 25 27 35 38 39 49 51 52 55 59 66 77 80 84 88 94 96 101 103 112 113 114 118 124 133 135 137 138 143 145 150 153 162 175 178 180 183 196 202 203 207 216 224 227 242 
158 60        4 9 20 21 26 28 29 43 46 51 52 55 58 59 62 66 75 77 92 93 100 101 102 104 108 113 115 118 119 123 124 129 138 140 153 154 162 164 165 168 174 188 203 208 220 227 243 246 
159 45        3 6 7 26 28 30 35 39 53 61 62 68 71 77 84 85 86 92 105 112 115 121 122 127 130 132 138 142 144 167 170 172 179 182 190 191 200 209 210 221 225 234 235 242 246 
160 48        2 6 8 24 25 27 28 36 39 47 48 55 62 65 67 75 76 79 85 110 116 122 124 133 137 142 145 152 170 178 184 185 193 201 203 219 220 225 229 231 232 233 234 237 239 240 
161 60        4 6 11 18 26 32 33 35 47 49 51 54 58 70 73 80 81 88 93 94 95 103 112 118 120 123 126 128 130 135 136 141 143 144 148 149 150 165 167 174 175 181 200 208 227 228 230 232 243 244 
162 94        2 4 5 6 10 14 15 21 22 24 27 31 37 39 42 52 59 60 62 64 74 76 88 89 94 95 97 100 102 104 105 115 116 119 122 128 140 147 150 156 157 158 165 173 176 181 189 193 205 209 214 215 218 222 230 231 233 243 249 
163 71        3 4 16 45 46 57 59 63 64 65 85 87 93 96 98 118 121 122 123 126 135 139 142 154 156 165 173 175 187 191 196 198 204 207 208 209 213 221 222 226 239 240 244 246 
164 70        1 5 11 15 17 22 29 37 39 41 51 52 56 62 64 72 86 87 88 95 103 106 108 113 116 118 128 132 136 139 142 147 152 153 158 174 175 186 192 194 202 206 225 233 237 240 248 
165 64        1 2 6 22 34 39 41 50 55 58 68 69 76 77 78 83 84 85 87 96 100 117 121 132 134 136 137 141 150 152 158 161 162 163 166 167 168 171 184 186 201 207 208 209 211 216 219 220 229 230 232 236 238 250 
166 62        3 6 10 16 21 34 39 42 52 57 58 71 76 79 82 90 92 96 100 108 117 118 126 129 133 135 136 154 165 172 174 183 184 189 198 204 205 210 212 214 217 218 223 226 231 232 237 240 244 246 248 
167 93        1 3 8 11 14 15 23 24 42 43 44 48 51 53 54 59 80 102 117 120 125 135 136 148 152 159 161 165 172 173 180 185 191 192 194 197 200 202 205 208 209 212 218 222 224 227 229 230 241 242 248 250 
168 20        6 20 22 24 26 30 37 39 40 46 55 60 62 64 66 67 72 92 98 100 101 111 112 116 122 133 140 147 158 165 180 187 188 189 190 191 192 195 196 201 205 206 208 211 216 222 232 240 244 245 246 249 
169 69        12 18 26 31 57 60 67 74 76 83 86 88 89 101 107 109 112 113 114 115 116 119 125 154 171 181 183 188 190 193 200 209 211 223 224 225 228 233 237 240 244 246 250 
170 37        1 9 10 22 24 27 43 45 46 48 66 71 73 76 80 100 102 106 110 117 127 132 133 135 150 152 159 160 172 176 179 193 194 205 217 220 224 226 229 237 238 241 242 245 249 
171 63        9 10 14 16 21 22 23 29 32 36 52 57 59 63 64 68 70 77 79 82 83 85 90 93 96 97 98 115 122 136 144 151 152 154 155 165 169 172 173 174 178 180 182 185 188 194 199 201 202 213 215 217 218 224 230 237 242 243 247 
172 61        1 4 5 24 38 39 48 59 69 72 73 78 79 81 85 86 87 88 89 99 104 105 106 129 130 131 136 139 141 148 149 150 151 155 159 166 167 170 171 177 179 195 197 198 212 213 216 221 226 230 231 232 233 234 241 
173 26        6 8 9 18 28 30 36 43 49 57 60 61 63 66 68 70 71 102 110 113 119 121 127 130 132 137 143 151 153 162 163 167 171 176 183 196 201 202 203 207 208 211 213 225 232 236 239 247 249 
174 54        6 9 10 14 15 16 19 24 27 28 34 35 52 55 57 58 69 72 73 75 80 82 89 90 93 94 95 97 98 103 106 117 120 121 125 142 147 158 161 164 166 171 175 176 178 180 194 197 200 203 204 212 214 217 219 238 242 246 
175 89        6 17 21 28 33 47 62 63 66 67 80 83 84 98 102 115 116 117 121 128 129 131 133 135 140 144 148 156 157 161 163 164 174 180 183 198 203 206 214 227 245 
176 46        2 7 8 9 18 20 25 27 30 36 42 44 46 70 71 73 76 77 83 95 98 101 102 109 114 119 122 123 125 127 130 142 146 149 162 170 173 174 182 192 193 195 197 201 207 220 223 224 226 227 229 231 234 237 239 240 242 
177 54        2 3 4 7 13 15 19 20 27 34 38 41 43 45 59 66 69 76 82 85 91 93 99 100 103 115 121 134 144 153 154 172 179 181 192 210 213 215 226 236 240 244 246 250 
178 50        3 9 17 21 25 30 35 36 40 42 45 53 55 56 58 60 69 81 82 90 101 105 110 114 115 116 125 132 138 140 150 152 157 160 171 174 186 187 189 191 199 204 208 214 217 219 220 236 238 245 246 250 
179 32        1 4 6 7 16 26 33 35 41 45 56 60 61 65 67 71 74 76 83 85 87 91 92 97 98 102 104 106 117 121 128 132 135 137 144 154 159 170 172 177 191 193 209 212 215 219 222 227 228 231 233 245 248 
180 71        1 2 4 18 22 26 30 33 35 36 51 53 58 59 60 62 76 85 93 99 100 104 107 108 112 119 129 132 138 139 156 157 167 168 171 174 175 184 188 192 193 195 203 205 212 219 221 224 225 227 231 243 249 250 
181 62        5 9 15 19 20 23 35 36 46 48 55 56 61 67 72 80 82 87 90 92 93 97 104 110 116 117 122 123 125 139 143 155 156 161 162 169 177 184 185 196 200 202 205 209 214 227 235 241 245 
182 40        1 6 9 12 19 21 27 34 49 52 55 63 72 74 78 88 94 104 106 109 115 122 123 128 129 132 137 153 159 171 176 183 194 198 200 201 202 214 216 231 236 239 
183 26        1 11 12 24 47 52 53 54 56 63 65 88 91 94 97 113 116 128 139 143 151 157 166 169 173 175 182 190 202 203 204 205 206 207 214 215 218 219 222 238 239 246 
184 59        1 3 9 12 15 16 20 22 23 24 27 28 34 52 59 68 69 76 77 82 83 86 100 104 106 109 116 123 124 130 135 141 145 153 160 165 166 180 181 187 188 190 193 196 201 202 214 221 224 225 226 227 228 230 232 233 239 
185 62        7 11 13 17 27 38 43 50 51 61 68 71 74 75 84 87 94 104 110 113 117 118 125 126 135 138 154 155 156 160 167 171 181 192 196 198 200 210 212 220 221 222 226 233 236 237 240 241 
186 27        1 3 12 13 15 17 23 29 30 40 43 52 55 56 61 62 74 78 90 94 97 98 101 104 105 106 112 123 145 151 164 165 178 187 189 199 200 207 211 214 216 218 222 224 228 238 246 249 
187 60        4 6 10 15 18 20 28 34 41 44 50 52 55 57 76 80 84 85 89 93 98 99 106 116 121 128 138 142 145 152 156 163 168 178 184 186 199 201 204 208 210 215 216 217 218 219 223 225 227 231 234 240 244 
188 50        3 12 30 33 38 44 50 51 52 54 56 57 59 60 61 63 68 69 74 84 93 98 99 100 102 103 106 110 115 119 126 128 132 133 141 152 154 155 158 168 169 171 180 184 201 202 213 216 218 221 230 232 233 241 244 246 249 
189 74        11 25 32 34 37 40 41 45 55 64 70 74 78 80 84 87 91 98 99 102 115 118 122 125 132 133 135 143 162 166 168 178 186 194 197 199 201 206 218 224 228 229 232 245 
190 34        1 16 18 21 36 39 43 47 48 57 62 66 67 76 81 83 91 99 103 104 124 129 139 140 142 149 150 153 159 168 169 183 184 191 195 199 208 209 210 214 218 228 236 238 
191 40        2 15 19 22 24 25 27 29 33 36 37 42 43 46 48 69 72 74 76 86 87 89 96 100 111 120 128 133 135 136 159 163 167 168 178 179 190 193 194 197 199 202 203 209 211 212 214 221 222 228 233 239 
192 70        6 8 21 22 27 29 31 33 36 43 54 75 81 82 90 91 99 107 111 117 119 140 150 154 164 167 168 176 177 180 185 195 204 215 219 223 226 227 230 245 
193 56        1 6 13 16 17 23 31 32 45 49 52 56 60 62 63 68 71 72 73 77 87 90 98 105 107 113 130 135 142 144 150 152 154 160 162 169 170 176 179 180 184 191 194 195 198 208 211 219 223 224 232 235 237 241 245 
194 23        1 2 12 20 21 32 45 49 50 54 58 60 61 62 70 71 84 87 88 90 91 105 116 125 139 143 145 146 147 155 164 167 170 171 174 182 189 191 193 208 211 213 227 229 238 239 240 
195 66        3 9 15 24 25 28 39 41 42 53 54 57 60 67 71 75 77 85 90 118 124 126 135 137 139 143 153 168 172 176 180 190 192 193 196 197 201 209 211 216 227 242 
196 57        1 4 7 19 23 25 27 28 32 34 41 42 46 48 51 53 58 59 62 67 68 69 71 80 85 90 92 93 94 98 104 105 109 129 144 145 150 151 152 157 163 168 173 181 184 185 195 198 201 202 203 204 205 208 211 213 218 227 233 235 248 249 
197 43        2 8 15 16 17 20 21 25 28 30 35 37 39 44 47 50 51 62 73 81 91 93 97 99 102 107 109 118 121 125 128 146 152 167 172 174 176 189 191 195 200 206 211 214 221 226 228 243 248 249 250 
198 45        23 28 30 33 37 40 47 52 53 54 64 70 80 88 93 94 98 99 107 109 117 125 138 142 146 149 163 166 172 175 182 185 193 196 201 202 203 208 210 214 216 219 225 227 229 233 241 243 248 250 
199 65        3 11 27 28 30 31 33 36 42 50 51 59 64 68 73 84 93 97 103 105 113 129 131 133 135 137 145 146 150 151 171 178 186 187 189 190 191 210 211 212 215 222 223 241 242 243 248 
200 25        1 11 22 27 30 36 42 50 57 62 63 69 78 81 85 104 110 124 127 128 135 136 137 143 145 155 159 161 167 169 174 181 182 185 186 197 203 204 205 212 214 218 222 233 246 
201 82        4 8 14 19 32 36 41 51 56 59 62 63 68 88 101 103 109 114 119 121 126 135 154 155 160 165 168 171 173 176 182 184 187 188 189 195 196 198 202 206 207 231 237 239 240 241 245 246 247 248 
202 82        10 18 20 22 31 45 51 53 59 66 73 85 86 87 90 101 108 110 115 116 124 127 129 130 131 144 155 157 164 167 171 173 181 182 183 184 188 191 196 198 201 213 215 218 219 221 232 234 241 243 245 249 
203 37        3 4 14 21 27 32 34 43 44 48 52 57 60 65 71 76 80 82 88 101 103 117 121 127 129 134 135 147 157 158 160 173 174 175 180 183 191 196 198 200 207 211 227 236 
204 66        2 7 18 21 22 25 28 29 32 38 41 54 57 69 74 85 90 94 104 105 114 117 120 145 147 151 155 163 166 174 178 183 187 192 196 200 209 223 229 232 233 234 235 239 241 
205 47        1 4 19 23 25 29 31 36 40 48 51 54 56 61 65 68 70 76 81 84 85 88 93 94 98 101 108 111 113 118 120 123 128 130 132 139 142 156 162 166 167 168 170 180 181 183 196 200 206 212 213 217 223 225 226 229 230 241 250 
206 44        2 3 5 7 9 21 27 28 31 39 43 44 45 47 49 50 51 56 67 68 70 73 78 79 93 94 99 103 104 107 113 131 132 135 138 148 154 156 164 168 175 183 189 197 201 205 208 209 212 213 217 220 222 231 232 237 240 243 245 
207 94        2 4 14 19 20 22 23 30 38 41 42 49 50 52 57 60 61 64 69 71 72 73 79 82 86 92 106 110 111 120 132 145 147 148 150 153 157 163 165 173 176 183 186 201 203 209 236 240 242 249 250 
208 23        5 7 8 16 21 26 29 34 47 49 55 59 71 82 86 87 88 92 113 120 125 129 131 138 139 141 151 158 161 163 165 167 168 173 178 187 190 193 194 196 198 206 209 219 222 230 235 242 245 
209 24        6 11 16 19 27 32 34 50 52 56 60 61 70 73 75 76 77 80 85 89 95 106 114 117 120 125 128 136 139 141 148 151 152 159 162 163 165 167 169 179 181 190 191 195 204 206 207 208 211 229 231 235 239 242 244 245 246 
210 51        6 17 19 20 21 26 28 43 49 50 53 55 60 62 67 78 80 82 83 91 105 109 112 113 119 121 127 148 159 166 177 185 187 190 198 199 217 222 230 231 232 233 234 236 241 242 243 244 245 
211 100       4 15 16 26 45 47 65 71 81 95 98 106 110 116 118 121 123 124 128 130 132 133 139 142 148 165 168 169 173 186 191 193 194 195 196 197 199 203 209 214 219 220 222 230 241 242 243 245 246 248 
212 22        6 7 9 12 26 27 28 31 33 40 41 42 47 57 58 64 65 66 67 70 71 77 86 87 92 104 105 108 116 122 123 124 130 135 136 142 145 155 156 166 167 172 174 179 180 185 191 199 200 205 206 216 217 218 228 231 240 248 
213 25        1 10 11 12 20 24 27 30 31 35 38 58 60 61 64 66 72 76 78 82 89 92 96 100 104 107 111 113 115 120 125 130 133 141 147 153 163 171 172 173 177 188 194 196 202 205 206 219 225 228 232 242 246 250 
214 51        6 7 15 18 19 21 46 51 65 71 74 75 89 95 100 109 110 112 115 119 124 129 132 133 134 146 148 156 162 166 174 175 178 181 182 183 184 186 190 191 197 198 200 211 215 218 226 234 243 
215 95        3 7 13 15 22 25 35 42 45 49 51 64 66 67 68 72 75 93 95 99 100 104 106 109 121 130 132 134 136 139 140 141 146 151 155 162 171 177 179 183 187 192 199 202 214 218 222 224 229 238 240 245 246 
216 58        2 3 4 5 13 19 21 28 30 37 38 39 40 70 73 77 78 79 85 87 90 97 98 101 103 112 114 117 123 126 128 139 148 150 153 157 165 168 172 182 186 187 188 195 198 212 226 241 245 246 
217 97        2 3 4 7 8 10 15 16 18 19 24 29 30 32 33 35 36 37 39 40 43 49 50 51 56 67 79 83 87 89 92 94 99 109 112 117 120 121 123 132 133 134 135 144 149 151 156 166 170 171 174 178 187 205 206 210 212 218 219 224 243 246 249 
218 30        1 4 5 7 13 15 16 23 24 30 36 42 48 49 52 73 78 79 82 83 94 107 122 127 129 142 147 148 149 154 162 166 167 171 183 186 187 188 189 190 196 200 202 212 214 215 217 224 225 227 231 244 249 
219 79        4 8 17 18 27 29 30 32 35 37 42 45 46 48 57 67 70 72 75 94 100 106 113 117 119 121 126 128 134 135 137 140 145 148 149 160 165 174 178 179 180 183 187 192 193 198 202 208 211 213 217 220 221 224 226 229 232 233 
220 23        6 7 8 12 13 21 23 31 38 42 43 45 50 57 71 81 84 85 92 97 101 105 108 113 118 122 126 131 150 151 153 155 158 160 165 170 176 178 185 206 211 219 223 224 239 241 243 248 
221 53        8 13 14 32 37 39 40 41 48 52 54 64 71 75 79 84 85 93 105 108 113 133 138 139 150 159 163 172 180 184 185 188 191 197 202 219 222 225 229 230 245 
222 80        4 22 23 28 35 39 40 53 54 55 57 59 67 72 74 84 85 86 90 91 93 95 100 101 102 109 120 121 123 130 145 162 163 167 168 179 183 185 186 191 199 200 206 208 210 211 215 221 231 243 250 
223 20        2 14 17 19 20 22 33 34 44 47 52 54 62 64 65 68 79 83 94 109 110 126 127 131 146 148 166 169 176 187 192 193 199 204 205 220 228 231 232 236 242 245 
224 65        2 26 28 37 55 60 74 79 82 84 85 87 89 95 101 107 109 111 112 119 123 131 133 146 148 152 155 157 167 169 170 171 176 180 184 186 189 193 215 217 218 219 220 228 235 241 242 244 245 249 250 
225 64        1 2 3 4 7 9 19 20 32 42 46 60 63 69 81 95 96 106 108 115 124 127 133 134 135 137 139 141 142 145 151 153 159 160 164 169 173 180 184 187 198 205 213 218 221 231 235 236 239 248 
226 21        2 10 15 20 25 26 36 38 39 43 49 53 55 58 60 67 70 77 85 88 91 99 103 105 113 114 115 117 125 128 140 144 145 147 148 150 152 154 163 166 170 172 176 177 184 185 192 197 205 214 216 219 231 239 244 245 248 
227 26        4 16 22 25 30 38 40 43 44 45 48 54 63 69 73 81 82 84 90 99 100 106 107 111 121 128 134 138 141 150 151 153 156 157 158 161 167 175 176 179 180 181 184 187 192 194 195 196 198 203 218 229 231 238 240 247 
228 100       7 15 18 19 23 41 44 47 50 52 54 61 62 63 80 87 89 94 95 103 104 117 132 139 141 142 151 155 161 169 179 184 186 189 190 191 197 212 213 223 224 229 236 241 242 243 249 
229 81        10 12 25 30 38 47 51 65 70 73 74 79 117 119 120 122 134 139 141 148 150 151 160 165 167 170 176 189 194 198 204 205 209 215 219 221 227 228 232 235 238 241 246 
230 98        15 16 17 22 25 26 27 30 31 32 41 45 50 59 65 69 70 74 75 85 88 89 106 111 115 124 133 134 143 161 162 165 167 171 172 184 188 192 205 208 210 211 221 232 239 242 249 
231 70        9 13 14 18 20 24 27 28 30 32 36 41 42 43 47 48 49 51 54 58 62 69 71 75 82 91 92 98 100 101 109 111 112 117 121 122 132 141 148 154 155 160 162 166 172 176 179 180 182 187 201 206 209 210 212 218 222 223 225 226 227 236 239 240 247 
232 85        5 16 18 20 25 32 35 42 44 46 52 55 56 59 63 69 71 75 77 81 86 87 103 104 109 110 127 129 136 141 143 150 151 155 156 160 161 165 166 168 172 173 184 188 189 193 202 204 206 210 213 219 223 229 230 246 
233 92        5 6 20 21 29 47 51 54 55 59 64 65 70 78 79 96 102 105 111 116 130 139 141 143 149 150 160 162 164 169 172 179 184 185 188 191 196 198 200 204 210 219 239 245 247 
234 97        1 7 13 15 16 20 21 28 30 38 40 43 51 66 67 74 76 86 87 90 91 94 95 99 100 108 109 111 121 124 125 127 130 147 152 153 156 159 160 172 176 187 202 204 210 214 238 239 
235 86        2 9 21 23 30 42 44 47 50 51 58 61 62 70 73 77 78 79 84 89 94 95 96 97 99 100 102 107 110 112 114 117 122 129 132 134 136 140 149 153 156 159 181 193 196 204 208 209 224 225 229 236 237 239 249 
236 71        2 9 11 17 19 23 27 29 32 33 42 46 48 51 52 65 67 68 74 78 80 81 89 93 99 107 114 119 123 126 136 138 141 145 151 165 173 177 178 182 185 190 203 207 210 223 225 228 231 235 238 244 250 
237 91        2 3 15 17 26 28 31 33 36 43 63 66 67 68 69 75 78 83 87 95 98 102 105 111 116 117 122 123 124 125 140 142 147 152 154 156 160 164 166 169 170 171 176 185 193 201 206 235 241 242 245 
238 29        1 9 10 11 19 32 43 45 49 50 57 63 66 67 69 71 83 84 93 96 97 99 103 106 110 114 122 127 132 133 134 136 138 143 148 154 155 165 170 174 178 183 186 190 194 215 227 229 234 236 240 247 
239 63        2 7 19 24 26 32 35 37 41 55 61 72 73 81 89 91 99 104 106 107 111 115 127 128 131 137 152 160 163 173 176 182 183 184 191 194 201 204 209 220 225 226 230 231 233 234 235 240 
240 34        3 16 21 24 28 34 36 40 52 55 56 57 60 61 68 69 78 84 85 89 93 101 103 105 112 115 127 132 140 160 163 164 166 168 169 176 177 185 187 194 201 206 207 212 215 227 231 238 239 242 243 
241 67        5 6 10 20 22 24 32 35 51 56 59 62 68 72 74 79 80 87 90 91 92 94 100 104 117 123 132 133 135 146 153 167 170 172 181 185 188 193 198 199 201 202 204 205 210 211 216 220 224 228 229 237 245 
242 23        2 7 9 15 19 24 29 33 36 49 50 51 54 73 80 87 94 113 114 116 125 129 136 147 153 157 159 167 170 171 174 176 195 199 207 208 209 210 211 213 223 224 228 230 237 240 249 250 
243 33        14 15 16 18 20 22 27 29 31 38 50 62 67 68 72 74 76 81 85 86 88 89 94 95 105 111 115 119 121 122 124 133 150 155 158 161 162 171 180 197 198 199 202 206 210 211 214 217 220 222 228 240 247 248 
244 89        8 12 18 21 22 33 34 35 37 42 43 51 54 64 65 68 70 71 80 82 90 95 97 103 104 105 106 116 120 134 143 161 163 166 168 169 177 187 188 209 210 218 224 226 236 247 249 
245 94        4 13 21 24 25 35 41 44 51 57 58 59 61 71 77 80 82 106 107 109 112 119 120 121 123 133 136 145 150 156 168 170 175 178 179 181 189 192 193 201 202 206 208 209 210 211 215 216 221 223 224 226 233 237 241 246 247 248 250 
246 47        6 9 20 22 29 38 43 44 45 46 49 51 56 57 63 74 83 92 96 104 124 128 130 147 151 158 159 163 166 168 169 174 177 178 183 186 188 200 201 209 211 213 215 216 217 229 232 245 249 
247 100       1 4 6 8 11 15 23 24 27 47 54 62 66 73 75 78 81 85 96 98 99 107 115 124 127 128 142 143 148 171 173 201 227 231 233 238 243 244 245 
248 37        7 10 23 24 25 28 29 31 32 37 40 41 46 51 57 59 61 63 72 74 85 96 99 105 111 115 117 126 137 140 143 147 149 164 166 167 179 196 197 198 199 201 211 212 220 225 226 243 245 
249 40        2 3 4 11 13 24 28 32 39 43 44 45 46 49 51 65 71 72 76 82 88 89 99 102 106 108 114 129 131 132 136 140 141 155 156 162 168 170 173 180 186 188 196 197 202 207 217 218 224 228 230 235 242 244 246 
250 58        3 11 12 14 15 23 28 34 44 50 54 56 57 58 69 71 75 76 84 88 93 108 126 138 142 155 165 167 169 177 178 180 197 198 205 207 213 222 224 236 242 245 
