250 150
1 84          17 23 41 67 90 103 105 106 114 120 132 141 142 152 153 174 179 185 197 198 199 210 226 234 239 
2 36          5 11 15 18 19 27 41 60 72 74 89 101 106 114 153 154 160 188 217 232 237 238 
3 65          35 38 53 61 66 82 110 111 119 120 132 142 148 153 162 187 189 227 228 245 
4 84          12 16 26 37 59 76 91 147 154 167 178 181 192 204 206 211 223 231 232 233 238 239 241 
5 34          2 9 20 28 35 47 65 79 83 101 103 119 128 153 167 178 225 236 241 
6 68          26 39 40 45 85 99 101 103 106 119 124 130 145 149 152 163 168 172 175 181 193 197 202 220 232 238 
7 64          13 14 18 24 42 57 59 65 68 95 100 110 145 155 159 167 168 171 177 196 220 236 239 241 250 
8 33          12 13 19 31 32 37 56 69 81 103 141 142 150 164 177 182 184 187 189 200 209 215 217 224 227 228 239 
9 69          5 17 19 25 30 33 61 79 122 133 142 164 173 182 193 195 197 199 212 221 228 234 
10 27         25 26 28 35 37 40 50 73 74 81 82 87 91 96 99 124 126 148 159 180 182 194 195 196 202 215 221 225 230 245 
11 47         2 25 34 37 43 50 56 73 75 81 94 97 108 111 112 116 123 139 151 163 169 181 185 189 192 203 211 212 249 
12 21         4 8 17 42 43 46 61 82 93 94 123 126 132 187 205 221 241 
13 85         7 8 38 40 43 44 47 53 55 61 62 64 65 69 91 101 106 107 115 121 129 131 154 186 192 194 211 214 216 227 228 235 236 240 247 
14 88         7 16 47 60 61 62 65 70 80 83 108 109 111 128 133 149 152 169 171 174 192 198 204 212 218 224 229 249 
15 59         2 35 43 44 46 49 62 65 68 82 91 97 99 131 133 141 149 159 161 166 170 173 175 176 182 203 206 237 246 
16 61         4 14 28 33 52 53 54 66 79 86 87 101 108 120 133 143 194 195 202 217 222 241 243 250 
17 50         1 9 12 28 52 60 67 68 77 80 87 107 122 130 131 134 140 142 163 182 193 195 196 212 219 248 249 250 
18 53         2 7 21 31 42 49 54 62 65 73 88 91 96 101 108 111 115 116 117 119 126 144 156 167 176 180 183 194 213 227 
19 37         2 8 9 30 33 40 41 45 48 52 53 65 67 69 72 74 87 96 99 109 120 127 138 146 152 157 159 162 168 170 186 197 198 200 203 221 235 237 238 
20 75         5 39 61 73 99 103 138 142 149 153 156 164 165 185 209 211 215 216 221 234 247 250 
21 64         18 26 35 39 53 67 68 76 78 81 118 155 186 196 205 208 242 
22 84         47 80 93 99 102 103 104 113 114 151 164 167 174 176 185 186 198 206 220 240 249 
23 74         1 24 30 39 50 59 63 65 68 79 86 99 103 112 123 151 161 166 181 184 197 209 226 232 238 242 
24 57         7 23 30 46 47 51 56 61 67 80 85 101 123 130 134 145 154 159 161 162 166 167 182 194 
25 83         9 10 11 35 58 59 74 106 108 110 115 118 148 153 154 166 175 177 185 228 243 249 
26 28         4 6 10 21 39 42 45 55 58 59 88 97 106 111 121 125 136 137 146 150 152 168 177 181 212 
27 31         2 28 33 35 39 49 50 55 90 107 108 118 120 126 132 140 141 154 165 187 204 205 207 208 235 
28 97         5 10 16 17 27 37 44 45 49 56 106 117 124 125 150 155 172 180 186 188 195 204 212 220 
29 61         44 80 97 99 118 130 139 154 156 158 160 166 173 175 178 191 195 207 210 221 227 232 236 238 248 
30 36         9 19 23 24 31 34 42 53 61 67 97 102 126 127 159 166 168 186 187 196 201 206 207 225 240 244 248 
31 46         8 18 30 44 46 47 48 51 52 62 66 90 122 132 137 142 145 168 171 173 178 181 182 224 231 236 245 
32 37         8 35 42 48 52 60 78 90 117 141 150 153 161 175 176 177 182 184 186 188 200 205 210 244 
33 96         9 16 19 27 66 87 98 116 147 162 185 207 209 236 247 
34 80         11 30 47 58 71 81 85 88 95 106 109 123 137 144 185 189 196 197 199 210 213 220 243 
35 53         3 5 10 15 21 25 27 32 82 87 102 109 111 123 128 146 154 168 173 178 181 185 202 204 224 239 241 244 249 
36 51         53 62 66 79 89 105 128 129 146 150 163 166 170 171 181 194 202 203 205 216 219 223 228 238 
37 68         4 8 10 11 28 43 51 63 81 88 89 96 106 112 121 176 180 184 185 192 193 206 218 230 238 240 245 
38 90         3 13 45 55 65 73 86 93 100 102 109 134 149 155 160 169 186 189 195 199 200 201 208 233 
39 64         6 20 21 23 26 27 47 48 65 67 71 72 73 74 85 114 138 140 145 148 155 156 167 174 176 182 186 196 204 225 232 241 242 
40 81         6 10 13 19 43 46 64 69 77 84 90 117 147 177 189 197 209 233 246 250 
41 66         1 2 19 76 78 89 98 101 104 110 113 114 136 145 146 152 153 156 161 188 190 200 203 205 239 
42 67         7 12 18 26 30 32 56 58 61 71 78 83 89 90 91 92 103 115 119 126 128 130 131 132 150 159 170 183 203 207 219 221 236 240 244 246 
43 80         11 12 13 15 37 40 47 51 60 63 64 65 74 84 89 94 101 102 108 123 144 155 162 169 171 177 182 187 188 190 206 210 228 
44 37         13 15 28 29 31 48 49 56 58 61 77 78 102 120 126 130 142 145 195 205 206 219 223 225 
45 92         6 19 26 28 38 46 60 62 64 65 70 74 105 110 121 130 153 154 156 158 167 171 180 190 199 201 225 230 
46 67         12 15 24 31 40 45 51 72 78 96 109 116 125 140 151 154 155 161 174 204 207 208 211 215 217 220 235 
47 64         5 13 14 22 24 31 34 39 43 50 52 53 58 67 71 74 76 86 90 111 132 136 142 146 148 155 160 169 175 185 189 192 222 225 243 
48 31         19 31 32 39 44 51 52 61 73 79 98 119 123 127 137 147 152 156 157 165 180 196 218 231 233 234 
49 94         15 18 27 28 44 53 60 74 77 87 89 101 120 124 149 153 193 198 210 215 227 228 235 243 245 249 250 
50 45         10 11 23 27 47 54 82 83 99 124 127 133 139 141 144 145 152 154 160 162 174 187 203 224 229 230 236 242 246 249 
51 80         24 31 37 43 46 48 52 54 62 66 72 108 139 140 156 172 173 174 179 183 192 201 202 211 219 225 230 239 
52 28         16 17 19 31 32 47 48 51 57 63 78 80 95 98 101 120 131 132 140 147 181 189 196 206 213 223 227 234 235 242 246 248 249 
53 76         3 13 16 19 21 30 36 47 49 61 73 80 93 96 98 131 137 150 152 165 171 174 207 211 225 230 
54 29         16 18 50 51 57 61 100 103 113 117 138 142 186 189 203 217 224 239 242 244 
55 64         13 26 27 38 61 73 86 90 106 145 155 182 187 191 210 217 220 227 237 238 
56 38         8 11 24 28 42 44 62 65 75 83 100 113 115 120 129 154 165 174 191 205 226 234 243 
57 48         7 52 54 72 78 98 118 125 140 150 158 165 166 188 190 195 208 233 240 
58 40         25 26 34 42 44 47 60 69 73 83 89 95 99 104 123 127 128 146 149 167 169 175 176 177 178 180 188 195 205 213 220 
59 29         4 7 23 25 26 60 64 74 87 88 93 112 116 123 137 138 139 147 157 183 197 205 225 232 243 246 249 
60 44         2 14 17 32 43 45 49 58 59 69 96 102 104 108 116 119 152 154 166 187 191 208 230 242 247 
61 81         3 9 12 13 14 20 24 30 42 44 48 53 54 55 66 81 98 123 132 139 182 188 195 200 211 212 213 224 248 
62 35         13 14 15 18 31 36 45 51 56 63 75 88 95 100 112 123 125 136 149 156 170 182 189 191 192 204 208 209 235 
63 51         23 37 43 52 62 107 109 113 129 135 143 164 168 183 186 202 203 206 246 
64 48         13 40 43 45 59 67 69 87 104 106 110 136 140 141 155 161 164 185 195 206 220 221 222 232 
65 67         5 7 13 14 15 18 19 23 38 39 43 45 56 70 73 76 86 99 101 107 118 132 135 146 157 159 160 165 175 207 215 237 238 240 
66 24         3 16 31 33 36 51 61 88 89 99 105 114 123 127 130 131 139 151 153 162 209 
67 46         1 17 19 21 24 30 39 47 64 73 83 90 102 116 118 121 125 133 135 145 149 154 158 164 174 178 212 213 230 239 240 
68 38         7 15 17 21 23 75 115 122 135 145 147 149 151 163 183 185 213 227 239 
69 76         8 13 19 40 58 60 64 75 94 102 106 107 129 134 135 154 156 159 166 205 218 245 
70 22         14 45 65 80 84 92 93 111 121 122 125 127 132 143 151 164 172 207 209 213 237 250 
71 30         34 39 42 47 87 90 91 92 100 116 125 128 155 159 174 194 196 197 204 210 228 231 237 242 
72 67         2 19 39 46 51 57 82 83 94 98 106 107 110 123 169 177 200 206 231 236 238 
73 45         10 11 18 20 38 39 48 53 55 58 65 67 74 87 93 97 100 104 110 111 113 127 144 154 157 185 232 235 
74 41         2 10 19 25 39 43 45 47 49 59 73 76 95 104 183 194 195 202 203 214 250 
75 29         11 56 62 68 69 81 89 91 100 115 119 126 131 160 167 192 194 201 217 219 222 241 243 248 
76 41         4 21 41 47 65 74 81 85 88 101 117 123 124 135 137 141 149 165 167 169 180 239 
77 79         17 40 44 49 78 82 94 101 106 107 110 111 116 152 155 159 167 171 176 179 180 185 194 202 209 214 225 233 238 247 
78 21         21 32 41 42 44 46 52 57 77 80 86 122 133 135 139 158 186 215 244 247 
79 25         5 9 16 23 36 48 80 101 111 113 123 155 156 181 211 213 231 234 240 250 
80 90         14 17 22 24 29 52 53 70 78 79 86 98 113 122 134 155 174 175 176 188 192 204 208 212 215 231 232 234 239 241 
81 62         8 10 11 21 34 37 61 75 76 87 116 117 134 141 152 167 179 188 189 207 213 224 234 240 
82 34         3 10 12 15 35 50 72 77 86 120 121 127 138 145 159 163 166 172 190 193 197 204 209 211 214 219 225 234 235 244 249 250 
83 73         5 14 42 50 56 58 67 72 92 107 122 130 133 135 145 148 200 210 219 224 233 240 
84 50         40 43 70 95 97 103 105 107 117 126 141 157 161 167 195 202 224 239 
85 79         6 24 34 39 76 95 100 116 117 129 136 139 164 168 190 200 202 210 212 223 247 
86 66         16 23 38 47 55 65 78 80 82 93 94 104 106 115 130 144 173 175 181 206 215 216 220 230 231 234 244 250 
87 59         10 16 17 19 33 35 49 59 64 71 73 81 92 96 98 113 120 157 161 166 197 218 237 238 247 
88 42         18 26 34 37 59 62 66 76 118 122 124 125 127 149 171 179 182 183 192 208 224 235 240 
89 90         2 36 37 41 42 43 49 58 66 75 100 101 104 107 112 115 124 130 133 136 140 147 154 163 173 178 180 191 215 225 
90 79         1 27 31 32 40 42 47 55 67 71 95 98 99 102 106 107 112 115 120 142 154 176 178 189 191 203 206 208 215 220 221 222 227 229 250 
91 70         4 10 13 15 18 42 71 75 93 106 121 135 148 152 162 210 237 
92 66         42 70 71 83 87 116 129 133 135 141 142 196 223 246 
93 80         12 22 38 53 59 70 73 86 91 101 103 145 167 182 184 191 195 199 201 206 208 211 236 245 
94 35         11 12 43 69 72 77 86 107 120 126 128 143 147 154 166 169 173 180 185 205 206 214 230 247 
95 62         7 34 52 58 62 74 84 85 90 106 110 116 150 151 163 167 193 194 201 203 218 239 
96 98         10 18 19 37 46 53 60 87 97 104 121 133 140 147 159 166 169 172 179 190 193 224 243 244 
97 97         11 15 26 29 30 73 84 96 102 109 111 114 116 122 127 129 134 136 152 170 174 181 191 206 207 217 231 245 
98 37         33 41 48 52 53 57 61 72 80 87 90 103 105 116 119 123 126 139 140 153 169 180 192 194 199 204 217 221 233 238 241 247 
99 32         6 10 15 19 20 22 23 29 50 58 65 66 90 100 104 110 113 139 145 155 156 158 163 171 178 184 189 206 212 225 227 238 244 
100 75        7 38 54 56 62 71 73 75 85 89 99 110 129 135 160 170 188 195 199 229 250 
101 91        2 5 6 13 16 18 24 41 43 49 52 65 76 77 79 89 93 114 117 136 152 175 182 183 188 189 197 199 207 215 225 230 238 246 
102 91        22 30 35 38 43 44 60 67 69 90 97 117 118 128 141 142 148 151 164 165 176 183 191 202 233 
103 48        1 5 6 8 20 22 23 42 54 84 93 98 105 135 141 145 158 168 191 194 198 212 220 227 
104 26        22 41 58 60 64 73 74 86 89 96 99 111 116 120 132 133 149 150 160 169 170 172 174 179 182 201 215 222 234 236 
105 23        1 36 45 66 84 98 103 144 149 162 167 169 184 194 212 217 219 223 224 
106 32        1 2 6 13 25 26 28 34 37 55 64 69 72 77 86 90 91 95 112 121 177 185 188 190 199 201 206 237 240 244 248 
107 100       13 17 27 63 65 69 72 77 83 84 89 90 94 111 134 144 175 210 222 230 236 238 239 249 
108 46        11 14 16 18 25 27 43 51 60 111 114 121 137 139 145 146 157 161 165 171 197 210 211 222 226 240 245 
109 29        14 19 34 35 38 46 63 97 130 141 143 159 160 166 168 175 208 217 225 243 248 250 
110 26        3 7 25 41 45 64 72 73 77 95 99 100 116 121 175 190 204 218 230 231 236 238 
111 29        3 11 14 18 26 35 47 70 73 77 79 97 104 107 108 112 114 135 140 187 195 199 214 217 227 
112 26        11 23 37 59 62 89 90 106 111 115 116 133 134 184 189 193 200 216 224 229 246 
113 83        22 41 54 56 63 73 79 80 87 99 140 145 147 153 165 166 170 195 205 230 232 233 245 
114 82        1 2 22 39 41 66 97 101 108 111 120 122 127 159 162 164 168 208 217 220 221 223 230 247 250 
115 92        13 18 25 42 56 68 75 86 89 90 112 135 154 160 176 196 223 226 232 234 243 
116 95        11 18 33 46 59 60 67 71 77 81 85 92 95 97 98 104 110 112 117 118 125 127 131 148 184 194 202 217 218 234 250 
117 87        18 28 32 40 54 76 81 84 85 101 102 116 127 131 132 140 158 160 184 187 195 220 224 230 234 235 239 246 
118 63        21 25 27 29 57 65 67 88 102 116 131 133 145 148 168 170 172 175 176 189 193 207 217 228 
119 57        3 5 6 18 42 48 60 75 98 151 220 224 227 242 244 248 
120 100       1 3 16 19 27 44 49 52 56 82 87 90 94 104 114 121 123 136 142 145 147 154 156 165 175 211 217 227 239 244 
121 63        13 26 37 45 67 70 82 91 96 106 108 110 120 125 157 170 178 202 207 228 233 
122 65        9 17 31 68 70 78 80 83 88 97 114 131 168 172 191 209 214 226 235 236 246 
123 81        11 12 23 24 34 35 43 48 58 59 61 62 66 72 76 79 98 120 128 134 146 163 165 197 221 224 228 
124 46        6 10 28 49 50 76 88 89 137 145 154 161 165 169 170 175 178 179 198 214 
125 42        26 28 46 57 62 67 70 71 88 116 121 143 154 169 174 177 185 192 193 200 212 214 229 238 247 
126 95        10 12 18 27 30 42 44 75 84 94 98 135 136 146 149 155 170 179 190 195 203 215 220 221 232 
127 90        19 30 48 50 58 66 70 73 82 88 97 114 116 117 134 142 143 152 157 163 167 169 173 181 185 191 201 227 239 241 247 249 
128 80        5 14 35 36 42 58 71 94 102 123 130 132 140 146 150 165 179 183 199 229 231 238 246 
129 53        13 36 56 63 69 85 92 97 100 130 131 145 153 173 183 190 200 217 218 223 245 
130 27        6 17 24 29 42 44 45 66 83 86 89 109 128 129 132 133 147 160 168 184 186 198 215 220 239 244 
131 84        13 15 17 42 52 53 66 75 116 117 118 122 129 132 140 147 164 168 193 194 210 227 231 
132 40        1 3 12 27 31 42 47 52 61 65 70 104 117 128 130 131 143 151 155 164 170 180 199 202 242 
133 22        9 14 15 16 50 67 78 83 89 92 96 104 112 118 130 137 140 155 163 165 168 171 175 178 191 192 
134 97        17 24 38 69 80 81 97 107 112 123 127 138 145 163 164 165 175 184 220 222 241 
135 20        63 65 67 68 69 76 78 83 91 92 100 103 111 115 126 140 159 165 168 170 185 190 196 205 206 207 216 224 230 237 243 244 
136 73        26 41 47 62 64 85 89 97 101 120 126 145 148 158 165 166 167 168 170 173 182 187 191 199 205 209 215 227 229 231 238 242 
137 63        26 31 34 48 53 59 76 108 124 133 143 152 162 177 183 186 197 216 222 231 240 243 246 249 
138 95        19 20 39 54 59 82 134 141 161 163 185 186 188 202 209 221 226 228 247 
139 46        11 29 50 51 59 61 66 78 85 98 99 108 147 159 160 161 172 186 190 206 207 209 213 219 235 236 
140 42        17 27 39 46 51 52 57 64 89 96 98 111 113 117 128 131 133 135 142 145 173 174 179 187 193 199 218 225 229 236 237 
141 47        1 8 15 27 32 50 64 76 81 84 92 102 103 109 138 162 165 176 177 209 212 215 219 220 231 239 245 
142 40        1 3 8 9 17 20 31 44 47 54 90 92 102 120 127 140 144 145 146 151 168 179 184 191 197 204 215 231 236 242 248 250 
143 26        16 63 70 94 109 125 127 132 137 145 146 149 178 188 191 193 194 211 230 240 
144 88        18 34 43 50 73 86 105 107 142 145 146 163 164 174 175 179 188 201 206 215 218 223 226 227 230 231 245 248 
145 49        6 7 24 31 39 41 44 50 55 67 68 82 83 93 99 103 108 113 118 120 124 129 134 136 140 142 143 144 146 150 151 159 162 185 186 196 206 218 241 
146 24        19 26 35 36 41 47 58 65 108 123 126 128 142 143 144 145 159 180 184 226 228 
147 92        4 33 40 48 52 59 68 89 94 96 113 120 130 131 139 152 156 164 167 169 172 173 183 185 195 210 212 217 226 228 234 239 
148 87        3 10 25 39 47 83 91 102 116 118 136 149 161 173 175 184 186 189 196 205 216 231 239 247 
149 68        6 14 15 20 38 49 58 62 67 68 76 88 104 105 126 143 148 151 178 185 209 213 220 227 235 237 
150 95        8 26 28 32 36 42 53 57 95 104 128 145 155 156 159 164 169 179 182 185 212 232 236 237 238 247 
151 34        11 22 23 46 66 68 70 95 102 119 132 142 145 149 163 174 219 232 239 245 
152 82        1 6 14 19 26 41 48 50 53 60 77 81 91 97 101 127 137 147 154 166 167 180 181 187 188 197 203 227 243 248 249 
153 84        1 2 3 5 20 25 32 41 45 49 66 98 113 129 179 184 194 196 197 200 205 213 228 231 232 243 245 247 
154 43        2 4 13 24 25 27 29 35 45 46 50 56 60 67 69 73 89 90 94 115 120 124 125 152 158 173 186 194 208 209 213 234 235 239 247 249 
155 54        7 21 28 38 39 43 46 47 55 64 71 77 79 80 99 126 132 133 150 159 167 172 195 214 215 231 243 248 
156 73        18 20 29 39 41 45 48 51 62 69 79 99 120 147 150 158 195 216 217 221 225 
157 66        19 48 59 65 73 84 87 108 121 127 169 189 199 206 215 219 241 
158 32        29 45 57 67 78 99 103 117 136 154 156 168 177 199 207 210 214 244 
159 62        7 10 15 19 24 30 42 65 69 71 77 82 96 109 114 135 139 145 146 150 155 166 171 183 185 204 216 220 238 242 
160 48        2 29 38 47 50 65 75 100 104 109 115 117 130 139 166 169 172 173 174 188 197 218 
161 99        15 23 24 32 41 46 64 84 87 108 124 138 139 148 165 173 181 191 213 217 218 221 222 233 248 
162 90        3 19 24 33 43 50 66 91 105 114 137 141 145 167 195 199 213 229 232 
163 86        6 11 17 36 68 82 89 95 99 123 127 133 134 138 144 151 166 167 179 194 207 214 232 248 
164 28        8 9 20 22 63 64 67 70 85 102 114 131 132 134 144 147 150 225 
165 25        20 27 48 53 56 57 65 76 102 108 113 120 123 124 128 133 134 135 136 141 161 168 186 194 215 223 231 246 
166 25        15 23 24 25 29 30 36 57 60 69 82 87 94 96 109 113 136 152 159 160 163 169 192 217 219 230 
167 89        4 5 7 18 22 24 39 45 58 75 76 77 81 84 93 95 105 127 136 147 152 155 162 163 174 187 203 211 225 230 238 
168 67        6 7 19 26 30 31 35 63 85 103 109 114 118 122 130 131 133 135 136 142 158 165 186 199 204 215 223 227 
169 96        11 14 38 43 47 58 72 76 94 96 98 104 105 124 125 127 147 150 157 160 166 172 176 191 201 214 241 
170 35        15 19 36 42 62 97 100 104 113 118 121 124 126 132 135 136 178 181 182 195 200 206 248 
171 33        7 14 31 36 43 45 53 77 88 99 108 133 159 179 189 200 202 210 211 220 249 
172 70        6 28 51 70 82 96 104 118 122 139 147 155 160 169 186 187 193 236 237 249 
173 40        9 15 29 31 35 51 86 89 94 127 129 136 140 147 148 154 160 161 177 186 194 196 212 222 246 
174 59        1 14 22 39 46 50 51 53 56 67 71 80 97 104 125 140 144 151 160 167 187 192 196 199 214 223 234 237 250 
175 32        6 15 25 29 32 47 58 65 80 86 101 107 109 110 118 120 124 133 134 144 148 176 177 187 195 197 207 
176 94        15 18 22 32 37 39 58 77 80 90 102 115 118 141 169 175 181 189 195 201 203 214 215 216 234 240 243 
177 34        7 8 25 26 32 40 43 58 72 106 125 137 141 158 173 175 182 187 192 217 242 
178 86        4 5 29 31 35 58 67 89 90 99 121 124 133 143 149 170 191 192 202 206 213 215 225 230 231 
179 35        1 51 77 81 88 96 104 124 126 128 140 142 144 150 153 163 171 181 182 187 212 
180 45        10 18 28 37 45 48 58 76 77 89 94 98 132 146 152 181 188 192 193 208 209 221 225 228 232 244 
181 25        4 6 11 23 26 31 35 36 52 79 86 97 127 152 161 170 176 179 180 189 216 221 222 225 242 249 
182 76        8 9 10 15 17 24 31 32 39 43 55 61 62 88 93 101 104 136 150 170 177 179 191 217 221 223 233 234 
183 80        18 42 51 59 63 68 74 88 101 102 128 129 137 147 159 197 209 221 242 243 247 
184 42        8 23 32 37 93 99 105 112 116 117 130 134 142 146 148 153 189 210 218 228 247 
185 91        1 11 20 22 25 33 34 35 37 47 64 68 73 77 94 106 125 127 135 138 145 147 149 150 159 189 201 203 215 232 234 237 
186 44        13 19 21 22 28 30 32 38 39 54 63 78 130 137 138 139 145 148 154 165 168 172 173 188 190 200 211 230 
187 91        3 8 12 27 30 43 50 55 60 111 117 136 140 152 167 172 174 175 177 179 189 205 210 222 248 
188 97        2 28 32 41 43 57 58 61 80 81 100 101 106 138 143 144 152 160 180 186 206 211 230 
189 60        3 8 11 34 38 40 47 52 54 62 81 90 99 101 112 118 148 157 171 176 181 184 185 187 199 211 214 222 233 236 249 
190 29        41 43 45 57 82 85 96 106 110 126 129 135 139 186 197 201 223 229 238 243 247 
191 45        29 55 56 60 62 89 90 93 97 102 103 122 127 133 136 142 143 161 169 178 182 201 203 212 218 248 
192 37        4 11 13 14 37 47 51 62 75 80 88 98 125 133 166 174 177 178 180 194 195 201 203 204 228 244 
193 61        6 9 17 37 49 82 95 96 112 118 125 131 140 143 172 180 211 233 
194 54        10 13 16 18 24 36 71 74 75 77 95 98 103 105 116 131 143 153 154 163 165 173 192 208 210 218 226 246 
195 78        9 10 16 17 28 29 38 44 57 58 61 64 74 84 93 100 111 113 117 126 147 155 156 162 170 175 176 192 216 218 221 248 249 
196 56        7 10 17 21 30 34 39 48 52 71 92 115 135 145 148 153 173 174 212 239 240 
197 74        1 6 9 19 23 34 40 59 71 82 87 101 108 123 137 142 152 153 160 175 183 190 209 216 218 234 
198 74        1 14 19 22 49 103 124 130 199 201 223 232 234 
199 45        1 9 34 38 45 93 98 100 101 106 111 128 132 136 140 157 158 162 168 174 189 198 203 205 250 
200 21        8 19 32 38 41 61 72 83 85 112 125 129 153 170 171 186 204 211 212 226 238 246 249 
201 96        30 38 45 51 75 93 95 104 106 127 144 169 176 185 190 191 192 198 205 207 214 218 229 239 245 246 
202 37        6 10 16 35 36 51 63 74 77 84 85 102 116 121 132 138 171 178 215 227 236 248 
203 75        11 15 19 36 41 42 50 54 63 74 90 95 126 152 167 176 185 191 192 199 207 232 237 241 247 249 
204 100       4 14 27 28 35 39 46 62 71 80 82 98 110 142 159 168 192 200 213 229 236 237 
205 58        12 21 27 32 36 41 44 56 58 59 69 94 113 135 136 148 153 187 199 201 210 225 230 232 247 
206 84        4 15 22 30 37 43 44 52 63 64 72 86 90 93 94 97 99 106 135 139 144 145 157 170 178 188 215 217 229 231 236 246 
207 85        27 29 30 33 42 46 53 65 70 81 97 101 118 121 135 139 158 163 175 201 203 211 219 227 
208 56        21 27 38 46 57 60 62 80 88 90 93 109 114 154 180 194 222 226 229 231 249 
209 54        8 20 23 33 40 62 66 70 77 82 122 136 138 139 141 149 154 180 183 197 217 231 
210 71        1 29 32 34 43 49 55 71 83 85 91 107 108 131 147 158 171 184 187 194 205 216 222 229 230 245 
211 52        4 11 13 20 46 51 53 61 79 82 93 108 120 143 167 171 186 188 189 193 200 207 213 224 240 
212 79        9 11 14 17 26 28 61 67 80 85 99 103 105 125 141 147 150 173 179 191 196 200 222 227 229 232 239 
213 43        18 34 52 58 61 67 68 70 79 81 139 149 153 154 161 162 178 204 211 222 226 229 
214 35        13 74 77 82 94 111 122 124 125 155 158 163 169 174 176 189 201 218 220 231 245 
215 27        8 10 20 46 49 65 78 80 86 89 90 101 104 126 130 136 141 142 144 155 157 165 168 176 178 185 202 206 219 233 235 238 
216 70        13 20 36 86 112 135 137 148 156 159 176 181 195 197 210 226 230 238 
217 31        2 8 16 46 54 55 75 97 98 105 109 111 114 116 118 120 129 147 156 161 166 177 182 206 209 237 242 250 
218 47        14 37 48 69 87 95 110 116 129 140 144 145 160 161 184 191 194 195 197 201 214 230 243 
219 35        17 36 42 44 51 75 82 83 105 139 141 151 157 166 207 215 231 
220 26        6 7 22 28 34 46 55 58 64 86 90 103 114 117 119 126 130 134 141 149 159 171 214 222 224 230 244 
221 30        9 10 12 19 20 29 42 64 90 98 114 123 126 138 156 161 180 181 182 183 195 242 
222 97        16 47 64 75 90 104 107 108 134 137 161 173 181 187 189 208 210 212 213 220 
223 90        4 36 44 52 85 92 105 114 115 129 144 165 168 174 182 190 198 242 
224 80        8 14 31 35 50 54 61 81 83 84 88 96 105 112 117 119 123 135 211 220 246 
225 58        5 10 30 39 44 45 47 51 53 59 77 82 89 99 101 109 140 156 164 167 178 180 181 205 229 238 
226 60        1 23 56 108 115 122 138 144 146 147 194 200 208 213 216 228 
227 73        3 8 13 18 29 49 52 55 68 90 99 103 111 119 120 127 131 136 144 149 152 168 202 207 212 235 241 244 
228 46        3 8 9 13 25 36 43 49 71 118 121 123 138 146 147 153 180 184 192 226 238 249 250 
229 71        14 50 90 100 112 125 128 136 140 162 190 201 204 206 208 210 212 213 225 240 
230 39        10 37 45 50 51 53 60 67 86 94 101 107 110 113 114 117 135 143 144 166 167 178 186 188 205 210 216 218 220 247 250 
231 42        4 31 48 71 72 79 80 86 97 110 128 131 136 137 141 142 144 148 153 155 165 178 206 208 209 214 219 234 
232 98        2 4 6 23 29 39 59 64 73 80 113 115 126 150 151 153 162 163 180 185 198 203 205 212 238 240 
233 27        4 38 40 48 57 77 83 98 102 113 121 161 182 189 193 215 238 243 
234 21        1 9 20 48 52 56 79 80 81 82 86 104 115 116 117 147 154 174 176 182 185 197 198 231 235 246 
235 71        13 19 27 46 49 52 62 73 82 88 117 122 139 149 154 215 227 234 240 245 246 
236 71        5 7 13 29 31 33 42 50 72 93 104 107 110 122 139 140 142 150 172 189 202 204 206 245 247 
237 78        2 15 19 55 65 70 71 87 91 106 135 140 149 150 172 174 185 203 204 217 245 
238 76        2 4 6 19 23 29 36 37 55 65 72 77 87 98 99 101 107 110 125 128 136 150 159 167 190 200 215 216 225 228 232 233 
239 57        1 4 7 8 35 41 51 54 67 68 76 80 84 95 107 117 120 127 130 141 147 148 151 154 196 201 212 240 
240 24        13 22 30 37 42 57 65 67 79 81 83 88 106 108 137 143 176 196 211 229 232 235 239 245 
241 91        4 5 7 12 16 35 39 75 80 98 127 134 145 157 169 203 227 248 250 
242 84        21 23 39 50 52 54 60 71 119 132 136 142 159 177 181 183 217 221 223 
243 35        16 25 34 47 49 56 59 75 96 109 115 135 137 152 153 155 176 183 190 218 233 249 
244 25        30 32 35 42 54 78 82 86 96 99 106 119 120 130 135 158 180 192 220 227 
245 77        3 10 31 37 49 69 93 97 108 113 129 141 144 151 153 201 210 214 235 236 237 240 
246 96        15 40 42 50 52 59 63 92 101 112 117 122 128 137 165 173 194 200 201 206 224 234 235 
247 97        13 20 33 60 77 78 85 87 94 98 114 125 127 138 148 150 153 154 183 184 190 203 205 230 236 
248 89        17 29 30 52 61 75 106 109 119 142 144 152 155 161 163 170 187 191 195 202 241 
249 30        11 14 17 22 25 35 49 50 52 59 82 107 127 137 152 154 171 172 181 189 195 200 203 208 228 243 
250 86        7 16 17 20 40 49 70 74 79 82 86 90 100 109 114 116 142 174 199 217 228 230 241 
