250 150
1 49          18 49 54 71 78 80 81 94 98 105 106 119 139 155 159 160 170 171 174 199 203 221 232 
2 45          33 40 44 49 56 58 63 67 71 75 79 81 85 112 113 114 142 149 158 164 169 185 215 216 217 218 233 240 
3 86          23 27 35 47 49 64 69 76 80 82 84 98 106 114 115 125 128 130 139 150 185 191 199 204 205 208 209 222 230 
4 74          22 32 36 39 61 67 81 86 90 96 110 116 119 123 150 154 156 160 181 198 210 228 230 
5 64          14 24 25 43 58 72 75 89 99 106 107 108 123 147 155 166 180 202 206 207 211 216 222 230 235 237 246 
6 73          9 10 17 27 44 50 85 106 115 128 141 168 246 
7 93          15 17 20 43 45 50 103 122 135 141 145 160 179 189 200 236 238 240 244 
8 34          10 12 20 47 51 55 56 71 119 120 123 126 148 157 166 177 185 206 233 234 236 241 247 249 
9 97          6 21 29 32 36 39 42 44 47 53 54 62 79 97 118 147 165 183 186 191 195 200 215 239 
10 80         6 8 20 30 38 40 47 49 66 67 121 144 171 187 212 236 
11 24         30 33 37 49 62 66 69 75 79 90 116 119 123 127 129 134 147 148 151 152 153 164 165 172 174 180 184 188 194 196 225 240 
12 87         8 21 28 58 64 77 86 87 91 92 95 138 147 174 188 221 234 240 248 249 
13 100        30 35 39 41 46 48 58 59 69 75 82 101 107 108 115 119 128 134 152 170 172 178 184 191 196 205 213 237 
14 75         5 20 24 27 40 46 51 59 95 115 116 128 131 157 160 176 183 187 209 215 221 234 238 
15 89         7 35 47 53 85 88 90 94 101 113 117 141 156 175 196 208 211 217 221 225 240 
16 78         20 32 36 48 73 74 100 106 117 121 159 162 182 187 189 192 193 207 246 
17 46         6 7 58 63 64 78 80 82 96 105 111 135 144 155 157 161 175 187 192 194 198 206 212 215 228 246 
18 31         1 20 21 36 40 46 54 60 74 78 86 90 91 112 114 115 119 129 130 137 147 157 172 176 180 188 197 207 208 221 223 232 235 241 247 
19 68         46 54 64 69 82 94 105 110 120 137 167 181 191 195 198 212 244 247 
20 63         7 8 10 14 16 18 25 32 35 43 53 67 71 74 80 95 130 132 135 141 155 160 164 177 206 212 217 221 228 229 239 
21 78         9 12 18 28 37 43 44 51 65 66 69 86 92 95 100 101 105 115 117 123 138 155 157 158 171 175 177 182 189 196 198 205 208 235 
22 28         4 25 36 37 47 100 108 117 123 132 133 151 169 173 181 202 204 217 220 222 225 234 237 244 247 
23 96         3 25 39 43 52 74 78 82 83 89 118 137 143 147 172 177 198 204 224 244 246 249 
24 54         5 14 32 55 71 74 81 98 106 107 110 132 139 164 166 177 184 208 214 221 230 235 237 
25 64         5 20 22 23 39 67 86 87 97 134 135 141 148 149 151 174 177 186 196 205 222 229 230 231 237 239 248 
26 31         41 42 62 63 78 79 81 88 89 100 110 117 135 138 156 165 167 169 172 181 183 185 207 212 213 215 216 226 227 
27 65         3 6 14 31 32 39 65 84 100 102 134 143 167 181 197 203 214 219 226 228 233 249 
28 90         12 21 34 46 49 67 68 76 82 84 90 94 105 118 130 131 144 154 159 165 166 169 176 185 188 203 204 206 216 238 250 
29 41         9 31 43 44 58 76 84 98 100 106 109 125 133 144 147 154 160 165 182 189 202 206 219 231 233 239 
30 47         10 11 13 31 44 45 52 58 61 68 74 90 93 95 97 98 118 124 135 140 144 151 154 165 168 182 189 196 226 228 231 
31 71         27 29 30 34 40 52 59 69 76 78 102 114 117 153 185 212 219 221 237 239 
32 51         4 9 16 20 24 27 37 43 52 53 67 71 96 98 105 131 138 154 162 166 198 206 216 229 
33 63         2 11 37 61 64 65 70 72 97 106 118 120 122 127 130 137 151 156 157 165 171 210 232 
34 44         28 31 55 59 62 75 77 81 83 86 92 99 152 171 196 207 209 235 240 246 
35 93         3 13 15 20 42 46 47 48 52 68 74 84 90 107 117 133 136 159 161 170 174 181 187 193 205 213 219 224 225 235 247 
36 46         4 9 16 18 22 55 58 66 70 75 78 81 109 131 138 147 152 158 161 170 194 200 206 217 220 222 223 224 225 231 247 
37 46         11 21 22 32 33 56 63 75 76 79 85 87 120 134 140 156 165 175 180 191 198 212 232 233 247 
38 83         10 41 49 60 78 104 105 118 138 139 156 166 194 201 215 217 224 231 249 
39 68         4 9 13 23 25 27 48 50 67 68 69 84 86 99 107 112 113 127 147 148 184 186 197 216 232 
40 57         2 10 14 18 31 41 47 60 83 84 91 93 106 123 140 141 143 158 163 167 170 172 173 177 187 204 217 237 239 
41 89         13 26 38 40 45 47 65 70 71 72 83 85 102 104 109 118 121 124 127 134 147 158 173 180 190 194 206 212 224 229 231 240 
42 35         9 26 35 84 93 99 117 122 140 148 169 171 172 190 207 226 231 243 
43 99         5 7 20 21 23 29 32 48 62 68 80 89 112 122 125 129 138 139 164 169 172 189 209 215 237 241 242 
44 39         2 6 9 21 29 30 66 68 73 75 92 159 166 173 176 178 196 214 228 232 237 245 250 
45 24         7 30 41 60 62 71 88 94 105 131 141 150 185 193 218 222 227 
46 69         13 14 18 19 28 35 54 69 74 119 123 134 155 158 173 184 204 224 225 249 
47 64         3 8 9 10 15 22 35 40 41 58 89 90 110 111 127 132 145 149 168 173 185 192 198 203 209 227 231 236 238 
48 25         13 16 35 39 43 52 66 73 80 85 107 118 121 122 137 139 146 164 165 170 178 185 197 207 211 212 215 217 227 238 244 
49 85         1 2 3 10 11 28 38 53 60 67 83 90 115 116 127 134 159 172 177 183 204 229 231 246 
50 65         6 7 39 54 62 92 111 132 146 148 156 157 172 173 191 192 212 231 234 235 236 242 243 244 
51 81         8 14 21 54 67 81 96 98 102 115 117 126 139 156 165 186 198 203 206 214 215 229 
52 61         23 30 31 32 35 48 65 77 79 84 93 100 111 118 120 143 159 167 169 170 192 193 199 201 203 204 221 223 239 246 
53 40         9 15 20 32 49 57 60 75 85 139 143 173 192 204 218 
54 64         1 9 18 19 46 50 51 59 71 77 89 90 100 124 149 156 164 177 187 197 204 206 210 224 242 
55 88         8 24 34 36 70 90 92 98 114 129 130 148 150 189 195 202 204 206 218 221 226 227 228 229 234 235 
56 43         2 8 37 57 59 70 75 77 78 83 92 93 111 116 131 139 152 165 176 183 197 216 229 239 247 
57 99         53 56 66 109 110 118 131 133 145 150 157 158 185 204 216 220 237 247 248 250 
58 53         2 5 12 13 17 29 30 36 47 81 86 91 92 93 104 110 117 135 156 165 167 185 195 208 214 217 221 222 225 244 
59 98         13 14 31 34 54 56 61 68 99 101 103 110 114 134 137 144 156 158 167 168 172 174 176 186 193 195 196 198 203 204 219 232 239 248 
60 70         18 38 40 45 49 53 61 74 76 78 81 94 117 128 165 167 186 190 191 195 211 218 249 250 
61 38         4 30 33 59 60 69 89 91 106 110 111 113 130 134 135 138 139 143 147 149 167 186 191 207 212 227 232 244 246 
62 75         9 11 26 34 43 45 50 72 73 78 81 101 103 119 127 128 156 158 161 190 227 231 239 
63 23         2 17 26 37 68 82 85 90 108 128 131 132 134 138 149 151 157 162 170 175 194 201 207 208 213 216 228 239 244 
64 80         3 12 17 19 33 81 84 96 99 105 107 114 116 129 130 131 135 137 138 147 149 160 169 170 171 186 188 193 214 232 236 
65 72         21 27 33 41 52 67 71 76 96 106 126 127 134 148 149 157 160 162 163 166 169 170 173 175 178 202 221 234 
66 97         10 11 21 36 44 48 57 73 77 80 84 85 89 93 95 106 158 159 161 168 173 179 190 191 194 199 207 229 233 236 245 247 
67 89         2 4 10 20 25 28 32 39 49 51 65 75 76 81 103 104 114 119 149 153 198 203 213 216 227 
68 80         28 30 35 39 43 44 59 63 75 77 82 84 87 88 89 103 118 123 129 135 141 146 159 162 171 175 210 241 
69 38         3 11 13 19 21 31 39 46 61 76 77 79 84 93 109 114 143 161 199 220 221 222 
70 30         33 36 41 55 56 81 92 95 123 130 141 147 156 172 173 185 192 208 215 227 233 237 243 
71 34         1 2 8 20 24 32 41 45 54 65 72 73 81 104 112 117 121 152 191 194 201 208 214 224 239 242 243 247 249 
72 22         5 33 41 62 71 73 75 81 100 104 115 128 138 154 170 181 203 214 223 228 229 230 
73 61         16 44 48 62 66 71 72 82 84 101 107 110 122 143 148 153 163 183 185 187 191 205 212 217 229 233 246 
74 48         16 18 20 23 24 30 35 46 60 87 90 105 115 119 126 135 137 142 169 175 177 181 186 221 227 229 234 242 246 
75 22         2 5 11 13 34 36 37 44 53 56 67 68 72 120 121 129 141 158 166 170 174 182 204 206 208 211 215 235 236 248 
76 28         3 28 29 31 37 60 65 67 69 78 88 110 113 127 134 141 151 154 156 164 166 177 178 186 194 217 220 230 239 249 
77 99         12 34 52 54 56 66 68 69 105 116 117 135 148 151 159 163 166 170 182 185 187 194 195 199 214 224 236 247 
78 55         1 17 18 23 26 31 36 38 56 60 62 76 82 85 87 105 113 122 135 137 143 150 159 163 177 178 203 206 211 225 243 
79 89         2 9 11 26 37 52 69 88 96 102 104 155 162 218 219 231 
80 67         1 3 17 20 43 48 66 93 119 120 127 138 141 150 153 154 162 167 168 180 182 183 188 225 
81 24         1 2 4 24 26 34 36 51 58 60 62 64 67 70 71 72 82 93 97 98 102 103 121 127 131 133 141 143 160 194 243 
82 27         3 13 17 19 23 28 63 68 73 78 81 95 122 134 146 162 164 165 171 183 187 200 220 228 249 
83 91         23 34 40 41 49 56 95 97 131 132 137 146 148 166 173 179 187 207 216 220 230 235 240 244 247 
84 90         3 27 28 29 35 39 40 42 52 64 66 68 69 73 92 95 101 133 152 163 173 192 199 222 240 245 246 247 
85 20         2 6 15 37 41 48 53 63 66 78 87 89 91 99 115 116 125 127 131 148 156 158 163 171 202 203 214 232 237 243 249 
86 36         4 12 18 21 25 34 39 58 104 115 123 134 141 154 169 217 221 224 227 
87 77         12 25 37 68 74 78 85 97 99 105 118 133 144 155 165 167 170 171 174 179 186 207 215 217 221 223 226 236 239 247 
88 44         15 26 45 68 76 79 96 114 117 131 140 142 178 179 186 189 198 204 232 245 249 
89 24         5 23 26 43 47 54 61 66 68 85 101 124 139 149 154 155 158 165 187 197 207 210 245 
90 60         4 11 15 18 28 30 35 47 49 54 55 63 74 97 103 106 110 111 117 118 131 143 144 146 159 181 183 201 203 207 209 228 
91 96         12 18 40 58 61 85 93 94 101 103 105 149 171 184 212 213 245 
92 83         12 21 34 44 50 55 56 58 70 84 101 109 115 116 120 133 171 175 208 215 218 227 242 244 
93 53         30 40 42 52 56 58 66 69 80 81 91 104 107 111 112 119 131 165 176 186 208 220 223 232 244 
94 76         1 15 19 28 45 60 91 101 123 125 138 147 181 193 194 202 213 223 230 238 
95 27         12 14 20 21 30 66 70 82 83 84 98 112 113 119 122 139 148 161 173 176 193 224 235 241 
96 91         4 17 32 51 64 65 79 88 119 122 138 158 174 190 203 207 212 229 231 234 
97 58         9 25 30 33 81 83 87 90 103 105 114 117 118 128 133 136 137 145 147 148 155 159 176 191 209 211 246 
98 78         1 3 24 29 30 32 51 55 81 95 101 108 115 130 137 138 139 140 148 150 154 155 156 161 162 164 166 197 208 210 231 238 246 248 
99 23         5 34 39 42 59 64 85 87 102 109 120 122 146 147 167 185 189 193 210 220 221 225 230 237 239 241 
100 31        16 21 22 26 27 29 52 54 72 119 140 155 180 213 234 241 
101 99        13 15 21 59 62 73 84 89 91 92 94 98 115 117 120 123 133 135 136 148 155 164 165 193 194 198 206 216 243 246 
102 42        27 31 41 51 79 81 99 111 139 140 141 143 153 158 161 176 182 188 210 
103 64        7 59 62 67 68 81 90 91 97 104 107 110 115 124 126 135 147 171 174 184 201 204 206 208 219 245 
104 39        38 41 58 67 71 72 79 86 93 103 110 113 130 132 136 152 160 168 170 190 192 217 235 248 249 
105 73        1 17 19 21 28 32 38 45 64 74 77 78 87 91 97 113 128 133 140 144 157 169 170 184 188 198 201 211 224 225 234 
106 43        1 3 5 6 16 24 29 33 40 61 65 66 90 113 117 123 128 141 144 149 160 175 188 203 236 237 239 249 
107 36        5 13 24 35 39 48 64 73 93 103 127 146 159 179 183 194 216 217 218 227 230 232 236 242 
108 76        5 13 22 63 98 113 134 147 163 166 171 181 183 184 193 195 212 237 238 240 
109 97        29 36 41 57 69 92 99 115 121 135 146 160 173 180 199 203 208 209 213 216 234 237 238 242 
110 41        4 19 24 26 47 57 58 59 61 73 76 90 103 104 122 127 146 155 164 182 190 205 216 224 
111 90        17 47 50 52 56 61 90 93 102 119 122 127 131 135 151 157 171 198 199 200 203 208 229 242 
112 24        2 18 39 43 71 93 95 134 135 169 174 180 181 196 204 205 212 232 235 237 
113 82        2 15 39 61 76 78 95 104 105 106 108 123 125 128 140 144 149 157 167 170 173 176 178 179 183 208 211 235 240 
114 55        2 3 18 31 55 59 64 67 69 88 97 152 167 180 185 186 197 203 212 216 227 231 234 237 241 242 
115 93        3 6 13 14 18 21 49 51 72 74 85 86 92 98 101 103 109 120 123 130 144 150 157 158 161 162 191 198 218 224 226 232 234 245 
116 63        4 11 14 49 56 64 77 85 92 120 133 143 148 172 181 189 207 216 230 241 243 
117 61        15 16 21 22 26 31 35 42 51 58 60 71 77 88 90 97 101 106 138 160 173 186 211 219 231 236 243 249 
118 39        9 23 28 30 33 38 41 48 52 57 68 87 90 97 119 129 132 145 163 171 184 204 207 228 232 233 240 247 
119 73        1 4 8 11 13 18 46 62 67 74 80 93 95 96 100 111 118 121 125 138 146 158 169 171 180 208 214 242 
120 54        8 19 33 37 52 75 80 92 99 101 115 116 129 132 156 161 169 178 190 191 206 210 226 
121 77        10 16 41 48 71 75 81 109 119 173 182 184 186 195 221 230 231 239 249 
122 100       7 33 42 43 48 73 78 82 95 96 99 110 111 135 137 146 158 160 170 177 199 209 213 220 249 
123 46        4 5 8 11 21 22 40 46 68 70 86 94 101 106 113 115 126 161 164 170 187 194 197 200 202 
124 69        30 41 54 89 103 132 148 155 181 184 187 193 209 210 213 222 233 234 237 
125 74        3 29 43 85 94 113 119 141 152 156 165 169 182 184 192 204 207 218 221 225 237 238 240 247 
126 41        8 51 65 74 103 123 162 192 202 215 225 
127 32        11 33 39 41 47 49 62 65 76 80 81 85 107 110 111 139 142 160 183 187 198 202 226 
128 56        3 6 13 14 60 62 63 72 97 105 106 113 135 143 175 185 199 204 207 214 232 249 
129 68        11 18 43 55 64 68 75 118 120 134 157 162 167 169 174 176 179 207 213 
130 98        3 18 20 28 33 55 61 64 70 98 104 115 143 153 157 160 180 189 190 204 212 216 240 
131 61        14 28 32 36 45 56 57 63 64 81 83 85 88 90 93 111 133 140 144 146 152 153 158 159 165 167 214 218 220 223 233 241 245 247 
132 28        20 22 24 47 50 63 83 104 118 120 124 145 150 157 165 172 187 189 217 220 227 
133 21        22 29 35 57 81 84 87 92 97 101 105 116 131 143 151 183 184 185 193 196 202 203 209 215 219 221 
134 30        11 13 25 27 37 41 46 49 59 61 63 65 76 82 86 108 112 129 142 152 164 176 178 179 195 208 229 249 
135 47        7 17 20 25 26 30 58 61 64 68 74 77 78 101 103 109 111 112 122 128 152 182 205 206 217 235 
136 43        35 97 101 104 141 144 148 153 183 209 219 221 227 240 242 
137 54        18 19 23 33 48 59 64 74 78 83 97 98 122 139 142 163 184 185 206 209 231 
138 33        12 21 26 32 36 38 43 61 63 64 72 80 94 96 98 117 119 144 146 148 162 173 175 190 213 215 234 240 
139 31        1 3 24 38 43 48 51 53 56 61 89 95 98 102 127 137 141 157 177 178 179 198 238 239 242 244 247 249 
140 38        30 37 40 42 88 98 100 102 105 113 131 183 193 194 210 233 238 247 249 
141 49        6 7 15 20 25 40 45 68 70 75 76 80 81 86 102 106 125 136 139 156 158 191 209 212 224 227 230 233 244 
142 40        2 74 88 127 134 137 165 176 182 202 216 220 230 244 
143 44        23 27 40 52 53 61 69 73 78 81 90 102 116 128 130 133 144 158 165 177 186 190 196 203 204 210 213 224 225 242 
144 93        10 17 28 29 30 59 87 90 105 106 113 115 131 136 138 143 145 159 167 173 180 182 187 195 217 222 227 231 245 
145 20        7 47 57 97 118 132 144 148 150 166 175 194 196 198 243 
146 81        48 50 68 82 83 90 99 107 109 110 119 122 131 138 152 153 159 166 179 182 184 202 207 223 230 231 235 236 237 249 
147 71        5 9 11 12 18 23 29 36 39 41 61 64 70 94 97 99 103 108 175 185 195 198 211 220 239 
148 36        8 11 25 39 42 50 55 65 73 77 83 85 95 97 98 101 116 124 136 138 145 152 155 175 177 180 202 214 229 241 244 
149 71        2 25 47 54 61 63 64 65 67 89 91 106 113 178 186 193 194 208 213 214 219 229 
150 36        3 4 45 55 57 78 80 98 115 132 145 193 197 203 208 212 216 227 236 244 
151 42        11 22 25 30 33 63 76 77 111 133 174 200 203 211 225 226 238 239 246 
152 56        11 13 34 36 56 71 84 104 114 125 131 134 135 146 148 164 185 198 199 204 209 220 229 237 249 
153 85        11 31 67 73 80 102 130 131 136 146 169 181 187 191 203 211 215 221 235 239 241 
154 23        4 28 29 30 32 72 76 80 86 89 98 160 163 168 172 173 179 191 199 203 211 224 239 242 245 
155 86        1 5 17 20 21 46 79 87 89 97 98 100 101 110 124 148 162 196 209 211 217 222 238 
156 88        4 15 26 33 37 38 50 51 54 58 59 62 70 76 85 98 120 125 141 198 208 209 216 221 228 243 
157 95        8 14 17 18 21 33 50 57 63 65 105 111 113 115 129 130 132 139 168 170 212 221 224 230 231 236 243 
158 61        2 21 36 40 41 46 57 59 62 66 75 85 89 96 102 115 119 122 131 141 143 167 192 207 211 216 221 227 229 242 245 
159 41        1 16 28 35 44 49 52 66 68 77 78 90 97 107 131 144 146 181 185 188 196 199 203 207 229 
160 34        1 4 7 14 20 29 64 65 81 104 106 109 117 122 127 130 154 164 166 171 194 196 216 218 222 239 240 
161 74        17 35 36 62 66 69 95 98 102 115 120 123 163 169 170 185 199 214 220 228 239 240 246 
162 37        16 32 63 65 68 79 80 82 98 115 126 129 138 155 178 180 188 194 202 232 242 
163 82        40 65 73 77 78 84 85 108 118 137 154 161 165 184 190 191 196 226 248 
164 30        2 11 20 24 43 48 54 76 82 98 101 110 123 134 152 160 176 184 185 186 194 219 229 239 241 
165 98        9 11 26 28 29 30 33 37 48 51 56 58 60 82 87 89 93 101 125 131 132 142 143 163 175 176 186 202 226 229 239 243 
166 86        5 8 24 28 32 38 44 65 75 76 77 83 98 108 145 146 160 174 185 202 210 214 226 
167 37        19 26 27 40 52 58 59 60 61 80 87 99 113 114 129 131 144 158 174 187 192 204 223 
168 93        6 30 47 59 66 80 104 154 157 179 182 192 198 223 231 235 238 241 248 
169 100       2 22 26 28 42 43 52 64 65 74 86 105 112 119 120 125 129 153 161 183 184 195 227 
170 69        1 13 35 36 40 48 52 63 64 65 72 75 77 87 104 105 113 122 123 157 161 193 194 210 226 233 235 238 244 245 
171 25        1 10 21 33 34 42 64 68 82 85 87 91 92 103 108 111 118 119 160 178 181 182 211 218 227 230 232 234 238 249 
172 54        11 13 18 23 26 40 42 43 49 50 59 70 116 132 154 192 196 201 202 205 206 232 249 
173 47        22 40 41 44 46 47 50 53 65 66 70 83 84 95 109 113 117 121 138 144 154 174 188 195 200 202 222 224 234 243 
174 58        1 11 12 25 35 59 75 87 96 103 112 129 151 166 167 173 179 180 207 217 221 227 231 233 
175 50        15 17 21 37 63 65 68 74 92 106 128 138 145 147 148 165 182 191 194 200 202 212 217 244 
176 87        14 18 28 44 56 59 93 95 97 102 113 129 134 142 164 165 190 191 193 216 226 243 250 
177 90        8 20 21 23 24 25 40 49 54 74 76 78 122 139 143 148 184 209 219 223 234 235 236 237 
178 45        13 44 48 65 76 78 88 113 120 134 139 149 162 171 196 201 202 212 219 223 231 244 249 
179 71        7 66 83 87 88 107 113 129 134 139 146 154 168 174 181 183 188 198 214 244 
180 70        5 11 18 37 41 80 100 109 112 114 119 130 144 148 162 174 186 192 197 202 204 206 227 229 
181 38        4 19 22 26 27 35 72 74 90 94 108 112 116 124 153 159 171 179 189 213 224 230 240 247 
182 49        16 21 29 30 75 77 80 102 110 121 125 135 142 144 146 168 171 175 184 224 232 239 246 
183 42        9 14 26 49 56 73 80 82 90 107 108 113 127 133 136 140 169 179 184 190 212 216 229 243 250 
184 33        11 13 24 39 46 91 103 105 108 118 121 124 125 133 137 146 163 164 169 177 182 183 205 209 215 225 229 236 245 
185 78        2 3 8 26 28 31 45 47 48 57 58 70 73 77 99 114 128 133 137 147 152 159 161 164 166 189 197 202 207 213 214 221 232 242 
186 48        9 25 39 51 59 60 61 64 74 76 87 88 93 114 117 121 143 149 164 165 180 203 219 239 249 
187 94        10 14 16 17 35 40 54 73 77 82 83 89 123 124 127 132 144 153 167 205 217 227 237 238 
188 99        11 12 18 28 64 80 102 105 106 159 162 173 179 194 198 199 203 204 209 210 214 218 
189 100       7 16 21 29 30 43 55 88 99 116 130 132 181 185 191 199 215 225 226 244 
190 84        41 42 60 62 66 96 104 110 120 130 138 143 163 176 183 199 200 214 223 229 231 237 
191 91        3 9 13 19 37 50 60 61 66 71 73 97 115 120 141 153 154 163 175 176 189 193 198 203 225 
192 27        16 17 47 50 52 53 70 84 104 125 126 158 167 168 172 180 216 230 245 249 
193 69        16 35 45 52 59 64 94 95 99 101 108 124 133 140 149 150 170 176 191 200 208 222 224 230 237 238 240 
194 52        11 17 36 38 41 63 66 71 76 77 81 94 101 107 123 140 145 149 160 162 164 170 175 188 195 200 202 204 205 219 223 232 239 246 
195 64        9 19 55 58 59 60 77 108 121 134 144 147 169 173 194 198 203 224 230 
196 99        11 13 15 21 25 30 34 44 59 112 133 143 145 155 159 160 163 172 178 203 210 218 221 222 228 235 240 245 
197 30        18 27 39 48 54 56 89 98 114 123 150 180 185 199 203 219 231 245 247 
198 34        4 17 19 21 23 32 37 47 51 59 67 88 101 105 111 115 127 139 145 147 152 156 168 179 188 191 195 200 202 203 212 221 222 228 232 235 249 250 
199 55        1 3 52 66 69 77 84 109 111 122 128 152 154 159 161 188 189 190 197 204 219 239 
200 96        7 9 36 82 111 123 151 173 175 190 193 194 198 205 206 215 217 241 
201 92        38 52 63 71 90 103 105 172 178 208 212 217 228 239 246 
202 48        5 22 29 55 65 85 94 123 126 127 133 142 146 148 162 165 166 172 173 175 178 180 185 194 198 203 209 217 227 
203 88        1 27 28 47 51 52 59 67 72 78 85 90 96 106 109 111 114 133 143 150 151 153 154 159 186 188 191 195 196 197 198 202 207 217 219 230 233 
204 76        3 22 23 28 40 46 49 52 53 54 55 57 59 75 88 103 112 118 125 128 130 143 152 167 180 188 194 199 208 210 216 223 249 
205 38        3 13 21 25 35 73 110 112 135 172 184 187 194 200 210 212 214 216 229 235 247 249 
206 73        5 8 17 20 28 29 32 36 41 51 54 55 75 78 101 103 120 135 137 172 180 200 217 218 222 234 237 240 245 
207 90        5 16 18 26 34 42 48 61 63 66 83 87 89 90 96 116 118 125 128 129 146 158 159 174 185 203 215 218 223 230 
208 99        3 15 18 21 24 58 63 70 71 75 92 93 98 103 109 111 113 119 134 149 150 156 193 201 204 214 222 243 246 
209 45        3 14 34 43 47 90 97 109 122 124 133 136 137 141 152 155 156 177 184 188 202 228 243 
210 84        4 33 54 68 89 98 99 102 120 124 140 143 166 170 188 196 204 205 213 234 239 242 249 
211 94        5 15 48 60 75 78 97 105 113 117 147 151 153 154 155 158 171 223 231 233 
212 82        10 17 19 20 26 31 37 41 48 50 61 73 91 96 108 112 114 130 141 150 157 175 178 183 198 201 205 226 227 
213 28        13 26 35 63 67 91 94 100 109 122 124 129 138 143 149 181 185 210 240 250 
214 35        24 27 44 51 58 64 71 72 77 85 119 128 131 148 149 161 166 179 185 188 190 205 208 215 231 241 242 246 
215 94        2 9 14 17 26 38 43 48 51 70 75 87 92 126 133 138 153 184 189 200 207 214 224 230 247 
216 100       2 5 26 28 32 39 56 57 63 67 83 101 107 109 110 114 116 130 142 150 156 158 160 176 183 192 204 205 219 231 250 
217 44        2 15 20 22 36 38 40 48 58 73 76 86 87 104 107 132 135 144 155 174 175 187 200 201 202 203 206 221 246 
218 23        2 45 53 55 60 79 92 107 115 125 131 160 171 188 196 206 207 225 230 232 239 
219 58        27 29 31 35 59 79 103 117 133 136 149 164 177 178 186 194 197 199 203 216 245 
220 23        22 36 57 69 76 82 83 93 99 122 131 132 142 147 152 161 227 244 250 
221 35        1 12 14 15 18 20 24 31 52 55 58 65 69 74 86 87 99 121 125 133 136 153 156 157 158 174 185 196 198 217 233 237 242 
222 84        3 5 22 25 36 45 58 69 84 124 144 155 160 173 193 196 198 206 208 224 226 230 234 
223 75        18 36 52 72 87 93 94 131 146 167 168 177 178 190 194 204 207 211 230 239 
224 30        23 35 36 38 41 46 54 71 77 86 95 105 110 115 141 143 154 157 173 181 182 193 195 215 222 225 233 244 249 
225 58        11 15 22 35 36 46 58 78 80 99 105 125 126 143 151 184 189 191 218 224 229 235 247 248 
226 61        26 27 30 42 55 87 115 120 127 151 163 165 166 170 176 189 212 222 230 239 246 
227 61        26 45 47 48 55 61 62 67 70 74 86 92 107 114 132 136 141 144 150 158 169 171 174 180 187 202 212 220 234 242 
228 100       4 17 20 27 30 44 55 63 72 82 90 118 156 161 196 198 201 209 
229 63        20 25 32 41 49 51 55 56 66 72 73 74 96 111 134 148 149 152 158 159 164 165 180 183 184 190 205 225 241 242 
230 99        3 4 5 24 25 72 76 83 94 99 107 116 121 141 142 146 157 171 181 192 193 195 203 207 215 218 222 223 226 243 
231 85        25 29 30 36 38 41 42 47 49 50 62 79 96 98 114 117 121 137 144 146 157 168 174 178 190 197 211 214 216 233 
232 60        1 18 33 37 39 44 59 61 64 85 88 93 107 112 115 118 128 162 171 172 182 185 194 198 218 
233 78        2 8 27 29 37 66 70 73 118 124 131 140 141 170 174 203 211 221 224 231 239 
234 56        8 12 14 22 50 55 65 74 96 100 105 109 114 115 124 138 171 173 177 206 210 222 227 240 241 
235 76        5 18 21 24 34 35 50 55 75 83 95 104 112 113 135 146 153 168 170 177 196 198 205 225 236 
236 61        7 8 10 47 50 64 66 75 77 87 106 107 117 146 150 157 177 184 235 243 250 
237 59        5 13 22 24 25 31 40 43 44 57 70 85 99 106 108 109 112 114 124 125 146 152 177 187 190 193 206 221 249 
238 93        7 14 28 47 48 94 98 108 109 125 139 140 151 155 168 170 171 187 193 239 240 
239 83        9 20 25 29 31 40 52 56 59 62 63 71 76 87 99 106 121 139 147 151 153 154 160 161 164 165 182 186 194 199 201 210 218 223 226 233 238 248 
240 84        2 7 11 12 15 34 41 83 84 108 113 118 125 130 136 138 160 161 181 193 196 206 213 234 238 
241 89        8 18 43 68 95 99 100 114 116 131 148 153 164 168 200 214 229 234 245 249 
242 59        43 50 54 71 74 92 107 109 111 114 119 136 139 143 154 158 162 185 210 214 221 227 229 247 250 
243 75        42 50 70 71 78 81 85 101 116 117 145 156 157 165 173 176 183 208 209 230 236 245 
244 32        7 19 22 23 48 50 58 61 63 83 92 93 139 141 142 148 150 170 175 178 179 189 220 224 246 247 
245 21        44 66 84 88 89 91 103 115 131 144 154 158 170 184 192 196 197 206 219 241 243 
246 62        5 6 16 17 23 34 49 52 61 73 74 84 97 98 101 151 161 182 194 201 208 214 217 226 244 249 
247 27        8 18 19 22 35 36 37 56 57 66 71 77 83 84 87 118 125 131 139 140 181 197 205 215 225 242 244 
248 64        12 25 57 59 75 98 104 163 168 225 239 
249 44        8 12 23 27 38 46 60 71 76 82 85 88 104 106 117 121 122 128 134 139 140 146 152 171 172 178 186 192 198 204 205 210 224 237 241 246 
250 83        28 44 57 60 176 183 198 213 216 220 236 242 
