250 150
1 81          10 11 13 14 17 18 19 22 32 41 44 49 61 75 91 92 95 101 112 113 122 127 131 133 138 141 143 144 149 152 163 166 177 185 187 189 194 195 201 205 208 215 220 225 231 235 240 242 243 244 248 250 
2 41          9 10 11 16 24 34 37 38 44 45 75 80 82 87 95 97 112 114 116 125 135 142 151 155 159 164 167 172 174 176 179 180 181 186 192 193 200 201 210 217 230 234 240 241 245 249 250 
3 27          6 17 18 21 27 36 37 39 42 44 52 56 64 65 73 76 86 88 92 99 101 102 103 106 111 123 142 144 149 151 159 160 164 171 175 177 179 183 187 191 192 198 200 202 205 211 214 220 229 231 242 250 
4 95          16 17 18 26 35 45 48 49 52 54 60 65 66 68 70 80 86 90 93 99 100 107 113 115 116 122 135 139 144 147 148 150 155 160 163 167 180 197 201 206 214 219 231 237 244 246 247 
5 46          8 9 15 20 21 40 43 46 64 72 79 100 104 108 110 118 119 121 133 136 139 140 145 147 155 159 167 169 170 176 179 181 186 202 209 210 215 219 228 231 233 234 235 241 242 243 249 
6 69          3 8 16 20 29 33 44 57 75 84 87 89 90 93 97 102 106 114 118 120 131 132 135 138 142 151 152 154 155 156 157 161 168 170 174 176 178 184 210 219 222 223 232 237 243 245 247 250 
7 45          8 26 30 31 34 42 50 51 65 69 72 76 81 91 93 109 110 112 113 115 116 121 126 139 143 144 161 164 165 177 180 181 182 183 184 190 193 203 212 216 222 229 248 
8 39          5 6 7 10 16 18 22 23 27 40 52 57 58 88 95 104 105 114 119 123 127 131 135 141 143 151 152 153 159 162 177 189 197 199 203 228 230 233 236 240 241 
9 32          2 5 17 32 43 45 53 56 58 64 69 74 81 83 88 90 93 98 118 125 130 132 142 154 155 159 162 163 169 179 181 187 188 203 204 208 210 213 229 231 236 239 241 245 247 250 
10 98         1 2 8 14 20 41 45 54 67 78 82 96 105 108 112 119 135 136 137 145 155 156 160 166 169 170 171 172 191 200 205 209 217 219 220 227 228 236 241 250 
11 41         1 2 14 22 23 30 32 34 39 43 48 59 61 62 68 69 70 72 84 85 105 111 114 118 119 130 134 137 141 142 143 147 150 151 155 160 163 164 166 183 187 188 190 193 194 195 196 203 208 213 221 222 224 229 230 236 
12 46         13 14 17 22 28 37 38 63 69 75 80 82 85 87 99 101 103 124 132 136 141 147 154 158 168 179 181 182 183 188 190 191 195 199 227 238 243 
13 100        1 12 16 21 24 27 28 31 32 33 35 36 39 41 42 46 47 48 49 51 56 61 63 64 68 74 79 93 100 110 112 118 121 122 134 137 138 139 143 149 151 162 167 169 170 176 183 185 187 188 195 203 212 214 222 227 230 240 242 243 248 
14 86         1 10 11 12 18 25 31 32 34 35 50 53 63 64 65 68 69 80 85 89 90 92 102 114 116 119 120 123 125 134 137 143 144 149 150 154 163 169 178 180 181 182 190 193 200 205 209 211 216 220 230 240 246 247 248 
15 84         5 18 22 33 56 58 70 75 84 89 91 95 101 105 111 112 115 119 137 143 154 161 162 163 164 165 166 176 177 178 182 185 186 193 196 197 201 211 218 220 226 229 232 233 248 
16 39         2 4 6 8 13 31 43 48 50 54 55 61 62 64 66 69 72 74 82 86 90 92 104 110 112 116 121 129 158 162 165 168 171 178 186 190 191 193 199 211 212 216 226 233 235 236 239 241 245 249 250 
17 67         1 3 4 9 12 22 23 24 25 26 28 30 35 43 44 46 49 51 57 58 62 80 88 90 95 97 106 107 114 116 122 124 128 145 147 148 155 159 160 163 165 182 186 190 193 195 204 205 208 209 214 221 223 224 225 227 231 233 239 241 
18 34         1 3 4 8 14 15 28 57 61 76 78 79 88 90 91 103 116 121 132 142 144 158 163 173 177 180 191 197 206 209 213 223 238 240 247 
19 92         1 23 35 36 40 53 55 57 63 70 74 77 83 96 102 105 127 129 141 142 144 147 152 161 164 171 177 181 190 195 200 203 204 215 220 236 248 
20 59         5 6 10 26 40 51 52 57 58 59 62 65 71 83 85 88 95 97 101 103 107 110 114 117 121 129 133 140 141 142 147 149 155 156 161 162 163 165 166 167 180 182 192 193 198 211 213 215 216 218 222 224 238 240 242 247 250 
21 43         3 5 13 31 33 37 42 45 47 49 55 59 68 72 76 77 80 81 82 85 91 94 95 97 100 122 125 129 132 135 140 143 145 146 155 160 171 180 192 194 196 199 209 218 220 227 229 234 238 239 
22 21         1 8 11 12 15 17 30 34 36 40 41 48 50 51 61 64 77 83 87 93 103 111 114 118 126 129 132 137 141 150 153 166 177 178 179 182 185 194 200 201 202 204 205 206 211 215 218 230 234 
23 56         8 11 17 19 31 34 43 48 57 58 59 65 76 79 86 92 104 105 112 130 131 132 136 140 146 151 154 155 159 162 165 170 175 176 178 186 189 199 201 208 212 217 224 229 233 235 236 239 240 
24 88         2 13 17 27 28 37 39 46 48 57 63 65 68 70 73 89 92 97 107 108 112 120 125 131 140 146 148 150 159 160 166 167 170 176 177 188 194 195 202 203 204 220 222 231 232 238 240 242 243 245 249 
25 26         14 17 27 37 40 45 51 53 59 66 69 71 79 80 87 96 110 113 123 128 134 138 144 149 159 163 165 170 186 193 197 198 203 205 208 209 211 213 214 219 230 233 239 247 
26 35         4 7 17 20 28 32 35 36 39 43 45 47 51 53 60 65 68 111 118 119 123 124 132 134 141 143 147 158 159 163 167 168 177 182 188 189 191 193 197 202 211 218 222 230 232 238 
27 51         3 8 13 24 25 31 42 51 59 60 68 73 76 84 85 86 94 100 103 111 116 119 121 124 125 128 132 142 149 155 163 165 166 169 172 173 184 191 192 194 197 206 211 215 216 221 226 227 229 232 235 237 242 245 246 
28 22         12 13 17 18 24 26 32 38 49 52 58 64 69 73 75 79 83 89 98 103 106 110 112 122 123 126 160 162 174 176 184 186 188 191 197 210 211 216 217 218 229 230 233 234 237 244 247 
29 100        6 34 39 40 41 45 48 51 53 54 63 67 80 83 84 90 95 102 106 114 119 128 129 133 137 138 143 149 152 155 158 170 179 183 188 193 200 203 204 215 227 230 233 234 235 236 244 
30 96         7 11 17 22 42 58 71 78 79 93 96 100 102 114 125 133 136 147 149 160 169 176 180 194 197 199 201 212 216 219 221 225 226 231 238 240 242 249 
31 49         7 13 14 16 21 23 27 34 35 41 42 44 49 54 55 59 60 68 69 73 74 75 78 82 83 87 92 100 103 104 109 114 121 132 138 144 153 155 162 168 171 174 194 196 198 200 203 204 210 212 219 224 232 238 246 
32 95         1 9 11 13 14 26 28 38 41 43 50 74 88 89 107 111 112 113 115 119 130 131 132 148 152 155 178 179 186 187 189 196 200 201 212 217 230 231 234 237 
33 38         6 13 15 21 34 38 41 43 44 55 56 61 63 64 69 73 75 79 86 91 94 107 110 116 117 122 125 131 134 136 146 155 157 166 173 178 179 189 190 197 198 206 211 219 221 222 224 226 231 233 237 239 243 249 
34 62         2 7 11 14 22 23 29 31 33 36 42 48 49 51 54 63 76 78 84 87 111 116 120 122 124 127 128 136 138 140 145 154 163 166 173 176 183 205 225 227 229 234 245 249 
35 63         4 13 14 17 19 26 31 37 38 42 54 58 60 65 73 86 87 92 98 100 104 121 126 131 138 143 145 147 153 157 164 167 174 177 190 191 193 194 198 206 211 213 214 219 228 230 235 238 239 241 245 
36 97         3 13 19 22 26 34 37 45 48 49 52 72 76 77 80 81 84 86 89 99 113 117 119 120 124 134 135 141 142 144 156 167 170 176 185 196 197 199 201 203 208 224 226 234 239 242 247 250 
37 42         2 3 12 21 24 25 35 36 43 45 53 54 61 62 67 75 82 85 97 98 102 104 108 113 125 134 136 138 139 143 145 146 157 160 161 166 169 172 176 178 179 186 188 193 194 207 209 223 234 246 
38 62         2 12 28 32 33 35 40 44 53 54 55 57 58 66 73 75 78 81 83 84 96 103 107 111 114 123 128 134 136 138 139 153 164 171 177 182 187 192 201 204 213 220 228 232 239 245 
39 100        3 11 13 24 26 29 53 57 59 67 88 89 91 95 104 112 117 121 124 125 127 148 152 156 162 171 176 195 196 199 209 211 213 218 221 223 224 225 241 242 246 
40 43         5 8 19 20 22 25 29 38 44 49 57 60 73 78 82 88 91 98 104 106 107 110 112 115 118 122 125 128 131 132 136 137 142 148 150 151 153 156 176 178 180 186 188 189 193 214 218 219 220 222 224 242 243 245 246 249 
41 44         1 10 13 22 29 31 32 33 42 55 58 59 66 68 74 79 87 101 102 103 119 122 123 126 135 144 152 160 161 166 171 173 175 182 188 189 191 197 198 199 200 202 207 211 218 223 232 237 242 247 
42 77         3 7 13 21 27 30 31 34 35 41 46 48 50 69 71 76 86 92 94 103 108 110 119 130 136 137 138 141 146 147 151 154 155 160 167 168 185 194 196 200 202 206 212 215 217 218 229 238 
43 97         5 9 11 16 17 23 26 32 33 37 45 50 53 59 66 71 77 81 90 116 117 118 124 134 135 145 151 154 161 163 170 182 184 198 204 210 212 232 238 241 243 244 247 250 
44 94         1 2 3 6 17 31 33 38 40 46 48 57 68 70 71 74 77 83 86 98 110 119 121 124 131 132 136 140 144 148 154 156 161 170 174 175 182 184 185 197 200 201 204 208 211 216 218 221 222 226 234 238 240 241 242 244 
45 68         2 4 9 10 21 25 26 29 36 37 43 46 51 53 56 60 77 78 79 82 84 87 91 100 101 105 106 108 113 119 130 135 145 149 150 159 160 168 170 174 177 181 187 188 198 207 210 214 217 222 226 234 243 244 246 248 
46 23         5 13 17 24 42 44 45 50 57 58 59 64 65 67 68 82 88 95 114 118 123 127 131 135 141 144 147 151 152 158 169 170 171 178 179 181 182 202 207 215 216 217 227 232 237 241 248 
47 50         13 21 26 48 53 68 81 84 92 102 109 130 141 145 146 151 153 155 156 162 196 197 201 209 210 215 221 226 230 234 235 238 239 242 
48 36         4 11 13 16 22 23 24 29 34 36 42 44 47 50 54 55 67 74 78 79 91 92 94 95 96 110 127 132 137 139 140 143 153 154 155 156 167 168 169 174 175 185 189 195 197 199 201 208 212 218 219 223 227 231 234 245 247 
49 89         1 4 13 17 21 28 31 34 36 40 53 55 66 68 70 74 77 78 91 92 93 100 107 108 110 111 114 116 118 123 127 130 131 138 142 143 149 153 163 167 169 176 177 185 195 198 201 215 219 226 234 247 
50 58         7 14 16 22 32 42 43 46 48 58 64 65 76 85 87 92 97 101 104 121 125 129 138 139 140 143 149 153 157 162 163 165 169 171 172 177 179 184 185 189 191 193 194 199 206 209 220 229 234 240 242 249 250 
51 97         7 13 17 20 22 25 26 27 29 34 45 52 65 73 75 76 85 89 95 96 99 102 103 105 110 117 121 127 131 134 136 143 146 149 156 157 162 166 167 172 184 194 199 201 202 209 210 212 216 220 227 229 240 244 245 246 
52 27         3 4 8 20 28 36 51 59 62 63 76 79 85 92 99 100 103 104 117 123 127 135 158 161 167 169 170 185 188 212 216 217 218 220 222 223 234 242 243 245 
53 64         9 14 19 25 26 29 37 38 39 43 45 47 49 57 59 64 66 69 74 77 85 92 94 95 96 105 110 115 116 125 130 135 140 147 154 157 159 167 176 183 186 187 196 202 208 211 213 214 224 226 227 229 230 236 239 244 249 
54 65         4 10 16 29 31 34 35 37 38 48 55 56 57 60 61 65 72 74 75 78 80 82 88 93 94 99 101 111 117 118 128 131 132 135 136 138 140 142 143 153 156 169 188 199 201 203 208 209 212 217 219 226 237 242 243 246 
55 54         16 19 21 31 33 38 41 48 49 54 56 67 69 79 81 88 94 97 98 99 100 106 107 113 117 119 127 132 138 139 143 146 148 151 154 156 157 158 166 167 169 185 190 197 206 221 240 243 245 249 
56 58         3 9 13 15 33 45 54 55 59 60 61 65 66 67 68 71 80 85 87 91 95 96 104 110 111 112 120 122 127 132 134 135 137 142 146 147 153 158 174 176 177 182 183 185 191 206 207 210 212 214 219 232 233 234 236 237 239 246 248 
57 24         6 8 17 18 19 20 23 24 38 39 40 44 46 53 54 58 64 69 70 79 80 81 86 89 110 117 118 119 128 133 136 159 162 166 169 170 173 177 180 184 193 213 228 245 250 
58 35         8 9 15 17 20 23 28 30 35 38 41 46 50 57 60 61 65 66 70 79 80 117 120 124 138 140 141 142 155 157 164 165 168 171 173 181 189 190 191 194 195 196 201 202 205 207 215 216 217 230 231 232 242 246 
59 33         11 20 21 23 25 27 31 39 41 43 46 52 53 56 64 68 69 70 71 73 77 78 81 85 88 89 91 93 98 99 103 107 115 118 121 124 127 130 138 142 144 147 152 159 163 168 183 186 189 193 195 203 224 230 237 238 
60 63         4 26 27 31 35 40 45 54 56 58 65 67 70 72 75 80 84 92 95 96 99 102 105 107 116 118 120 121 122 127 136 140 145 152 154 172 173 177 182 190 193 197 201 202 213 217 218 219 228 230 231 234 239 243 244 246 248 
61 32         1 11 13 16 18 22 33 37 54 56 58 64 67 77 80 86 90 92 99 108 115 128 134 135 137 139 142 148 149 151 154 163 170 173 177 191 195 202 209 217 219 222 223 232 246 248 
62 50         11 16 17 20 37 52 63 68 72 73 76 78 87 95 98 100 102 104 106 109 111 120 123 124 125 126 128 130 131 132 141 143 144 149 151 161 162 163 164 172 179 188 191 192 199 205 216 218 222 235 238 239 242 247 
63 58         12 13 14 19 24 29 33 34 52 62 67 70 74 78 80 90 91 95 98 105 108 119 134 136 138 139 145 148 156 159 170 174 181 182 190 191 202 207 213 214 221 224 229 230 233 234 237 241 242 250 
64 90         3 5 9 13 14 16 22 28 33 46 50 53 57 59 61 65 66 74 75 76 77 83 84 95 97 98 118 120 131 145 149 150 155 162 164 168 171 178 186 193 198 202 203 204 225 236 239 
65 44         3 4 7 14 20 23 24 26 35 46 50 51 54 56 58 60 64 79 84 88 89 92 95 102 104 112 114 116 121 124 125 127 134 151 156 167 168 171 176 178 194 196 199 205 206 208 211 218 221 222 226 230 236 237 240 241 247 248 
66 50         4 16 25 38 41 43 49 53 56 58 64 69 76 83 85 89 94 95 96 97 102 109 112 114 117 134 154 166 175 176 178 189 203 209 218 223 229 233 238 243 
67 48         10 29 37 39 46 48 55 56 60 61 63 68 72 80 81 82 83 92 93 99 105 114 127 131 141 148 150 153 160 167 178 180 182 193 203 207 208 211 218 219 222 226 231 234 244 249 
68 21         4 11 13 14 21 24 26 27 31 41 44 46 47 49 56 59 62 67 71 77 82 93 95 105 107 110 117 123 130 137 139 150 153 159 160 163 164 167 172 173 174 177 187 190 197 200 202 208 210 212 221 226 229 231 238 241 242 
69 72         7 9 11 12 14 16 25 28 31 33 42 53 55 57 59 66 73 79 88 94 95 96 103 108 112 134 136 138 139 143 147 153 156 157 161 164 172 174 181 183 194 200 210 215 216 219 222 224 242 244 248 
70 75         4 11 15 19 24 44 49 57 58 59 60 63 75 82 87 91 92 93 97 99 111 115 116 122 125 130 134 141 143 146 147 153 154 158 159 162 166 173 178 182 185 186 188 192 200 213 220 229 230 243 246 248 
71 21         20 25 30 42 43 44 56 59 68 77 81 83 86 87 92 112 114 131 132 146 147 151 152 170 174 175 179 181 182 195 196 206 209 213 214 225 227 238 241 242 
72 74         5 7 11 16 21 36 54 60 62 67 75 89 93 94 96 97 108 110 111 121 145 154 155 161 166 168 169 202 209 212 219 220 228 239 
73 28         3 24 27 28 31 33 35 38 40 51 59 62 69 76 79 84 89 92 93 97 99 115 125 127 133 135 138 145 149 150 151 154 157 167 171 172 175 190 193 203 204 205 207 208 213 219 222 224 226 236 244 247 250 
74 95         9 13 16 19 31 32 41 44 48 49 53 54 63 64 75 77 82 85 87 96 103 106 107 113 116 128 132 136 140 146 148 150 155 158 159 168 172 185 190 195 197 201 216 229 235 247 248 
75 77         1 2 6 12 15 28 31 33 37 38 51 54 60 64 70 72 74 77 82 91 93 97 103 115 118 119 130 139 140 142 147 151 154 156 165 169 170 176 182 183 189 190 193 202 209 210 215 221 234 245 
76 69         3 7 18 21 23 27 34 36 42 50 51 52 62 64 66 73 81 82 92 94 107 108 116 117 132 138 154 157 160 169 171 172 176 177 188 196 209 211 215 216 220 230 231 237 238 240 241 249 
77 96         19 21 22 36 43 44 45 49 53 59 61 64 68 71 74 75 88 91 102 104 120 129 143 166 176 182 183 184 188 191 192 202 203 204 212 217 221 233 245 
78 24         10 18 30 31 34 38 40 45 48 49 54 59 62 63 80 81 84 86 89 94 95 100 102 103 104 105 106 108 111 116 119 120 124 125 129 132 147 151 155 156 157 158 169 179 196 202 204 205 207 209 210 211 216 227 231 237 242 244 247 249 
79 57         5 13 18 23 25 28 30 33 41 45 48 52 55 57 58 65 69 73 85 86 90 94 98 101 106 132 133 140 141 142 146 147 158 161 173 180 182 196 215 217 219 221 223 227 228 229 232 235 
80 85         2 4 12 14 17 21 25 29 36 54 56 57 58 60 61 63 67 78 86 87 88 89 98 100 113 115 116 118 122 129 133 142 143 156 158 160 163 170 186 191 194 197 198 202 212 228 230 
81 72         7 9 21 36 38 43 47 55 57 59 67 71 76 78 83 91 94 104 115 117 123 124 130 133 134 135 140 143 149 155 159 162 164 165 172 190 200 204 207 208 211 213 216 220 241 246 
82 96         2 10 12 16 21 31 37 40 45 46 54 67 68 70 74 75 76 84 88 95 99 106 108 110 120 129 131 132 137 139 140 148 156 159 168 170 171 174 181 185 186 188 189 190 192 197 199 200 204 205 207 208 222 223 231 237 240 243 244 246 248 
83 50         9 19 20 22 28 29 31 38 44 64 66 67 71 81 86 94 96 100 113 115 116 131 132 135 136 140 141 149 152 153 159 167 170 176 186 191 198 205 211 212 218 220 223 227 231 234 235 238 242 243 
84 83         6 11 15 27 29 34 36 38 45 47 60 64 65 73 78 82 87 89 91 94 95 99 107 108 113 121 122 123 126 131 133 136 138 143 144 145 147 156 162 164 165 166 173 175 176 182 189 192 195 202 203 207 209 210 212 224 231 236 238 239 240 250 
85 65         11 12 14 20 21 27 37 50 51 52 53 56 59 66 74 79 88 89 95 97 104 105 107 108 115 122 124 131 144 146 147 152 153 162 163 170 175 178 179 183 193 194 197 198 204 205 206 214 216 217 220 221 224 231 240 249 
86 62         3 4 16 23 27 33 35 36 42 44 57 61 71 78 79 80 83 87 91 96 105 117 122 129 130 132 133 135 139 141 147 149 150 154 182 188 199 204 205 208 214 221 222 224 231 237 239 243 244 245 
87 99         2 6 12 22 25 31 34 35 41 45 50 56 62 70 71 74 80 84 86 95 103 115 129 131 132 138 139 149 153 154 157 159 163 167 168 170 174 175 180 185 187 191 194 199 201 202 204 205 208 232 248 
88 93         3 8 9 17 18 20 32 39 40 46 54 55 59 65 69 77 80 82 85 89 96 100 102 104 107 108 110 118 126 129 138 142 143 163 166 168 180 183 184 188 189 192 195 198 202 206 215 222 233 244 245 246 
89 23         6 14 15 24 28 32 36 39 51 57 59 65 66 72 73 78 80 84 85 88 96 100 101 104 119 127 132 133 141 142 145 148 161 162 165 175 178 179 186 193 209 212 218 219 230 233 241 
90 77         4 6 9 14 16 17 18 29 43 61 63 79 95 98 111 116 122 128 131 134 135 156 159 163 166 172 174 179 181 186 193 201 213 215 219 220 221 223 229 230 235 240 241 242 246 248 
91 94         1 7 15 18 21 33 39 40 45 48 49 56 59 63 70 75 77 81 84 86 95 98 102 103 107 137 139 145 147 152 157 166 168 170 187 192 198 201 202 208 212 214 219 220 227 234 237 240 241 248 250 
92 31         1 3 14 16 23 24 31 35 42 47 48 49 50 52 53 60 61 65 67 70 71 73 76 93 98 107 120 122 125 127 138 143 145 155 162 164 168 170 176 185 186 188 195 197 201 203 205 211 214 215 217 219 225 227 231 235 240 247 
93 50         4 6 7 9 13 22 30 49 54 59 67 68 70 72 73 75 92 100 101 106 122 129 130 145 148 155 162 164 174 175 176 179 187 193 201 212 217 218 226 230 231 233 235 236 239 243 245 
94 33         21 27 33 42 48 53 54 55 66 69 72 76 78 79 81 83 84 96 98 117 122 128 131 139 141 152 157 168 174 176 189 193 196 205 214 215 216 218 226 229 237 239 244 
95 79         1 2 8 15 17 20 21 29 39 46 48 51 53 56 60 62 63 64 65 66 68 69 78 82 84 85 87 90 91 105 113 116 117 120 122 127 128 130 135 137 145 155 156 163 173 180 186 194 196 204 205 216 217 241 248 249 
96 73         10 19 25 30 38 48 51 53 56 60 66 69 72 74 83 86 88 89 94 101 105 115 117 121 122 128 139 141 145 150 156 162 164 167 169 187 189 197 199 207 209 217 227 228 237 240 
97 23         2 6 17 20 21 24 37 50 55 64 66 70 72 73 75 85 101 105 107 110 137 144 155 157 158 168 173 185 186 193 196 202 208 219 221 225 234 239 240 248 
98 55         9 28 35 37 40 44 55 59 62 63 64 79 80 90 91 92 94 99 101 111 113 114 115 116 125 126 128 132 136 148 152 163 164 172 180 181 182 188 192 193 196 203 205 206 212 227 236 242 248 
99 44         3 4 12 36 51 52 54 55 59 60 61 67 70 73 82 84 98 102 104 107 108 112 113 114 115 128 132 136 139 144 155 167 171 173 179 183 184 187 189 190 193 207 211 223 225 226 228 234 238 245 
100 78        4 5 13 21 27 30 31 35 45 49 52 55 62 78 80 83 88 89 93 102 106 111 117 123 124 126 128 129 133 137 142 145 148 155 162 170 171 180 181 184 192 194 199 214 215 224 228 231 246 247 
101 84        1 3 12 15 20 41 45 50 54 79 89 93 96 97 98 102 110 111 118 121 122 138 143 161 165 188 202 205 206 213 218 221 227 228 236 240 250 
102 66        3 6 14 19 29 30 37 41 47 51 60 62 65 66 77 78 88 91 99 100 101 109 115 117 120 121 126 131 134 138 142 145 149 150 153 156 161 177 178 181 182 190 198 201 203 207 209 213 218 220 221 224 227 238 246 
103 31        3 12 18 20 22 27 28 31 38 41 42 51 52 59 69 74 75 78 87 91 106 111 113 123 133 153 158 159 162 165 166 169 184 185 202 212 213 214 222 224 239 244 
104 59        5 8 16 23 31 35 37 39 40 50 52 56 62 65 77 78 81 85 88 89 99 109 111 122 123 125 131 137 153 157 158 159 161 164 166 176 179 195 197 214 216 217 219 231 238 244 
105 97        8 10 11 15 19 23 45 51 53 60 63 67 68 78 85 86 95 96 97 107 110 112 113 114 116 122 128 129 135 149 157 171 175 181 183 189 198 200 204 205 210 217 219 221 226 231 236 243 
106 95        3 6 17 28 29 40 45 55 62 74 78 79 82 93 100 103 115 121 123 125 126 140 143 145 156 158 160 161 165 167 169 170 171 175 183 185 186 190 194 203 204 205 206 211 212 215 216 220 250 
107 22        4 17 20 24 32 33 38 40 49 55 59 60 68 74 76 84 85 88 91 92 97 99 105 109 112 119 127 130 138 148 157 164 166 170 171 179 183 184 194 197 213 224 225 230 231 232 236 237 242 243 247 248 250 
108 76        5 10 24 37 42 45 49 61 63 69 72 76 78 82 84 85 88 99 112 114 115 118 137 139 141 144 146 147 151 167 169 171 172 174 181 186 188 194 200 201 206 210 211 218 229 234 247 250 
109 90        7 31 47 62 66 102 104 107 110 113 115 119 122 126 134 135 138 141 142 143 146 159 173 181 184 185 192 195 200 204 206 220 226 232 233 235 242 244 250 
110 66        5 7 13 16 20 25 28 33 40 42 44 48 49 51 53 56 57 68 72 82 88 97 101 105 109 119 120 125 128 130 132 138 142 144 145 151 164 167 175 178 183 188 190 196 198 207 210 223 224 226 227 239 244 248 249 250 
111 29        3 11 15 22 26 27 32 34 38 49 54 56 62 70 72 78 90 98 100 101 103 104 114 125 128 133 145 146 148 150 153 155 158 167 171 173 174 179 182 185 192 194 197 199 201 204 206 207 210 214 216 220 222 226 231 236 
112 100       1 2 7 10 13 15 16 23 24 28 32 39 40 56 65 66 69 71 99 105 107 108 113 127 128 135 156 160 170 173 178 189 190 198 202 205 207 211 217 226 235 238 241 242 245 247 249 250 
113 90        1 4 7 25 32 36 37 45 55 74 80 83 84 95 98 99 103 105 109 112 126 133 142 153 154 157 166 175 177 181 186 187 188 189 192 193 197 201 205 207 215 217 224 230 232 235 247 
114 92        2 6 8 11 14 17 20 22 29 30 31 38 46 49 65 66 67 71 98 99 105 108 111 117 127 131 140 145 148 149 150 151 152 157 162 167 168 178 181 182 190 194 195 204 209 211 219 222 228 229 237 244 
115 50        4 7 15 32 40 53 59 61 70 73 75 80 81 83 85 87 96 98 99 102 106 108 109 117 124 126 128 148 149 159 165 170 184 191 193 196 203 209 216 220 222 224 235 247 248 250 
116 49        2 4 7 14 16 17 18 27 33 34 43 49 53 60 65 70 74 76 78 80 83 90 95 98 105 117 119 133 135 137 139 140 159 161 166 170 180 191 196 202 205 206 220 221 229 239 240 242 248 
117 47        20 33 36 39 43 51 52 54 55 57 58 66 68 76 81 86 94 95 96 100 102 114 115 116 123 125 146 159 163 165 174 175 188 197 199 200 201 204 206 211 212 214 224 226 231 234 244 
118 43        5 6 9 11 13 22 26 40 43 46 49 54 57 59 60 64 75 80 88 101 108 120 121 122 126 131 143 144 149 154 155 158 164 176 179 181 184 192 195 196 204 205 206 223 228 245 
119 37        5 8 10 11 14 15 26 27 29 32 36 41 42 44 45 55 57 63 75 78 89 107 109 110 116 122 125 127 132 135 141 144 146 148 151 155 159 169 173 178 182 189 197 198 199 203 204 209 219 222 227 229 234 239 240 244 
120 40        6 14 24 34 36 56 58 60 62 64 77 78 82 92 95 102 110 118 127 128 129 136 141 143 145 148 154 167 168 169 175 176 178 179 189 190 193 194 200 212 216 220 233 247 249 
121 60        5 7 13 16 18 20 27 31 35 39 44 50 51 59 60 65 72 84 96 101 102 106 118 142 143 146 147 148 153 154 155 159 165 166 167 168 176 192 195 197 202 208 210 213 218 219 224 233 235 241 244 
122 52        1 4 13 17 21 28 33 34 40 41 56 60 70 80 84 85 86 90 92 93 94 95 96 101 104 105 109 118 119 130 131 134 139 140 142 149 150 152 155 162 166 169 170 177 182 184 185 193 194 203 208 209 213 228 235 240 248 
123 54        3 8 14 25 26 28 38 41 46 49 52 62 68 81 84 100 103 104 106 117 127 147 151 169 170 173 174 176 177 183 186 190 191 193 196 197 202 204 207 208 212 216 217 221 235 240 
124 99        12 17 26 27 34 36 39 43 44 58 59 62 65 78 81 85 100 115 127 130 138 142 144 146 148 149 152 153 163 167 170 173 188 194 202 207 212 218 227 228 231 241 242 247 248 
125 34        2 9 14 21 24 27 30 33 37 39 40 50 53 62 65 70 73 78 92 98 104 106 110 111 117 119 126 128 129 134 136 143 148 154 157 165 173 174 177 182 191 204 205 207 209 210 216 218 219 222 223 229 236 245 
126 46        7 22 28 35 41 62 84 88 98 100 102 106 109 113 115 118 125 128 144 151 157 170 177 178 179 181 185 191 194 195 198 200 201 204 214 218 219 221 228 231 241 242 
127 88        1 8 19 34 39 46 48 49 51 52 55 56 59 60 65 67 73 89 92 95 107 112 114 119 120 123 124 141 144 149 166 167 173 174 177 194 195 200 204 206 208 213 225 239 245 247 249 
128 97        17 25 27 29 34 38 40 54 57 61 62 74 90 94 95 96 98 99 100 105 110 111 112 115 120 125 126 131 138 145 152 153 159 166 176 188 191 194 202 206 208 216 219 220 222 223 230 233 234 238 241 246 
129 85        16 19 20 21 22 29 50 77 78 80 82 86 87 88 93 100 105 120 125 130 134 135 136 137 139 149 150 155 158 175 183 187 209 210 216 223 227 232 
130 39        9 11 23 32 42 45 47 49 53 59 62 68 70 75 81 86 93 95 107 110 122 124 129 131 135 137 139 141 144 145 148 159 167 170 171 173 181 188 195 209 223 229 230 231 245 247 249 
131 32        1 6 8 23 24 32 33 35 40 44 46 49 51 54 62 64 67 71 82 83 84 85 87 90 94 102 104 114 118 122 128 130 138 139 143 145 147 150 153 163 164 166 172 177 183 185 186 195 199 203 208 209 211 215 221 223 224 225 228 230 231 235 240 246 
132 51        6 9 12 18 21 22 23 26 27 31 32 40 44 48 54 55 56 62 71 74 76 78 79 82 83 86 87 89 98 99 110 119 137 140 141 146 158 171 182 186 187 188 191 192 195 198 204 206 216 221 237 238 243 245 247 249 
133 95        1 5 20 29 30 57 73 79 80 81 84 86 89 100 103 111 113 116 135 139 151 163 166 176 177 181 188 193 212 216 218 220 231 236 238 250 
134 54        11 13 14 25 26 33 36 37 38 43 51 56 61 63 65 66 69 70 81 90 102 109 122 125 129 136 141 151 157 158 164 170 172 173 176 177 178 181 182 190 191 195 198 201 205 210 219 237 238 241 245 246 250 
135 99        2 4 6 8 10 21 36 41 43 45 46 52 53 54 56 61 73 81 83 86 90 95 105 109 112 116 119 129 130 133 137 142 143 149 152 172 181 187 199 201 202 204 214 236 243 
136 86        5 10 12 23 30 33 34 37 38 40 42 44 51 54 57 60 63 69 74 83 84 98 99 120 125 129 134 140 141 152 156 162 172 175 177 178 180 190 214 225 234 239 241 
137 48        10 11 13 14 15 22 29 40 42 48 56 61 68 82 91 95 97 100 104 108 116 129 130 132 135 141 142 147 162 167 170 178 181 182 191 192 199 200 203 210 214 215 218 219 226 235 239 242 
138 90        1 6 13 25 29 31 34 35 37 38 42 49 50 54 55 58 59 63 69 73 76 84 87 88 92 101 102 107 109 110 124 128 131 140 146 155 167 169 171 174 181 184 201 205 217 230 235 239 245 
139 28        4 5 7 13 37 38 48 50 55 61 63 68 69 75 82 86 87 91 94 96 99 108 116 122 129 130 131 133 140 142 146 147 152 160 164 180 190 192 193 195 196 197 205 207 223 232 244 250 
140 25        5 20 21 23 24 34 44 48 50 53 54 58 60 74 75 79 81 82 83 106 114 116 122 132 136 138 139 141 147 150 158 164 167 171 175 177 184 185 188 191 192 196 200 201 211 212 214 215 216 230 232 236 247 
141 86        1 8 11 12 19 20 22 26 36 42 46 47 58 62 67 70 79 83 86 89 94 96 108 109 119 120 127 130 132 134 136 137 140 144 145 152 155 157 161 169 171 172 174 176 178 179 187 189 191 192 205 210 212 217 218 239 241 249 
142 39        2 3 6 9 11 18 19 20 27 36 40 49 54 56 58 59 61 75 79 80 88 89 100 102 109 110 113 121 122 124 135 137 139 159 164 166 168 169 170 171 177 180 182 191 203 208 215 218 219 220 222 223 230 231 232 235 240 241 247 250 
143 74        1 7 8 11 13 14 15 21 26 29 35 37 48 49 50 51 54 55 62 69 70 77 80 81 84 88 92 101 106 109 118 120 121 125 131 135 147 148 153 156 163 185 189 199 201 203 207 209 212 213 214 216 223 226 228 232 241 244 246 247 249 
144 26        1 3 4 7 14 18 19 25 31 36 41 44 46 59 62 84 85 97 99 108 110 118 119 124 126 127 130 141 151 153 164 165 166 168 170 172 178 179 181 190 201 209 216 226 229 233 236 239 240 246 
145 38        5 10 17 21 34 35 37 43 45 47 60 63 64 72 73 84 89 91 92 93 95 96 100 102 106 110 111 114 120 128 130 131 141 155 161 170 177 185 187 190 191 200 204 215 218 220 221 222 228 231 232 235 237 239 243 246 247 
146 60        21 23 24 33 37 42 47 51 55 56 70 71 74 79 85 108 109 111 117 119 121 124 132 138 139 148 151 154 158 168 169 172 179 181 182 185 187 193 195 198 199 202 205 211 212 214 215 218 226 229 230 232 241 243 249 250 
147 41        4 5 11 12 17 19 20 26 30 35 42 46 53 56 59 69 70 71 75 78 79 84 85 86 91 108 121 123 131 137 139 140 143 152 156 160 163 172 175 176 179 187 193 194 197 200 203 205 213 218 220 222 225 233 239 241 244 245 250 
148 67        4 17 24 32 39 40 44 55 61 63 67 74 82 89 93 98 100 107 111 114 115 119 120 121 124 125 130 143 146 151 156 167 168 173 180 181 182 184 191 197 202 208 211 214 218 223 237 238 246 249 
149 80        1 3 13 14 20 25 27 29 30 45 49 50 51 61 62 64 73 81 83 86 87 102 105 114 115 118 122 124 127 129 135 150 152 163 173 177 179 185 187 190 192 193 203 210 216 218 220 222 224 232 234 238 242 243 244 249 
150 33        4 11 14 22 24 40 45 64 67 68 73 74 86 96 102 111 114 122 129 131 140 149 153 163 164 167 168 182 188 193 194 197 215 221 225 229 245 246 250 
151 37        2 3 6 8 11 13 23 40 42 43 46 47 55 61 62 65 71 73 75 78 108 110 114 119 123 126 133 134 144 146 148 155 166 169 171 186 188 194 199 201 207 208 210 214 218 227 229 231 232 233 239 242 250 
152 62        1 6 8 19 29 32 39 41 46 59 60 71 83 85 91 94 98 114 122 124 128 135 136 139 141 147 149 153 159 160 162 167 173 175 183 186 192 202 203 216 217 224 229 237 247 249 
153 71        8 22 31 35 38 40 47 48 49 50 54 56 67 68 69 70 83 85 87 102 103 104 111 113 121 124 128 131 143 144 150 152 155 156 161 163 165 166 168 175 185 186 189 192 194 201 202 208 212 214 215 218 222 226 228 230 234 236 237 
154 87        6 9 12 14 15 23 34 42 43 44 48 53 55 60 61 66 70 72 73 75 76 86 87 113 118 120 121 125 146 155 156 162 168 173 180 189 191 194 197 199 201 206 213 216 219 224 229 233 240 244 247 
155 31        2 4 5 6 9 10 11 17 20 21 23 27 29 31 32 33 42 47 48 58 64 72 74 78 81 92 93 95 97 99 100 111 118 119 121 122 129 138 141 145 151 153 154 161 162 164 174 185 190 191 197 214 215 218 222 226 236 240 245 
156 72        6 10 20 36 39 40 44 47 48 51 54 55 63 65 69 75 78 80 82 84 90 95 96 102 106 112 136 143 147 148 153 154 159 165 166 168 178 183 184 188 201 204 205 206 207 216 220 221 222 227 232 233 240 241 247 
157 84        6 33 35 37 50 51 53 55 58 69 73 76 78 87 91 94 97 104 105 107 113 114 125 126 134 141 167 172 183 187 192 194 195 209 210 216 224 226 233 236 242 243 
158 84        12 16 18 26 29 46 52 55 56 70 74 78 79 80 97 103 104 106 111 118 129 132 134 140 146 161 165 169 171 173 177 178 192 193 195 212 218 223 224 229 234 236 238 239 241 247 248 
159 53        2 3 5 8 9 17 23 24 25 26 45 53 57 59 63 68 70 74 81 82 83 87 90 103 104 109 115 116 117 119 121 128 130 142 152 156 165 170 171 172 177 198 201 204 207 210 220 222 225 226 229 230 244 248 250 
160 85        3 4 10 11 17 21 24 28 30 37 41 42 45 67 68 76 80 106 112 139 147 152 161 164 169 184 188 189 197 201 202 206 207 217 220 224 225 226 234 235 238 240 250 
161 32        6 7 15 19 20 37 41 43 44 52 62 69 72 79 89 101 102 104 106 116 141 145 153 155 158 160 167 170 171 175 176 192 198 204 211 220 224 238 239 240 244 
162 24        8 9 13 15 16 20 23 28 31 39 47 50 51 57 62 64 70 81 84 85 89 92 93 96 100 103 114 122 136 137 152 154 155 166 169 172 179 184 188 189 193 206 208 213 220 242 
163 88        1 4 9 11 14 15 17 18 20 25 26 27 34 43 49 50 59 61 62 68 80 85 87 88 90 95 98 117 124 131 133 143 147 149 150 153 172 173 174 176 177 184 192 193 201 202 204 212 213 215 216 218 222 230 248 249 
164 54        2 3 7 11 15 19 35 38 58 62 64 68 69 81 84 92 93 96 98 104 107 110 118 131 134 139 140 142 144 150 155 160 167 170 175 176 191 192 193 200 204 206 207 222 230 236 246 249 
165 28        7 15 16 17 20 23 25 27 50 58 75 81 84 89 101 103 106 115 117 121 125 144 153 156 158 159 167 172 173 178 195 196 198 202 204 206 209 215 224 232 233 235 237 240 242 248 249 
166 36        1 10 11 15 20 22 24 27 33 34 37 41 51 55 57 66 70 72 77 84 88 90 91 103 104 107 113 116 121 122 127 128 131 133 142 144 151 153 156 162 167 169 170 182 194 205 212 234 240 242 245 
167 91        2 4 5 13 20 24 26 35 36 42 48 49 51 52 53 55 65 67 68 73 83 87 96 99 106 108 110 111 114 120 121 124 127 130 137 138 140 148 150 152 157 161 164 165 166 170 178 184 192 202 207 208 213 214 228 229 232 234 237 246 
168 61        6 12 16 26 31 42 45 48 58 59 64 65 72 74 82 87 88 91 92 94 97 114 120 121 142 144 146 148 150 153 154 156 169 173 180 195 198 202 206 218 219 226 238 239 243 247 
169 29        5 9 10 13 14 27 30 37 46 48 49 50 52 54 55 57 72 75 76 78 96 103 106 108 119 120 122 123 138 141 142 146 151 158 160 162 166 168 172 174 177 178 196 198 201 206 214 216 222 225 228 230 237 239 243 244 
170 68        5 6 10 13 23 24 25 29 36 43 44 45 46 52 57 61 63 71 75 80 82 83 85 87 91 92 100 106 107 112 115 116 122 123 124 126 130 134 137 142 144 145 159 161 164 166 167 178 181 185 189 190 196 210 213 216 227 228 233 239 240 241 242 243 
171 69        3 10 16 19 21 31 38 39 41 46 50 58 64 65 73 76 82 99 100 105 106 107 108 111 130 132 138 140 141 142 151 158 159 161 174 187 200 203 207 218 220 223 234 236 239 247 250 
172 35        2 10 27 37 50 51 60 62 68 69 73 74 76 81 90 98 108 131 134 135 136 141 144 146 147 157 159 162 163 165 169 173 174 182 185 186 188 190 193 195 201 202 204 205 209 214 216 218 232 235 
173 30        18 27 33 34 41 57 58 60 61 68 70 79 84 95 97 99 109 111 112 119 123 124 125 127 130 134 148 149 152 154 158 163 165 168 172 175 176 177 190 193 195 215 220 225 238 245 246 249 
174 88        2 6 28 31 35 44 45 48 56 63 68 69 71 82 87 90 93 94 108 111 117 123 125 127 138 141 155 163 169 171 172 176 180 184 188 191 195 198 202 205 206 215 217 222 240 245 246 
175 85        3 23 41 44 48 66 71 73 84 85 87 89 93 105 106 110 113 117 120 129 136 140 147 152 153 161 164 173 178 182 185 196 203 206 211 218 221 227 230 232 236 237 244 248 
176 87        2 5 6 13 15 23 24 28 30 34 36 37 39 40 49 53 56 65 66 75 76 77 83 84 92 93 94 104 118 120 121 123 128 133 134 141 147 161 163 164 173 174 177 178 180 182 183 188 191 196 197 204 205 210 212 217 235 237 238 248 
177 70        1 3 7 8 15 18 19 22 24 26 35 38 45 49 50 56 57 60 61 68 76 102 113 122 123 125 126 127 131 133 134 136 140 142 145 149 158 159 163 169 173 176 180 183 187 189 190 195 206 220 225 227 230 232 236 238 242 245 250 
178 70        6 14 15 16 22 23 32 33 37 40 46 64 65 66 67 70 85 89 102 110 112 114 119 120 126 134 136 137 141 144 156 158 165 167 169 170 175 176 180 188 193 196 197 202 207 213 215 217 222 230 234 239 242 245 
179 59        2 3 5 9 12 22 29 32 33 37 46 50 62 71 78 85 89 90 93 99 104 107 111 118 120 126 141 144 146 147 149 162 183 190 195 199 205 213 219 220 221 222 225 232 233 235 241 242 245 248 
180 26        2 4 7 14 18 20 21 30 40 57 67 79 87 88 95 98 100 116 136 139 142 148 154 168 174 176 177 178 192 219 220 235 248 249 
181 73        2 5 7 9 12 14 19 45 46 58 63 69 71 82 90 98 100 102 105 108 109 113 114 118 126 130 133 134 135 137 138 144 146 148 170 182 186 191 192 195 196 198 199 200 207 210 211 220 223 225 226 227 230 238 241 242 244 
182 27        7 12 14 15 17 20 22 26 38 41 43 44 46 56 60 63 67 70 71 75 77 79 84 86 98 102 111 114 119 122 125 132 134 137 142 146 148 150 166 172 175 176 181 198 199 212 224 227 232 233 238 240 244 245 248 
183 44        3 7 11 12 13 29 34 53 56 59 69 75 77 85 88 99 105 106 107 110 123 129 131 152 156 157 176 177 179 191 192 197 202 210 215 217 221 227 231 232 234 243 245 
184 27        6 7 27 28 43 44 50 51 57 77 88 99 100 103 107 109 115 118 122 138 140 148 156 160 162 163 167 174 185 187 196 201 203 204 209 217 218 224 227 228 230 231 234 237 239 249 
185 35        1 13 15 22 36 42 44 48 49 50 52 55 56 70 74 82 87 92 97 103 106 109 111 122 126 131 140 143 145 146 149 153 155 170 172 175 184 187 188 191 192 198 202 205 206 225 231 245 
186 38        2 5 15 16 17 23 25 28 32 37 40 53 59 64 70 80 82 83 89 90 92 95 97 106 108 113 123 131 132 151 152 153 172 181 194 197 207 213 214 230 233 238 246 247 249 
187 65        1 3 9 11 13 32 38 45 53 68 87 91 93 96 99 113 129 132 135 141 145 146 147 149 157 171 177 184 185 196 197 201 202 207 208 214 215 223 225 233 240 245 248 
188 21        9 11 12 13 24 26 28 29 37 40 41 45 52 54 62 70 76 77 82 86 88 92 98 101 108 110 113 117 124 128 130 132 133 140 150 151 156 160 162 172 174 176 178 185 191 199 200 201 202 217 225 229 238 
189 69        1 8 23 26 32 33 40 41 48 50 58 59 66 75 82 84 88 94 96 99 105 112 113 119 120 141 143 153 154 160 162 170 177 192 197 209 210 214 218 221 222 228 231 233 235 236 242 
190 59        7 11 12 14 16 17 19 33 35 55 58 60 63 68 73 74 75 81 82 99 102 106 110 112 114 120 123 134 136 139 144 145 149 155 170 172 173 177 179 199 210 220 222 223 230 232 237 240 241 242 
191 35        3 10 12 16 18 26 27 28 35 41 50 56 58 61 62 63 77 80 83 87 115 116 123 125 126 128 132 134 137 140 141 142 145 148 154 155 164 174 176 181 183 185 188 194 195 197 203 208 214 226 234 235 237 
192 70        2 3 20 21 27 38 62 70 77 82 84 88 91 98 100 109 111 113 118 121 132 137 139 140 141 149 152 153 157 158 161 163 164 167 180 181 183 185 189 200 201 203 204 205 217 220 221 222 231 237 245 249 
193 40        2 7 11 14 15 16 17 20 25 26 29 35 37 40 50 57 59 60 64 67 73 75 85 89 90 93 94 97 98 99 113 115 120 122 123 133 139 146 147 149 150 158 162 163 164 172 173 178 196 197 200 209 212 216 218 220 222 223 227 228 245 
194 84        1 11 21 22 24 27 30 31 35 37 42 50 51 58 65 69 80 85 87 95 100 106 107 108 111 114 120 122 124 126 127 128 147 150 151 153 154 157 166 186 191 203 204 206 207 210 212 213 220 228 231 237 240 241 
195 42        1 11 12 13 17 19 24 39 48 49 58 59 61 71 74 84 88 92 104 109 114 118 121 126 127 130 131 132 134 139 146 157 158 165 168 172 173 174 177 179 181 191 201 215 221 223 224 226 228 233 241 248 250 
196 92        11 15 21 31 32 36 39 42 47 53 58 65 71 76 78 79 94 95 97 98 110 115 116 118 123 139 140 165 169 170 175 176 178 181 184 187 193 206 207 208 228 229 230 233 237 244 249 
197 24        4 8 15 18 25 26 27 28 30 33 36 41 44 47 48 55 60 68 74 80 82 85 92 96 104 107 111 113 117 119 121 123 139 147 148 150 154 155 160 176 178 183 186 187 189 191 193 202 209 210 218 219 220 228 244 246 
198 46        3 20 25 31 33 35 41 43 45 49 64 80 83 85 88 91 102 105 110 112 119 126 132 134 146 159 161 165 168 169 174 181 182 185 204 205 210 212 219 240 248 
199 78        8 12 16 21 23 30 36 39 41 48 50 51 54 62 65 82 86 87 96 100 111 117 119 131 135 137 143 146 151 154 179 181 182 188 190 205 212 213 216 224 238 243 249 
200 60        2 3 10 14 19 22 29 31 32 41 42 44 68 69 70 81 82 105 108 109 117 120 126 127 137 140 145 147 164 171 181 188 192 193 204 208 218 222 224 227 231 242 248 
201 76        1 2 4 15 22 23 30 32 36 38 44 47 48 49 51 54 58 60 74 87 90 91 92 93 102 108 111 113 117 126 134 135 138 140 143 144 151 153 154 156 159 160 163 169 172 184 187 188 192 195 204 209 215 216 220 222 224 230 242 247 
202 43        3 5 22 24 26 41 42 46 51 53 58 60 61 63 64 68 72 75 77 78 80 84 87 88 91 97 101 103 112 116 121 123 124 128 135 146 148 152 153 160 163 165 167 168 172 174 178 183 185 187 188 197 204 211 214 215 217 224 232 233 236 240 243 249 250 
203 49        7 8 9 11 13 19 24 25 29 31 36 54 59 64 66 67 73 77 84 92 98 102 106 115 119 122 131 137 142 143 147 149 152 171 175 184 191 192 194 207 210 217 220 239 241 245 
204 79        9 17 19 22 24 29 31 38 43 44 64 73 77 78 81 82 85 86 87 95 105 106 109 111 114 117 118 119 123 125 126 127 132 135 145 156 159 161 163 164 165 172 176 184 192 194 198 200 201 202 206 208 213 219 220 226 235 237 240 244 245 
205 65        1 3 10 14 17 22 25 34 58 62 65 73 78 82 83 85 86 87 92 94 95 98 101 105 106 112 113 116 118 125 134 138 139 141 146 147 156 166 172 174 176 179 185 192 198 199 206 207 210 217 221 225 226 228 231 236 247 
206 24        4 18 22 27 33 35 42 50 55 56 65 71 85 88 98 101 106 108 109 111 116 117 118 127 128 132 154 156 160 162 164 165 168 169 174 175 177 185 194 196 204 205 207 216 226 229 230 233 235 237 242 243 245 249 
207 28        37 41 45 46 56 58 63 67 73 78 81 82 84 96 99 102 110 111 112 113 123 124 125 139 143 151 156 159 160 164 167 171 178 181 186 187 194 196 203 205 206 229 232 233 235 239 245 249 
208 43        1 9 11 17 23 25 36 44 48 53 54 65 67 68 73 81 82 86 87 91 97 121 122 123 127 128 131 142 148 151 153 162 167 187 191 196 200 204 215 223 225 231 233 234 237 245 249 
209 26        5 10 14 17 18 21 25 37 39 47 50 51 54 61 66 71 72 75 76 78 84 89 96 102 114 115 119 122 125 129 130 131 143 144 157 165 172 184 189 193 197 201 211 213 216 217 218 225 226 227 228 230 231 244 246 
210 93        2 5 6 9 28 31 43 45 47 51 56 68 69 75 78 84 105 108 110 111 121 125 129 134 137 141 149 151 157 159 170 176 181 183 189 190 194 197 198 203 205 212 223 229 230 240 
211 62        3 14 15 16 20 22 25 26 27 28 33 35 39 41 44 53 65 67 76 78 81 83 92 99 106 108 112 114 117 131 140 146 148 161 175 181 202 209 218 227 238 239 244 247 250 
212 91        7 13 16 23 30 31 32 42 43 48 51 52 54 56 68 72 77 80 83 84 89 91 93 98 103 106 117 120 123 124 133 140 141 143 146 153 158 163 166 176 182 193 194 198 199 210 213 219 225 237 243 244 
213 21        9 11 18 20 25 35 38 39 53 57 60 63 70 71 73 81 90 101 102 103 107 121 122 127 143 147 154 162 163 167 170 178 179 186 194 199 204 209 212 216 222 231 235 238 240 246 250 
214 21        3 4 13 17 25 35 40 45 53 56 63 71 85 86 91 92 94 100 103 104 111 117 126 135 136 137 140 143 146 148 151 153 155 167 169 172 186 187 189 191 202 215 222 227 230 238 243 245 
215 32        1 5 19 20 22 27 29 42 46 47 49 58 69 75 76 79 88 90 92 94 100 106 113 131 137 140 142 145 146 150 153 155 163 165 173 174 178 183 187 195 201 202 208 214 220 227 228 231 237 239 250 
216 34        7 14 16 20 27 28 30 44 46 51 52 58 62 69 74 76 78 81 85 94 95 104 106 111 115 120 123 125 128 129 132 133 140 143 144 149 152 154 156 157 163 169 170 172 193 199 201 206 209 213 222 223 231 232 234 237 243 245 247 248 249 
217 86        2 10 23 28 32 42 45 46 52 54 58 60 61 77 79 85 92 93 95 96 104 105 112 113 123 138 141 152 160 174 176 178 183 184 188 192 202 203 205 209 225 235 249 250 
218 27        15 20 21 22 26 28 39 40 41 42 44 48 52 60 62 65 66 67 83 89 93 94 101 102 108 121 124 125 126 133 137 141 142 145 146 147 148 149 151 153 155 158 163 168 171 172 175 184 189 193 197 200 209 211 220 222 223 224 229 233 240 242 246 
219 79        4 5 6 10 25 30 31 33 35 40 48 49 54 56 60 61 67 69 72 73 79 89 90 91 92 97 104 105 114 119 121 125 126 128 134 137 142 154 168 179 180 197 198 204 212 222 225 232 235 237 242 243 
220 34        1 3 10 14 15 19 21 24 38 40 50 51 52 70 72 76 81 83 85 90 91 102 106 109 111 115 116 120 128 133 142 145 147 149 156 159 160 161 162 171 173 177 179 180 181 190 192 193 194 197 201 203 204 215 218 226 240 
221 88        11 17 27 30 33 39 44 47 55 63 65 68 75 77 79 85 86 90 97 101 102 105 116 123 126 131 132 145 150 156 175 179 183 189 192 195 205 222 245 
222 93        6 7 11 13 20 24 26 33 40 44 45 52 61 62 65 67 69 73 82 86 88 103 111 114 115 119 125 128 142 145 147 149 153 155 156 159 163 164 169 174 178 179 189 190 192 193 200 201 213 214 216 218 219 221 224 228 235 240 244 
223 58        6 17 18 37 39 41 48 52 61 66 79 82 83 90 99 110 118 125 128 129 130 131 139 142 143 148 158 171 181 187 190 193 195 208 210 216 218 224 229 231 234 237 243 244 248 249 250 
224 77        11 17 20 23 31 33 36 39 40 53 59 63 69 73 84 85 86 100 102 103 107 110 113 115 117 121 131 149 152 154 157 158 160 161 165 182 184 195 199 200 201 202 218 222 223 236 244 245 
225 62        1 17 30 34 39 64 71 92 97 99 107 127 131 136 147 150 159 160 169 173 177 179 181 185 187 188 205 208 209 212 217 219 232 233 235 238 244 246 
226 87        15 16 27 30 33 36 44 45 47 49 53 54 65 67 68 73 93 94 99 105 109 110 111 112 117 137 143 144 146 153 155 157 159 160 168 181 191 195 204 205 206 209 220 227 237 238 239 
227 99        10 12 13 17 21 27 29 34 46 48 51 53 71 78 79 83 91 92 96 98 101 102 110 119 124 129 151 156 170 175 177 181 182 183 184 193 200 209 211 214 215 226 228 231 244 
228 61        5 8 10 35 38 57 60 72 79 80 96 99 100 101 114 118 122 124 126 131 143 145 153 167 169 170 184 189 193 194 195 196 197 205 209 215 222 227 234 235 236 237 250 
229 83        3 7 9 11 15 21 23 27 28 34 42 50 51 53 63 66 68 70 74 79 90 94 108 114 116 119 125 130 144 146 150 151 152 154 158 159 167 188 196 206 207 210 218 223 248 
230 75        2 8 11 13 14 22 25 26 28 29 32 35 47 53 58 59 60 63 65 70 76 80 89 90 93 107 113 128 130 131 138 140 142 146 153 159 163 164 169 175 177 178 181 184 186 190 196 201 206 209 210 214 234 235 241 247 
231 99        1 3 4 5 9 17 24 30 32 33 48 58 60 67 68 76 78 82 83 84 85 86 92 93 100 104 105 107 111 117 124 126 130 131 133 142 145 151 183 184 185 189 192 194 200 205 208 209 213 215 216 223 227 234 235 239 243 245 249 250 
232 93        6 15 24 26 27 31 38 41 43 46 56 58 61 79 87 107 109 113 129 139 140 142 143 145 146 149 151 156 165 167 172 175 177 179 182 183 190 202 207 216 219 225 233 238 240 242 248 
233 39        5 8 15 16 17 23 25 28 29 33 56 63 66 77 88 89 93 109 120 121 128 144 147 151 154 156 157 165 170 179 182 186 187 189 195 196 202 206 207 208 218 225 232 243 245 246 247 248 
234 85        2 5 21 22 28 29 32 34 36 37 44 45 47 48 49 50 52 56 60 63 67 75 83 91 97 99 108 117 119 128 136 149 153 158 160 166 167 171 178 183 184 191 208 216 223 228 230 231 244 248 
235 31        1 5 16 23 27 29 35 47 62 74 79 83 90 92 93 109 112 113 115 121 122 123 131 137 138 142 145 160 165 172 176 179 180 189 191 204 206 207 213 217 219 222 225 228 230 231 241 243 
236 69        8 9 10 11 16 19 23 29 53 56 64 65 73 84 93 98 101 105 107 111 125 133 135 140 144 153 155 157 158 164 171 175 177 189 202 205 224 228 244 250 
237 48        4 6 27 28 32 33 41 46 54 56 59 63 65 76 78 82 86 91 94 96 107 114 132 134 145 148 152 153 165 167 169 175 176 184 190 191 192 194 196 204 206 208 212 215 216 219 223 226 228 240 249 
238 67        12 18 20 21 24 26 30 31 35 42 43 44 47 59 62 66 68 71 76 83 84 99 102 104 112 128 132 133 134 148 149 158 160 161 168 173 176 177 181 182 186 188 199 211 213 214 225 226 232 
239 50        9 16 17 21 23 25 33 35 36 38 47 53 56 60 62 64 72 84 86 93 94 97 103 110 116 119 127 136 137 138 141 144 145 147 151 158 161 168 169 170 171 178 184 203 207 211 215 226 231 242 244 246 249 
240 24        1 2 8 13 14 18 20 23 24 30 44 50 51 55 65 76 82 84 85 90 91 92 96 97 101 116 119 122 123 131 142 144 154 155 156 160 161 165 166 170 174 182 187 190 194 198 202 204 210 213 218 220 222 232 237 242 246 249 
241 49        2 5 8 9 10 16 17 35 39 43 44 46 63 65 68 71 76 81 89 90 91 95 112 121 124 126 128 134 136 141 142 143 146 147 156 158 170 179 181 190 194 195 203 230 235 245 249 
242 82        1 3 5 13 20 24 27 30 36 39 40 41 44 47 50 52 54 58 62 63 68 69 71 78 83 90 98 107 109 112 116 124 126 137 149 151 157 162 165 166 170 177 178 179 181 189 190 200 201 206 218 219 232 239 240 250 
243 97        1 5 6 12 13 24 33 40 43 45 52 54 55 60 66 70 82 83 86 93 105 107 132 135 145 146 149 157 168 169 170 183 199 202 206 212 214 216 219 223 231 233 235 245 247 
244 86        1 4 28 29 43 44 45 51 53 60 67 69 73 78 82 86 88 94 103 104 109 110 114 117 119 121 139 143 147 149 154 159 161 169 175 181 182 196 197 204 209 211 212 222 223 224 225 227 234 236 239 247 248 
245 21        2 6 9 16 24 27 34 35 38 40 48 51 52 55 57 75 77 86 88 93 99 112 118 125 127 130 132 134 138 147 150 155 166 173 174 177 178 179 182 183 185 187 192 193 203 204 206 207 208 214 216 221 224 231 233 241 243 249 250 
246 86        4 14 27 31 37 39 40 45 51 54 56 58 60 61 70 81 82 88 90 100 102 128 131 134 143 144 145 148 150 164 167 173 174 186 197 209 213 218 225 233 239 240 
247 41        4 6 9 14 18 20 25 28 36 41 43 48 49 62 65 73 74 78 92 100 107 108 112 113 115 120 124 127 130 132 140 142 143 145 152 154 156 158 168 171 186 201 205 211 216 230 233 243 244 250 
248 100       1 7 13 14 15 19 45 46 56 60 61 65 69 70 74 82 87 90 91 95 97 98 107 110 115 116 122 124 158 159 163 165 175 176 179 180 182 187 195 198 200 216 223 229 232 233 234 244 249 
249 84        2 5 16 24 30 33 34 40 50 53 55 67 76 78 85 95 110 112 120 127 130 132 141 143 146 148 149 152 163 164 165 173 180 184 186 192 196 199 202 206 207 208 216 217 223 231 237 239 240 241 245 248 250 
250 77        1 2 3 6 9 10 16 20 36 43 50 57 63 73 84 91 101 106 107 108 109 110 112 115 133 134 139 142 146 147 150 151 159 160 171 177 195 202 211 213 215 217 223 228 231 236 242 245 247 249 
