250 150
1 81          2 3 6 8 10 14 16 17 21 22 23 24 26 27 29 30 31 32 34 36 39 40 42 44 46 49 50 52 55 58 59 61 66 72 73 74 75 79 80 81 83 88 89 93 96 103 104 107 115 116 121 123 124 130 133 134 136 138 140 141 145 146 147 148 149 150 151 155 159 160 165 167 168 170 177 180 185 186 187 189 190 191 193 194 196 199 203 206 207 208 209 212 217 219 222 223 226 227 228 231 233 234 235 244 248 249 250 
2 39          1 3 4 5 6 8 9 13 16 23 24 26 28 31 33 34 36 39 40 42 44 46 47 55 59 60 70 71 75 79 80 93 94 96 99 102 103 111 112 115 116 117 118 119 120 122 123 124 125 126 127 128 130 135 136 140 143 145 147 150 151 157 158 159 165 168 171 173 174 177 182 183 184 186 191 194 195 196 197 198 199 200 202 204 205 206 209 213 216 224 225 226 227 228 229 234 242 246 247 250 
3 75          1 2 6 8 13 14 16 26 27 29 30 32 35 38 40 42 46 47 53 54 56 59 61 65 67 68 71 72 74 82 84 85 87 88 89 91 93 94 97 98 99 101 102 103 104 105 107 110 111 113 116 118 120 121 124 125 130 131 133 135 136 137 139 143 144 145 146 155 156 158 159 163 164 165 166 167 169 170 171 173 176 177 179 182 186 188 193 195 196 197 199 203 204 207 209 215 216 220 225 226 232 234 235 236 238 239 241 245 250 
4 66          2 10 12 15 17 20 21 23 31 34 35 38 39 40 44 47 48 49 53 54 56 58 60 63 68 75 77 78 80 83 84 91 92 94 96 97 98 101 103 104 105 107 108 109 110 111 112 115 117 118 119 121 122 126 129 132 133 137 139 140 141 144 145 146 148 149 152 153 154 163 167 169 173 174 175 178 183 184 186 187 195 197 200 201 202 204 206 215 218 222 226 229 230 232 233 234 238 241 244 248 249 250 
5 85          2 9 11 13 18 19 21 22 28 30 31 34 39 40 41 42 44 45 49 50 51 59 60 61 62 63 64 66 70 72 73 78 81 83 85 88 89 91 93 95 96 97 99 100 102 104 106 108 113 119 123 124 125 128 132 138 139 142 144 145 150 151 152 153 154 155 156 158 160 161 163 164 166 168 169 171 172 176 177 179 180 184 186 187 188 189 191 192 193 199 205 206 216 217 221 222 228 231 233 237 238 239 242 243 245 247 250 
6 36          1 2 3 10 11 15 17 18 20 22 27 28 30 36 38 39 46 50 59 62 64 68 69 70 71 72 74 75 92 93 95 96 97 100 102 105 108 109 111 124 125 128 130 133 135 136 138 140 141 146 152 153 157 158 167 170 171 174 175 177 179 181 182 184 185 187 189 191 192 200 202 203 206 211 212 213 217 218 222 226 227 228 229 230 232 234 235 237 238 239 241 242 243 247 
7 60          8 16 18 21 25 31 33 36 37 39 40 41 44 55 56 59 61 62 63 66 71 72 74 76 77 79 80 86 88 94 95 104 105 110 111 113 114 120 122 124 125 128 130 136 138 139 140 141 142 144 145 149 151 153 154 155 160 161 163 164 168 169 170 180 184 185 186 190 192 194 195 196 197 198 199 200 201 202 204 206 209 212 214 215 222 223 225 230 232 233 240 241 243 248 249 
8 56          1 2 3 7 9 10 11 12 13 16 17 19 24 27 29 32 33 35 36 41 42 44 49 55 59 60 64 67 77 78 80 82 87 88 89 94 95 97 98 100 101 102 104 107 108 112 113 114 115 119 122 123 125 126 128 138 140 141 142 147 148 151 156 159 170 171 172 173 175 176 182 183 186 188 189 191 192 193 194 195 201 203 205 206 209 212 217 218 223 225 229 234 240 244 
9 50          2 5 8 10 13 14 18 19 21 27 29 31 32 34 37 40 43 44 46 47 48 50 53 61 71 72 73 75 77 78 79 82 85 92 93 97 99 101 106 115 116 124 126 127 128 129 133 135 136 140 144 149 150 154 157 158 163 164 174 175 176 178 182 184 185 186 189 192 195 196 198 199 201 203 205 206 207 211 212 214 217 220 221 222 226 231 233 234 235 238 240 241 243 
10 75         1 4 6 8 9 12 16 19 24 25 27 29 30 31 32 35 39 41 46 47 50 51 52 55 62 63 67 69 72 75 77 78 79 80 84 87 90 91 92 95 96 100 103 105 106 108 109 110 113 116 117 118 120 121 125 128 134 135 144 145 148 150 152 155 160 162 165 166 170 173 174 175 176 178 186 188 193 194 195 196 197 199 200 203 204 208 211 212 215 216 220 222 223 224 225 228 235 239 243 245 250 
11 75         5 6 8 12 14 17 22 23 28 33 35 37 40 49 50 53 55 57 58 61 66 67 69 70 71 72 74 78 79 81 82 83 87 89 90 92 94 99 100 102 105 106 109 111 112 113 115 118 122 126 128 129 133 134 135 137 138 142 147 149 151 154 156 163 164 167 169 170 172 173 175 176 177 185 189 191 194 195 198 199 200 201 207 209 212 215 216 217 218 221 225 228 230 234 237 239 241 242 244 
12 37         4 8 10 11 15 16 23 27 34 35 38 41 44 45 47 48 50 52 54 58 59 61 65 66 67 68 69 71 76 77 78 80 85 87 88 89 90 93 95 97 98 99 100 101 105 106 107 111 113 114 115 120 125 126 132 133 134 136 137 145 148 149 150 154 156 158 160 162 164 168 170 171 172 174 175 176 177 178 179 180 181 182 187 188 190 193 194 196 197 200 201 207 213 214 215 217 218 219 223 225 230 232 233 234 236 242 243 247 
13 87         2 3 5 8 9 18 20 24 25 27 34 35 42 47 50 53 55 58 61 63 69 70 75 76 78 80 82 85 89 90 93 97 98 102 108 109 111 112 113 114 115 116 118 120 128 130 133 137 141 144 150 152 155 158 159 160 161 165 166 167 169 171 174 178 183 184 186 188 189 190 194 195 197 199 202 204 205 207 210 211 214 222 229 230 232 234 235 236 238 243 250 
14 95         1 3 9 11 15 18 21 25 27 30 32 33 35 37 38 43 45 50 51 56 58 62 68 76 80 81 82 83 85 88 92 93 95 96 98 100 102 106 111 116 118 121 123 125 126 130 132 133 137 144 146 147 148 149 155 156 157 158 159 160 162 163 167 169 170 172 173 176 177 181 182 184 185 186 189 192 195 196 197 199 206 211 212 213 216 217 220 221 222 225 226 227 229 236 237 238 239 240 241 
15 21         4 6 12 14 16 18 20 21 23 24 25 27 36 40 45 46 50 51 53 55 57 59 61 65 68 69 70 71 79 80 83 86 87 89 90 93 95 96 97 101 105 106 107 111 114 115 117 120 123 127 130 132 136 137 142 146 149 150 151 152 154 155 158 161 162 164 169 170 171 179 181 184 185 186 188 189 195 197 201 209 210 211 213 215 218 224 226 227 234 235 237 242 245 248 
16 99         1 2 3 7 8 10 12 15 17 19 25 27 29 31 32 34 35 37 38 39 43 47 48 50 51 52 53 54 56 60 62 64 67 69 70 72 73 74 76 78 81 83 84 87 88 89 90 95 96 98 101 105 106 107 109 114 115 116 117 122 124 129 130 131 133 135 136 139 140 141 142 143 144 145 146 147 149 154 155 161 162 163 167 169 170 171 172 173 177 179 181 185 186 187 188 191 192 193 194 195 198 201 203 205 207 212 213 220 221 229 230 233 234 237 238 241 242 248 
17 42         1 4 6 8 11 16 18 24 29 31 33 36 37 40 43 49 53 54 57 59 60 61 68 71 72 75 77 79 80 83 86 89 92 93 96 98 99 102 105 110 115 116 117 119 120 121 122 125 137 140 145 146 147 149 151 154 156 160 161 162 167 168 170 171 172 173 174 175 178 179 185 187 190 191 193 194 195 196 197 201 203 211 212 216 218 219 220 221 224 225 228 230 231 240 244 246 248 249 
18 57         5 6 7 9 13 14 15 17 20 21 23 25 26 29 34 36 37 38 40 42 44 45 47 48 55 56 58 59 61 62 63 64 65 66 68 69 71 76 80 81 87 88 90 93 97 99 103 105 106 110 113 114 116 117 118 126 131 134 136 140 141 147 148 149 154 157 158 163 164 165 166 174 177 178 181 183 184 186 189 194 196 197 198 199 202 203 205 207 211 214 215 218 220 225 226 227 230 235 240 242 243 246 248 250 
19 31         5 8 9 10 16 21 22 23 24 26 27 40 43 44 45 48 53 54 56 57 59 65 67 70 73 74 76 78 79 82 83 84 85 86 88 89 91 93 94 98 103 105 106 108 109 111 115 116 117 121 122 124 128 134 140 141 145 146 147 148 149 150 152 153 154 157 160 167 170 171 174 175 177 184 188 189 190 193 194 195 200 202 203 205 206 211 213 214 217 221 223 226 227 229 231 233 234 236 238 243 246 249 
20 37         4 6 13 15 18 23 24 26 28 29 31 33 35 38 39 47 50 51 52 55 59 61 62 63 65 66 67 68 72 73 74 75 79 80 81 84 87 88 93 95 98 102 106 108 110 111 112 117 124 126 131 133 134 136 140 144 146 147 153 155 158 164 168 169 170 172 174 175 177 178 179 181 182 183 188 191 193 195 197 203 205 207 209 210 215 216 218 219 220 223 230 234 236 239 242 243 245 246 248 249 
21 42         1 4 5 7 9 14 15 18 19 22 23 34 35 38 41 42 45 46 47 48 50 51 53 56 60 61 63 64 67 78 84 86 87 88 90 93 94 95 96 101 104 110 111 112 113 114 116 117 120 121 123 124 125 126 131 132 133 134 136 139 140 141 149 153 155 160 162 163 164 165 167 172 176 177 183 184 186 187 190 191 196 199 200 206 208 210 212 215 216 217 218 219 220 222 226 227 228 229 230 231 237 241 244 247 
22 40         1 5 6 11 19 21 26 31 34 36 37 42 43 45 46 48 50 53 54 57 60 69 73 76 81 85 86 88 91 92 95 97 100 101 102 104 107 108 109 115 116 119 121 125 127 131 135 139 140 141 142 144 145 146 153 154 155 159 169 171 173 174 175 176 178 180 183 184 188 191 193 197 199 200 202 209 210 214 215 217 219 220 221 223 225 226 227 229 233 235 236 238 239 240 242 244 246 247 250 
23 69         1 2 4 11 12 15 18 19 20 21 24 26 29 31 32 35 36 37 40 44 47 49 50 51 52 54 58 60 61 62 65 72 74 79 80 82 84 85 93 99 101 107 110 113 117 122 124 125 131 142 147 151 155 157 164 165 167 168 169 173 174 175 177 179 180 183 189 190 192 198 199 201 203 204 205 211 212 218 219 220 225 229 233 234 237 238 243 246 
24 91         1 2 8 10 13 15 17 19 20 23 25 27 32 36 37 42 46 47 48 52 53 58 59 61 62 65 66 71 73 78 80 81 83 85 87 88 89 92 93 94 96 97 99 103 105 106 107 108 111 114 116 117 119 120 121 122 127 130 133 140 141 144 149 154 158 159 161 162 163 167 171 172 176 180 181 182 183 187 188 195 196 201 203 209 211 213 216 218 219 221 223 224 225 226 227 231 234 237 238 239 240 241 242 244 248 250 
25 45         7 10 13 14 15 16 18 24 29 30 31 34 35 38 40 46 49 50 52 54 55 56 57 61 62 63 67 69 71 72 75 76 79 81 84 85 91 92 93 96 97 98 99 101 103 105 111 112 113 115 119 125 127 128 129 131 132 134 137 138 139 142 143 148 155 157 158 159 167 168 169 170 174 176 177 180 181 182 184 189 190 191 192 194 197 199 200 201 202 205 207 214 219 225 227 228 229 230 231 232 235 236 237 242 243 244 247 
26 97         1 2 3 18 19 20 22 23 27 28 29 31 33 36 39 43 44 50 53 55 56 58 59 60 61 63 64 68 69 71 78 80 81 82 83 87 92 96 97 98 99 102 108 109 110 111 113 114 115 119 124 125 127 128 129 138 140 141 142 148 152 153 154 159 160 164 171 172 174 175 178 179 180 185 186 189 191 200 202 203 207 215 217 222 226 227 232 238 239 243 244 246 
27 84         1 3 6 8 9 10 12 13 14 15 16 19 24 26 28 29 30 32 33 34 35 36 41 42 45 49 50 52 53 54 58 62 65 68 70 71 73 75 76 81 89 90 91 93 94 95 96 97 98 100 107 108 109 110 111 116 118 120 122 125 127 132 134 136 150 153 154 157 158 161 163 167 172 173 174 175 179 183 193 195 199 200 202 203 204 207 208 210 212 213 214 217 222 223 224 227 233 237 240 241 
28 90         2 5 6 11 20 26 27 30 34 37 39 43 44 46 47 49 50 51 52 53 54 56 57 60 68 69 70 75 81 83 92 94 100 101 102 103 107 111 114 115 117 119 125 127 133 134 135 141 143 146 147 148 150 154 155 157 158 159 162 167 176 184 190 191 192 199 200 206 207 208 210 212 215 222 224 225 228 229 237 238 242 244 245 247 250 
29 52         1 3 8 9 10 16 17 18 20 23 25 26 27 30 33 34 37 38 42 43 45 46 48 50 51 53 56 57 63 66 69 70 76 77 87 92 93 94 96 100 101 103 105 107 111 119 123 125 126 127 136 138 139 144 152 153 154 156 160 163 169 170 172 174 177 183 184 185 186 189 190 191 198 199 202 205 206 216 218 220 225 236 238 239 240 241 242 243 246 247 248 249 
30 43         1 3 5 6 10 14 25 27 28 29 32 36 42 44 46 48 49 52 59 60 63 68 74 81 82 84 85 86 87 90 92 93 94 106 107 110 111 119 120 121 123 126 129 133 138 140 141 144 145 146 149 152 153 157 160 161 162 168 169 170 172 174 175 176 178 190 191 192 193 196 197 200 203 205 208 210 213 216 219 223 225 229 233 239 240 241 242 243 244 246 248 249 250 
31 68         1 2 4 5 7 9 10 16 17 20 22 23 25 26 34 38 39 40 42 43 47 49 50 52 55 57 59 62 64 65 67 68 69 70 75 76 78 82 83 86 87 89 91 93 94 95 99 100 102 107 108 111 113 116 121 123 126 127 128 129 132 133 134 140 142 143 145 146 147 152 154 156 161 168 170 171 172 177 180 182 183 185 187 188 189 190 191 194 200 203 207 209 212 215 220 223 226 227 228 229 232 235 238 248 249 250 
32 53         1 3 8 9 10 14 16 23 24 27 30 38 40 44 45 48 52 54 57 58 63 65 66 67 69 72 73 76 81 92 94 96 100 101 104 107 110 111 113 118 120 123 129 134 135 136 139 140 141 144 146 147 152 156 162 168 169 170 173 176 180 181 186 187 188 190 191 193 195 203 209 211 212 215 217 222 234 235 236 238 239 240 243 246 247 249 
33 37         2 7 8 11 14 17 20 26 27 29 40 41 42 43 44 46 50 52 56 62 64 65 67 69 71 75 76 83 93 97 101 102 103 104 105 106 108 109 112 113 114 123 124 125 128 131 136 138 139 140 146 147 148 151 156 157 162 170 172 173 175 179 181 182 188 191 193 194 196 198 199 200 201 203 205 206 209 211 220 230 231 238 241 242 243 246 247 249 
34 65         1 2 4 5 9 12 13 16 18 21 22 25 27 28 29 31 35 37 38 40 42 43 44 51 52 53 56 58 59 61 62 64 70 71 72 74 77 80 82 85 87 89 91 93 95 100 102 104 108 109 110 120 121 123 124 125 126 127 129 135 138 141 142 144 150 153 155 156 157 161 162 163 164 168 169 170 174 176 178 183 185 186 188 194 196 197 200 205 207 213 222 226 231 232 233 236 237 238 241 242 243 244 246 248 249 250 
35 79         3 4 8 10 11 12 13 14 16 20 21 23 25 27 34 44 45 46 47 53 55 56 57 58 59 61 66 71 77 83 84 86 87 88 91 94 101 102 103 106 108 113 114 116 119 123 128 130 132 133 134 136 140 145 146 148 150 153 159 160 163 164 165 168 169 172 176 178 179 184 187 189 191 195 196 197 198 199 206 209 218 220 221 222 223 228 229 231 232 233 235 236 242 244 245 246 248 250 
36 73         1 2 6 7 8 15 17 18 22 23 24 26 27 30 37 38 41 44 46 49 51 57 58 59 60 61 63 64 65 66 68 73 74 75 77 79 80 86 90 91 93 94 96 97 98 104 105 108 110 114 116 117 121 124 126 128 130 131 132 136 137 139 140 142 144 145 149 150 156 157 158 159 167 173 175 181 186 188 189 191 194 195 196 200 203 204 208 209 210 212 214 215 218 220 221 222 224 226 227 229 230 233 238 240 241 243 248 
37 92         7 9 11 14 16 17 18 22 23 24 28 29 34 36 39 40 42 45 46 49 52 54 56 57 59 62 66 67 69 72 75 78 80 81 83 84 85 87 89 91 94 97 101 102 103 105 106 107 109 111 112 113 116 117 120 121 122 123 124 125 128 131 132 133 137 140 142 149 150 156 158 161 163 164 166 168 172 176 177 182 183 188 192 195 200 203 205 211 212 224 225 226 232 234 235 240 247 249 250 
38 87         3 4 6 12 14 16 18 20 21 25 29 31 32 34 36 39 45 48 49 50 51 53 55 57 58 60 62 63 65 70 71 74 75 80 84 85 86 88 90 93 94 95 96 100 101 102 105 107 108 109 110 115 119 121 122 123 125 127 128 137 138 139 148 152 156 160 163 165 169 171 172 177 178 183 185 186 187 189 190 193 196 197 201 203 204 205 207 210 212 214 217 220 222 226 227 228 231 232 234 235 239 241 245 248 
39 20         1 2 4 5 6 7 10 16 20 26 28 31 37 38 42 46 48 49 51 52 55 58 60 64 67 68 69 71 76 77 78 81 86 89 93 95 99 106 109 110 112 114 116 118 121 123 129 131 132 135 136 138 144 145 146 149 152 158 160 163 164 168 175 177 186 188 191 192 193 206 207 210 211 212 218 225 229 234 240 241 245 247 248 250 
40 20         1 2 3 4 5 7 9 11 15 17 18 19 23 25 31 32 33 34 37 41 42 43 45 46 50 51 52 53 56 62 63 64 65 68 69 70 71 76 83 84 85 89 90 91 92 98 99 100 102 104 109 110 111 113 114 117 120 121 123 124 125 128 130 131 132 136 137 138 144 146 147 149 153 155 156 161 163 170 172 173 175 179 182 183 186 187 189 190 192 194 196 197 206 208 209 212 214 215 216 219 220 221 222 223 236 237 239 241 242 243 244 246 
41 73         5 7 8 10 12 21 27 33 36 40 47 48 50 54 55 58 64 65 66 67 68 69 70 73 76 80 83 91 95 96 97 103 108 111 115 122 124 126 127 132 133 134 135 136 140 141 142 145 146 147 150 151 158 166 169 172 175 176 177 180 182 183 184 189 191 204 205 207 208 209 210 213 215 217 218 220 221 225 228 233 234 235 236 237 238 240 243 245 250 
42 42         1 2 3 5 8 13 18 21 22 24 27 29 30 31 33 34 37 39 40 49 52 56 57 59 60 61 62 63 70 73 76 77 78 79 80 82 85 89 96 103 104 107 108 112 113 114 119 120 121 122 123 128 129 130 135 136 137 138 141 142 147 148 150 153 158 159 160 163 165 167 168 170 176 179 180 184 187 192 193 194 197 198 201 203 206 212 213 218 219 222 223 224 225 226 228 232 235 238 239 240 241 242 243 244 245 248 249 
43 52         9 14 16 17 19 22 26 28 29 31 33 34 40 47 48 49 52 53 54 55 56 57 64 68 69 71 72 73 74 77 78 79 81 82 84 85 88 89 91 94 95 100 102 104 105 107 110 111 112 117 118 119 120 122 125 131 134 140 146 148 150 154 157 161 164 165 166 168 169 172 179 180 181 183 191 192 193 194 198 201 204 205 208 210 211 213 216 225 226 230 233 234 237 242 245 248 249 250 
44 20         1 2 4 5 7 8 9 12 18 19 23 26 28 30 32 33 34 35 36 45 46 49 50 52 53 56 59 60 63 66 68 71 74 76 77 78 81 82 85 88 93 94 97 98 101 108 110 113 114 118 119 121 122 124 131 134 135 136 137 138 143 148 152 155 156 158 159 161 169 171 172 173 176 178 181 183 184 186 187 193 195 196 198 200 202 203 205 207 209 210 211 212 213 214 220 224 226 227 233 234 236 237 238 243 244 246 248 249 250 
45 24         5 12 14 15 18 19 21 22 27 29 32 35 37 38 40 44 46 49 51 54 55 56 59 65 69 78 84 88 91 94 96 101 102 106 107 108 110 114 117 121 124 125 128 129 132 133 134 141 142 144 145 147 148 150 152 153 157 159 160 161 162 164 166 167 170 177 178 183 184 186 187 193 201 204 207 208 216 220 221 224 226 232 234 237 238 239 243 244 245 246 249 
46 76         1 2 3 6 9 10 15 21 22 24 25 28 29 30 33 35 36 37 39 40 44 45 50 52 56 57 59 60 61 64 66 68 69 71 73 75 78 80 83 85 87 91 92 94 95 100 101 102 104 105 108 116 119 122 123 124 125 126 136 138 144 148 149 152 156 157 158 159 160 162 163 169 173 175 177 178 180 187 188 190 191 192 196 198 202 204 205 206 208 209 213 214 216 224 229 230 232 233 235 236 239 242 243 248 
47 71         2 3 4 9 10 12 13 16 18 20 21 23 24 28 31 35 41 43 48 50 51 53 55 57 58 59 60 62 68 70 72 76 78 80 81 83 85 92 96 98 100 103 104 106 110 113 116 123 125 126 128 129 132 133 135 136 137 138 140 142 152 159 160 164 165 166 170 172 176 178 184 185 187 188 189 190 193 196 197 199 200 202 214 218 220 227 230 232 233 234 236 237 239 241 245 247 
48 72         4 9 12 16 18 19 21 22 24 29 30 32 38 39 41 43 47 52 55 56 57 58 60 61 63 68 69 72 76 77 78 84 86 87 88 89 91 92 93 94 96 101 106 107 109 110 114 116 117 122 124 126 127 128 129 132 134 136 143 144 145 148 149 158 159 161 163 164 165 169 177 179 183 186 187 189 190 191 195 198 199 200 207 208 211 213 221 225 226 227 231 235 236 239 241 245 246 250 
49 21         1 4 5 8 11 17 23 25 27 28 30 31 36 37 38 39 42 43 44 45 54 57 62 63 64 65 69 73 75 78 81 86 88 91 92 93 94 95 100 101 102 104 106 109 110 112 115 116 121 122 123 124 126 127 140 141 148 151 161 162 163 167 176 179 180 182 186 192 193 197 199 200 202 203 206 207 208 218 223 225 227 228 231 233 234 235 236 237 238 242 247 249 250 
50 21         1 5 6 9 10 11 12 13 14 15 16 20 21 22 23 25 26 27 28 29 31 33 38 40 41 44 46 47 53 59 61 65 66 74 75 76 77 79 82 83 84 85 86 87 88 92 96 99 100 101 102 117 120 123 125 126 127 131 133 135 138 140 142 143 147 151 152 154 155 160 164 166 168 169 170 172 175 176 179 180 182 184 186 188 189 190 197 199 202 203 204 211 232 234 240 241 247 248 
51 82         5 10 14 15 16 20 21 23 28 29 34 36 38 39 40 45 47 52 53 54 55 57 58 60 61 62 64 66 72 74 75 80 81 82 84 87 88 89 92 95 96 99 101 105 110 120 121 122 124 131 134 135 143 145 148 157 158 161 163 164 166 167 168 169 171 174 175 176 179 180 182 185 187 189 192 193 194 195 201 204 207 209 211 215 217 219 220 221 222 225 226 227 233 234 240 242 245 247 250 
52 92         1 10 12 16 20 23 24 25 27 28 30 31 32 33 34 37 39 40 42 43 44 46 48 51 55 57 58 61 62 67 68 70 71 79 80 83 86 87 91 92 93 94 95 96 97 98 101 102 104 108 113 114 118 125 131 133 138 139 147 153 155 157 158 159 160 161 166 167 171 173 176 179 181 183 184 185 186 188 195 200 201 202 203 204 205 206 207 208 210 216 219 222 224 225 227 230 235 238 239 240 243 244 247 249 
53 78         3 4 9 11 13 15 16 17 19 21 22 24 26 27 28 29 34 35 38 40 43 44 47 50 51 54 55 56 57 58 60 61 62 63 64 66 69 72 75 79 80 85 88 89 92 93 94 100 107 108 109 121 123 125 127 128 130 132 133 134 138 141 143 146 149 155 166 170 172 174 175 176 177 186 187 188 191 192 194 196 198 199 200 203 206 215 216 218 220 222 223 226 228 229 230 231 236 243 244 249 
54 87         3 4 12 16 17 19 22 23 25 27 28 32 37 41 43 45 49 51 53 57 58 59 61 65 69 70 73 75 79 80 85 86 88 94 95 97 98 100 102 106 110 111 112 115 117 119 120 122 123 125 126 128 130 131 132 133 136 140 143 145 147 153 154 155 157 162 169 171 174 176 182 183 184 186 187 189 190 191 197 198 202 205 211 212 213 214 217 218 220 221 223 228 231 235 241 247 
55 50         1 2 7 8 10 11 13 15 18 20 25 26 31 35 38 39 41 43 45 47 48 51 52 53 59 63 64 65 67 69 74 77 82 91 92 94 96 103 106 110 111 112 113 114 115 118 119 120 124 128 129 130 131 135 140 142 143 144 151 154 157 160 161 168 172 174 175 184 194 195 196 197 199 200 201 215 216 217 219 220 222 223 224 227 228 229 231 234 239 242 243 244 245 248 
56 41         3 4 7 14 16 18 19 21 25 26 28 29 33 34 35 37 40 42 43 44 45 46 48 53 59 61 62 67 69 70 71 73 75 77 82 87 92 97 98 104 107 110 112 116 117 118 119 121 122 126 129 130 132 143 144 146 148 150 151 152 157 160 161 162 163 166 172 174 176 177 178 179 180 181 187 195 198 199 201 202 204 205 206 212 218 223 224 226 229 238 243 245 246 247 249 
57 31         11 15 17 19 22 25 28 29 31 32 35 36 37 38 42 43 46 47 48 49 51 52 53 54 58 59 60 63 64 66 68 70 71 72 74 76 79 82 84 86 87 91 93 95 96 97 99 102 103 106 107 108 109 112 113 117 118 123 129 131 136 138 139 140 141 144 145 146 147 148 149 150 154 159 160 163 172 175 178 180 181 182 188 189 190 192 193 196 198 203 209 210 211 218 221 223 225 228 233 235 237 239 240 241 249 250 
58 73         1 4 11 12 13 14 18 23 24 26 27 32 34 35 36 38 39 41 47 48 51 52 53 54 57 60 62 69 70 71 73 74 76 79 83 84 86 88 91 94 95 96 97 98 99 103 104 105 107 109 110 113 114 119 120 123 124 130 132 135 137 139 141 152 153 154 156 157 158 161 166 167 169 171 172 175 177 178 183 187 190 191 192 195 198 200 202 205 206 211 214 216 217 221 222 229 231 232 237 243 244 245 247 
59 89         1 2 3 5 6 7 8 12 15 17 18 19 20 24 26 30 31 34 35 36 37 42 44 45 46 47 50 54 55 56 57 61 68 69 70 71 77 78 79 81 82 83 86 87 89 97 101 102 105 107 108 110 111 112 113 115 118 123 125 126 128 129 130 132 133 134 136 137 138 140 142 143 146 151 152 155 156 158 159 167 173 175 177 183 187 193 197 199 202 205 206 209 210 212 213 219 220 223 225 226 227 228 230 231 233 235 239 240 243 246 247 250 
60 59         2 4 5 8 16 17 21 22 23 26 28 30 36 38 39 42 44 46 47 48 51 53 57 58 63 65 67 68 69 72 78 81 83 84 85 86 87 91 92 93 94 97 98 100 109 110 112 115 116 119 120 123 124 125 127 129 130 132 134 135 136 138 141 142 143 145 148 150 152 153 154 155 158 162 163 164 166 171 173 175 177 178 184 190 193 199 200 201 202 208 209 211 212 213 214 216 220 222 227 230 232 237 238 240 241 243 244 245 250 
61 88         1 3 5 7 9 11 12 13 15 17 18 20 21 23 24 25 26 34 35 36 42 46 48 50 51 52 53 54 56 59 62 65 66 70 72 74 75 76 77 80 83 85 87 90 91 99 102 103 104 106 107 108 110 113 114 116 118 119 121 126 130 131 134 136 137 139 142 145 147 148 151 152 155 157 159 161 163 164 167 168 169 173 174 179 181 183 190 192 194 197 199 204 205 207 208 209 211 214 223 227 228 229 231 234 237 238 243 244 245 247 248 249 250 
62 40         5 6 7 10 14 16 18 20 23 24 25 27 31 33 34 37 38 40 42 47 49 51 52 53 56 58 61 68 69 71 74 78 85 87 89 91 93 97 100 102 104 106 107 112 114 115 119 120 121 122 123 125 127 136 137 138 139 141 142 150 151 152 154 155 156 159 163 165 166 167 168 170 171 172 173 174 175 180 183 184 188 194 197 199 202 203 204 206 208 210 212 214 217 218 222 228 229 231 232 239 243 248 249 250 
63 71         4 5 7 10 13 18 20 21 25 26 29 30 32 36 38 40 42 44 48 49 53 55 57 60 66 67 68 69 73 74 77 79 82 85 87 91 93 95 96 99 100 101 107 111 113 114 120 124 125 126 127 128 130 131 132 134 136 137 139 142 144 145 149 152 154 157 158 159 160 162 163 165 171 172 173 179 181 182 187 189 191 192 194 195 196 197 198 203 204 208 212 213 214 215 216 217 221 223 225 226 227 232 233 237 239 240 241 243 244 249 
64 69         5 6 8 16 18 21 26 31 33 34 36 39 40 41 43 46 49 51 53 55 57 67 69 70 71 74 77 79 82 83 90 93 94 97 106 108 111 112 115 116 122 123 130 131 132 135 136 139 141 142 143 147 153 159 160 162 165 166 167 169 170 171 172 184 185 187 190 191 193 194 196 197 199 200 201 205 207 209 213 215 219 221 223 226 227 231 232 237 238 239 241 242 246 247 250 
65 45         3 12 15 18 19 20 23 24 27 31 32 33 36 38 40 41 45 49 50 54 55 60 61 67 76 77 78 79 82 83 84 85 88 90 91 95 97 103 104 105 107 109 111 112 116 117 118 119 120 125 127 129 135 137 141 142 145 147 148 149 151 154 158 165 166 167 169 170 172 173 174 175 176 177 178 182 183 186 187 188 190 196 201 205 208 209 211 213 222 225 228 229 231 234 237 240 241 245 247 250 
66 57         1 5 7 11 12 18 20 24 29 32 35 36 37 41 44 46 50 51 53 57 61 63 68 73 74 76 78 79 81 83 84 85 86 90 93 97 99 100 102 105 106 109 112 115 116 126 127 128 131 134 136 138 143 144 145 149 151 154 157 158 162 164 169 172 175 176 177 181 185 186 188 193 194 196 204 205 209 210 211 212 214 215 216 217 221 224 227 228 230 231 235 236 239 242 246 247 
67 49         3 8 10 11 12 16 19 20 21 25 31 32 33 37 39 41 52 55 56 60 63 64 65 68 70 71 73 76 77 78 81 82 84 92 93 94 96 99 102 104 107 109 112 113 114 115 120 123 124 126 127 128 136 138 139 142 143 147 149 150 152 153 154 155 156 158 160 164 170 173 176 179 184 185 186 189 190 193 196 202 203 206 209 212 217 221 222 223 224 228 229 232 235 241 242 243 245 246 247 250 
68 68         3 4 6 12 14 15 17 18 20 26 27 28 30 31 36 39 40 41 43 44 46 47 48 52 57 59 60 62 63 66 67 70 71 72 79 80 83 85 87 89 94 95 97 98 101 103 108 109 115 116 120 122 130 133 135 136 137 139 142 143 145 147 151 152 154 155 156 158 159 165 166 170 174 178 179 182 188 191 195 196 200 201 202 203 204 205 206 209 210 211 212 216 219 220 221 223 225 228 229 230 232 235 236 237 239 240 248 249 
69 84         6 10 11 12 13 15 16 18 22 25 26 28 29 31 32 33 37 39 40 41 43 45 46 48 49 53 54 55 56 58 59 60 62 63 64 72 74 75 76 80 82 83 86 89 91 94 96 99 100 103 105 106 107 108 109 112 114 117 118 120 121 125 128 129 132 133 140 142 143 144 146 149 156 157 160 161 170 177 183 184 186 187 188 190 192 194 195 200 201 202 203 205 209 210 211 216 218 225 230 231 233 236 239 248 249 250 
70 32         2 5 6 11 13 15 16 19 27 28 29 31 34 38 40 41 42 47 52 54 56 57 58 59 61 64 67 68 72 74 77 79 80 81 82 84 85 89 90 95 102 103 110 111 113 114 116 123 125 127 128 129 130 132 137 138 139 141 143 146 149 151 152 154 156 157 159 160 161 163 167 168 170 172 173 174 175 177 183 185 195 196 197 198 199 200 207 210 211 212 214 216 218 224 228 231 232 240 243 245 246 247 248 250 
71 69         2 3 6 7 9 11 12 15 17 18 24 25 26 27 33 34 35 38 39 40 43 44 46 52 56 57 58 59 62 64 67 68 74 76 80 83 84 87 90 91 93 94 96 97 105 106 110 114 119 121 123 124 125 128 131 132 134 137 138 139 141 142 143 145 147 148 151 154 156 161 162 163 167 168 170 173 174 176 177 180 181 183 184 189 190 194 196 197 198 200 203 207 210 211 213 215 216 218 220 225 226 229 231 232 233 234 237 239 240 241 245 
72 77         1 3 5 6 7 9 10 11 16 17 20 23 25 32 34 37 43 47 48 51 53 57 60 61 68 69 70 81 84 85 89 91 92 100 102 104 105 107 108 109 110 112 114 116 118 119 128 129 130 135 136 142 146 148 151 156 161 163 170 172 173 175 176 177 178 179 180 181 182 187 188 190 192 193 194 197 199 200 203 214 215 217 220 221 225 229 231 232 233 235 236 238 240 242 248 
73 92         1 5 9 16 19 20 22 24 27 32 36 41 42 43 46 49 54 56 58 63 66 67 74 76 77 80 82 83 92 94 97 100 102 105 108 110 113 115 116 117 119 120 124 126 127 129 131 133 134 135 137 144 145 146 148 150 154 159 163 164 165 166 171 175 177 178 179 180 187 189 190 191 198 200 201 209 214 216 218 221 223 225 226 230 232 233 236 239 241 245 248 
74 98         1 3 6 7 11 16 19 20 23 30 34 36 38 43 44 50 51 55 57 58 61 62 63 64 66 69 70 71 73 76 78 79 81 83 84 86 93 100 104 107 110 112 113 115 116 121 123 131 134 136 140 141 145 146 151 152 155 156 157 161 165 166 168 169 172 174 176 179 180 181 183 185 189 192 194 195 199 200 202 204 205 209 212 215 217 223 227 229 230 239 244 245 248 
75 57         1 2 4 6 9 10 13 17 20 25 27 28 31 33 36 37 38 46 49 50 51 53 54 56 61 69 82 85 86 87 91 92 93 94 99 103 104 105 106 109 116 122 123 127 130 134 141 142 144 146 147 149 150 151 152 153 154 157 158 161 162 164 165 166 168 169 175 179 184 186 189 190 194 195 197 200 201 203 204 220 227 228 229 230 232 233 234 235 236 238 240 241 243 245 246 247 250 
76 39         7 12 13 14 16 18 19 22 25 27 29 31 32 33 39 40 41 42 44 47 48 50 57 58 61 65 66 67 69 71 73 74 77 78 83 85 91 92 94 95 101 103 105 107 108 112 115 116 123 124 125 126 127 128 131 137 138 140 144 147 149 152 158 160 164 166 168 175 180 181 186 189 190 194 195 197 202 203 204 211 212 214 215 216 220 221 222 223 228 229 230 231 233 236 240 241 249 250 
77 32         4 7 8 9 10 12 17 29 34 35 36 39 42 43 44 48 50 55 56 59 61 63 64 65 67 70 73 76 78 80 81 83 87 89 90 92 95 96 98 102 112 115 119 122 123 124 125 126 127 131 134 141 143 144 148 150 151 155 158 162 175 178 180 181 183 184 185 187 188 189 190 193 195 196 198 202 203 211 216 224 225 229 230 232 234 235 236 239 248 
78 23         4 5 8 9 10 11 12 13 16 19 21 24 26 31 37 39 42 43 44 45 46 47 48 49 59 60 62 65 66 67 74 76 77 79 80 81 82 88 90 92 94 96 97 98 99 102 103 108 110 113 115 118 122 123 125 127 134 137 138 139 140 141 142 145 146 147 148 149 151 154 156 163 164 165 170 172 178 183 185 189 191 192 197 200 201 206 210 217 218 220 221 222 223 227 229 231 233 236 237 240 241 244 248 250 
79 99         1 2 7 9 10 11 15 17 19 20 23 25 36 42 43 50 52 53 54 57 58 59 63 64 65 66 68 70 74 78 85 86 87 89 90 91 93 94 95 96 97 99 100 102 106 108 111 114 115 116 119 122 123 124 125 126 128 129 131 134 136 139 140 151 155 156 157 161 162 163 168 170 173 174 177 179 181 183 185 187 193 196 197 199 200 202 205 207 208 212 214 215 217 220 221 222 225 228 230 231 241 242 244 245 246 248 
80 91         1 2 4 7 8 10 12 13 14 15 17 18 20 23 24 26 34 36 37 38 41 42 46 47 51 52 53 54 61 68 69 70 71 73 77 78 81 82 84 86 95 98 101 102 106 107 113 114 117 119 120 121 122 125 129 132 134 135 136 140 142 144 150 153 155 157 159 162 164 167 171 174 178 180 181 182 184 186 187 188 190 191 194 195 198 200 205 206 208 211 216 218 220 221 223 224 226 228 231 232 233 236 237 240 242 244 245 246 248 249 
81 48         1 5 11 14 16 18 20 22 24 25 26 27 28 30 32 37 39 43 44 47 49 51 59 60 66 67 70 72 74 77 78 80 82 86 87 94 98 102 103 106 108 111 113 115 120 122 128 129 132 135 145 147 149 156 157 158 164 168 169 172 176 177 178 179 180 187 190 193 194 199 203 209 211 214 219 221 222 228 229 234 235 236 243 244 247 249 
82 21         3 8 9 11 13 14 19 23 26 30 31 34 42 43 44 50 51 55 56 57 59 63 64 65 67 69 70 73 75 78 80 81 83 84 87 88 90 91 94 95 97 98 106 110 111 113 115 118 120 122 125 128 130 131 134 135 145 147 149 150 154 155 159 160 161 164 166 167 171 174 175 176 178 182 187 188 192 194 198 199 202 204 212 215 226 227 229 233 234 241 242 243 244 247 249 250 
83 70         1 4 5 11 14 15 16 17 19 24 26 28 31 33 35 37 40 41 46 47 50 52 58 59 60 61 64 65 66 68 69 71 73 74 76 77 82 84 86 88 89 91 100 101 103 105 106 107 109 110 111 112 115 116 119 123 124 125 126 139 141 143 146 149 153 157 158 160 162 163 166 169 174 180 182 183 184 187 189 193 197 198 200 204 206 207 210 211 215 218 224 231 237 240 243 244 245 246 
84 43         3 4 10 16 19 20 21 23 25 30 35 37 38 40 43 45 48 50 51 57 58 60 65 66 67 70 71 72 74 80 82 83 87 90 93 99 104 107 112 113 114 117 120 124 126 130 133 135 137 138 143 145 148 153 155 157 159 160 162 164 165 167 168 170 177 179 181 185 186 189 190 195 197 199 200 202 205 210 212 216 221 224 228 229 243 244 247 249 
85 73         3 5 9 12 13 14 19 22 23 24 25 30 34 37 38 40 42 43 44 46 47 50 53 54 60 61 62 63 65 66 68 70 72 75 76 79 91 95 96 100 102 103 105 111 112 114 115 120 121 125 127 129 131 132 135 136 137 139 140 146 148 150 151 152 153 158 164 166 167 174 176 177 182 183 186 190 192 193 195 202 205 214 217 218 219 220 221 224 228 229 230 234 235 236 242 245 246 250 
86 69         7 15 17 19 21 22 30 31 35 36 38 39 48 49 50 52 54 57 58 59 60 66 69 74 75 79 80 81 83 88 91 92 93 100 104 108 109 113 118 119 120 121 124 126 128 130 131 132 133 134 138 139 140 144 153 155 156 158 159 160 163 166 169 171 175 180 182 191 197 198 201 202 203 204 207 211 213 217 220 221 224 225 226 227 233 234 236 245 246 250 
87 65         3 8 10 11 12 15 16 18 20 21 24 26 29 30 31 34 35 37 46 48 50 51 52 56 57 59 60 61 62 63 68 71 75 77 79 81 82 84 91 93 98 102 103 104 105 107 110 112 116 118 119 123 125 126 129 132 134 135 137 139 142 144 148 149 151 154 156 161 163 164 165 169 172 173 181 182 183 184 187 188 190 194 197 198 204 206 208 210 213 215 217 220 227 229 230 235 237 239 
88 57         1 3 5 7 8 12 14 16 18 19 20 21 22 24 35 38 43 44 45 48 49 50 51 53 54 58 65 78 82 83 86 89 90 91 93 95 96 97 101 102 108 109 110 114 116 118 134 135 140 142 143 144 145 146 148 149 152 158 160 161 162 164 169 171 175 176 177 178 181 184 187 188 191 192 193 195 196 200 203 205 207 210 211 214 215 217 218 219 222 224 227 229 231 236 237 239 240 241 244 246 247 249 
89 67         1 3 5 8 11 12 13 15 16 17 19 24 27 31 34 37 39 40 42 43 48 51 53 59 62 68 69 70 72 77 79 83 88 95 97 98 99 102 108 109 111 112 114 116 117 118 120 121 126 128 129 130 131 138 141 142 143 144 146 150 154 155 156 160 164 166 172 174 175 176 178 181 182 183 184 186 188 190 195 196 197 202 205 206 212 215 216 223 228 232 234 236 237 239 244 247 249 250 
90 28         10 11 12 13 15 16 18 21 27 30 36 38 40 61 64 65 66 70 71 77 78 79 82 84 88 91 92 93 94 96 99 101 102 104 106 109 111 113 114 119 120 121 122 123 127 128 134 135 137 138 139 140 146 150 152 154 157 162 163 165 173 175 180 181 184 189 191 193 194 195 198 199 200 201 206 207 209 215 218 219 221 228 230 231 232 235 237 241 242 246 247 248 249 250 
91 84         3 4 5 10 19 22 25 27 31 34 35 36 37 40 41 43 45 46 48 49 52 55 57 58 60 61 62 63 65 69 71 72 75 76 79 82 83 85 86 87 88 90 92 96 103 104 108 113 119 120 125 126 127 129 130 132 136 139 140 142 144 147 149 150 151 152 153 154 156 160 168 170 173 176 178 179 180 182 184 185 186 187 188 191 192 195 196 197 201 204 206 207 211 212 218 219 220 221 222 223 226 227 230 231 239 244 245 246 248 249 
92 42         4 6 9 10 11 14 17 22 24 25 26 28 29 30 32 40 46 47 48 49 50 51 52 53 55 56 60 67 72 73 75 76 77 78 86 90 91 95 96 97 99 103 105 106 110 112 117 121 122 123 126 128 134 135 136 140 142 144 147 149 152 153 155 157 158 160 163 168 170 171 184 189 194 198 199 200 203 205 208 209 212 213 217 221 224 225 229 231 232 235 236 237 240 243 244 247 248 
93 61         1 2 3 5 6 9 12 13 14 15 17 18 19 20 21 23 24 25 27 29 30 31 33 34 36 38 39 44 48 49 52 53 57 60 62 63 64 66 67 71 74 75 79 84 86 87 88 90 94 104 105 106 108 109 113 116 117 121 122 123 124 127 128 129 131 132 133 134 138 141 143 150 152 153 155 156 158 160 164 165 169 170 171 172 173 174 175 176 177 180 182 183 185 186 187 188 189 195 196 198 208 210 217 218 224 225 230 234 240 243 244 245 247 248 249 250 
94 92         2 3 4 7 8 11 19 21 24 27 28 29 30 31 32 35 36 37 38 43 44 45 46 48 49 52 53 54 55 58 60 64 67 68 69 71 73 75 76 78 79 81 82 90 93 101 105 107 111 112 116 121 122 130 131 132 137 139 140 144 146 148 149 150 156 157 163 164 165 168 169 170 171 172 174 176 181 182 185 187 189 192 193 194 195 196 197 199 200 202 203 205 210 211 213 217 218 220 223 227 228 230 232 233 234 235 236 240 241 244 245 250 
95 82         5 6 7 8 10 12 14 15 16 20 21 22 27 31 34 38 39 41 43 46 49 51 52 54 57 58 63 65 68 70 76 77 79 80 82 85 88 89 92 99 100 102 106 108 109 111 113 118 119 126 128 130 131 137 140 144 145 147 148 151 154 158 163 166 167 169 171 173 174 176 183 184 186 197 200 204 205 208 209 216 219 223 224 225 227 229 231 233 235 237 239 244 248 
96 34         1 2 4 5 6 10 14 15 16 17 21 24 25 26 27 29 32 36 38 41 42 45 47 48 50 51 52 55 57 58 63 67 69 71 77 78 79 85 88 90 91 92 97 98 99 102 104 105 107 110 115 116 119 120 121 123 129 130 135 138 146 147 148 149 150 151 153 155 157 161 162 165 168 171 176 177 183 185 186 188 190 196 199 201 204 209 212 213 214 215 217 218 219 225 227 229 232 233 236 240 241 245 
97 74         3 4 5 6 8 9 12 13 15 18 22 24 25 26 27 33 36 37 41 44 52 54 56 57 58 59 60 62 64 65 66 68 71 73 78 79 82 88 89 92 96 98 101 103 104 106 107 110 112 113 115 121 126 127 129 130 139 142 148 149 152 153 154 156 157 166 168 169 170 172 173 175 176 177 186 187 190 191 193 194 195 197 199 202 204 205 206 208 212 215 217 226 232 233 235 236 243 244 245 247 249 
98 55         3 4 8 12 13 14 16 17 19 20 25 26 27 36 40 44 47 52 54 56 58 60 68 77 78 80 81 82 87 89 96 97 99 101 102 105 108 110 114 116 122 124 125 126 128 130 132 136 143 148 150 153 154 158 161 167 169 172 173 176 180 182 184 185 188 189 191 192 195 196 204 205 207 220 223 225 226 227 231 233 234 237 238 241 242 244 248 249 
99 60         2 3 5 9 11 12 17 18 23 24 25 26 31 39 40 50 51 57 58 61 63 66 67 69 75 78 79 84 89 90 92 95 96 98 100 101 103 104 105 110 113 118 120 125 127 128 135 140 141 142 143 144 145 146 147 148 155 160 161 162 164 165 166 168 169 170 171 172 178 180 193 194 198 199 201 202 203 204 205 212 214 215 218 219 220 224 226 232 233 234 235 241 242 244 245 247 249 
100 69        5 6 8 10 11 12 14 22 27 28 29 31 32 34 38 40 43 46 47 49 50 53 54 60 62 63 66 69 72 73 74 79 83 85 86 95 99 101 102 103 107 108 109 110 113 114 116 118 121 123 126 127 130 131 132 138 140 148 157 159 161 165 168 170 173 175 178 180 181 182 184 185 187 191 192 202 203 206 207 209 210 211 214 220 229 230 231 239 241 245 248 249 
101 26        3 4 8 9 12 15 16 21 22 23 25 28 29 32 33 35 37 38 44 45 46 48 49 50 51 52 59 63 68 76 80 83 88 90 94 97 98 99 100 104 106 111 115 117 118 126 129 132 133 137 138 139 140 141 142 143 144 145 146 147 149 150 156 159 162 164 166 168 170 175 176 186 187 188 191 194 197 199 200 205 210 214 215 222 223 228 231 233 235 237 238 242 247 248 250 
102 25        2 3 5 6 8 11 13 14 17 20 22 26 28 31 33 34 35 37 38 40 43 45 46 49 50 52 54 57 59 61 62 66 67 70 72 73 77 78 79 80 81 85 87 88 89 90 95 96 98 100 103 105 107 109 110 112 118 121 123 124 130 133 135 138 139 140 145 146 147 150 154 156 161 162 163 166 167 170 171 172 173 174 176 177 179 180 181 183 184 186 188 194 202 204 206 211 214 220 221 222 223 224 225 230 232 233 238 242 243 244 250 
103 67        1 2 3 4 10 18 19 24 25 28 29 33 35 37 41 42 47 55 57 58 61 65 68 69 70 75 76 78 81 83 85 87 91 92 97 99 100 102 104 105 106 108 109 111 114 115 120 121 123 126 131 134 136 137 138 139 142 143 149 150 152 153 158 162 164 166 170 171 173 174 179 183 185 186 189 196 201 203 205 206 209 214 216 220 223 224 225 226 227 228 229 233 235 240 244 245 246 247 249 250 
104 77        1 3 4 5 7 8 21 22 32 33 34 36 40 42 43 46 47 49 52 56 58 61 62 65 67 72 74 75 84 86 87 90 91 93 96 97 99 101 103 109 110 112 113 115 118 120 127 131 135 140 141 143 145 147 150 151 153 155 166 169 170 171 172 173 174 176 177 180 181 186 192 193 195 196 200 201 203 209 210 211 213 217 219 221 223 231 232 233 234 235 236 237 238 239 241 243 245 246 249 
105 67        3 4 6 7 10 11 12 15 16 17 18 19 24 25 29 33 36 37 38 43 46 51 58 59 65 66 69 71 72 73 75 76 83 85 87 92 93 94 96 98 99 102 103 108 111 112 115 116 119 123 124 127 130 131 132 134 135 140 142 143 147 150 155 156 158 170 171 175 179 181 184 186 188 189 191 196 198 201 205 206 207 208 210 212 213 214 217 221 222 229 231 235 239 240 244 249 250 
106 79        5 9 10 11 12 14 15 16 18 19 20 24 30 33 35 37 39 45 47 48 49 54 55 57 61 62 64 66 69 71 75 79 80 81 82 83 90 92 93 95 97 101 103 107 109 113 114 115 117 118 119 126 127 131 134 136 140 142 144 145 158 159 162 163 168 171 174 175 177 178 186 187 189 193 198 201 202 205 213 214 216 217 218 219 220 224 225 226 227 228 229 234 237 238 239 241 243 249 250 
107 47        1 3 4 8 12 15 16 22 23 24 27 28 29 30 31 32 37 38 42 43 45 48 53 56 57 58 59 61 62 63 65 67 69 72 74 76 80 83 84 87 94 96 97 100 102 106 110 111 113 116 117 121 122 126 129 132 133 135 137 139 140 142 151 154 155 157 158 160 161 163 168 169 171 176 177 181 182 193 194 196 197 198 200 201 204 210 212 216 217 219 222 225 230 231 232 236 240 245 246 247 248 250 
108 84        4 5 6 8 10 13 19 20 22 24 26 27 31 33 34 35 36 38 41 42 44 45 46 52 53 57 59 61 64 68 69 72 73 76 78 79 81 86 88 89 91 93 95 98 100 103 105 109 110 115 116 119 120 124 125 129 131 133 137 140 143 144 148 154 155 156 157 160 161 162 163 166 169 170 171 172 173 174 179 183 185 194 195 199 201 202 203 206 209 213 217 221 222 224 225 226 227 232 235 237 240 243 244 248 250 
109 50        4 6 10 11 13 16 19 22 26 27 33 34 37 38 39 40 48 49 53 57 58 60 65 66 67 68 69 72 75 83 86 88 89 90 93 95 100 102 103 104 106 108 112 114 116 121 123 126 128 129 130 131 132 136 140 141 143 144 150 153 156 162 164 167 173 174 178 179 182 183 185 188 198 199 202 205 207 208 213 216 221 223 227 228 235 241 242 243 250 
110 21        3 4 7 10 17 18 20 21 23 26 27 30 32 34 36 38 39 40 43 44 45 47 48 49 51 54 55 56 58 59 60 61 70 71 72 73 74 78 82 83 87 88 92 96 97 98 99 100 102 104 107 108 112 118 121 128 129 131 132 137 139 142 150 151 152 153 155 156 157 160 163 164 165 168 169 170 175 177 178 180 181 182 186 188 189 192 194 195 196 197 202 206 207 209 212 216 217 219 220 221 222 225 227 229 231 232 233 235 242 245 250 
111 87        2 3 4 6 7 11 12 13 14 15 19 20 21 24 25 26 27 28 29 30 31 32 37 40 41 43 54 55 59 63 64 65 70 79 81 82 83 85 89 90 94 95 101 103 105 107 112 115 117 121 122 127 130 131 136 138 140 141 143 147 154 156 157 159 165 166 167 169 172 173 175 179 185 188 197 202 205 206 207 209 212 214 215 220 221 222 227 228 235 239 240 241 242 244 245 248 
112 83        2 4 8 11 13 20 21 25 33 37 39 42 43 49 54 55 56 57 59 60 62 64 65 66 67 69 72 74 76 77 83 84 85 87 89 92 94 97 102 104 105 109 110 111 113 116 119 123 127 128 129 130 133 134 137 141 151 154 159 160 166 168 173 174 175 177 178 181 184 187 189 190 194 197 198 199 201 205 206 207 210 212 214 215 216 221 222 225 232 233 236 239 244 245 248 250 
113 44        3 5 7 8 10 11 12 13 18 21 23 25 26 31 32 33 35 37 40 42 44 47 52 55 57 58 59 61 63 67 70 73 74 78 80 81 82 84 86 90 91 93 95 97 99 100 104 106 107 112 116 119 121 122 125 128 130 132 134 135 138 139 142 145 146 147 154 157 158 161 165 169 171 172 174 177 179 182 186 192 195 200 202 203 207 208 211 214 215 217 219 224 225 229 232 233 236 237 238 239 240 241 246 249 
114 88        7 8 12 13 15 16 18 21 24 26 28 33 35 36 39 40 42 44 45 48 52 55 58 61 62 63 67 69 70 71 72 79 80 84 85 88 89 90 98 100 103 106 109 115 120 122 125 131 135 137 138 139 143 144 146 148 149 153 154 157 158 159 161 168 169 170 171 173 175 179 182 183 184 186 194 201 204 209 210 212 213 214 217 218 219 223 232 234 235 241 245 248 
115 78        1 2 4 8 9 11 12 13 15 16 17 19 22 25 26 28 38 41 49 54 55 59 60 62 64 66 67 68 73 74 76 77 78 79 81 82 83 85 96 97 101 103 104 105 106 108 111 114 117 123 124 129 131 135 138 139 141 145 148 149 154 155 156 157 159 160 166 168 177 178 182 184 190 193 194 196 199 203 206 208 211 214 216 217 218 219 220 223 233 238 241 242 244 248 250 
116 53        1 2 3 9 10 13 14 16 17 18 19 21 22 24 27 31 35 36 37 39 46 47 48 49 56 60 61 64 65 66 68 70 72 73 74 75 76 79 83 87 88 89 93 94 96 98 100 105 107 108 109 112 113 119 120 121 123 126 133 138 141 142 146 153 155 157 159 161 163 167 168 172 173 179 180 181 183 185 187 189 191 193 196 197 198 199 203 206 207 210 211 214 217 218 219 223 224 229 233 236 243 249 250 
117 78        2 4 10 15 16 17 18 19 20 21 23 24 28 36 37 40 43 45 48 50 54 56 57 65 69 73 80 84 89 92 93 101 106 107 111 115 118 120 122 124 126 127 129 131 134 135 137 140 141 145 146 147 148 149 150 151 153 154 155 157 158 159 161 163 166 168 173 176 177 185 187 190 191 193 194 198 200 202 206 210 212 218 220 224 228 229 231 233 234 235 239 241 243 244 245 246 
118 37        2 3 4 10 11 13 14 18 27 32 39 43 44 52 55 56 57 59 61 65 69 72 78 82 86 87 88 89 95 99 100 101 102 104 106 110 117 119 122 126 127 129 130 137 138 141 143 145 146 147 150 154 155 158 161 162 171 172 173 184 186 187 192 193 195 196 199 204 207 208 217 221 224 225 226 227 230 231 232 234 236 237 240 241 243 245 248 
119 47        2 4 5 8 17 22 24 25 26 28 29 30 35 38 42 43 44 46 54 55 56 58 60 61 62 65 71 72 73 77 79 80 83 86 87 90 91 95 96 105 106 108 112 113 116 118 120 121 123 124 126 131 133 134 137 139 140 142 143 146 148 161 162 163 165 166 168 169 171 182 183 185 186 187 190 191 192 195 197 198 199 201 206 208 211 212 214 216 218 223 227 228 232 236 237 239 240 241 242 248 250 
120 52        2 3 7 10 12 13 15 17 21 24 27 30 32 34 37 40 42 43 50 51 54 55 58 60 62 63 65 67 68 69 73 80 81 82 84 85 86 89 90 91 96 99 103 104 108 114 116 117 119 124 125 126 127 131 134 135 136 138 145 147 149 150 151 152 157 161 162 163 164 165 166 168 170 172 177 180 182 184 189 190 191 193 196 199 202 205 208 209 217 218 219 222 226 227 230 232 233 235 237 238 239 243 247 248 250 
121 32        1 3 4 10 14 17 19 21 22 24 30 31 34 36 37 38 39 40 42 44 45 49 51 53 56 61 62 69 71 74 80 85 86 89 90 92 93 94 96 97 100 102 103 107 109 110 111 113 116 119 124 126 129 133 136 139 142 144 145 149 151 152 153 154 155 156 157 159 162 163 164 165 166 171 175 176 180 181 182 184 188 190 191 192 193 195 202 204 205 206 208 209 215 218 221 225 230 233 235 241 242 244 246 248 
122 88        2 4 7 8 11 16 17 19 23 24 27 37 38 41 42 43 44 46 48 49 51 54 56 62 64 68 75 77 78 79 80 81 82 90 92 93 94 98 107 111 113 114 117 118 123 129 131 132 134 135 137 141 143 144 145 147 152 159 164 165 168 169 170 171 172 173 174 178 185 190 192 194 196 202 205 206 208 211 212 213 214 215 217 226 231 232 234 235 236 238 239 241 246 247 
123 85        1 2 5 8 14 15 21 29 30 31 32 33 34 35 37 38 39 40 42 46 47 49 50 53 54 57 58 59 60 62 64 67 70 71 74 75 76 77 78 79 83 87 90 92 93 96 100 102 103 105 109 112 115 116 119 122 124 130 131 132 138 139 141 147 148 149 151 155 157 161 162 163 165 166 169 170 171 172 174 179 181 183 186 187 189 190 193 196 201 202 205 212 213 218 222 223 224 227 228 235 237 238 239 243 247 248 250 
124 82        1 2 3 5 6 7 9 16 19 20 21 23 26 33 34 36 37 40 41 44 45 46 48 49 51 55 58 60 63 67 71 73 76 77 79 83 84 86 93 98 102 105 108 115 117 119 120 121 123 125 127 132 133 134 136 138 143 144 146 148 150 151 153 156 157 160 161 162 167 169 170 171 175 178 180 181 187 188 189 192 194 195 196 197 203 209 210 212 215 219 221 222 227 228 229 234 239 241 244 247 
125 55        2 3 5 6 7 8 10 12 14 17 21 22 23 25 26 27 28 29 33 34 37 38 40 43 45 46 47 50 52 53 54 59 60 62 63 65 69 70 71 76 77 78 79 80 82 83 85 87 91 98 99 108 113 114 120 124 126 128 129 130 133 134 139 140 142 143 144 146 148 149 153 156 159 160 166 167 171 172 174 178 179 181 186 192 193 198 200 203 205 206 208 210 211 214 217 221 222 228 229 230 231 233 241 250 
126 41        2 4 8 9 11 12 14 18 20 21 29 30 31 34 36 41 46 47 48 49 50 54 56 59 61 63 66 67 73 76 77 79 83 84 86 87 89 91 92 95 97 98 100 101 103 106 107 109 116 117 118 119 120 121 125 127 129 130 138 139 141 146 147 148 151 152 154 160 163 164 166 171 174 176 178 180 184 190 193 195 198 201 207 209 211 212 213 214 215 216 219 221 222 223 224 225 227 228 229 230 235 239 241 243 244 246 247 249 
127 60        2 9 15 22 24 25 26 27 28 29 31 34 38 41 48 49 50 53 60 62 63 65 66 67 70 73 75 76 77 78 85 90 91 93 97 99 100 104 105 106 111 112 117 118 120 124 126 133 134 135 136 137 138 139 141 146 148 149 152 153 157 160 161 164 165 166 167 169 173 174 175 176 179 181 182 184 187 188 190 191 199 201 203 204 208 209 211 212 213 218 220 221 222 223 224 228 229 230 233 234 239 244 246 
128 66        2 5 6 7 8 9 10 11 13 19 25 26 31 33 35 36 37 38 40 42 45 47 48 53 54 55 59 63 66 67 69 70 71 72 76 79 81 82 86 89 90 92 93 95 98 99 109 110 112 113 125 129 132 134 137 143 146 148 151 154 155 156 159 161 164 165 168 174 175 183 189 192 193 201 203 205 207 212 216 217 218 224 225 226 231 232 237 240 241 242 244 245 249 250 
129 78        4 9 11 16 25 26 30 31 32 34 39 42 45 47 48 55 56 57 59 60 65 69 70 72 73 79 80 81 85 87 89 91 93 96 97 101 107 108 109 110 112 115 117 118 121 122 125 126 128 130 131 133 136 137 138 141 143 146 149 151 153 154 155 156 158 164 169 170 173 175 178 181 183 186 187 190 192 194 195 197 203 204 205 206 209 211 214 215 217 222 224 225 229 237 238 239 244 245 
130 72        1 2 3 6 7 13 14 15 16 24 35 36 40 42 53 54 55 56 58 59 60 61 63 64 68 70 72 75 82 84 86 89 91 94 95 96 97 98 100 102 105 109 111 112 113 118 123 125 126 129 132 134 140 142 143 144 147 156 157 161 163 165 167 168 169 172 174 175 178 180 181 183 184 185 187 188 192 193 194 195 196 199 201 202 208 210 211 215 219 220 222 223 224 225 230 232 236 241 242 245 246 247 248 250 
131 34        3 16 18 20 21 22 23 25 33 36 37 39 40 43 44 50 51 52 54 55 57 61 63 64 66 71 73 74 76 77 79 82 85 86 89 93 94 95 100 103 104 105 106 108 109 110 111 114 115 117 119 120 122 123 129 133 136 137 138 139 143 145 146 156 157 161 167 171 172 173 174 178 183 186 188 189 191 193 194 196 197 198 201 203 204 205 211 213 214 216 217 220 221 223 224 227 228 229 231 233 234 235 236 238 239 241 245 248 250 
132 64        4 5 12 14 15 21 25 27 31 35 36 37 39 40 41 45 47 48 53 54 56 58 59 60 63 64 69 70 71 80 81 85 86 87 91 93 94 98 100 101 105 107 109 110 113 122 123 124 128 130 138 139 141 142 144 145 146 148 149 151 153 154 156 157 160 163 164 167 168 169 170 173 175 177 178 180 181 184 187 188 190 192 194 195 196 198 199 200 203 204 208 209 213 215 216 217 218 219 224 225 226 227 233 235 236 241 242 244 246 247 250 
133 20        1 3 4 6 9 11 12 13 14 16 20 21 24 28 30 31 35 37 41 45 47 50 52 53 54 59 68 69 73 84 86 93 101 102 107 108 112 116 119 121 124 125 127 129 131 135 137 148 151 152 153 157 158 159 162 164 165 167 169 173 175 181 182 183 184 185 188 192 195 196 203 205 207 213 214 215 221 226 228 232 233 234 235 236 240 241 249 
134 60        1 10 11 12 18 19 20 21 25 27 28 31 32 35 41 43 44 45 48 51 53 59 60 61 63 66 71 73 74 75 77 78 79 80 82 86 87 88 90 92 93 103 105 106 112 113 117 119 120 122 124 125 127 128 130 137 140 142 147 148 149 151 152 153 155 156 158 159 160 166 168 173 174 179 182 183 184 186 191 194 195 196 198 199 202 203 206 207 212 213 214 217 219 220 221 222 225 227 229 230 238 245 246 247 248 
135 100       2 3 6 9 10 11 16 22 28 32 34 39 41 42 44 47 50 51 55 58 60 64 65 68 72 73 80 81 82 84 85 87 88 90 92 96 99 102 104 105 107 113 114 115 117 120 122 127 133 136 138 140 142 145 147 151 153 154 161 163 164 168 170 171 173 174 177 179 183 185 188 189 191 194 213 215 221 222 227 233 234 240 241 244 246 247 249 250 
136 62        1 2 3 6 7 9 12 15 16 18 20 21 27 29 32 33 35 36 39 40 41 42 44 46 47 48 54 57 59 60 61 62 63 64 66 67 68 72 74 79 80 85 91 92 98 103 106 109 111 120 121 124 127 129 131 135 137 141 147 151 152 153 156 157 159 160 161 163 164 174 175 176 177 178 179 181 183 184 186 188 189 192 193 194 195 200 203 205 207 209 215 219 222 226 229 230 231 232 237 238 243 246 248 
137 80        3 4 11 12 13 14 15 17 25 36 37 38 40 42 44 47 58 59 61 62 63 65 68 70 71 73 76 78 84 85 87 90 94 95 101 103 107 108 110 112 114 117 118 119 122 127 128 129 131 133 134 136 138 142 143 146 148 151 154 157 159 161 162 163 164 165 166 169 172 173 177 179 180 187 189 191 192 194 195 199 200 201 205 206 207 214 215 217 222 223 225 226 227 236 239 245 247 249 
138 34        1 5 6 7 8 11 25 26 29 30 33 34 38 39 40 42 44 46 47 50 52 53 57 59 60 62 66 67 70 71 76 78 84 86 89 90 93 96 100 101 102 103 111 113 114 115 116 118 120 123 124 126 127 129 131 132 135 137 139 141 142 143 149 151 155 162 170 172 173 174 178 180 182 188 190 192 195 196 199 200 202 210 211 214 215 218 220 223 224 229 232 233 235 236 237 238 239 240 241 
139 68        3 4 5 7 16 21 22 25 29 32 33 36 38 52 57 58 61 62 63 64 67 68 70 71 78 79 83 85 86 87 90 91 94 97 101 102 103 107 110 113 114 115 119 121 123 125 126 127 131 132 138 140 144 146 148 150 160 165 167 168 172 173 174 175 178 180 182 183 185 186 190 193 194 195 197 199 203 204 205 210 216 217 223 226 228 232 234 236 241 244 246 248 249 250 
140 38        1 2 4 6 7 8 9 16 17 18 19 20 21 22 24 26 30 31 32 33 35 36 37 41 43 47 49 50 54 55 57 59 69 74 76 78 79 80 85 86 88 90 91 92 94 95 99 100 101 102 104 105 106 107 108 109 111 117 119 125 130 134 135 139 141 144 148 149 150 153 156 157 158 160 163 164 169 172 173 174 175 176 182 188 190 191 193 197 205 206 207 208 210 214 217 221 223 225 229 231 232 233 234 235 236 237 239 240 241 243 246 248 249 
141 32        1 4 6 7 8 13 16 18 19 21 22 24 26 28 30 32 34 41 42 45 49 53 57 58 60 62 64 65 70 71 74 75 77 78 83 89 93 99 101 104 109 111 112 115 116 117 118 122 123 126 127 129 132 136 138 140 142 144 148 149 151 153 158 162 169 172 173 176 177 178 181 202 203 205 207 213 215 217 221 223 224 226 228 231 232 235 242 244 245 247 248 250 
142 32        5 7 8 11 15 16 22 23 25 26 31 34 36 37 41 42 45 47 50 55 59 60 61 62 63 64 65 67 68 69 71 72 75 78 80 87 88 89 91 92 97 99 101 103 105 106 107 110 113 116 119 121 125 130 132 134 135 137 138 141 150 153 154 156 159 161 163 164 165 167 170 176 180 182 185 186 188 190 194 195 196 197 198 199 200 201 202 203 207 209 210 212 213 216 218 219 220 222 223 224 228 229 231 233 234 237 240 241 243 244 246 
143 37        2 3 16 25 28 31 44 48 50 51 53 54 55 56 59 60 64 66 67 68 69 70 71 77 83 84 88 89 93 98 99 101 103 104 105 108 109 111 114 118 119 122 124 125 128 129 130 131 137 138 149 153 156 159 161 162 164 165 166 167 168 178 179 182 184 188 191 195 199 202 203 206 212 213 217 221 222 224 225 226 227 232 237 240 241 242 246 247 
144 82        3 4 5 7 9 10 13 14 16 20 22 24 29 30 32 34 36 39 40 45 46 48 55 56 57 63 66 69 73 75 76 77 80 86 87 88 89 91 92 94 95 99 101 106 108 109 114 121 122 124 125 130 132 139 140 141 145 146 147 149 151 152 153 154 159 163 170 171 178 180 182 185 188 189 191 194 197 198 199 201 203 207 209 216 220 223 224 226 227 234 240 243 244 245 247 248 
145 98        1 2 3 4 5 7 10 12 16 17 19 22 30 31 35 36 39 41 45 48 51 54 57 60 61 63 65 66 68 71 73 74 78 81 82 84 88 95 99 101 102 104 106 113 115 117 118 120 121 122 131 132 135 144 146 149 156 158 160 161 163 165 168 169 170 173 179 180 182 183 184 186 187 190 191 192 194 195 196 197 200 202 204 207 208 210 212 215 217 218 223 225 226 227 231 233 235 240 244 245 246 247 248 
146 90        1 3 4 6 14 15 16 17 19 20 22 28 30 31 32 33 35 39 40 41 43 53 56 57 59 69 70 72 73 74 75 78 83 85 88 89 90 94 96 99 101 102 113 114 116 117 118 119 124 125 126 127 128 129 131 132 137 139 144 145 148 152 156 157 160 164 167 168 170 171 174 175 176 178 182 183 185 194 196 198 202 203 204 205 209 211 216 218 220 223 224 226 230 231 232 236 237 238 243 245 248 249 
147 58        1 2 8 11 14 16 17 18 19 20 23 28 31 32 33 40 41 42 45 50 52 54 57 61 64 65 67 68 71 75 76 78 81 82 91 92 95 96 99 101 102 104 105 111 113 117 118 120 122 123 126 130 134 135 136 144 149 156 157 162 163 167 168 169 170 173 177 183 184 185 186 188 190 192 195 199 202 208 209 210 211 214 215 222 224 225 227 233 234 235 236 237 238 241 244 246 247 248 
148 97        1 4 8 10 12 14 18 19 25 26 28 33 35 38 42 43 44 45 46 48 49 51 56 57 60 61 65 71 72 73 77 78 84 85 87 88 94 95 96 97 98 99 100 108 114 115 117 119 123 124 125 126 127 128 132 133 134 137 139 140 141 146 149 152 153 158 161 163 164 170 174 176 177 178 179 180 181 182 185 186 189 190 191 193 194 196 197 199 200 203 208 209 212 215 219 222 223 225 226 227 228 229 230 234 235 237 244 245 247 
149 56        1 4 7 9 11 12 14 15 16 17 18 19 21 24 30 36 37 39 40 46 48 53 57 63 65 66 67 69 70 75 76 78 81 82 83 87 88 91 92 94 96 97 101 103 114 115 117 120 121 123 125 127 129 132 134 138 140 141 143 144 145 147 148 150 152 153 156 159 162 164 165 166 168 169 180 181 182 183 185 186 188 191 192 195 197 198 201 202 205 213 217 219 222 223 227 230 232 233 234 235 237 242 243 246 247 248 
150 34        1 2 5 9 10 12 13 15 19 27 28 34 35 36 37 41 42 43 45 56 57 60 62 67 73 75 77 80 82 85 89 90 91 93 94 96 98 101 102 103 104 105 109 110 117 118 120 124 139 140 142 149 154 156 158 160 163 164 166 172 173 174 177 179 180 186 187 188 194 199 202 208 209 213 216 220 226 229 231 232 233 234 235 236 238 246 248 
151 70        1 2 5 7 8 11 15 17 23 33 41 49 50 55 56 59 61 62 65 66 68 70 71 72 74 75 77 78 79 85 87 91 95 96 104 107 110 112 117 120 121 123 124 126 128 129 132 133 134 135 136 137 138 141 144 153 155 160 165 166 172 174 175 178 180 184 191 192 194 196 197 198 199 200 201 205 206 209 212 213 214 216 217 219 221 222 225 227 232 233 237 238 239 240 244 246 247 248 249 
152 39        4 5 6 10 13 15 19 26 29 30 31 32 38 39 44 45 46 47 50 56 58 59 60 61 62 63 67 68 70 74 75 76 85 88 90 91 92 93 97 103 110 120 121 122 126 127 133 134 136 144 146 148 149 154 155 157 158 159 163 169 172 176 178 182 189 194 199 200 207 210 211 216 217 219 221 222 224 229 231 234 236 238 241 243 245 249 250 
153 56        4 5 6 7 19 20 21 22 26 27 29 30 34 35 40 42 45 52 54 58 60 64 67 75 80 83 84 85 86 91 92 93 96 97 98 103 104 109 110 114 116 117 121 124 125 127 129 132 133 134 135 136 140 141 142 143 144 148 149 151 154 160 161 163 167 169 174 175 177 179 181 183 185 186 188 191 196 197 201 204 205 207 208 210 216 219 220 221 223 225 226 227 229 230 232 233 234 235 236 243 244 247 248 250 
154 69        4 5 7 9 11 12 15 16 17 18 19 22 24 26 27 28 29 31 43 50 54 55 57 58 60 62 63 65 66 67 68 70 71 73 75 78 82 87 89 90 91 95 97 98 102 107 108 111 112 113 114 115 117 118 121 126 128 129 132 135 137 142 144 150 152 153 156 159 161 162 165 166 168 169 170 174 177 178 179 181 182 183 184 185 186 191 192 193 195 197 201 204 205 207 210 211 213 214 215 216 219 226 227 232 236 238 244 246 249 250 
155 36        1 3 5 7 10 13 14 15 16 20 21 22 23 25 28 34 40 44 50 52 53 54 59 60 61 62 67 68 74 77 79 80 82 84 86 89 92 93 96 99 104 105 107 108 110 115 116 117 118 121 123 128 129 134 138 151 152 157 158 159 161 163 165 172 173 174 175 179 180 181 182 183 184 188 190 195 200 202 204 214 217 218 220 226 227 229 231 232 234 236 237 243 244 245 247 248 249 
156 20        3 5 8 11 12 14 17 29 31 32 33 34 36 37 38 40 44 46 58 59 62 67 68 69 70 71 72 74 78 79 81 86 87 89 91 93 94 97 101 102 105 108 109 110 111 115 121 124 125 128 129 130 131 132 134 136 140 142 143 145 146 147 149 150 154 159 165 168 170 173 176 179 181 187 189 194 197 199 200 201 202 206 208 211 215 225 226 228 229 230 231 232 234 239 242 244 248 250 
157 99        2 6 9 14 18 19 23 25 27 28 30 33 34 36 43 45 46 51 52 54 55 56 58 61 63 66 69 70 74 75 79 80 81 83 84 90 92 94 96 97 100 107 108 110 111 113 114 115 116 117 120 121 123 124 127 130 131 132 133 136 137 140 146 147 152 155 159 162 163 165 166 169 172 175 176 179 180 183 185 196 198 199 204 208 211 212 213 217 218 219 222 225 227 228 230 235 238 241 243 245 247 
158 84        2 3 5 6 9 12 13 14 15 18 20 24 25 27 28 36 37 39 41 42 44 46 48 51 52 58 59 60 63 65 66 67 68 75 76 77 81 83 85 86 88 92 93 95 98 103 105 106 107 113 114 117 118 129 133 134 140 141 145 148 150 152 155 163 166 167 169 171 172 178 181 185 189 190 193 194 197 198 199 201 202 207 210 212 213 220 222 226 227 230 232 233 235 238 239 241 246 247 
159 53        1 2 3 8 13 14 22 24 25 26 28 35 36 42 44 45 46 47 48 52 57 59 61 62 63 64 68 70 73 80 82 84 86 100 101 106 111 112 114 115 116 117 121 122 125 128 133 134 136 137 142 143 144 149 152 154 155 156 157 167 168 182 185 186 190 193 195 201 202 203 205 207 208 213 214 215 217 219 220 221 224 229 230 234 240 241 243 245 246 247 249 250 
160 27        1 5 7 10 12 13 14 17 19 21 26 29 30 35 38 39 42 45 46 47 50 52 55 56 57 63 64 67 69 70 76 82 83 84 86 88 89 91 92 93 99 107 108 110 112 115 124 125 126 127 132 134 136 139 140 145 146 150 151 153 161 162 166 168 169 170 171 174 180 181 185 188 190 192 194 197 199 204 206 211 212 214 217 218 220 221 224 225 226 227 230 234 236 239 240 241 245 247 
161 88        5 7 13 15 16 17 24 27 30 31 34 37 40 43 44 45 48 49 51 52 55 56 58 61 69 70 71 72 74 75 79 82 87 88 96 98 99 100 102 107 108 113 114 116 117 118 119 120 123 124 127 128 130 131 135 136 137 142 143 145 148 153 154 155 160 163 166 168 174 176 178 179 180 185 187 192 193 194 195 200 204 205 207 208 211 213 214 216 218 223 225 226 236 238 241 244 248 
162 53        10 12 14 15 16 17 21 24 28 30 32 33 34 45 46 49 54 56 60 63 64 66 71 75 77 79 80 83 84 88 90 96 99 101 102 103 106 108 109 118 119 120 121 123 124 133 137 138 141 143 147 149 154 157 160 167 168 170 171 172 173 175 177 178 179 182 184 185 186 187 188 189 190 192 194 199 200 201 202 205 211 214 217 218 219 221 222 223 224 226 227 228 229 232 233 234 235 236 237 238 240 244 246 
163 42        3 4 5 7 9 11 14 16 18 21 24 27 29 34 35 37 38 39 40 42 46 48 49 51 56 57 60 61 62 63 70 71 72 73 78 79 83 86 87 90 92 94 95 102 106 107 108 110 116 117 119 120 121 123 126 130 132 135 136 137 140 142 144 145 147 148 150 152 153 155 157 158 161 165 167 169 170 172 173 175 178 180 182 188 189 192 195 199 201 202 207 212 213 214 217 218 220 225 226 228 229 232 233 240 242 244 245 
164 45        3 5 7 9 11 12 15 18 20 21 23 26 34 35 37 39 43 45 47 48 50 51 60 61 66 67 73 75 76 78 80 81 82 84 85 87 88 89 93 94 99 101 103 109 110 120 121 122 126 127 128 129 132 133 135 136 137 140 142 143 146 148 149 150 165 168 169 170 174 179 182 184 185 187 192 194 196 198 199 204 205 213 214 216 218 221 223 224 225 227 229 231 232 238 239 240 241 242 244 248 
165 42        1 2 3 10 13 18 21 23 35 38 42 43 47 48 62 63 64 65 68 73 74 75 78 84 87 90 93 94 96 99 100 110 111 113 119 120 121 122 123 127 128 130 133 137 139 142 143 145 149 151 154 155 156 157 163 164 167 168 170 177 178 183 185 191 193 199 201 203 204 206 207 214 218 220 222 227 229 230 239 240 243 248 
166 31        3 5 10 13 18 37 41 43 45 47 50 51 52 53 56 58 60 62 64 65 68 73 74 75 76 82 83 85 86 89 95 97 99 101 102 103 104 108 111 112 115 117 119 120 121 123 125 126 127 134 137 143 149 150 151 154 157 158 160 161 168 169 171 174 175 176 177 178 184 185 188 190 192 193 200 201 203 207 208 210 213 217 218 220 221 222 226 227 229 231 236 239 240 244 247 250 
167 54        1 3 4 6 11 13 14 16 17 19 21 23 24 25 27 28 36 42 45 49 51 52 58 59 61 62 64 65 70 71 80 82 84 85 95 98 102 109 111 116 124 125 127 130 131 132 133 139 142 143 146 147 153 158 159 162 163 165 168 169 170 171 173 176 177 178 180 181 182 184 186 190 191 197 198 200 201 203 207 210 220 221 222 223 224 225 226 227 230 231 232 234 236 237 240 241 242 244 245 249 
168 60        1 2 5 7 12 17 20 23 25 30 31 32 34 35 37 39 42 43 50 51 55 61 62 70 71 74 75 76 79 81 84 91 92 94 96 97 99 100 101 106 107 110 112 114 115 116 117 119 120 122 128 130 132 134 135 139 143 145 146 147 149 154 156 159 160 161 162 164 165 166 167 169 172 173 177 179 180 184 188 193 195 203 207 209 215 217 228 229 232 237 240 242 245 247 248 
169 55        3 4 5 7 11 13 14 15 16 20 22 23 25 29 30 32 34 35 38 41 43 44 46 48 50 51 54 58 61 64 65 66 74 75 81 83 86 87 88 93 94 95 97 98 99 104 107 108 110 111 113 114 119 122 123 124 127 129 130 132 133 137 140 141 145 147 149 152 153 154 157 158 160 163 164 166 167 168 171 172 174 175 179 181 182 184 198 200 204 205 208 210 212 213 215 221 223 224 227 230 232 233 234 236 239 240 244 246 248 249 
170 27        1 3 6 7 8 10 11 12 14 15 16 17 19 20 25 29 30 31 32 33 34 40 42 45 47 50 53 62 64 65 67 68 69 70 71 72 78 79 84 91 92 93 94 97 99 100 101 102 103 104 105 108 110 114 120 122 123 124 129 132 135 138 142 144 145 146 147 148 154 156 160 162 163 164 165 167 175 177 179 182 183 186 187 188 189 190 193 194 199 200 212 216 217 226 227 229 232 233 235 236 237 238 240 245 246 247 
171 36        2 3 5 6 8 12 13 15 16 17 19 22 24 26 31 38 44 51 52 54 58 60 62 63 64 73 80 82 86 88 92 93 94 95 96 99 102 103 104 105 106 107 108 113 114 118 119 121 122 123 124 125 126 131 135 144 146 158 160 162 166 167 169 172 176 178 182 183 185 191 195 197 199 201 202 203 204 205 207 209 210 214 215 216 218 219 223 225 227 235 237 238 243 244 245 248 250 
172 31        5 8 11 12 14 16 17 20 21 24 26 27 29 30 31 33 35 37 38 40 41 43 44 47 50 53 55 56 57 58 62 63 64 65 66 70 72 74 78 81 87 89 93 94 97 98 99 102 104 108 111 113 116 118 120 122 123 125 130 131 137 138 139 140 141 150 151 152 155 157 158 162 163 168 169 171 173 179 182 187 188 189 190 192 194 197 198 201 207 208 214 215 216 217 218 219 220 225 227 228 230 231 237 238 239 240 241 243 248 
173 39        2 3 4 8 10 11 14 16 17 22 23 27 32 33 36 40 44 46 52 59 60 61 62 63 65 67 70 71 72 79 87 90 91 93 95 97 98 100 102 103 104 108 109 111 112 114 116 117 118 122 127 129 131 132 133 134 135 137 138 139 140 141 145 147 150 155 156 162 163 167 168 172 178 181 182 185 186 188 193 197 199 201 210 212 213 219 222 223 227 233 234 240 244 248 249 250 
174 91        2 4 6 9 10 12 13 17 18 19 20 22 23 25 26 27 29 30 34 51 53 54 55 56 61 62 65 68 70 71 74 79 80 82 83 85 89 93 94 95 102 103 104 106 108 109 112 113 122 123 125 126 127 128 130 131 134 135 136 138 139 140 146 148 150 151 153 154 155 160 161 164 166 169 176 177 180 182 186 190 191 193 198 199 200 202 204 207 209 210 211 213 214 217 222 223 226 229 231 232 233 236 239 244 248 250 
175 45        4 6 8 9 10 11 12 17 19 20 22 23 26 27 30 33 36 39 40 41 46 50 51 53 55 57 58 59 60 62 65 66 70 72 73 75 76 77 82 86 88 89 90 93 97 100 101 105 106 110 111 112 114 121 124 127 128 129 130 132 133 136 139 140 146 151 153 155 157 162 163 166 169 170 177 179 180 181 182 183 193 194 196 199 202 204 205 206 211 216 219 220 222 224 227 228 237 239 244 248 
176 97        3 5 8 9 10 11 12 14 21 22 24 25 28 30 32 34 35 37 41 42 44 47 49 50 51 52 53 54 56 65 66 67 71 72 74 81 82 85 88 89 91 93 94 95 96 97 98 101 102 104 107 117 121 126 127 136 140 141 142 146 148 152 156 157 161 166 167 171 174 178 181 182 183 185 186 188 189 193 194 197 200 201 202 204 208 209 213 215 217 220 222 223 224 226 228 229 233 234 236 237 238 241 244 245 249 250 
177 26        1 2 3 5 6 11 12 14 16 18 19 20 21 23 25 29 31 37 38 39 41 45 46 48 53 56 58 59 60 65 66 69 70 71 72 73 79 81 84 85 88 93 96 97 102 104 106 107 110 112 113 115 117 120 132 135 136 137 141 147 148 150 153 154 162 165 166 167 168 170 174 175 180 182 185 186 187 189 190 195 204 206 209 211 213 218 222 225 226 228 229 233 235 237 241 243 244 245 246 
178 80        4 9 10 12 13 17 18 20 22 26 30 34 35 38 44 45 46 47 56 57 58 60 65 68 72 73 77 78 80 81 82 88 89 91 99 100 106 109 110 112 115 122 124 125 126 129 130 131 132 136 138 139 141 143 144 146 148 151 152 154 158 161 162 163 165 166 167 171 173 176 179 184 187 191 192 193 198 199 207 210 213 215 216 219 220 224 226 228 230 232 234 235 236 240 241 243 244 245 247 249 
179 41        3 5 6 12 15 16 17 20 23 26 27 33 35 40 42 43 48 49 50 51 52 56 61 63 67 68 72 73 74 75 79 81 84 91 102 103 105 108 109 111 113 114 116 123 125 127 134 135 136 137 143 145 148 150 153 154 155 156 157 161 162 164 168 169 170 172 175 178 184 188 189 190 191 193 194 197 198 201 202 204 205 206 207 211 214 219 222 223 226 228 229 230 234 235 237 243 244 245 248 249 250 
180 56        1 5 7 12 22 23 24 25 26 31 32 41 42 43 46 49 50 51 56 57 62 71 72 73 74 76 77 80 81 83 86 90 91 93 98 99 100 102 104 110 116 120 121 124 126 130 132 137 138 139 142 144 145 148 149 150 151 155 157 160 161 163 167 168 174 175 177 182 184 186 189 191 192 197 199 201 206 212 214 215 216 218 222 223 224 228 231 234 236 239 240 241 243 249 
181 70        6 12 14 15 16 18 20 24 25 32 33 36 43 44 52 56 57 61 63 66 71 72 74 76 77 79 80 84 87 88 89 90 94 100 102 104 105 107 110 112 116 121 123 124 125 127 129 130 132 133 136 141 148 149 153 154 155 156 158 160 167 169 173 175 176 182 185 186 187 188 189 190 193 195 199 201 202 206 207 209 211 213 216 220 223 224 225 227 229 235 236 239 241 242 246 248 249 250 
182 97        2 3 6 8 9 12 14 20 24 25 31 33 37 40 41 49 50 51 54 57 63 65 68 72 80 82 83 85 86 87 89 91 93 94 98 100 107 109 110 113 114 115 119 120 121 127 133 134 138 139 140 142 143 144 145 146 148 149 152 154 155 159 162 163 164 167 169 170 171 172 173 174 175 176 177 180 181 184 185 188 190 194 202 205 208 211 212 219 222 226 227 231 232 234 235 236 237 242 244 250 
183 48        2 4 8 13 18 20 21 22 23 24 27 29 31 34 37 38 40 41 43 44 45 48 52 54 58 59 61 62 65 69 70 71 74 77 78 79 83 85 87 89 93 95 96 102 103 108 109 114 116 119 123 128 129 130 131 133 134 135 136 139 145 146 147 149 153 154 155 157 165 170 171 175 176 184 185 187 188 195 197 200 202 203 208 212 215 217 226 227 229 231 232 235 241 243 244 
184 87        2 4 5 6 7 9 13 14 15 18 19 21 22 25 28 29 35 41 42 44 45 47 50 52 54 55 60 62 64 67 69 71 75 77 80 83 87 88 89 90 91 92 95 98 100 102 105 112 114 115 118 120 121 126 127 130 132 133 134 136 143 145 147 151 154 155 162 164 166 167 168 169 178 179 180 182 183 185 187 188 190 191 201 207 208 211 213 214 215 216 217 221 224 226 228 229 231 233 234 236 237 240 242 243 246 
185 23        1 6 7 9 11 14 15 16 17 26 29 31 34 38 47 51 52 64 66 67 70 74 77 78 79 84 91 93 94 96 98 100 103 108 109 111 116 117 119 122 130 133 135 139 142 144 146 147 148 149 153 154 157 158 159 160 161 162 164 165 166 171 173 176 177 181 182 183 184 187 189 190 191 194 199 201 206 207 210 212 213 231 236 238 246 248 250 
186 32        1 2 3 4 5 7 8 9 10 13 14 15 16 18 21 26 29 32 34 36 38 39 40 44 45 48 49 50 52 53 54 65 66 67 69 75 76 80 84 85 89 91 93 95 96 97 101 102 103 104 105 106 110 113 114 118 119 123 125 129 131 134 136 139 142 145 147 148 149 150 153 154 159 162 167 170 173 174 176 177 180 181 187 188 189 190 192 196 198 199 200 201 204 206 207 209 210 211 212 213 217 220 223 224 226 227 229 230 231 233 234 238 239 245 246 247 249 250 
187 75        1 4 5 6 12 16 17 21 24 31 32 35 38 40 42 44 45 46 47 48 51 53 54 56 58 59 63 64 65 69 72 73 77 79 80 81 82 83 87 88 91 93 94 97 100 101 106 112 116 117 118 119 123 124 127 129 130 132 137 145 150 156 161 162 164 170 172 177 178 181 183 184 185 186 192 194 196 197 203 204 206 207 209 210 216 217 218 221 222 224 230 232 236 242 245 247 248 249 
188 100       3 5 8 10 12 13 15 16 19 20 22 24 31 32 33 34 36 37 39 46 47 50 52 53 57 62 65 66 68 69 72 77 80 82 87 88 89 91 93 96 98 101 102 105 109 110 111 121 124 127 130 131 132 133 135 136 138 140 142 143 144 147 149 150 153 155 160 162 163 166 168 170 172 173 176 179 181 182 183 184 186 190 191 192 194 195 197 199 200 203 205 209 210 212 214 216 217 219 221 222 223 225 229 231 232 236 238 239 240 241 244 
189 97        1 5 6 8 9 11 13 14 15 18 19 23 25 26 29 31 35 36 38 40 41 47 48 50 51 54 57 63 67 71 73 74 75 76 77 78 83 84 90 92 93 94 98 103 105 106 110 112 116 120 123 124 128 131 135 136 137 144 148 152 156 158 162 163 170 172 176 177 179 180 181 185 186 191 192 193 194 197 203 208 213 216 217 218 219 222 224 225 227 229 230 232 235 237 242 243 248 
190 51        1 7 12 13 17 19 21 23 25 28 29 30 31 32 38 40 46 47 48 50 54 57 58 60 61 64 65 67 69 71 72 73 75 76 77 80 81 84 85 87 89 96 97 112 115 117 119 120 121 122 123 126 127 129 132 138 139 140 142 145 147 148 155 158 159 160 162 166 167 170 172 174 177 179 181 182 184 185 186 188 198 199 202 204 208 211 213 214 216 219 221 224 229 230 231 235 238 241 244 245 247 
191 78        1 2 5 6 8 11 16 17 20 21 22 25 26 28 29 30 31 32 33 35 36 39 41 43 46 48 53 54 58 63 64 68 73 78 80 86 88 90 91 97 98 100 101 105 116 117 119 120 121 127 131 134 135 137 140 143 144 145 148 149 151 153 154 165 167 171 174 178 179 180 184 185 188 189 196 200 203 208 209 214 222 224 225 226 227 230 231 232 234 237 244 245 246 249 
192 78        5 6 7 8 9 14 16 23 25 28 30 37 39 40 42 43 46 49 51 53 57 58 61 63 69 72 74 78 82 85 88 91 94 98 100 104 110 113 118 119 121 122 124 125 128 129 130 132 133 136 137 138 145 147 149 151 154 160 161 162 163 164 166 172 178 180 186 187 188 189 194 195 197 198 199 202 203 206 208 209 211 213 217 218 223 225 227 230 232 234 235 236 237 241 243 248 249 250 
193 21        1 3 5 8 10 12 16 17 19 20 22 27 30 32 33 38 39 42 43 44 45 47 49 51 57 59 60 64 66 67 72 77 79 81 83 85 88 90 94 97 99 104 106 107 115 116 117 118 120 121 123 125 126 128 130 131 136 139 140 148 154 158 159 161 165 166 168 170 173 174 175 176 178 179 181 189 194 195 197 200 201 204 206 207 211 214 215 220 222 235 236 237 244 245 247 249 
194 72        1 2 7 8 10 11 12 13 16 17 18 19 25 31 33 34 36 40 42 43 51 53 55 61 62 63 64 66 69 71 72 74 75 76 80 81 82 87 90 92 94 97 99 101 102 107 108 110 112 114 115 117 122 124 129 130 131 132 134 135 136 137 139 142 144 145 146 148 150 151 152 156 158 160 161 162 164 170 172 175 176 179 182 185 187 188 189 192 193 195 196 197 200 201 204 211 215 216 223 224 228 233 235 236 237 238 242 244 246 250 
195 72        2 3 4 7 8 9 10 11 13 14 15 16 17 19 20 24 27 32 35 36 37 44 48 51 52 55 56 58 63 68 69 70 74 75 76 77 80 84 85 88 89 90 91 93 94 97 98 104 108 110 113 118 119 121 124 126 129 130 132 133 134 136 137 138 139 142 143 145 147 149 154 155 159 161 163 168 171 177 181 183 188 192 193 194 200 203 204 205 207 208 211 212 213 215 216 218 222 225 229 231 232 239 243 
196 79        1 2 3 7 9 10 12 14 17 18 21 24 30 33 34 35 36 38 40 44 46 47 53 55 57 63 64 65 66 67 68 70 71 77 79 88 89 91 93 94 96 98 103 104 105 107 110 115 116 118 120 122 123 124 130 131 132 133 134 138 142 145 146 148 151 153 157 164 175 186 187 191 194 200 201 203 205 207 208 210 212 214 215 216 219 221 226 227 229 231 234 239 242 244 246 247 248 250 
197 46        2 3 4 7 10 12 13 14 15 17 18 20 22 25 30 34 35 38 40 42 47 49 50 54 55 59 61 62 63 64 70 71 72 75 76 78 79 83 84 86 87 89 91 94 95 97 101 107 110 111 112 116 119 124 129 131 139 140 142 144 145 148 149 151 153 154 156 158 160 167 171 172 173 176 179 180 183 187 188 189 192 193 194 198 199 207 211 212 213 217 218 219 223 225 227 228 229 230 233 236 237 242 244 245 246 247 250 
198 30        2 7 9 11 16 18 23 29 33 35 42 43 44 46 48 53 54 56 57 58 63 70 71 73 77 80 82 83 86 87 90 92 93 99 105 106 107 109 112 116 117 119 125 126 131 132 134 142 144 146 149 151 157 158 164 167 169 172 174 178 179 186 190 192 197 200 201 202 203 205 207 209 210 212 215 217 218 219 221 223 224 226 227 229 230 232 236 238 241 243 244 245 246 247 248 249 250 
199 48        1 2 3 5 7 9 10 11 13 14 18 21 22 23 25 27 28 29 33 35 47 48 49 50 53 55 56 59 60 61 62 64 70 72 74 79 81 82 84 90 92 94 96 97 99 101 108 109 112 115 116 118 119 120 127 130 132 134 137 138 139 142 143 144 147 148 150 151 152 156 157 158 160 162 163 164 165 170 171 173 174 175 178 180 181 185 186 188 190 192 197 200 203 204 215 217 220 227 228 233 236 237 241 242 244 246 248 249 
200 27        2 4 6 7 10 11 12 19 21 22 25 26 27 28 30 31 33 34 36 37 44 47 48 49 52 53 55 58 60 64 68 69 70 71 72 73 74 75 78 79 80 83 84 88 90 92 94 95 101 104 107 113 117 125 132 136 137 138 142 145 148 151 152 155 156 161 162 166 167 169 170 174 176 183 186 188 191 193 194 195 196 198 199 203 205 207 211 216 219 221 222 229 232 235 239 242 244 245 246 248 249 250 
201 95        4 7 8 9 11 12 15 16 17 23 24 25 33 38 42 43 45 51 52 55 56 60 64 65 68 69 73 75 78 86 90 91 96 99 103 104 105 106 107 108 112 114 119 123 126 127 128 130 131 137 142 144 149 151 153 154 156 158 159 162 163 165 166 167 171 172 173 176 179 180 181 184 185 186 193 194 196 198 202 203 204 208 211 213 215 216 220 221 224 227 228 229 231 232 233 235 241 242 247 249 250 
202 48        2 4 6 7 13 18 19 22 25 26 27 29 44 46 47 49 50 52 54 56 58 59 60 62 67 68 69 74 76 77 79 82 84 85 86 89 94 97 99 100 102 106 108 109 110 111 113 117 120 121 122 123 130 134 138 141 142 143 145 146 147 149 150 155 156 158 159 162 163 171 174 175 176 179 181 182 183 190 192 198 201 204 206 207 209 212 215 217 224 227 228 232 235 236 238 239 240 241 242 244 245 246 
203 67        1 3 6 8 9 10 16 17 18 19 20 23 24 26 27 30 31 32 33 36 37 38 42 44 49 50 52 53 57 62 63 67 68 69 71 72 75 76 77 81 86 88 92 94 99 100 103 104 108 113 115 116 124 125 127 128 129 131 132 133 134 136 139 141 142 143 144 146 148 159 165 166 167 168 171 183 187 188 189 191 192 195 196 198 199 200 201 206 209 210 213 214 215 216 219 220 223 228 230 233 238 246 248 249 
204 58        2 3 4 7 10 13 23 27 36 38 41 43 45 46 50 51 52 56 61 62 63 66 68 74 75 76 82 83 86 87 91 95 96 97 98 99 102 107 114 118 121 127 129 131 132 139 145 146 153 154 155 157 160 161 164 165 169 171 174 175 176 177 179 186 187 190 193 194 195 199 201 202 205 207 210 217 218 222 225 229 234 235 238 244 245 246 248 249 250 
205 46        2 5 8 9 13 16 18 19 20 23 25 29 30 33 34 37 38 41 43 44 46 52 54 56 58 59 61 64 65 66 68 69 74 79 80 84 85 88 89 92 94 95 97 98 99 101 103 105 106 109 111 112 120 121 122 123 125 128 129 131 133 136 137 139 140 141 146 149 151 153 154 159 161 162 164 169 171 175 179 182 188 195 196 198 200 204 207 208 210 212 213 214 217 218 219 220 226 228 229 230 231 235 237 238 248 250 
206 92        1 2 4 5 6 7 8 9 14 19 21 28 29 33 35 39 40 42 46 49 52 53 56 58 59 62 67 68 78 80 83 87 89 90 91 97 100 102 103 105 108 110 111 112 115 116 117 119 121 122 125 129 134 137 140 143 151 156 160 165 175 177 179 180 181 185 186 187 192 193 202 203 208 210 215 216 218 219 220 221 226 229 233 235 237 239 240 243 246 
207 21        1 3 9 11 12 13 16 18 20 25 26 27 28 31 34 38 39 41 44 45 48 49 51 52 61 64 70 71 79 83 86 88 90 91 98 100 105 109 110 111 112 113 116 118 126 128 133 134 136 137 140 141 142 144 145 152 153 154 158 159 161 163 165 166 167 168 171 172 174 178 179 181 184 185 186 187 193 195 196 197 198 200 202 204 205 213 215 217 218 219 220 222 224 231 233 234 236 238 241 242 245 247 248 
208 82        1 10 21 27 28 30 36 40 41 43 45 46 48 49 52 60 61 62 63 65 79 80 87 92 93 95 97 105 109 113 115 118 119 120 121 122 125 127 130 132 140 145 147 148 150 153 156 157 159 161 166 169 172 176 182 183 184 189 190 191 192 195 196 201 205 206 211 212 215 220 222 224 226 230 232 235 236 240 241 246 250 
209 91        1 2 3 7 8 11 15 20 22 24 31 32 33 35 36 40 41 44 46 51 57 59 60 61 64 65 66 67 68 69 73 74 81 90 92 95 96 100 103 104 108 110 111 114 120 121 124 126 127 129 132 136 142 144 146 147 148 150 151 168 171 174 176 177 181 186 187 188 191 192 198 202 203 214 215 217 219 221 223 227 233 234 235 240 243 247 248 249 
210 40        13 15 20 21 22 27 28 30 36 38 39 41 43 44 52 57 59 62 66 68 69 70 71 78 83 84 87 88 93 94 100 101 104 105 107 112 114 116 117 124 125 130 138 139 140 142 145 147 152 153 154 158 166 167 169 171 173 174 178 185 186 187 188 196 198 203 204 205 206 212 213 216 217 222 224 226 227 229 230 231 237 238 240 241 242 247 249 
211 56        6 9 10 13 14 15 17 18 19 23 24 32 33 37 39 43 44 48 50 51 54 57 58 60 61 65 66 68 69 70 71 76 77 80 81 83 86 88 91 94 100 102 104 113 115 116 119 122 125 126 127 129 130 131 138 146 147 152 154 156 157 160 161 162 174 175 177 179 181 182 184 186 190 192 193 194 195 197 200 201 208 213 218 219 221 222 226 227 228 230 231 232 234 236 237 241 242 243 244 245 246 248 
212 24        1 6 7 8 9 10 11 14 16 17 21 23 27 28 31 32 36 37 38 39 40 42 44 54 56 59 60 62 63 66 67 68 70 74 76 79 82 84 89 91 92 96 97 99 105 107 110 111 112 114 117 119 122 123 124 126 127 128 134 142 143 145 148 151 157 158 160 163 169 170 173 180 182 183 185 186 188 195 196 197 198 202 205 208 210 213 217 218 219 226 228 229 236 237 238 239 242 243 245 248 249 
213 94        2 6 12 14 15 16 19 24 27 30 34 41 42 43 44 46 48 54 59 60 63 64 65 71 86 87 92 94 96 104 105 106 108 109 114 122 123 126 127 131 132 133 134 135 141 142 143 149 150 151 154 157 158 159 161 163 164 166 169 173 174 176 177 178 181 184 185 186 189 190 192 195 197 201 203 205 207 210 211 212 216 217 219 221 229 230 232 233 234 235 237 241 243 245 246 
214 44        7 9 12 13 18 19 22 25 27 36 38 40 44 46 47 54 58 60 61 62 63 66 70 72 73 76 79 81 85 88 96 99 100 101 102 103 105 106 111 112 113 114 115 116 119 122 125 126 129 131 133 134 137 138 140 147 151 154 155 159 160 161 162 163 164 165 171 172 174 179 180 184 188 190 191 193 196 203 205 209 215 216 219 221 222 224 225 226 227 234 237 238 239 242 246 247 249 250 
215 91        3 4 7 10 11 12 15 18 20 21 22 26 28 31 32 36 40 41 51 53 55 63 64 66 71 72 74 76 79 82 83 87 88 89 90 96 97 99 101 111 112 113 121 122 124 126 129 130 132 133 135 136 137 138 141 145 147 148 154 156 159 168 169 171 172 176 178 180 183 184 193 194 195 196 198 199 201 202 203 206 207 208 209 214 218 220 222 224 227 230 234 238 243 249 
216 92        2 3 5 10 11 14 17 20 21 24 29 30 40 43 45 46 52 53 55 58 60 63 66 68 69 70 71 73 76 77 80 84 89 95 103 106 107 109 110 112 115 119 126 128 131 132 139 142 144 146 150 151 152 153 154 161 164 170 171 172 175 178 180 181 184 187 188 189 190 194 195 196 200 201 203 206 210 213 214 220 225 226 227 234 235 239 243 246 248 
217 81        1 5 6 8 9 11 12 14 19 21 22 26 27 32 38 41 51 54 55 58 62 63 66 67 72 74 78 79 85 86 87 88 92 93 94 96 97 104 105 106 107 108 110 113 114 115 116 118 120 122 125 128 129 131 132 134 137 139 140 141 143 145 149 151 152 155 157 159 160 162 163 166 168 170 172 174 176 183 184 186 187 188 189 192 197 198 199 202 204 205 207 209 210 212 213 220 225 226 231 234 235 236 240 241 242 245 246 247 250 
218 24        4 6 8 11 12 15 17 18 20 21 23 24 29 35 36 39 41 42 47 49 53 54 56 57 62 69 70 71 73 78 80 83 85 88 90 91 93 94 96 99 106 114 115 116 117 119 120 121 123 127 128 132 138 142 145 146 155 157 160 161 162 163 164 165 166 171 172 177 180 187 189 192 195 197 198 204 205 206 207 211 212 215 219 225 226 227 230 233 238 239 242 246 248 249 250 
219 84        1 12 17 20 21 22 23 24 25 30 40 42 51 52 55 59 64 68 81 85 88 90 91 95 96 99 104 106 107 110 113 114 115 116 120 124 126 130 132 134 136 142 148 149 151 152 153 154 157 159 162 171 172 173 175 178 179 182 188 189 190 196 197 198 200 203 205 206 207 209 211 212 213 214 218 224 225 226 227 231 235 241 245 247 
220 44        3 9 10 14 16 17 18 20 21 22 23 29 31 33 35 36 38 40 41 44 45 47 51 53 54 55 59 60 68 71 72 75 76 78 79 80 85 86 87 91 94 98 99 100 102 103 106 110 111 115 117 127 130 131 134 138 142 144 146 150 153 155 158 159 160 163 165 166 167 172 175 176 178 181 186 193 199 201 203 205 206 207 208 215 216 217 221 222 226 227 228 231 232 235 236 237 240 243 246 248 249 
221 83        5 9 11 14 16 17 19 22 24 35 36 40 41 45 48 51 54 57 58 63 64 66 67 68 72 73 76 78 79 80 81 84 85 86 90 91 92 102 104 105 108 109 110 111 112 118 121 124 125 126 127 131 133 134 135 140 141 143 151 152 153 159 160 162 164 166 167 169 184 187 188 190 196 198 200 201 206 209 211 213 214 220 224 226 229 232 234 242 243 245 248 249 250 
222 37        1 4 5 6 7 9 10 13 14 21 26 27 28 32 34 35 36 38 40 42 51 52 53 55 58 60 62 65 67 76 78 79 81 88 91 101 102 105 107 108 110 111 112 120 123 124 125 126 127 129 130 134 135 136 137 142 143 147 148 149 151 152 157 158 162 165 166 167 173 174 175 176 177 179 180 182 187 188 189 191 193 195 200 204 207 208 210 211 214 215 220 223 226 228 230 233 235 238 244 245 
223 98        1 7 8 10 12 19 20 22 24 27 30 31 35 40 42 49 53 54 55 56 57 59 61 63 64 67 68 73 74 76 78 80 89 91 94 95 98 101 102 103 104 109 114 115 116 119 123 126 127 130 131 137 138 139 140 141 142 144 145 146 148 149 153 161 162 164 167 169 171 173 174 176 179 180 181 186 188 192 194 197 198 203 209 222 226 228 231 232 234 239 240 241 242 246 247 248 249 
224 85        2 10 15 17 24 27 28 36 37 42 44 45 46 52 55 56 66 67 70 77 80 83 84 85 86 88 92 93 95 99 102 103 106 108 113 116 117 118 123 126 127 128 129 130 131 132 138 141 142 143 144 146 147 152 159 160 162 164 167 169 175 176 178 180 181 184 186 187 189 190 191 194 198 201 202 207 208 210 214 215 219 221 226 228 229 230 234 237 242 243 246 247 
225 88        2 3 7 8 10 11 12 14 17 18 22 23 24 25 28 29 30 37 39 41 42 43 48 49 51 52 57 59 63 65 68 69 71 72 73 77 79 86 92 93 95 96 98 102 103 106 107 108 110 112 113 118 121 126 128 129 130 132 134 137 140 143 145 147 148 151 153 156 157 160 161 163 164 167 171 172 177 181 188 189 191 192 195 197 204 214 216 217 218 219 227 229 231 234 235 236 238 244 246 248 250 
226 95        1 2 3 4 6 9 14 15 18 19 21 22 24 26 31 34 36 37 38 42 43 44 45 48 51 53 56 59 63 64 71 73 80 82 86 91 97 98 99 103 106 108 118 120 122 128 132 133 136 137 139 141 143 144 145 146 148 150 153 154 155 156 158 160 161 162 163 166 167 170 174 176 177 178 179 182 183 184 186 191 196 198 205 206 208 210 211 212 214 216 217 218 219 220 221 222 223 224 227 229 230 233 234 239 240 241 242 244 250 
227 29        1 2 6 14 15 18 19 21 22 24 25 26 27 31 36 38 44 47 48 49 51 52 55 59 60 61 63 64 66 74 75 78 82 86 87 88 91 94 95 96 98 103 106 108 109 110 111 118 119 120 123 124 126 131 132 134 135 137 143 144 145 147 148 149 151 153 154 155 157 158 160 162 164 165 166 167 169 170 171 172 173 175 181 182 183 186 189 191 192 196 197 198 199 201 202 209 210 211 214 215 216 218 219 220 225 226 230 231 235 236 237 241 242 244 246 247 
228 35        1 2 5 6 10 11 17 21 25 28 31 35 38 41 42 49 53 54 55 57 59 61 62 65 66 67 68 70 75 76 79 80 81 84 85 89 90 94 101 103 106 109 111 117 119 123 124 125 126 127 131 133 139 141 142 148 156 157 162 163 168 172 175 176 177 178 179 180 184 194 197 199 201 202 203 205 211 212 220 222 223 224 230 233 237 238 239 242 244 245 248 250 
229 100       2 4 6 8 13 14 16 19 21 22 23 25 28 30 31 35 36 39 46 53 55 56 58 61 62 65 67 68 71 72 74 75 76 77 78 81 82 84 85 87 88 92 95 96 100 103 105 106 110 113 116 117 124 125 126 127 129 131 134 136 138 140 142 148 150 152 153 155 156 159 162 163 164 165 166 168 170 174 176 177 179 181 183 184 186 188 189 190 195 196 197 198 200 201 204 205 206 210 212 213 221 224 225 226 230 233 234 236 237 239 250 
230 55        4 6 7 11 12 13 16 17 18 20 21 25 33 36 43 46 47 52 53 59 60 66 68 69 73 74 75 76 77 79 85 87 90 91 93 94 100 102 107 118 120 121 125 126 127 130 134 136 146 148 149 153 156 157 158 159 160 165 167 169 172 178 179 186 187 189 190 191 192 197 198 203 205 208 210 211 213 215 218 222 224 226 227 228 229 233 234 237 239 241 243 
231 48        1 5 9 17 19 21 24 25 33 34 35 38 48 49 53 54 55 58 59 61 62 64 65 66 69 70 71 72 76 78 79 80 83 88 90 91 92 95 98 100 101 104 105 107 110 117 118 122 125 128 131 136 140 141 142 145 146 150 152 155 156 164 166 167 172 174 180 182 183 184 185 186 188 190 191 195 196 201 205 207 210 211 217 219 220 223 225 227 234 239 243 249 
232 27        3 4 6 7 12 13 25 26 31 34 35 37 38 42 45 46 47 50 58 60 62 63 64 67 68 70 71 72 73 75 77 80 89 90 92 94 96 97 99 102 104 107 108 110 112 113 114 118 119 120 122 128 130 133 136 138 139 140 141 143 146 149 150 151 153 154 155 156 158 162 163 164 167 168 169 170 174 178 182 183 187 188 189 191 192 195 198 200 201 202 208 211 213 220 221 223 233 234 239 240 242 245 249 
233 20        1 4 5 7 9 12 16 19 22 23 27 30 34 35 36 41 43 44 46 47 49 51 57 59 63 69 71 72 73 75 76 78 80 82 86 94 95 96 97 98 99 101 102 103 104 110 112 113 115 116 117 120 121 125 127 131 132 133 135 138 140 142 145 147 149 150 151 153 158 162 163 169 170 173 174 176 177 184 186 194 197 199 201 203 206 207 209 213 218 222 226 228 229 230 232 239 244 245 247 248 250 
234 66        1 2 3 4 6 8 9 11 12 13 15 16 19 20 23 24 32 37 38 39 41 43 44 45 47 49 50 51 55 61 65 71 75 77 81 82 85 86 89 93 94 98 99 104 106 114 117 118 122 124 127 131 133 135 139 140 142 144 147 148 149 150 152 153 155 156 159 160 162 167 169 173 176 178 179 180 182 184 186 191 192 196 204 207 209 211 213 214 215 216 217 221 223 224 225 226 229 230 231 232 237 238 239 241 242 245 247 
235 62        1 3 6 9 10 13 15 18 22 25 31 32 35 37 38 41 42 46 48 49 52 54 57 59 66 67 68 72 75 77 81 85 87 90 92 94 95 97 99 101 103 104 105 108 109 110 111 114 117 120 121 122 123 126 131 132 133 138 140 141 145 147 148 149 150 153 157 158 162 170 171 177 178 179 181 182 183 189 190 192 193 194 200 201 202 204 205 206 208 209 213 216 217 219 220 222 225 227 239 240 242 243 244 249 250 
236 52        3 12 13 14 19 20 22 25 29 32 34 35 40 41 44 46 47 48 49 53 66 68 69 72 73 75 76 77 78 80 81 85 86 88 89 92 94 96 97 104 107 112 113 116 118 119 122 130 131 132 133 137 138 139 140 146 147 150 152 153 154 155 160 161 162 166 167 169 170 174 176 178 180 181 182 184 185 187 188 192 193 194 197 198 199 202 207 208 211 212 217 220 225 227 229 238 240 242 243 244 245 246 247 248 250 
237 88        5 6 11 14 15 16 21 23 24 25 27 28 34 40 41 43 44 45 47 49 57 58 60 61 63 64 65 68 71 78 80 83 87 88 89 90 92 95 98 101 104 106 108 113 118 119 120 123 128 129 136 138 140 142 143 146 147 148 149 151 155 162 167 168 170 171 172 175 176 177 179 182 184 189 191 192 193 194 197 199 205 206 210 211 212 213 214 220 224 227 228 229 230 234 246 247 
238 59        3 4 5 6 9 13 14 16 19 22 23 24 26 28 29 31 32 33 34 36 41 42 44 45 49 52 56 60 61 64 72 75 98 101 102 104 106 113 115 120 122 123 129 131 134 136 138 146 147 150 151 152 154 157 158 161 162 164 170 171 172 176 185 186 188 190 194 198 202 203 204 205 207 210 212 214 215 218 222 225 228 234 236 239 241 242 248 250 
239 97        3 5 6 10 11 14 20 22 24 26 29 30 32 38 40 42 45 46 47 48 52 55 57 59 62 63 64 66 68 69 71 73 74 77 87 88 89 91 95 100 104 105 106 111 112 113 117 119 120 122 123 124 126 127 129 131 137 138 140 151 156 158 160 164 165 166 169 172 174 175 180 181 186 188 195 196 200 202 206 212 214 216 218 223 226 228 229 230 231 232 233 234 235 238 242 243 244 245 247 250 
240 91        7 8 9 14 17 18 22 24 27 29 30 32 36 37 39 41 42 50 51 52 57 59 60 63 65 68 70 71 72 75 76 78 80 83 88 92 93 94 96 103 105 107 108 111 113 118 119 128 133 135 138 140 142 143 144 145 151 159 160 162 163 164 165 166 167 168 169 170 172 173 178 180 184 188 202 206 208 209 210 217 220 223 226 232 235 236 243 244 246 250 
241 81        3 4 6 7 9 11 14 16 21 24 27 29 30 33 34 36 38 39 40 42 47 48 50 54 57 60 63 64 65 67 71 73 75 76 78 79 82 88 90 94 96 98 99 100 104 106 109 111 113 114 115 117 118 119 121 122 124 125 126 128 130 131 132 133 135 138 139 140 142 143 147 152 157 158 159 160 161 164 167 172 176 177 178 180 181 183 188 190 192 198 199 201 202 207 208 210 211 213 217 219 223 226 227 230 234 238 242 243 247 248 
242 81        2 5 6 11 12 15 16 18 20 22 24 25 28 29 30 33 34 35 40 42 43 46 49 51 55 64 66 67 72 79 80 82 85 90 98 99 101 102 109 110 111 115 119 121 128 130 132 141 143 149 156 163 164 167 168 181 182 184 187 189 194 196 197 199 200 201 202 207 210 211 212 214 217 218 221 223 224 226 227 228 232 234 235 236 238 239 241 243 246 247 249 
243 86        5 6 7 9 10 12 13 18 19 20 23 25 26 29 30 32 33 34 36 40 41 42 44 45 46 52 53 55 56 58 59 60 61 62 63 67 70 75 81 82 83 84 92 93 97 102 104 106 108 109 116 117 118 120 123 126 136 140 142 144 146 149 152 153 155 157 159 165 171 172 177 178 179 180 183 184 189 192 195 198 206 209 211 212 213 215 216 220 221 224 230 231 235 236 239 240 241 242 244 249 
244 48        1 4 8 11 17 21 22 24 25 26 28 30 34 35 40 42 44 45 52 53 55 58 60 61 63 74 78 79 80 81 82 83 84 88 89 91 92 93 94 95 97 98 99 102 103 105 108 111 112 115 117 121 124 126 127 128 129 132 135 139 141 142 144 145 147 148 151 153 154 155 156 161 162 163 164 166 167 169 171 173 174 175 176 177 178 179 182 183 188 190 191 193 194 196 197 198 199 200 202 204 211 222 225 226 227 228 233 235 236 239 240 243 245 247 
245 43        3 5 10 15 20 28 35 38 39 41 42 43 45 47 48 51 55 56 58 60 61 65 67 70 71 73 74 75 79 80 83 85 86 91 93 94 96 97 99 100 103 104 107 110 111 112 114 117 118 128 129 130 131 134 137 141 144 145 146 148 152 155 157 159 160 163 167 168 170 171 176 177 178 179 186 187 190 191 193 197 198 200 202 204 207 211 212 213 217 219 221 222 228 232 233 234 236 239 244 246 250 
246 60        2 17 18 19 20 22 23 26 29 30 32 33 34 35 40 44 45 48 56 59 64 66 67 70 75 79 80 83 85 86 88 90 91 103 104 107 113 117 121 122 126 127 130 132 134 135 136 139 140 142 143 145 147 149 150 151 154 158 159 162 169 170 177 181 184 185 186 191 194 196 197 198 199 200 202 203 204 206 208 211 213 214 216 217 218 220 223 224 225 227 236 237 240 242 245 247 248 249 
247 72        2 5 6 12 21 22 25 28 29 32 33 37 39 47 49 50 51 52 54 56 58 59 61 64 65 66 67 70 75 81 82 84 88 89 90 92 93 97 99 101 103 107 120 122 123 124 126 130 132 134 135 137 141 143 144 145 147 148 149 151 153 155 157 158 159 160 166 168 170 178 186 187 190 193 196 197 198 201 207 209 210 214 217 219 223 224 227 233 234 236 237 239 241 242 244 246 248 
248 88        1 4 7 15 16 17 18 20 24 29 30 31 34 35 36 38 39 42 43 44 46 50 55 61 62 68 69 70 72 73 74 77 78 79 80 90 91 92 93 95 98 100 101 107 108 111 112 114 115 118 119 120 121 123 130 131 134 136 139 140 141 144 145 146 147 149 150 151 153 155 156 161 164 165 168 169 171 172 173 174 175 179 181 185 187 189 192 196 198 199 200 203 204 205 207 209 211 212 216 218 220 221 223 225 228 233 236 238 241 246 247 249 250 
249 90        1 4 7 17 19 20 29 30 31 32 33 34 37 42 43 44 45 49 52 53 56 57 61 62 63 68 69 76 80 81 82 84 88 89 90 91 93 97 98 99 100 103 104 105 106 113 116 126 128 133 135 137 139 140 146 151 152 154 155 159 167 169 173 176 178 179 180 181 186 187 191 192 193 198 199 200 201 203 204 209 210 212 214 215 218 220 221 223 231 232 235 242 243 246 248 
250 48        1 2 3 4 5 10 13 18 22 24 28 30 31 34 35 37 39 41 43 44 48 49 51 57 59 60 61 62 64 65 67 69 70 75 76 78 82 85 86 89 90 93 94 101 102 103 105 106 107 108 109 110 112 115 116 119 120 123 125 128 130 131 132 135 139 141 152 153 154 156 159 166 171 173 174 176 179 181 182 185 186 192 194 196 197 198 200 201 204 205 208 214 217 218 221 225 226 228 229 233 235 236 238 239 240 245 248 
