250 150
1 55          2 3 6 11 12 13 16 19 21 22 25 26 29 32 35 36 40 43 44 48 50 51 52 58 59 60 64 67 72 74 75 80 86 87 93 95 96 97 98 99 101 102 105 107 111 112 116 118 119 120 122 124 125 126 127 129 131 132 134 137 141 147 148 152 154 157 162 163 166 171 177 178 182 183 185 186 187 189 191 193 197 199 200 202 206 210 212 214 215 217 223 224 225 226 228 230 236 237 238 240 245 247 248 249 250 
2 28          1 4 7 8 12 13 14 15 19 23 24 26 34 38 40 42 43 46 49 50 62 64 65 66 69 74 79 80 81 85 88 90 91 95 96 97 98 99 104 106 111 112 113 114 117 119 120 125 126 127 128 129 132 133 137 140 141 143 144 147 158 160 162 164 165 166 169 176 178 179 180 187 189 190 197 198 199 200 201 203 208 213 214 215 221 224 230 231 233 235 236 238 239 240 242 243 246 248 
3 45          1 4 5 7 8 11 14 15 17 18 24 25 31 32 33 34 37 38 43 47 48 50 52 53 54 56 57 58 65 69 70 74 75 78 81 86 88 91 102 104 105 108 116 117 120 123 125 127 128 129 131 133 136 138 139 142 146 147 148 154 156 157 160 161 164 165 170 172 175 176 181 182 183 185 187 188 195 196 200 202 203 210 211 212 213 214 215 218 221 226 231 234 237 240 247 249 
4 71          2 3 6 7 8 10 11 12 13 19 20 26 29 34 35 36 37 40 44 45 47 48 49 50 65 66 68 70 74 76 77 81 82 83 85 86 88 92 93 95 96 97 98 100 102 106 107 108 110 111 112 113 117 126 132 142 148 156 157 158 159 160 161 162 172 174 175 178 180 182 186 189 191 193 194 197 198 206 207 208 209 211 214 215 216 217 219 222 224 225 228 231 232 244 245 247 250 
5 56          3 7 8 10 18 22 25 27 30 31 40 41 43 46 49 50 51 57 60 61 62 63 64 68 69 72 74 76 79 83 84 87 89 94 95 96 97 100 102 108 111 112 114 116 118 119 122 123 127 129 131 133 134 138 140 142 144 145 147 151 152 153 154 156 159 161 162 163 164 168 169 172 175 179 180 181 184 186 187 190 191 193 198 199 210 211 215 218 219 225 226 230 231 232 233 236 241 246 248 250 
6 45          1 4 7 8 9 16 18 20 22 23 26 28 32 37 47 49 50 52 53 54 55 60 62 65 67 71 73 79 84 86 88 93 95 102 103 108 109 110 119 121 125 126 127 132 134 135 137 138 140 141 142 146 149 150 151 152 154 155 157 161 166 168 171 173 174 175 178 181 182 188 193 195 196 197 198 199 204 205 206 207 211 215 216 218 219 221 223 224 225 226 227 230 240 241 242 245 249 
7 63          2 3 4 5 6 16 18 19 20 21 24 29 32 38 39 40 43 45 50 51 52 57 60 61 63 67 73 74 76 78 83 87 89 93 94 102 105 107 109 111 113 115 117 118 120 122 123 124 125 126 130 131 133 141 143 145 148 149 151 153 155 157 158 159 160 162 164 165 169 171 172 182 183 184 186 189 192 193 194 195 196 199 201 202 204 211 213 220 221 223 224 226 229 231 233 237 239 240 241 243 247 
8 26          2 3 4 5 6 16 18 23 25 26 30 36 41 44 47 48 51 53 54 60 65 66 67 68 69 73 75 76 77 79 81 83 88 91 99 106 109 114 118 119 120 121 123 124 125 126 128 130 131 133 135 136 137 139 144 145 147 149 152 153 155 160 161 163 164 173 174 175 176 178 180 182 183 184 185 189 190 193 194 197 198 199 200 202 205 207 210 212 213 214 218 227 228 229 230 234 238 239 240 241 243 249 250 
9 20          6 13 19 20 22 26 27 32 37 38 40 42 43 44 47 50 51 52 53 54 59 63 66 68 69 72 79 80 82 89 91 93 94 95 100 102 107 108 109 110 114 115 116 118 120 121 122 126 127 132 133 134 135 136 138 141 143 145 148 149 150 151 154 155 156 157 161 163 166 167 170 171 172 175 176 178 180 181 182 183 187 193 195 198 200 204 211 219 220 222 226 227 229 230 232 233 234 236 237 238 240 241 243 246 247 
10 34         4 5 16 17 20 28 31 32 36 37 38 42 48 49 51 55 60 61 65 69 71 78 79 81 82 84 86 87 89 94 96 98 99 104 106 108 109 115 116 119 125 126 128 129 135 136 137 138 139 140 142 146 147 149 154 157 160 167 169 172 176 177 180 183 186 187 188 189 190 191 192 193 196 198 200 202 206 207 208 210 213 214 215 217 223 232 233 236 238 239 240 241 242 243 246 247 248 249 
11 78         1 3 4 12 13 14 20 27 28 29 31 32 33 34 35 36 37 38 49 53 55 58 61 66 67 69 71 74 75 76 77 78 79 81 83 84 93 101 102 108 109 111 118 119 120 128 131 132 133 136 138 139 146 150 151 152 158 164 165 167 168 171 172 178 179 190 192 194 195 198 208 211 212 215 217 219 225 231 232 238 247 
12 26         1 2 4 11 14 16 19 20 22 24 28 29 31 32 33 36 38 40 42 46 49 51 52 56 58 60 62 67 72 74 75 81 84 85 86 91 93 94 97 98 102 103 109 116 121 124 125 127 128 136 141 144 147 148 153 155 156 158 159 163 164 165 166 172 175 176 178 180 182 183 184 186 187 189 192 193 194 195 196 199 201 205 206 210 212 213 218 222 225 226 228 234 237 239 240 242 243 244 245 246 247 250 
13 21         1 2 4 9 11 14 15 16 19 21 26 32 35 40 41 45 46 47 52 54 58 59 60 64 69 71 72 76 78 79 80 86 91 94 97 98 101 102 104 107 109 113 116 117 120 128 131 134 135 137 139 141 145 148 149 150 151 157 159 166 173 174 175 178 180 181 184 186 187 191 192 195 198 200 201 206 207 208 209 210 211 212 215 216 225 226 227 231 235 236 241 243 248 249 250 
14 99         2 3 11 12 13 22 23 27 28 31 32 34 38 41 42 46 47 48 49 50 51 52 53 59 62 63 64 65 66 70 71 72 74 76 79 82 83 87 89 90 91 96 99 100 107 109 114 118 122 124 125 133 134 135 136 141 143 144 146 147 148 149 154 157 158 159 163 164 165 167 168 173 175 177 178 180 181 184 185 187 195 199 200 210 214 215 217 218 220 221 223 224 225 230 231 232 234 238 241 
15 50         2 3 13 16 19 27 28 34 36 40 41 42 43 45 47 48 49 50 54 56 61 62 64 66 71 73 74 76 80 82 83 84 87 88 96 97 98 104 108 109 110 116 120 121 122 123 125 127 128 130 131 133 135 140 141 142 145 147 148 153 155 156 158 160 164 166 167 174 175 185 186 189 190 193 194 195 197 198 202 204 206 207 211 214 215 217 218 222 225 228 231 232 235 237 238 239 241 243 244 248 250 
16 52         1 6 7 8 10 12 13 15 21 23 28 29 33 35 37 40 45 47 48 50 54 62 74 75 77 79 80 84 86 87 88 91 93 97 103 104 105 107 115 116 117 119 122 123 124 128 129 130 132 133 134 138 139 140 142 143 144 145 147 149 150 151 152 153 155 157 161 167 170 171 174 176 177 181 188 189 192 194 197 199 202 207 211 212 218 220 224 225 227 228 230 233 238 240 241 242 248 
17 29         3 10 18 20 22 26 31 32 35 37 46 47 49 54 55 56 59 61 62 63 67 70 71 75 76 77 81 83 86 90 91 99 100 101 103 106 107 108 111 116 118 121 122 123 125 127 130 132 136 137 140 143 145 146 148 149 151 153 156 162 163 164 165 167 168 171 172 173 174 175 176 177 178 180 181 182 184 185 186 187 192 199 202 208 210 212 214 216 217 221 222 223 224 225 229 232 233 235 237 238 240 243 244 246 
18 52         3 5 6 7 8 17 23 24 25 30 33 34 40 41 42 44 45 52 54 56 57 58 59 60 66 68 69 70 72 79 85 87 88 89 92 96 98 100 102 103 106 107 108 110 112 114 119 123 127 129 133 134 135 136 137 138 139 140 143 145 147 152 153 154 158 160 161 162 163 164 166 169 170 171 173 176 177 178 180 182 184 186 187 190 191 193 194 196 198 199 200 203 209 210 211 214 218 228 232 238 244 247 248 249 
19 84         1 2 4 7 9 12 13 15 24 26 30 31 32 36 37 39 41 43 44 54 56 59 60 61 62 68 69 74 75 78 79 81 82 84 86 87 89 90 91 93 96 97 102 103 107 111 113 115 121 124 125 126 132 133 136 137 138 139 141 144 148 152 155 157 161 162 164 170 171 172 173 174 176 177 178 187 193 194 195 197 198 207 208 210 212 216 230 231 235 237 238 239 243 244 250 
20 78         4 6 7 9 10 11 12 17 22 23 25 26 29 37 39 41 42 44 46 49 54 57 65 66 67 68 71 75 78 79 81 87 88 91 94 101 104 112 123 124 127 129 131 132 134 135 137 144 145 147 150 157 163 164 167 170 171 172 173 176 179 180 183 186 194 198 202 205 206 210 214 215 216 220 221 222 225 228 231 232 233 234 235 236 241 247 249 
21 84         1 7 13 16 27 29 32 33 36 40 41 47 50 51 54 57 60 66 67 71 72 75 76 77 80 90 94 95 96 101 103 104 105 107 110 111 113 114 121 123 124 126 127 130 131 132 137 140 147 151 153 154 155 156 157 158 160 165 169 171 174 179 180 181 182 186 187 190 191 192 193 194 195 196 197 199 206 208 209 213 214 216 217 218 219 221 226 237 239 246 249 250 
22 89         1 5 6 9 12 14 17 20 23 25 27 32 33 40 41 42 43 44 45 48 51 52 54 57 58 59 60 61 64 69 71 72 74 76 77 78 80 82 84 86 87 90 92 94 95 97 104 108 112 114 121 122 126 127 129 130 131 133 140 143 144 148 157 158 163 165 166 169 172 177 178 180 182 186 188 192 195 197 198 199 203 206 207 208 210 212 223 224 225 227 228 233 234 235 236 238 241 243 246 247 249 250 
23 93         2 6 8 14 16 18 20 22 25 27 38 43 49 60 64 70 72 73 74 77 78 79 81 82 85 88 89 91 95 97 98 100 105 106 111 116 117 121 124 125 127 129 132 135 136 138 143 144 146 148 149 155 157 160 161 163 164 166 167 173 175 176 179 181 183 184 189 190 194 195 196 198 199 204 209 211 217 223 225 227 229 231 232 233 236 243 244 246 247 248 
24 83         2 3 7 12 18 19 28 29 31 32 36 37 39 40 42 43 44 46 49 50 52 54 57 60 65 66 73 76 77 78 79 81 82 83 84 85 88 89 92 97 98 107 108 109 111 112 115 121 123 126 127 138 140 141 145 146 150 152 156 157 159 162 166 168 174 176 177 179 180 182 184 189 190 196 200 201 202 203 209 212 215 218 219 224 225 226 229 232 234 239 240 243 244 245 247 248 
25 97         1 3 5 8 18 20 22 23 27 31 34 38 41 45 46 48 50 51 55 56 57 58 64 68 73 74 80 81 83 85 86 89 90 95 96 100 104 107 108 109 110 111 118 119 122 126 131 132 135 137 141 143 144 150 151 154 155 157 159 162 163 164 167 168 178 179 183 184 186 189 192 196 198 199 200 201 204 209 212 216 218 221 226 228 232 234 235 236 238 245 247 
26 35         1 2 4 6 8 9 13 17 19 20 30 34 35 38 39 41 42 44 45 46 48 52 55 62 64 66 67 68 71 73 76 77 78 79 81 83 84 85 86 92 93 94 95 96 100 101 104 107 118 121 122 123 124 129 131 132 135 137 139 144 146 152 157 158 159 160 174 178 179 180 182 190 194 195 198 203 204 205 208 211 214 217 220 223 224 225 227 228 231 234 235 236 237 240 241 243 247 250 
27 29         5 9 11 14 15 21 22 23 25 28 32 33 35 38 40 41 43 44 47 48 49 54 56 60 61 64 68 73 74 76 77 79 81 84 85 86 88 105 110 111 112 117 120 127 129 130 134 135 138 140 143 144 145 149 150 151 152 154 157 161 162 163 164 166 167 168 170 171 172 175 177 181 183 184 188 189 192 195 196 201 203 207 208 211 212 213 216 218 223 224 226 228 230 237 242 243 244 248 249 
28 80         6 10 11 12 14 15 16 24 27 31 37 44 45 47 50 51 52 53 54 56 57 58 61 66 68 73 76 81 82 83 84 85 86 89 91 94 95 96 98 99 101 102 112 117 118 120 121 124 125 127 129 130 131 133 134 137 138 143 144 145 147 148 159 161 162 168 169 171 172 175 180 182 183 185 187 188 189 191 193 194 196 201 203 205 206 209 212 213 215 217 219 220 221 222 223 226 229 230 231 232 236 240 245 246 249 250 
29 99         1 4 7 11 12 16 20 21 24 31 32 34 35 40 41 42 45 50 52 53 59 62 65 66 69 70 75 78 79 82 83 86 89 94 96 98 100 102 104 108 113 123 125 130 132 134 136 140 142 149 154 157 159 160 162 163 164 167 168 169 174 178 180 181 183 184 187 188 190 191 193 194 196 200 201 204 206 207 209 210 216 218 222 224 225 231 232 233 237 238 240 241 242 243 248 
30 86         5 8 18 19 26 31 33 34 37 43 44 46 48 49 50 52 60 64 65 66 67 69 70 71 72 75 76 78 79 81 82 83 84 86 89 91 92 93 98 100 101 103 104 108 109 110 111 115 123 124 127 128 131 132 133 136 142 143 144 145 146 152 153 158 165 167 168 170 173 175 176 177 179 180 181 185 187 190 196 200 201 202 203 204 210 212 214 217 219 224 225 229 231 240 241 250 
31 63         3 5 10 11 12 14 17 19 24 25 28 29 30 34 35 37 39 43 51 52 55 56 57 58 59 60 63 66 70 73 74 75 76 78 79 82 84 89 91 92 93 94 98 104 107 108 109 111 116 118 120 121 123 124 142 143 145 146 147 149 158 161 163 169 173 174 175 178 180 183 184 187 189 190 194 195 200 201 202 206 207 212 213 214 215 216 217 225 226 228 229 230 231 235 238 241 244 245 249 
32 100        1 3 6 7 9 10 11 12 13 14 17 19 21 22 24 27 29 39 40 43 44 47 53 54 55 60 63 67 73 74 79 82 83 86 87 88 89 90 91 92 93 94 98 99 100 103 106 108 109 110 114 116 117 119 127 129 131 137 141 143 145 146 147 148 157 158 159 161 162 166 167 168 169 172 174 177 182 184 185 186 192 193 197 200 203 204 205 207 209 210 211 212 213 214 215 216 220 222 223 230 237 238 239 240 245 246 247 248 250 
33 87         3 11 12 16 18 21 22 27 30 35 37 40 41 42 45 46 48 52 57 58 64 65 66 68 69 70 73 75 77 78 82 88 89 92 95 96 97 98 99 101 107 108 110 112 117 120 122 126 127 131 139 140 141 146 147 148 150 151 152 154 156 159 160 163 165 166 167 168 171 172 176 179 180 181 184 189 194 197 204 209 211 213 220 222 229 230 231 235 236 238 246 248 250 
34 54         2 3 4 11 14 15 18 25 26 29 30 31 35 41 42 45 48 50 51 53 57 60 63 64 72 76 77 78 79 81 83 88 89 92 93 95 96 98 100 105 107 108 109 111 112 114 116 117 122 124 125 133 136 137 139 143 144 145 147 154 157 160 161 164 165 166 167 168 169 170 173 180 183 185 186 189 191 192 196 200 205 207 208 209 213 214 217 219 221 226 227 229 233 234 236 238 240 242 243 245 249 
35 48         1 4 11 13 16 17 26 27 29 31 33 34 37 38 39 40 42 43 44 46 47 50 53 54 55 57 59 60 61 64 67 68 70 71 72 74 77 78 81 85 90 94 98 99 103 104 106 107 109 111 120 122 125 128 129 130 132 134 140 142 147 148 154 155 167 169 170 173 175 176 178 179 181 182 184 192 193 194 196 199 200 201 202 203 205 206 208 210 214 215 216 223 224 225 228 230 236 238 239 240 241 247 249 
36 72         1 4 8 10 11 12 15 19 21 24 38 39 42 45 46 47 48 50 52 53 54 58 60 61 69 71 73 74 75 78 86 99 100 101 106 108 109 110 112 119 120 121 123 124 125 132 135 139 143 144 147 148 149 153 154 162 166 168 169 171 176 178 180 181 186 189 191 192 195 196 199 200 205 206 207 208 209 214 215 217 218 227 228 232 234 236 237 239 243 244 246 247 249 
37 98         3 4 6 9 10 11 16 17 19 20 24 28 30 31 33 35 43 46 47 49 52 53 56 57 58 60 61 62 64 66 67 69 71 73 74 79 80 81 82 84 85 91 93 94 95 96 98 101 102 104 108 116 117 127 129 131 133 134 138 140 143 144 149 156 158 160 161 163 168 170 171 172 174 176 177 179 180 181 185 186 187 192 194 198 199 201 204 205 206 208 214 223 224 225 227 228 230 231 234 236 238 239 240 
38 43         2 3 7 9 10 11 12 14 23 25 26 27 35 36 40 41 42 43 44 46 50 55 56 60 61 63 64 65 67 68 75 77 83 85 91 95 97 100 107 108 113 116 118 122 123 124 128 130 135 139 141 143 144 148 149 155 164 166 167 170 172 173 175 176 178 180 182 184 185 186 192 195 200 201 207 209 210 212 216 218 219 220 225 226 229 230 232 233 234 236 239 242 244 245 250 
39 81         7 19 20 24 26 31 32 35 36 41 46 47 50 55 56 59 62 66 68 75 77 78 81 88 89 90 93 94 96 98 100 102 104 106 110 115 116 120 121 124 126 134 135 145 154 155 156 159 163 164 165 166 168 169 171 175 180 181 182 184 186 187 188 189 191 192 195 197 198 206 213 214 215 217 218 221 223 225 226 233 240 242 245 
40 96         1 2 4 5 7 9 12 13 15 16 18 21 22 24 27 29 32 33 35 38 41 43 44 46 47 48 49 51 52 58 59 62 63 65 68 69 70 72 77 79 81 82 85 86 90 93 96 97 98 99 101 102 103 104 105 107 109 111 115 117 118 122 125 126 128 129 136 139 147 148 149 155 156 157 161 162 163 165 170 171 175 179 180 182 183 186 187 190 191 192 193 196 205 206 209 213 216 217 218 219 220 221 223 227 230 232 233 234 241 248 250 
41 77         5 8 13 14 15 18 19 20 21 22 25 26 27 29 33 34 38 39 40 44 45 51 52 55 61 62 63 65 67 69 70 73 74 75 78 81 85 86 89 95 97 98 99 101 102 103 104 107 108 109 111 112 117 121 124 126 129 132 135 136 139 142 147 148 149 150 152 155 156 164 166 168 174 177 178 179 180 186 187 188 191 193 195 199 203 204 205 209 212 214 217 218 220 221 222 224 227 228 231 233 236 237 239 241 242 243 248 249 250 
42 92         2 9 10 12 14 15 18 20 22 24 26 29 33 34 35 36 38 49 51 59 60 63 65 67 68 70 73 75 76 78 79 81 83 84 87 89 91 92 93 101 104 106 107 116 117 121 123 125 127 128 134 135 142 146 147 149 151 154 158 159 163 169 170 175 178 183 185 187 192 195 197 199 200 202 204 207 212 213 215 218 220 222 223 225 227 229 231 232 234 236 237 240 242 243 247 
43 32         1 2 3 5 7 9 15 19 22 23 24 27 30 31 32 35 37 38 40 45 48 50 54 60 61 63 65 66 68 74 75 80 81 82 83 92 93 94 96 100 101 104 105 109 110 113 114 115 119 120 121 124 126 128 134 135 138 139 140 141 142 144 145 150 151 157 164 167 169 170 172 174 176 179 181 182 184 188 191 194 196 197 201 205 207 211 212 214 215 217 229 231 233 238 241 242 243 244 
44 66         1 4 8 9 18 19 20 22 24 26 27 28 30 32 35 38 40 41 46 48 49 50 52 53 54 57 62 63 64 65 67 70 72 74 75 77 79 81 83 84 85 86 87 89 91 95 100 101 102 103 104 105 107 109 114 119 120 126 128 129 130 133 135 141 147 148 157 161 162 163 164 165 168 169 170 171 172 173 175 176 177 178 181 182 183 184 185 186 190 192 194 196 197 199 200 202 203 205 206 209 210 212 213 214 215 219 220 226 233 234 237 240 244 248 
45 82         4 7 13 15 16 18 22 25 26 28 29 33 34 36 41 43 53 55 56 58 61 65 69 73 78 80 84 92 93 101 104 108 118 119 120 122 124 126 127 128 133 135 136 140 141 142 146 147 153 155 157 158 160 161 167 171 172 173 175 178 181 182 185 186 190 192 197 200 201 203 204 213 215 216 220 228 232 234 235 237 238 241 242 247 
46 52         2 5 12 13 14 17 20 24 25 26 30 33 35 36 37 38 39 40 44 51 55 62 65 69 70 75 81 82 84 85 90 91 92 95 98 100 101 106 108 114 116 117 118 120 122 125 128 132 133 137 139 141 150 153 155 156 158 160 161 162 165 166 167 169 171 172 174 175 176 179 180 185 193 194 196 197 200 203 207 209 210 211 213 214 216 220 222 223 225 230 231 233 234 236 237 238 239 240 241 242 245 249 
47 30         3 4 6 8 9 13 14 15 16 17 21 27 28 32 35 36 37 39 40 48 50 52 53 54 59 61 63 65 67 68 70 71 72 77 79 80 82 83 90 92 96 98 101 102 103 104 105 106 107 108 112 117 118 119 122 125 129 131 132 135 136 138 139 147 149 150 152 156 164 167 168 170 172 175 177 178 179 186 188 191 192 195 196 198 203 206 207 209 211 218 221 222 224 225 228 229 234 235 238 240 241 243 246 247 248 249 
48 52         1 3 4 8 10 14 15 16 22 25 26 27 30 33 34 36 40 43 44 47 49 53 54 55 56 59 63 64 72 74 76 79 85 91 92 94 98 104 106 107 109 110 113 115 116 119 121 124 127 128 129 131 132 134 136 137 138 144 149 150 155 162 165 168 172 174 181 182 184 186 192 193 195 196 198 200 205 209 211 212 216 219 220 222 225 228 229 231 234 235 239 242 248 250 
49 97         2 4 5 6 10 11 12 14 15 17 20 23 24 27 30 37 40 42 44 48 51 53 54 58 61 64 66 67 69 74 77 78 79 84 86 88 91 92 96 97 99 100 106 112 114 115 116 117 120 127 128 133 134 136 138 139 146 150 151 153 154 156 157 158 162 163 165 166 170 174 175 178 182 184 185 186 188 191 192 195 196 197 200 202 203 204 208 209 210 213 214 215 216 217 218 220 223 227 230 233 236 238 242 
50 56         1 2 3 4 5 6 7 9 14 15 16 21 24 25 28 29 30 34 35 36 38 39 43 44 47 60 62 64 66 67 68 69 70 71 72 73 77 78 79 80 81 86 87 90 92 97 98 100 101 102 104 106 111 113 118 119 121 126 128 131 134 141 145 146 147 150 153 154 155 158 165 169 170 174 176 177 187 192 194 196 198 201 202 204 205 206 207 208 216 217 218 220 224 225 226 227 228 230 231 232 235 236 238 242 243 244 247 249 250 
51 44         1 5 7 8 9 10 12 14 21 22 25 28 31 34 40 41 42 46 49 53 54 56 58 61 63 67 70 72 75 78 84 86 89 90 92 94 95 96 98 100 102 106 108 109 110 111 116 117 120 130 132 133 135 136 137 138 141 144 145 146 152 154 156 157 160 161 165 167 168 173 174 175 177 184 188 189 190 195 197 199 201 202 203 206 210 214 215 216 217 221 224 226 233 239 240 241 244 245 249 250 
52 67         1 3 6 7 9 12 13 14 18 22 24 26 28 29 30 31 33 36 37 40 41 44 47 56 58 62 67 73 76 78 79 82 84 86 87 90 97 98 99 101 103 110 112 114 115 116 117 118 121 124 127 130 135 137 138 142 146 151 152 154 155 156 158 159 160 162 164 165 167 169 172 175 183 186 189 190 191 192 193 194 195 196 198 205 206 208 209 211 215 217 218 219 220 225 226 229 231 234 235 237 238 239 241 242 243 244 245 247 248 249 
53 60         3 6 8 9 11 14 28 29 32 34 35 36 37 44 45 47 48 49 51 54 55 56 57 59 65 66 67 73 82 86 87 89 92 94 97 102 104 109 110 111 115 118 119 121 127 128 130 134 136 139 144 145 152 155 156 157 159 161 162 163 165 167 170 173 175 178 180 185 188 189 191 193 194 202 204 207 208 211 212 214 215 216 220 221 223 224 226 227 228 229 231 234 235 238 241 243 244 246 248 
54 79         3 6 8 9 13 15 16 17 18 19 20 21 22 24 27 28 32 35 36 43 44 47 48 49 51 53 57 58 64 65 67 68 69 71 72 73 74 77 90 94 99 100 103 106 108 109 111 112 113 115 118 122 124 127 130 131 136 141 142 144 147 148 149 150 154 160 162 166 167 168 169 174 177 178 179 182 190 191 196 198 199 201 209 210 215 216 218 219 220 222 224 228 230 231 232 234 236 237 238 241 246 
55 78         6 10 11 17 25 26 31 32 35 38 39 41 45 46 48 53 56 57 60 62 64 65 69 71 76 77 81 83 87 88 89 91 92 98 100 103 108 111 112 113 114 120 122 123 124 127 129 130 132 139 140 142 147 149 153 154 156 158 159 160 162 164 165 167 170 172 173 177 179 183 184 186 188 189 193 194 196 197 198 200 202 203 204 206 209 210 211 213 216 218 224 225 226 227 228 229 237 240 243 246 247 248 250 
56 90         3 12 15 17 18 19 25 27 28 31 37 38 39 45 48 51 52 53 55 57 59 68 73 75 80 83 85 86 87 88 98 102 104 106 111 112 115 120 122 123 125 126 128 132 133 135 137 140 145 147 148 149 150 152 153 157 160 165 167 170 172 173 175 176 178 180 182 183 184 189 190 192 193 198 206 211 212 219 220 226 227 229 232 234 235 236 241 244 246 247 
57 38         3 5 7 18 20 21 22 24 25 28 31 33 34 35 37 44 53 54 55 56 62 64 65 68 69 71 73 74 76 78 80 82 84 86 87 91 93 95 99 100 107 112 114 116 118 120 121 125 129 130 136 137 144 146 148 149 152 154 155 156 157 158 159 160 164 165 167 171 179 180 182 188 190 202 210 211 212 213 214 215 216 219 226 228 230 231 233 234 235 238 239 240 241 242 245 247 248 
58 99         1 3 11 12 13 18 22 25 28 31 33 36 37 40 45 49 51 52 54 59 61 65 66 67 69 71 73 75 76 78 80 85 87 91 94 96 98 100 101 104 105 107 111 112 113 115 116 121 125 128 129 131 132 133 137 138 140 146 149 151 152 155 160 161 163 164 167 169 171 172 173 174 180 181 183 185 189 191 192 193 198 201 203 204 205 206 207 211 212 213 214 215 218 221 222 223 230 232 233 234 236 237 239 240 241 242 243 244 247 
59 42         1 9 13 14 17 18 19 22 29 31 35 39 40 42 47 48 53 56 58 60 63 64 66 67 73 74 75 76 78 83 86 87 90 91 92 95 96 98 102 103 110 111 112 113 125 127 134 140 141 142 145 146 148 149 152 160 162 164 169 172 175 179 186 187 190 191 198 202 203 207 210 212 213 214 215 218 220 221 227 228 229 230 232 234 235 237 238 240 241 243 244 246 
60 97         1 5 6 7 8 10 12 13 18 19 21 22 23 24 27 30 31 32 34 35 36 37 38 42 43 50 55 59 62 64 68 69 72 73 75 80 81 82 85 88 91 94 95 96 101 102 108 110 111 112 113 115 117 118 119 120 121 122 123 125 126 132 133 137 139 141 143 144 145 146 149 153 156 160 161 164 165 166 167 168 170 173 174 176 178 182 187 188 190 192 193 194 196 199 200 210 211 214 217 219 220 222 224 227 228 230 238 242 243 244 247 249 
61 63         5 7 10 11 15 17 19 22 27 28 35 36 37 38 41 43 45 47 49 51 58 63 65 69 74 75 81 83 85 86 87 94 95 96 98 100 101 106 108 109 113 116 117 119 120 123 126 127 132 136 139 140 142 144 146 147 150 157 159 162 163 167 169 170 173 174 175 177 180 181 186 189 190 191 194 196 199 202 203 205 210 211 212 216 220 221 222 223 227 228 229 231 234 236 240 241 242 246 249 
62 39         2 5 6 12 14 15 16 17 19 26 29 37 39 40 41 44 46 50 52 55 57 60 63 66 69 72 73 75 76 77 78 79 82 84 85 88 90 92 95 96 100 101 102 103 107 108 109 110 112 114 115 116 118 120 123 130 131 135 138 139 143 146 147 149 155 157 158 159 160 161 165 166 168 169 170 172 178 180 181 183 189 190 193 195 196 201 204 206 212 217 221 222 224 228 230 234 236 237 240 241 242 243 244 246 247 249 
63 69         5 7 9 14 17 31 32 34 38 40 41 42 43 44 47 48 51 59 61 62 66 69 70 72 73 74 80 85 87 91 92 93 94 95 96 97 100 101 104 105 106 107 108 109 111 112 113 114 118 119 124 127 129 130 134 139 140 142 143 144 145 146 148 149 154 158 159 160 164 166 167 170 171 173 174 177 180 184 185 186 187 189 190 191 194 198 201 206 209 212 213 214 215 216 220 223 224 233 239 241 247 248 
64 67         1 2 5 13 14 15 22 23 25 26 27 30 33 34 35 37 38 44 48 49 50 54 55 57 59 60 73 74 76 77 78 79 82 85 87 89 91 96 98 99 102 103 106 107 108 115 117 120 123 125 126 128 129 130 131 132 134 135 137 138 140 143 146 147 153 155 156 162 164 166 167 168 172 173 175 177 182 189 192 193 203 204 205 209 210 211 212 215 217 218 220 222 225 226 228 233 235 236 239 240 243 247 250 
65 91         2 3 4 6 8 10 14 20 24 29 30 33 38 40 41 42 43 44 45 46 47 53 54 55 57 58 61 66 68 70 73 75 77 82 83 84 86 87 89 91 94 96 98 99 100 106 108 109 113 115 117 119 120 121 126 127 129 130 131 133 134 138 144 145 146 149 150 151 154 156 161 164 166 171 172 173 177 178 181 187 188 189 190 191 194 195 196 199 201 202 204 206 209 214 215 216 217 218 219 228 229 230 232 237 238 240 245 248 249 
66 38         2 4 8 9 11 14 15 18 20 21 24 26 28 29 30 31 33 37 39 43 49 50 53 58 59 62 63 65 68 70 71 72 73 75 77 81 82 83 84 85 86 90 91 95 97 99 100 101 103 110 111 113 119 121 125 127 130 131 133 135 141 142 144 146 155 156 157 161 165 167 168 171 172 174 178 181 183 185 186 189 190 192 194 197 198 201 205 210 211 216 218 219 222 223 225 229 236 241 243 244 246 247 248 249 250 
67 37         1 6 7 8 11 12 17 20 21 26 30 32 35 37 38 41 42 44 47 49 50 51 52 53 54 58 59 69 72 74 75 77 80 84 86 90 91 94 96 100 102 103 105 107 108 109 113 114 115 116 117 118 120 123 124 125 126 129 131 133 134 135 139 140 142 143 146 148 150 151 156 160 161 163 164 169 176 179 180 182 184 187 190 192 194 197 199 200 202 208 209 210 212 215 216 221 225 230 232 234 238 240 245 247 
68 51         4 5 8 9 18 19 20 25 26 27 28 33 35 38 39 40 42 43 47 50 54 56 57 60 65 66 69 74 77 78 80 82 85 89 90 92 93 94 95 96 98 100 101 102 109 110 113 115 117 121 122 123 127 132 133 135 136 137 138 141 142 143 144 147 150 151 152 153 156 160 164 167 169 170 171 173 174 175 179 180 181 182 185 186 187 188 189 193 195 196 201 202 206 208 209 211 215 217 219 220 223 224 225 226 227 230 231 234 237 239 240 243 248 
69 98         2 3 5 8 9 10 11 13 18 19 22 29 30 33 36 37 40 41 45 46 49 50 54 55 57 58 60 61 62 63 67 68 70 75 78 80 82 85 87 88 90 92 93 94 97 98 100 107 108 110 111 112 114 115 117 119 123 125 126 127 128 131 134 135 136 137 140 141 143 144 145 147 151 155 156 160 164 169 171 172 173 176 178 179 180 182 184 185 186 188 193 196 199 200 201 206 214 215 218 219 222 228 231 232 234 237 241 247 248 
70 30         3 4 14 17 18 23 29 30 31 33 35 40 41 42 44 46 47 50 51 63 65 66 69 71 75 83 86 87 88 92 95 98 102 108 109 111 113 116 122 132 135 140 144 145 147 150 152 154 157 158 160 163 166 167 168 173 175 176 179 184 187 193 194 195 196 198 199 203 205 206 208 209 210 213 215 217 218 219 220 221 223 226 227 233 234 237 239 240 241 245 247 250 
71 77         6 10 11 13 14 15 17 20 21 22 26 30 35 36 37 47 50 54 55 57 58 66 70 75 76 79 83 84 86 88 90 92 94 96 97 98 101 105 110 117 118 119 120 123 125 127 131 132 137 141 142 147 149 150 152 153 156 157 159 163 166 169 174 175 177 179 181 185 186 189 191 194 195 197 198 201 202 205 206 212 213 216 218 219 220 221 224 225 226 228 231 234 238 239 242 245 246 248 250 
72 78         1 5 9 12 13 14 18 21 22 23 30 34 35 40 44 47 48 50 51 54 60 62 63 66 67 74 76 79 81 82 84 85 86 88 94 100 102 103 106 108 109 111 114 116 118 119 122 124 125 128 129 130 134 135 137 138 140 142 144 146 149 153 156 159 165 167 168 169 170 172 173 179 186 187 188 189 192 199 200 201 203 205 208 209 212 213 215 218 221 222 226 227 231 234 235 237 240 241 243 245 249 
73 35         6 7 8 15 23 24 25 26 27 28 31 32 33 36 37 41 42 45 50 52 53 54 56 57 58 59 60 62 63 64 65 66 78 79 80 81 82 85 88 90 91 92 95 102 109 113 115 116 120 121 127 132 134 136 137 139 140 141 142 144 145 146 147 149 150 151 153 155 161 162 163 167 170 171 172 175 179 180 181 182 183 184 185 187 188 189 191 194 197 198 199 205 207 208 209 210 214 219 220 221 224 231 233 237 240 243 244 
74 33         1 2 3 4 5 7 11 12 14 15 16 19 22 23 25 27 31 32 35 36 37 41 43 44 48 49 54 57 59 61 63 64 67 68 72 79 80 85 87 88 91 100 101 102 104 105 108 109 110 114 117 118 119 120 121 124 125 129 131 133 135 137 142 145 147 148 149 151 154 158 166 174 177 178 185 188 190 193 194 196 197 204 205 206 211 212 213 214 218 219 222 224 225 228 229 232 235 237 239 241 242 247 250 
75 94         1 3 8 11 12 16 17 19 20 21 29 30 31 33 36 38 39 41 42 43 44 46 51 56 58 59 60 61 62 65 66 67 69 70 71 76 86 89 92 96 106 108 110 113 115 118 123 124 129 131 132 136 140 143 145 147 149 153 157 159 161 165 168 170 171 179 181 183 188 190 191 197 200 206 209 210 214 216 218 225 226 230 235 239 243 245 246 248 249 
76 36         4 5 7 8 11 13 14 15 17 21 22 24 26 27 28 30 31 34 42 48 52 55 57 58 59 62 64 71 72 75 77 84 87 92 93 96 103 104 106 108 110 111 115 117 119 122 126 127 130 132 137 138 140 144 147 151 153 155 156 157 159 165 175 178 180 183 186 187 189 190 191 193 195 197 198 203 206 207 213 215 216 217 221 225 226 227 229 230 231 234 239 240 242 246 249 
77 59         4 8 11 16 17 21 22 23 24 26 27 33 34 35 38 39 40 44 47 49 50 54 55 62 64 65 66 67 68 76 81 82 84 85 86 89 91 93 94 95 97 100 102 103 106 109 110 113 115 116 127 129 130 131 133 134 137 139 140 145 149 152 155 158 161 163 164 165 168 177 180 181 182 183 184 185 186 188 189 191 197 199 200 204 208 209 211 216 218 220 223 224 225 232 238 243 248 
78 85         3 7 10 11 13 19 20 22 23 24 26 29 30 31 33 34 35 36 39 41 42 45 49 50 51 52 57 58 59 62 64 68 69 73 79 80 82 83 85 88 90 92 93 99 102 103 104 107 108 111 112 114 116 121 123 124 130 135 139 140 143 147 149 151 154 156 161 162 166 168 171 172 173 177 183 185 186 188 190 191 193 198 205 206 211 212 213 215 217 221 223 224 226 227 231 233 239 240 241 244 246 
79 98         2 5 6 8 9 10 11 13 14 16 18 19 20 23 24 26 27 29 30 31 32 34 37 40 42 44 47 48 49 50 52 62 64 71 72 73 74 78 80 82 83 84 89 93 94 98 100 110 112 113 115 116 117 118 119 121 124 125 127 134 137 142 151 152 153 155 156 158 161 162 165 170 171 176 179 183 184 185 192 195 199 201 205 207 211 212 215 218 220 222 225 226 229 231 233 239 240 245 246 247 248 249 
80 80         1 2 9 13 15 16 21 22 25 37 43 45 47 50 56 57 58 60 63 67 68 69 73 74 78 79 84 88 89 90 95 102 103 105 109 110 111 112 117 119 120 121 126 127 128 132 134 135 136 137 138 139 140 142 145 146 149 150 151 153 154 159 161 162 170 173 174 177 178 180 181 182 183 186 189 190 192 196 197 202 203 205 210 219 220 225 231 232 238 239 240 243 244 246 
81 79         2 3 4 8 10 11 12 17 19 20 23 24 25 26 27 28 30 34 35 37 39 40 41 42 43 44 46 50 55 60 61 66 72 73 77 82 84 85 86 89 90 91 92 95 97 102 104 116 122 124 130 132 133 136 137 138 140 142 143 144 148 150 153 157 160 164 165 168 171 172 175 176 177 179 183 184 185 186 190 192 195 198 200 203 207 208 211 216 217 218 219 222 224 225 226 229 234 235 237 238 241 242 243 245 246 249 250 
82 68         4 9 10 14 15 19 22 23 24 28 29 30 31 32 33 37 40 43 46 47 52 53 57 60 62 64 65 66 68 69 72 73 77 78 79 81 86 87 89 94 95 97 98 100 101 109 114 115 117 120 123 125 126 127 128 130 131 135 139 143 145 152 153 154 156 157 158 160 161 162 163 164 166 167 168 175 177 179 182 184 185 191 194 195 196 197 199 204 205 206 207 209 211 213 214 217 220 222 224 226 227 228 229 231 232 235 238 240 241 242 246 248 249 250 
83 61         4 5 7 8 11 14 15 17 24 25 26 28 29 30 32 34 38 42 43 44 47 55 56 59 61 65 66 70 71 78 79 93 94 101 103 109 115 118 121 122 128 129 133 136 139 140 142 149 151 155 156 157 158 162 164 165 166 168 170 171 174 175 177 179 184 188 189 190 191 197 198 199 201 209 212 215 217 222 224 227 230 231 236 239 242 247 249 250 
84 27         5 6 10 11 12 15 16 19 22 24 26 27 28 30 31 37 42 44 45 46 49 51 52 57 62 65 66 67 71 72 76 77 79 80 81 86 92 93 95 96 98 100 102 103 107 111 113 118 119 120 123 125 126 133 135 136 140 152 153 154 161 167 168 170 171 174 175 177 179 182 183 185 191 197 206 207 212 214 216 219 220 221 222 224 225 228 229 232 235 238 239 240 242 249 
85 95         2 4 12 18 23 24 25 26 27 28 35 37 38 40 41 44 46 48 56 58 60 61 62 63 64 66 68 69 72 73 74 77 78 81 86 89 90 91 93 95 96 97 101 105 107 108 110 117 119 125 126 140 142 143 145 147 148 150 154 158 160 163 164 167 172 181 182 183 184 186 190 198 201 206 207 211 212 214 216 218 220 221 222 223 225 229 230 231 233 234 236 243 244 246 247 248 250 
86 83         1 3 4 6 10 12 13 16 17 19 22 25 26 27 28 29 30 32 36 40 41 44 49 50 51 52 53 56 57 59 61 65 66 67 70 71 72 75 77 81 82 84 85 87 88 90 91 93 96 97 101 102 105 110 111 114 115 120 123 125 127 129 130 132 134 135 138 139 143 145 147 148 149 152 154 157 161 164 169 172 174 176 181 182 184 189 195 197 201 204 207 210 222 223 224 225 226 227 228 230 231 236 240 241 243 244 249 
87 91         1 5 7 10 14 15 16 18 19 20 22 32 42 44 50 52 53 55 56 57 58 59 61 63 64 65 69 70 74 76 82 86 92 95 96 98 99 100 106 107 109 112 113 119 121 123 125 128 129 132 135 137 138 146 152 154 155 156 160 161 162 163 165 166 171 174 181 184 185 186 187 192 194 195 196 197 198 199 202 203 209 210 211 212 213 214 218 221 224 225 226 230 231 235 236 240 241 242 246 248 
88 90         2 3 4 6 8 15 16 18 20 23 24 27 32 33 34 39 49 55 56 60 62 69 70 71 72 73 74 78 80 86 90 91 93 94 99 105 107 108 111 115 116 120 124 126 127 129 130 133 139 140 142 143 148 151 154 155 156 160 162 168 169 170 173 174 178 179 181 183 185 189 190 191 192 193 196 200 202 205 206 207 208 210 211 212 213 214 215 216 218 219 225 233 237 238 239 243 246 248 250 
89 38         5 7 9 10 14 18 19 23 24 25 28 29 30 31 32 33 34 39 41 42 44 51 53 55 64 65 68 75 77 79 80 81 82 85 91 92 96 97 101 107 110 113 116 117 120 121 122 123 125 128 134 136 137 139 147 148 149 151 153 154 156 161 163 168 170 174 178 181 182 185 186 187 190 192 194 202 203 206 208 216 220 221 222 224 225 226 228 230 231 234 235 236 238 240 241 242 245 248 250 
90 93         2 14 17 19 21 22 25 32 35 39 40 46 47 50 51 52 54 59 62 66 67 68 69 71 73 78 80 81 85 86 88 91 95 97 98 99 104 106 107 109 118 122 123 124 129 132 133 135 137 138 139 140 141 144 146 150 151 154 155 156 158 160 163 168 171 178 181 184 186 193 198 202 203 204 206 207 212 213 216 217 218 222 223 224 225 226 230 232 234 237 239 240 244 248 
91 22         2 3 8 9 12 13 14 16 17 19 20 23 28 30 31 32 37 38 42 44 46 48 49 55 57 58 59 60 63 64 65 66 67 73 74 77 81 85 86 88 89 90 100 107 111 115 116 117 118 119 121 122 128 129 130 131 133 134 138 139 145 146 148 150 155 157 158 160 163 166 167 168 169 170 172 173 174 177 178 184 190 194 200 203 204 208 209 210 211 214 216 217 218 221 222 229 236 238 242 
92 35         4 18 22 24 26 30 31 32 33 34 42 43 45 46 47 48 49 50 51 53 55 59 62 63 68 69 70 71 73 75 76 78 81 84 87 89 96 100 101 113 115 121 124 127 137 138 143 144 145 149 150 152 154 155 159 161 165 167 168 170 171 176 184 187 188 192 194 197 198 202 205 208 210 211 213 215 216 217 219 222 223 228 230 231 233 234 235 236 242 245 247 
93 38         1 4 6 7 9 11 12 16 19 26 30 31 32 34 37 39 40 42 43 45 57 63 68 69 76 77 78 79 83 84 85 86 88 94 99 100 102 103 104 109 122 127 128 133 138 141 143 146 149 150 153 157 160 162 165 169 170 171 175 179 181 183 186 190 193 194 195 197 199 200 201 205 208 210 212 214 215 217 218 219 221 222 223 225 237 238 239 240 242 245 247 250 
94 100        5 7 9 10 12 13 20 21 22 26 28 29 31 32 35 37 39 43 48 51 53 54 58 60 61 63 65 67 68 69 71 72 77 79 82 83 88 93 95 98 99 104 108 112 114 115 116 118 123 124 125 126 133 138 142 145 146 148 155 156 159 161 162 164 165 169 171 172 173 174 175 182 185 187 189 190 192 194 198 202 203 208 211 212 213 218 219 220 221 223 226 227 231 232 233 237 240 241 242 243 248 249 250 
95 26         1 2 4 5 6 9 21 22 23 25 26 28 33 34 37 38 41 44 46 51 57 59 60 61 62 63 66 68 70 73 77 80 81 82 84 85 87 90 94 96 98 99 101 102 103 104 106 107 110 112 114 117 119 120 121 123 127 135 137 138 140 142 143 145 148 149 152 154 158 164 166 169 170 171 172 175 178 180 183 184 185 188 189 190 192 193 195 201 205 206 207 208 213 214 218 219 224 228 229 232 239 242 243 245 246 247 249 250 
96 35         1 2 4 5 10 14 15 18 19 21 25 26 28 29 33 34 37 39 40 43 47 49 51 58 59 60 61 62 63 64 65 67 68 71 75 76 84 85 86 87 89 92 95 98 101 104 106 108 115 119 130 132 133 134 139 141 149 150 158 164 167 182 183 184 189 194 198 199 201 202 203 205 208 209 211 213 215 217 218 222 223 227 231 233 236 239 241 242 246 248 249 250 
97 64         1 2 4 5 12 13 15 16 19 22 23 24 33 38 40 41 49 50 52 53 63 66 69 71 77 81 82 85 86 89 90 98 101 105 106 107 108 109 110 111 112 119 120 122 123 124 129 137 139 140 141 142 143 144 149 150 151 153 163 166 172 173 186 187 188 191 192 194 195 200 203 205 206 208 211 212 213 214 215 216 217 219 220 221 222 223 226 228 230 238 240 241 242 245 
98 40         1 2 4 10 12 13 15 18 23 24 28 29 30 31 32 33 34 35 37 39 40 41 46 47 48 50 51 52 55 56 58 59 61 64 65 68 69 70 71 79 82 84 87 90 94 95 96 97 99 100 101 104 106 107 110 115 117 118 119 126 130 134 135 138 140 142 144 148 151 155 156 158 159 160 163 164 168 171 174 175 176 177 178 181 182 183 184 185 187 200 207 210 214 217 219 221 222 224 227 228 229 235 238 239 240 242 244 247 248 
99 79         1 2 8 10 14 17 28 32 33 35 36 40 41 49 52 54 57 64 65 66 78 87 88 90 93 94 95 98 100 101 104 106 107 108 111 112 116 117 119 120 124 126 129 133 135 136 140 141 142 147 151 155 156 157 159 161 165 167 172 173 174 175 176 177 181 182 185 189 192 193 198 199 200 202 205 207 208 211 213 214 216 217 221 222 223 225 226 228 235 239 240 245 246 247 249 250 
100 49        4 5 9 14 17 18 23 25 26 29 30 32 34 36 38 39 43 44 46 49 50 51 54 55 57 58 61 62 63 65 66 67 68 69 72 74 77 79 82 84 87 91 92 93 98 99 107 114 115 126 127 129 131 133 137 139 140 144 148 150 153 161 162 164 165 166 168 169 171 175 178 180 185 189 191 195 197 200 201 203 206 209 210 211 216 218 220 221 222 230 232 234 236 246 249 
101 88        1 11 13 17 20 21 26 28 30 33 36 37 40 41 42 43 44 45 46 47 50 52 58 60 61 62 63 66 68 71 74 82 83 85 86 89 92 95 96 97 98 99 102 103 105 107 109 111 120 121 125 126 129 130 132 133 135 143 144 150 151 152 153 156 158 164 167 168 171 172 174 180 182 183 184 187 192 193 195 197 202 203 204 206 207 214 216 225 233 236 237 238 240 241 243 244 247 249 250 
102 41        1 3 4 5 6 7 9 11 12 13 18 19 28 29 37 39 40 41 44 47 50 51 53 56 59 60 62 64 67 68 70 72 73 74 77 78 80 81 84 86 93 95 101 104 105 106 107 110 111 112 113 120 123 126 128 129 131 137 140 141 149 150 152 153 157 159 161 165 169 172 173 175 177 178 179 181 184 186 188 189 191 192 193 195 199 201 202 203 205 206 208 209 211 213 216 218 219 220 228 233 234 236 237 241 242 245 250 
103 28        6 12 16 17 18 19 21 30 32 35 40 41 44 47 52 54 55 59 62 64 66 67 72 76 77 78 80 83 84 93 95 101 113 114 117 118 120 122 125 126 129 131 142 143 146 147 148 150 151 159 160 161 163 166 167 169 170 171 180 186 187 188 190 193 197 198 203 205 209 212 213 214 215 217 218 219 223 225 229 230 231 233 234 237 239 241 245 
104 62        2 3 10 13 15 16 20 21 22 25 26 29 30 31 35 37 39 40 41 42 43 44 45 47 48 50 53 56 58 63 74 76 78 81 90 93 94 95 96 98 99 102 110 112 118 119 123 125 128 135 138 141 142 143 145 149 150 152 153 154 159 162 164 166 167 171 175 182 184 191 193 195 197 202 204 207 208 210 213 214 216 217 220 222 226 228 230 231 234 236 240 242 
105 78        1 3 7 16 21 23 27 34 40 43 44 47 58 63 67 71 74 80 85 86 88 97 101 102 106 113 114 118 121 126 130 132 136 140 141 142 144 146 149 150 151 153 155 156 158 162 164 165 167 169 170 175 179 181 184 187 188 189 190 191 192 196 197 203 205 207 210 213 214 215 216 218 221 223 225 227 229 232 233 239 243 248 
106 65        2 4 8 10 17 18 23 32 35 36 39 42 46 47 48 49 50 51 54 56 61 63 64 65 72 75 76 77 87 90 95 96 97 98 99 102 105 107 110 111 117 122 125 127 131 132 136 137 138 140 142 143 144 146 150 151 152 153 161 164 166 167 176 177 178 181 183 184 185 187 189 190 193 194 195 196 200 203 204 206 207 208 211 216 218 219 222 225 228 230 231 233 234 240 243 244 245 246 247 249 
107 90        1 4 7 9 13 14 16 17 18 19 21 24 25 26 31 33 34 35 38 40 41 42 44 47 48 57 58 62 63 64 67 69 78 84 85 87 88 89 90 91 95 97 98 99 100 101 102 106 110 116 118 120 121 122 124 130 131 134 136 140 141 143 146 149 150 155 159 162 163 164 165 169 171 173 177 178 179 181 182 183 185 187 188 192 193 196 198 202 203 207 208 209 216 217 220 224 230 236 237 239 241 243 244 245 246 247 
108 35        3 4 5 6 9 10 11 15 17 18 22 24 25 29 30 31 32 33 34 36 37 38 41 45 46 47 51 54 55 60 61 62 63 64 65 67 69 70 72 74 75 76 78 85 88 94 96 97 99 110 112 114 116 119 121 122 124 125 126 130 131 132 133 135 138 139 140 143 146 147 148 149 150 151 152 153 154 155 156 157 165 170 174 177 178 180 184 186 189 191 197 201 203 205 208 211 213 215 217 218 219 221 223 224 225 226 227 228 232 236 238 241 246 247 249 250 
109 50        6 7 8 9 10 11 12 13 14 15 24 25 30 31 32 34 35 36 40 41 43 44 48 51 53 54 61 62 63 65 67 68 70 72 73 74 77 80 82 83 87 90 93 97 101 120 122 123 125 127 132 133 135 136 137 138 139 141 143 144 146 147 150 152 153 156 157 161 165 166 174 176 178 180 187 189 190 191 192 193 195 197 203 204 207 211 212 221 226 227 228 229 234 237 238 242 244 245 246 248 250 
110 62        4 6 9 15 18 21 25 27 30 32 33 36 39 43 48 51 52 53 59 60 62 66 68 69 71 74 75 76 77 79 80 85 86 89 95 97 98 102 104 106 107 108 112 113 114 118 119 120 121 124 127 134 135 137 138 139 140 142 145 147 151 160 162 165 167 170 171 172 174 175 176 178 179 185 189 190 192 195 196 197 198 200 203 205 208 211 213 214 216 219 220 221 224 229 232 240 242 244 246 248 
111 91        1 2 4 5 7 11 17 19 21 23 24 25 27 30 31 34 35 40 41 50 51 53 54 55 56 58 59 60 63 66 69 70 72 76 78 80 84 86 88 91 97 99 101 102 106 112 115 117 119 120 123 125 128 129 130 133 137 140 141 142 143 144 145 146 148 153 163 164 170 171 173 174 176 178 179 181 183 185 188 194 196 197 201 202 204 207 208 209 211 213 214 219 221 222 223 224 228 233 234 242 245 246 247 249 
112 57        1 2 4 5 18 20 22 24 27 28 33 34 36 41 47 49 52 54 55 56 57 58 59 60 62 63 69 78 79 80 87 94 95 97 99 102 104 108 110 111 113 114 115 117 118 119 120 121 122 124 127 129 130 131 133 140 141 146 147 150 153 156 159 161 164 165 168 171 172 174 176 177 178 182 183 185 187 189 190 195 196 198 206 208 209 211 213 216 219 223 225 226 230 232 234 236 241 242 244 245 248 249 
113 60        2 4 7 13 19 21 29 38 43 48 50 54 55 58 59 60 61 63 65 66 67 68 70 73 75 77 79 84 87 89 92 102 103 105 110 112 114 115 117 121 129 133 135 137 143 146 148 150 151 153 154 155 157 160 161 164 165 168 174 176 183 184 190 191 192 193 194 204 205 207 214 219 220 222 224 227 228 234 235 240 241 242 246 250 
114 50        2 5 8 9 14 18 21 22 32 34 43 44 46 49 52 55 57 62 63 67 69 72 74 78 82 86 94 95 100 103 105 108 110 112 113 115 116 117 119 120 122 124 126 131 132 133 134 140 146 147 151 152 156 159 160 162 168 170 172 179 180 182 183 184 186 187 190 191 194 199 205 206 212 214 221 226 231 232 233 234 235 239 240 241 245 249 250 
115 28        7 9 10 16 19 24 30 39 40 43 48 49 52 53 54 56 58 60 62 64 65 67 68 69 73 75 76 77 79 82 83 86 88 91 92 94 96 98 100 111 112 113 114 116 119 125 128 133 139 140 143 151 153 154 157 158 162 165 168 171 174 176 181 182 183 185 186 189 196 197 198 199 202 204 209 210 218 221 222 223 228 232 235 236 238 239 240 241 242 243 249 250 
116 77        1 3 5 9 10 12 13 15 16 17 23 31 32 34 37 38 39 42 46 48 49 51 52 57 58 61 62 67 70 72 73 77 78 79 81 88 89 91 94 99 107 108 114 115 117 119 122 124 126 128 133 134 135 137 140 142 143 144 146 151 152 155 157 159 161 165 166 169 170 172 175 177 179 182 185 188 191 193 198 200 204 210 211 213 214 217 219 222 225 226 227 228 229 237 240 245 248 
117 97        2 3 4 7 13 16 23 27 28 32 33 34 37 40 41 42 46 47 49 51 52 60 61 64 65 67 68 69 71 74 76 79 80 82 85 89 91 95 98 99 103 106 111 112 113 114 116 118 119 121 123 128 131 132 135 137 139 140 141 143 147 155 157 158 162 164 165 166 170 171 172 174 184 185 188 192 194 197 199 205 208 212 217 218 219 227 228 233 234 236 238 241 244 245 247 
118 35        1 5 7 8 9 11 14 17 25 26 28 31 38 40 45 46 47 50 52 53 54 57 60 62 63 67 71 72 74 75 79 83 84 90 91 94 98 103 104 105 107 110 112 117 126 127 128 129 130 134 136 137 139 140 143 144 147 148 152 156 157 162 163 168 169 172 174 177 179 180 182 183 184 185 187 189 196 197 201 204 205 206 207 211 212 213 214 218 226 227 230 231 239 243 246 249 
119 40        1 2 5 6 8 10 11 16 18 25 32 36 43 44 45 47 48 50 53 60 61 63 65 66 69 71 72 74 76 79 80 84 85 87 91 95 96 97 98 99 104 108 110 111 112 114 115 116 117 122 123 124 126 127 129 134 135 137 138 139 141 147 149 150 152 157 165 170 172 176 177 178 181 182 183 186 188 189 190 192 193 194 195 197 200 202 204 206 209 210 216 219 220 221 223 225 226 230 236 241 243 245 246 247 249 
120 21        1 2 3 7 8 9 11 13 15 27 28 31 33 35 36 39 43 44 45 46 49 51 55 56 57 60 61 62 64 65 67 71 73 74 80 82 84 86 88 89 95 97 99 101 102 103 107 109 110 111 112 114 121 123 129 130 132 133 134 136 137 145 146 148 149 157 158 162 168 169 170 173 175 176 178 179 181 182 183 184 187 188 192 194 195 196 197 200 202 205 206 208 210 211 212 213 217 219 222 224 226 227 233 234 237 239 241 245 249 250 
121 73        6 8 9 12 15 17 19 21 22 23 24 26 28 31 36 39 41 42 43 48 50 52 53 57 58 60 65 66 68 73 74 78 79 80 83 87 89 91 92 95 101 105 107 108 110 112 113 117 120 128 130 131 132 135 136 142 143 145 147 155 156 157 159 160 161 165 173 176 179 185 188 189 192 197 198 199 201 205 206 214 216 218 219 226 229 234 235 239 240 242 245 246 247 248 250 
122 30        1 5 7 9 14 15 16 17 22 25 26 33 34 35 38 40 45 46 47 54 55 56 60 68 70 72 76 81 83 89 90 91 93 97 103 106 107 108 109 112 114 116 119 125 130 132 133 136 137 138 139 140 141 144 147 148 154 160 163 165 166 167 172 173 174 180 181 187 190 196 199 200 201 202 205 213 214 216 218 219 220 226 227 228 229 237 238 241 242 243 
123 75        3 5 7 8 15 16 17 18 20 21 24 26 29 30 31 36 38 42 55 56 60 61 62 64 67 68 69 71 75 78 82 84 86 87 89 90 94 95 97 102 104 109 111 117 119 120 124 128 129 130 135 141 142 143 144 147 149 155 158 162 165 167 170 172 177 181 185 187 189 193 195 198 199 200 201 203 209 211 213 214 215 218 223 228 229 232 233 234 235 236 241 242 243 244 245 246 
124 50        1 7 8 12 14 16 19 20 21 23 26 28 30 31 34 36 38 39 41 43 45 48 52 54 55 63 67 72 74 75 78 79 81 88 90 92 94 97 99 107 108 110 112 114 116 119 123 126 130 131 133 139 144 146 147 154 160 161 163 164 165 166 167 169 170 171 173 176 179 183 187 190 191 197 198 200 202 204 207 211 212 215 218 222 225 228 229 231 233 234 240 242 243 245 
125 27        1 2 3 6 7 8 10 12 14 15 17 19 23 28 29 34 35 36 40 42 46 47 56 57 58 59 60 64 66 67 69 71 72 74 79 82 84 85 86 87 89 94 101 103 104 106 108 109 111 115 122 129 132 135 139 142 144 145 146 148 149 150 151 152 153 156 161 162 163 164 169 170 175 177 178 183 184 185 190 191 194 197 198 199 203 204 205 206 209 211 213 214 215 220 224 226 229 230 231 232 234 235 238 242 249 
126 58        1 2 4 6 7 8 9 10 19 21 22 24 25 33 39 40 41 43 44 45 50 56 60 61 64 65 67 69 76 80 82 84 85 88 94 98 99 100 101 102 103 105 108 114 116 118 119 124 127 128 137 138 141 142 146 150 152 154 156 158 159 161 162 165 166 167 168 172 174 175 177 178 180 181 182 183 191 195 201 207 212 216 218 223 224 228 232 234 236 239 240 241 242 243 245 246 249 250 
127 59        1 2 3 5 6 9 12 15 17 18 20 21 22 23 24 27 28 30 32 33 37 42 45 48 49 52 53 54 55 59 61 63 65 66 68 69 71 73 76 77 79 80 82 86 88 92 93 95 100 106 109 110 112 118 119 126 129 133 137 139 142 144 145 151 155 157 159 160 162 163 164 166 167 171 172 173 175 177 178 179 181 183 187 188 189 191 192 194 196 200 205 208 213 214 215 216 218 219 220 221 224 226 228 231 232 233 234 237 238 240 244 245 246 248 
128 94        2 3 8 10 11 12 13 15 16 30 35 38 40 42 43 44 45 46 48 49 50 53 56 58 64 69 72 80 82 83 87 89 91 93 102 104 111 115 116 117 118 121 123 126 131 132 133 136 137 144 146 149 162 163 172 175 183 187 189 192 194 195 197 200 202 203 212 220 221 227 228 230 234 235 237 238 240 241 247 248 249 
129 60        1 2 3 5 10 16 18 20 22 23 26 27 28 32 35 37 40 41 44 47 48 55 57 58 63 64 65 67 72 74 75 77 83 86 87 88 90 91 97 99 100 101 102 103 111 112 113 118 119 120 123 125 127 132 134 136 137 139 143 144 147 148 149 153 156 158 159 167 170 171 174 175 176 179 182 185 187 194 195 200 205 218 221 222 225 227 231 232 239 240 243 245 248 
130 55        7 8 15 16 17 21 22 27 28 29 35 38 44 51 52 53 54 55 57 62 63 64 65 66 72 76 77 78 81 82 86 88 91 96 98 101 105 107 108 111 112 118 120 121 122 123 124 132 133 135 137 139 142 145 150 151 153 155 159 160 161 162 164 165 167 172 173 176 187 190 193 194 195 196 199 211 212 213 215 217 219 223 224 226 228 234 235 236 245 248 249 
131 89        1 3 5 7 8 11 13 15 20 21 22 25 26 28 30 32 33 37 47 48 50 54 58 62 64 65 66 67 69 71 74 75 77 82 91 100 102 103 106 107 108 112 114 117 121 124 128 135 139 141 144 145 146 148 150 151 153 158 168 174 179 180 184 190 192 194 197 198 199 203 205 211 213 219 224 225 228 229 231 237 240 241 243 245 247 
132 84        1 2 4 6 9 11 16 17 19 20 21 23 25 26 29 30 35 36 41 46 47 48 51 55 56 58 60 61 64 68 70 71 73 75 76 80 81 86 87 90 96 101 105 106 108 109 114 117 120 121 122 125 128 129 130 135 138 140 141 142 145 147 152 155 161 163 174 179 181 182 183 184 185 192 193 195 199 201 208 214 217 219 223 228 230 232 233 235 236 240 245 247 250 
133 91        2 3 5 7 8 9 11 14 15 16 18 19 22 28 30 34 37 44 45 46 49 51 56 58 60 65 66 67 68 74 77 81 83 84 88 90 91 93 94 96 99 100 101 108 109 111 112 113 114 115 116 120 122 124 127 128 130 136 137 138 139 143 147 148 150 152 153 155 159 160 163 165 166 168 175 176 179 180 181 182 186 189 191 192 194 198 203 204 206 207 208 210 214 216 217 219 222 223 226 227 229 231 232 235 236 240 242 246 248 249 250 
134 65        1 5 6 9 13 14 16 18 20 27 28 29 35 37 39 42 43 48 49 50 53 59 63 64 65 67 69 72 73 77 79 80 86 89 91 96 98 107 110 114 116 118 119 120 129 136 139 141 142 143 145 146 147 148 151 152 156 160 164 168 169 175 176 177 179 181 183 186 187 192 199 204 205 206 211 217 218 221 222 223 226 227 230 231 234 245 246 249 
135 99        6 8 9 10 13 14 15 18 20 23 25 26 27 36 38 39 41 42 43 44 45 47 51 52 56 62 64 66 67 68 69 70 72 74 78 80 82 84 86 87 90 95 98 99 101 104 108 109 110 113 116 117 119 121 123 125 130 131 132 137 141 143 146 148 149 158 159 160 161 162 163 166 171 173 174 179 184 185 191 192 193 194 195 197 201 202 203 204 205 207 211 215 219 226 227 230 231 232 233 237 238 240 241 245 248 249 
136 89        3 8 9 10 11 12 14 17 18 19 23 29 30 34 40 41 45 47 48 49 51 53 54 57 61 68 69 73 75 80 81 83 84 89 99 105 106 107 109 118 120 121 122 128 129 133 134 141 144 145 146 149 152 154 155 160 161 164 166 168 171 173 176 177 178 179 181 182 183 192 195 199 202 204 207 208 210 211 212 213 217 220 222 226 229 230 231 235 237 238 239 241 245 248 250 
137 83        1 2 6 8 10 13 17 18 19 20 21 25 26 28 32 34 46 48 51 52 56 57 58 60 64 68 69 71 72 73 74 76 77 79 80 81 87 89 90 92 95 97 100 102 106 109 110 111 113 116 117 118 119 120 122 126 127 128 129 130 133 135 139 140 143 147 152 158 166 167 171 172 175 176 179 180 182 183 190 192 196 197 198 199 203 204 206 207 208 210 214 215 222 223 225 226 229 231 233 234 237 238 239 241 243 244 246 247 249 
138 47        3 5 6 9 10 11 16 18 19 23 24 27 28 37 43 47 48 49 51 52 58 62 64 65 68 72 76 80 81 86 87 90 91 92 93 94 95 98 104 106 108 109 110 119 122 126 132 133 140 141 143 146 148 150 153 154 160 161 163 164 165 166 168 169 171 176 177 182 184 187 188 193 194 198 200 202 204 208 209 210 215 217 219 220 221 222 223 225 231 234 235 238 240 242 244 245 249 
139 52        3 8 10 11 13 16 18 19 26 33 34 36 38 40 41 43 46 47 49 53 55 60 61 62 63 67 73 77 78 80 82 83 86 88 89 90 91 96 97 100 108 109 110 115 117 118 119 122 124 125 127 129 130 131 133 134 137 140 141 145 148 152 155 158 162 164 166 167 169 173 176 178 179 180 181 183 185 186 187 193 194 195 199 200 206 207 214 215 220 222 224 225 227 229 236 238 241 245 248 
140 24        2 5 6 10 15 16 17 18 21 22 24 27 29 33 35 37 43 45 55 56 58 59 61 63 64 67 69 70 72 73 75 76 77 78 80 81 83 84 85 88 90 95 97 98 99 100 102 105 106 107 108 110 111 112 114 115 116 117 118 122 132 137 138 139 142 143 144 146 147 148 152 158 164 165 166 167 169 170 171 172 176 179 180 181 183 184 185 186 187 190 192 193 194 195 202 207 208 211 215 222 224 225 226 227 228 232 236 244 247 249 
141 66        1 2 6 7 9 12 13 14 15 19 24 25 32 33 38 43 44 45 46 50 51 54 59 60 66 68 69 71 73 90 93 96 97 99 102 104 105 107 109 111 112 117 119 122 123 126 131 132 134 135 136 138 139 142 143 145 146 150 151 152 154 155 156 157 164 167 169 170 173 176 177 180 185 186 189 191 192 193 196 199 204 207 208 212 217 219 220 221 222 224 225 235 238 239 240 241 242 249 250 
142 98        3 4 5 6 10 15 16 29 30 31 35 41 42 43 45 52 54 55 59 61 63 66 67 68 71 72 73 74 79 80 81 83 85 88 94 95 97 98 99 103 104 105 106 110 111 116 121 123 125 126 127 130 132 134 140 141 143 145 146 154 156 161 163 164 169 172 176 179 181 184 185 186 188 192 196 199 200 201 205 211 212 214 216 217 220 223 227 229 234 235 236 242 243 244 246 247 248 250 
143 51        2 7 9 14 16 17 18 22 23 25 27 28 30 31 32 34 36 37 38 60 62 63 64 67 68 69 75 78 81 82 85 86 88 92 93 95 97 101 103 104 106 107 108 109 111 113 115 116 117 118 121 123 129 133 134 135 137 138 140 141 142 146 147 149 150 152 156 158 159 161 165 166 169 172 174 178 180 183 184 185 189 190 191 196 198 201 202 203 206 207 209 211 218 221 222 223 224 225 232 233 234 240 245 248 249 
144 21        2 5 8 12 14 16 19 20 22 23 25 26 27 28 30 34 36 37 38 43 48 51 53 54 57 60 61 63 65 66 68 69 70 72 73 76 81 90 92 97 98 100 101 105 106 109 111 116 118 122 123 124 125 127 128 129 131 136 140 149 152 153 155 157 158 161 167 168 173 174 176 179 180 183 186 187 190 192 193 197 200 204 206 209 210 214 218 220 222 223 226 230 244 249 250 
145 23        5 7 8 9 13 15 16 17 18 20 24 27 28 30 31 32 34 39 43 50 51 53 56 59 60 63 65 69 70 73 74 75 77 80 82 85 86 91 92 94 95 104 110 111 120 121 125 127 130 131 132 134 136 139 141 142 146 148 150 153 155 158 159 164 165 168 169 171 172 175 178 181 184 186 196 199 200 201 202 203 207 208 209 212 213 214 216 217 219 224 225 235 236 238 240 243 246 247 250 
146 78        3 6 10 11 14 17 23 24 26 30 31 32 33 42 45 49 50 51 52 57 58 59 60 61 62 63 64 65 66 67 72 73 80 87 90 91 93 94 103 105 106 107 108 109 111 112 113 114 116 120 124 125 126 128 131 134 135 136 138 140 141 142 143 145 149 151 153 157 158 159 161 163 164 169 172 176 178 180 184 186 191 193 194 195 197 200 201 205 206 210 211 212 214 216 218 219 222 223 224 225 227 233 237 238 239 240 242 243 245 247 
147 41        1 2 3 5 8 10 12 14 15 16 18 20 21 28 31 32 33 34 35 36 40 41 42 44 45 47 50 54 55 56 61 62 64 68 69 70 71 73 74 75 76 78 85 86 89 99 103 108 109 110 112 114 117 118 119 121 122 123 124 129 132 133 134 137 140 143 148 151 152 155 158 159 161 163 167 169 175 177 178 179 182 185 186 190 192 199 200 202 203 206 212 214 216 218 220 221 224 226 229 231 232 234 236 237 239 240 241 244 247 
148 99        1 3 4 7 9 12 13 14 15 17 19 22 23 28 32 33 35 36 38 40 41 44 54 56 57 59 63 67 74 81 85 86 88 89 91 94 95 98 100 103 108 111 113 118 120 122 125 129 131 133 134 135 138 139 140 145 147 149 151 158 164 168 170 172 173 175 177 179 180 181 184 188 191 193 194 196 197 199 200 205 207 212 213 214 215 216 220 221 222 225 228 229 230 233 234 236 240 241 
149 52        6 7 8 9 10 13 14 16 17 23 27 29 31 36 37 38 40 41 42 47 48 54 55 56 57 58 59 60 62 63 65 71 72 73 74 75 77 78 80 83 86 89 92 93 95 96 97 102 104 105 107 108 119 120 123 125 128 129 135 136 143 144 146 148 152 153 158 164 166 170 173 177 178 180 181 184 186 187 188 190 192 193 195 201 202 203 208 210 213 216 218 225 226 233 234 235 237 240 244 246 247 
150 36        6 9 11 13 16 20 24 25 27 33 41 43 46 47 48 49 50 54 56 61 65 67 68 70 71 73 80 81 85 90 91 92 93 96 97 100 101 102 103 104 105 106 107 108 109 112 113 119 125 126 130 131 133 138 141 143 145 160 162 164 169 170 172 173 174 176 177 178 182 184 185 187 190 191 192 194 202 205 212 213 215 221 228 229 230 235 238 242 243 246 
151 69        5 6 7 9 11 13 16 17 21 25 27 33 42 43 49 52 58 65 67 68 69 73 74 76 78 79 80 83 88 89 90 97 98 99 101 103 105 106 108 110 113 114 115 116 125 127 130 131 134 141 146 147 148 152 153 154 155 157 158 159 160 163 164 167 170 171 175 176 186 188 193 196 197 200 202 205 207 209 210 213 216 219 220 223 227 240 243 244 245 249 
152 70        1 5 6 8 11 16 18 19 24 26 27 30 33 41 47 51 52 53 56 57 58 59 68 70 71 77 79 82 84 86 87 92 95 101 102 104 106 108 109 114 116 118 119 125 126 132 133 134 136 137 139 140 141 143 144 147 149 151 153 155 156 158 160 161 168 171 175 182 183 187 188 190 192 194 198 201 203 205 207 210 214 218 220 226 228 229 232 233 234 237 239 240 242 243 244 245 
153 91        5 7 8 12 15 16 17 18 21 30 36 45 46 49 50 55 56 60 64 68 71 72 73 75 76 79 80 81 82 84 89 93 97 100 101 102 104 105 106 108 109 111 112 113 115 125 129 130 131 133 138 144 145 146 149 151 152 155 156 160 162 163 164 167 169 170 172 173 174 176 177 180 181 191 193 197 201 202 204 207 209 210 213 217 218 219 224 228 230 231 232 235 237 241 244 245 246 
154 54        1 3 5 6 9 10 14 18 21 25 27 29 33 34 35 36 39 42 49 50 51 52 54 55 57 63 65 70 74 78 80 82 84 85 86 87 88 89 90 92 95 104 108 113 115 122 124 126 136 138 141 142 151 155 160 161 163 164 165 169 170 172 173 174 176 178 180 182 186 188 190 194 196 199 201 202 204 206 208 209 211 219 220 225 227 228 230 237 238 239 240 247 248 250 
155 38        6 7 8 9 12 15 16 19 21 23 25 35 38 39 40 41 45 46 48 50 52 53 57 58 62 64 66 69 73 76 77 79 83 87 88 90 91 92 94 98 99 105 107 108 113 116 117 121 123 127 130 132 133 136 139 141 144 145 147 151 152 153 154 157 158 161 162 164 167 168 170 171 172 176 177 178 179 181 182 184 186 187 188 189 193 194 198 199 201 203 207 208 209 215 216 221 227 231 232 234 236 237 238 241 242 245 246 248 250 
156 98        3 4 5 9 12 15 17 21 24 33 37 39 40 41 46 47 49 51 52 53 55 57 60 64 65 66 67 68 69 71 72 76 78 79 82 83 87 88 89 90 94 98 99 101 105 108 109 112 114 118 121 125 126 129 134 141 142 143 152 153 157 159 160 162 166 167 168 170 171 172 175 179 181 183 185 188 189 191 192 193 195 197 200 201 202 204 207 209 212 214 215 217 220 221 222 225 230 231 234 235 236 237 239 241 245 249 
157 57        1 3 4 6 7 9 10 13 14 16 19 20 21 22 23 24 25 26 27 29 32 34 40 43 44 45 49 51 53 56 57 61 62 66 70 71 75 76 81 82 83 86 91 93 99 102 108 109 113 115 116 117 118 119 120 121 127 141 144 146 151 155 156 160 163 164 167 169 173 177 180 182 184 188 190 191 192 194 198 204 205 207 208 209 210 212 213 214 216 218 220 221 222 229 232 234 235 236 237 239 243 246 247 250 
158 64        2 4 7 11 12 14 15 18 21 22 26 30 31 32 37 42 45 46 49 50 52 55 57 62 63 70 74 77 79 82 83 85 90 91 95 96 98 101 105 115 117 120 123 126 129 131 135 137 139 140 143 144 145 146 147 148 149 151 152 155 160 161 165 166 167 170 175 176 178 179 180 181 183 186 191 192 196 199 202 203 205 209 211 213 215 216 218 219 220 224 225 227 232 233 235 237 247 
159 76        4 5 7 12 13 14 24 25 26 28 29 32 33 39 42 52 53 55 57 61 62 63 71 72 75 76 80 92 94 98 99 102 103 104 107 112 114 116 121 126 127 129 130 133 135 143 145 146 147 151 156 160 163 164 171 172 174 176 179 181 183 184 185 188 194 196 200 201 206 208 210 216 220 222 225 226 230 231 232 235 236 238 244 245 246 
160 61        2 3 4 7 8 10 15 18 21 23 26 29 33 34 37 45 46 51 52 54 55 56 57 58 59 60 62 63 67 68 69 70 81 82 85 87 88 90 91 93 98 103 110 113 114 121 122 124 127 130 133 134 135 136 138 150 151 152 153 154 156 157 158 159 167 168 169 170 173 174 176 177 179 187 188 190 191 194 196 197 198 199 201 202 205 210 212 213 216 217 223 225 227 228 230 231 235 238 240 246 248 249 
161 31        3 4 5 6 8 9 16 18 19 23 27 28 31 32 34 37 40 44 45 46 51 53 58 60 62 65 66 67 73 75 77 78 79 80 82 84 86 87 89 92 94 99 100 102 103 106 109 112 113 116 121 124 125 126 130 132 135 136 138 142 143 144 146 147 152 154 155 158 164 165 166 167 168 171 173 174 176 178 183 188 190 192 194 195 197 198 201 203 206 212 214 216 218 221 223 224 226 228 230 232 233 234 235 237 241 242 247 248 
162 27        1 2 4 5 7 17 18 19 24 25 27 28 29 32 36 40 44 46 48 49 52 53 54 55 59 61 64 73 78 79 80 82 83 87 88 93 94 100 104 105 107 110 114 115 117 118 120 123 125 126 127 128 130 135 139 150 153 155 156 167 171 172 174 175 176 181 184 189 190 193 197 199 206 208 210 212 215 217 225 227 230 231 233 235 236 246 247 250 
163 23        1 5 8 9 12 14 17 18 20 22 23 25 27 29 31 33 37 39 40 42 44 49 53 58 61 67 70 71 73 77 82 85 87 89 90 91 97 98 103 107 111 118 122 124 125 127 128 132 133 135 138 142 146 147 151 153 154 157 159 164 165 167 169 176 179 182 183 185 187 190 191 192 193 196 197 199 200 202 203 205 206 208 210 211 213 214 216 217 218 220 221 224 230 231 232 233 234 237 238 239 243 244 245 246 247 250 
164 22        2 3 5 7 8 11 12 14 15 17 18 19 20 23 25 27 29 34 38 39 41 43 44 47 52 55 57 58 59 60 63 64 65 67 68 69 77 81 82 83 85 86 94 95 96 98 100 101 104 105 106 107 111 112 113 117 124 125 127 130 134 136 138 139 140 141 142 145 146 148 149 150 151 153 154 155 157 159 161 163 165 166 171 172 175 180 186 188 190 191 192 194 196 197 198 200 201 204 207 209 210 213 214 215 216 219 223 224 229 233 236 238 240 241 244 
165 61        2 3 7 11 12 14 17 21 22 30 33 34 39 40 44 46 48 49 50 51 52 53 55 56 57 60 62 66 72 75 76 77 79 81 83 87 92 93 94 99 100 102 105 107 108 109 110 112 113 115 116 117 119 121 122 123 124 126 130 133 138 140 143 145 154 158 161 163 164 167 169 170 171 172 181 182 184 187 190 191 192 194 199 201 202 207 210 211 215 223 225 227 228 229 238 239 243 244 249 
166 65        1 2 6 9 12 13 15 18 22 23 24 27 32 33 34 36 38 39 41 46 49 54 60 62 63 64 65 70 71 74 78 82 83 87 91 95 97 100 103 104 106 109 116 117 122 124 126 127 133 135 136 137 138 139 140 143 149 156 158 161 164 170 172 173 176 178 183 188 192 194 195 201 205 207 210 211 215 216 222 224 227 230 233 234 237 238 241 246 248 
167 35        9 10 11 14 15 16 17 20 23 25 27 29 30 32 33 34 35 38 43 45 46 47 51 52 53 54 55 56 57 58 60 61 63 64 66 68 70 72 73 82 84 85 91 92 96 99 101 103 104 105 106 110 122 123 124 126 127 129 130 137 139 140 141 144 147 151 153 155 156 157 158 160 161 162 163 165 168 170 172 175 176 179 180 181 182 185 187 195 197 198 199 200 201 203 208 209 212 217 218 220 222 224 225 226 232 233 241 245 249 250 
168 37        5 6 11 14 17 24 25 27 28 29 30 32 33 34 36 37 39 41 44 47 48 51 54 60 62 64 66 70 72 75 77 78 81 82 83 84 88 89 90 91 92 98 100 101 112 113 114 115 118 120 126 131 133 134 136 138 144 145 148 152 155 156 160 161 167 170 172 178 180 183 184 185 189 191 192 193 195 196 198 199 200 201 203 205 207 208 211 212 213 215 224 227 229 231 233 234 236 237 238 240 243 245 246 250 
169 75        2 5 7 10 18 21 22 28 29 31 32 34 35 36 39 42 43 44 46 50 52 54 58 59 61 62 67 68 69 71 72 86 88 91 93 94 95 100 102 103 105 107 116 118 120 124 125 134 138 139 140 141 142 143 145 146 147 150 153 154 157 160 163 165 170 171 172 174 175 179 180 181 183 188 189 190 192 193 196 197 198 199 201 204 210 213 216 217 222 224 225 227 228 230 236 242 243 245 246 249 
170 54        3 9 16 18 19 20 27 30 34 35 37 38 40 42 43 44 47 49 50 53 55 56 60 61 62 63 68 72 73 75 79 80 83 84 88 89 91 92 93 95 103 105 108 110 111 114 116 117 119 120 123 124 125 129 140 141 148 149 150 151 153 154 155 156 158 160 165 166 167 168 169 171 172 176 181 187 189 190 191 192 194 198 200 201 203 205 208 209 210 212 213 214 215 221 224 225 226 227 228 230 232 235 237 238 241 243 244 250 
171 97        1 6 7 9 11 16 17 18 19 20 21 27 28 33 36 37 39 40 44 45 46 57 58 63 65 66 68 69 73 75 78 79 81 83 84 87 90 92 93 94 95 98 100 101 103 104 107 110 111 112 115 117 124 127 129 135 136 137 138 140 145 151 152 155 156 159 161 162 164 165 169 170 175 176 177 185 187 188 193 196 202 206 209 210 211 221 222 223 224 229 235 236 237 240 241 243 245 248 249 
172 45        3 4 5 7 9 10 11 12 17 19 20 22 27 28 32 33 37 38 43 44 45 46 47 48 52 55 56 58 59 62 64 65 66 69 72 73 78 81 85 86 91 94 95 97 99 101 102 110 112 114 116 117 118 119 122 123 126 127 128 130 137 140 142 143 145 146 148 150 153 154 155 156 159 162 164 165 166 167 168 169 170 180 183 186 187 188 193 196 198 199 200 203 204 206 209 213 214 215 217 220 224 225 228 232 236 237 240 243 246 248 
173 78        6 8 13 14 17 18 19 20 23 30 31 34 35 38 44 45 51 53 55 56 58 60 61 63 64 65 68 69 70 72 78 80 88 91 94 97 99 102 107 111 120 121 122 124 127 130 135 136 139 141 144 148 149 150 153 154 157 160 161 166 175 176 177 180 183 188 189 190 191 197 198 200 201 202 204 205 206 209 210 211 214 219 220 221 228 229 233 236 238 239 242 244 245 248 249 
174 22        4 6 8 13 15 16 17 19 21 24 26 29 31 32 37 41 43 46 48 49 50 51 54 58 60 61 63 66 68 71 74 80 83 84 86 87 88 89 91 94 98 99 101 108 109 110 111 112 113 115 117 118 122 126 129 131 132 135 143 144 150 153 154 159 160 161 162 169 176 179 182 183 185 189 190 192 193 195 196 197 198 201 204 205 210 212 213 215 222 223 224 225 233 236 238 239 242 244 
175 79        3 4 5 6 8 9 12 13 14 15 17 23 27 28 30 31 35 38 39 40 42 44 45 46 47 49 51 52 53 56 59 61 64 68 70 71 73 76 81 82 83 84 93 94 95 98 99 100 102 104 105 110 116 120 125 126 127 128 129 133 134 137 145 147 148 151 152 156 158 162 164 167 169 171 173 177 180 185 186 188 193 194 197 204 207 209 226 229 230 232 233 235 237 244 247 
176 76        2 3 8 9 10 12 16 17 18 19 20 23 24 30 33 35 36 37 38 43 44 46 50 56 60 67 69 70 79 81 86 92 98 99 106 109 110 111 112 113 115 119 120 121 124 129 130 133 134 136 137 138 139 140 141 142 144 146 150 151 153 154 155 158 159 160 161 162 163 166 167 170 171 173 174 178 179 182 188 190 198 199 203 204 205 206 210 215 216 217 218 222 226 227 229 230 234 235 238 239 241 242 244 248 249 
177 81        1 10 14 16 17 18 19 22 24 27 30 32 37 41 44 47 50 51 54 55 61 63 64 65 71 74 77 78 80 81 82 83 84 91 98 99 102 106 107 108 112 116 118 119 123 125 126 127 134 136 138 141 147 148 149 150 153 155 157 160 171 173 175 179 180 182 185 186 188 189 192 194 197 198 202 203 204 205 209 211 213 215 218 219 222 223 224 225 226 228 229 234 235 236 243 244 246 249 
178 78        1 2 4 6 8 9 11 12 13 14 17 18 19 22 25 26 29 31 35 36 38 41 42 44 45 47 49 53 54 56 60 62 65 66 69 74 76 80 88 89 90 91 95 98 100 102 106 107 108 109 110 111 112 119 120 125 126 127 136 139 143 145 146 147 149 150 154 155 158 161 166 168 176 179 180 181 182 185 186 189 191 192 194 205 207 209 210 212 214 220 221 223 226 229 234 242 243 245 246 249 
179 41        2 5 11 20 21 23 24 25 26 30 33 35 37 40 41 43 46 47 54 55 57 59 67 68 69 70 71 72 73 75 79 81 82 83 84 88 93 102 105 107 110 111 114 116 118 120 121 124 127 129 131 132 133 134 135 136 137 139 140 142 144 147 148 155 156 158 159 160 163 167 169 174 176 177 178 180 181 192 197 198 202 204 219 220 224 230 231 234 236 239 241 242 246 247 248 
180 59        2 4 5 8 9 10 12 13 14 17 18 20 21 22 24 26 28 29 30 31 33 34 36 37 38 39 40 41 46 53 56 57 58 61 62 63 67 68 69 73 76 77 80 95 100 101 103 108 109 114 118 122 126 131 133 137 139 140 141 143 144 146 148 149 153 154 157 158 164 167 168 169 172 173 175 177 178 179 183 188 190 193 197 198 209 213 216 217 218 219 220 222 223 225 226 228 229 230 231 233 237 238 240 241 243 245 246 
181 28        3 5 6 9 13 14 16 17 21 23 27 29 30 33 35 36 37 39 43 44 45 48 58 61 62 65 66 68 71 73 75 77 80 85 86 87 88 89 90 93 98 99 102 105 106 107 111 115 119 120 122 123 126 127 132 133 134 136 139 140 142 145 148 149 153 155 156 158 159 162 165 167 169 170 178 179 190 195 196 204 207 208 214 220 221 222 223 224 226 231 232 233 234 236 237 241 243 
182 58        1 3 4 6 7 8 9 12 17 18 21 22 24 26 28 32 35 38 39 40 43 44 45 48 49 54 56 57 60 64 67 68 69 73 77 80 82 84 85 86 89 94 96 98 99 101 104 107 112 114 115 116 118 119 120 126 129 132 133 136 137 138 147 150 152 154 155 157 163 165 167 174 176 177 178 183 185 189 191 198 201 202 203 210 211 215 216 220 223 224 227 229 230 231 232 233 234 235 236 244 246 247 250 
183 90        1 3 7 8 9 10 12 20 23 25 27 28 29 31 34 40 42 44 52 55 56 58 62 66 73 75 76 77 78 79 80 81 84 85 88 93 95 96 98 101 106 107 111 112 113 114 115 118 119 120 124 125 126 127 128 132 134 136 137 139 140 143 144 152 156 158 159 161 163 166 168 169 172 173 174 180 182 184 185 186 187 188 191 197 198 200 203 206 207 208 209 215 217 220 223 225 226 227 232 237 238 239 240 241 242 243 249 250 
184 78        5 7 8 12 13 14 17 18 23 24 25 27 29 31 32 33 35 38 39 43 44 48 49 51 55 56 63 67 69 70 73 77 79 81 82 83 85 86 87 90 91 92 95 96 98 101 102 104 105 106 108 113 114 117 118 120 125 131 132 135 138 140 142 143 145 146 148 149 150 155 157 159 162 165 168 183 186 187 192 194 197 199 205 206 208 209 211 214 217 218 221 225 231 232 235 236 237 240 244 245 250 
185 57        1 3 8 14 15 17 28 30 32 34 37 38 42 44 45 46 49 53 58 63 66 68 69 71 73 74 77 78 79 81 82 84 87 88 89 94 95 98 99 100 106 107 110 111 112 115 116 117 118 121 123 125 129 132 135 139 140 141 142 143 147 150 156 159 163 167 168 171 174 175 177 178 182 183 189 190 192 194 196 198 200 201 204 206 211 212 220 224 225 226 227 231 232 233 239 240 243 245 248 
186 63        1 4 5 7 10 12 13 15 17 18 20 21 22 25 32 34 36 37 38 39 40 41 44 45 47 48 49 52 55 59 61 63 66 68 69 71 72 76 77 78 80 81 85 87 89 90 93 97 102 103 108 114 115 119 133 134 139 140 141 142 144 145 146 147 149 151 154 155 158 164 172 175 177 178 183 184 189 195 199 200 201 203 204 206 209 211 212 215 216 218 220 221 224 225 227 228 230 235 236 237 238 240 247 250 
187 24        1 2 3 5 9 10 12 13 14 17 18 19 21 28 29 30 31 37 39 40 41 42 50 59 60 63 65 67 68 70 72 73 76 87 89 92 94 97 98 101 103 105 106 107 109 112 114 118 120 122 123 124 127 128 129 130 134 138 139 140 144 149 150 152 155 160 163 165 167 170 171 172 183 184 191 195 196 202 204 207 210 214 217 223 224 226 227 230 232 235 236 237 241 242 244 247 249 
188 27        3 6 10 16 22 27 28 29 39 41 43 47 49 51 53 55 57 60 65 68 69 72 73 74 75 77 78 83 92 95 97 102 103 105 107 111 116 117 119 120 121 127 138 142 148 149 151 152 154 155 156 157 159 160 161 164 166 169 171 172 173 175 176 177 180 183 191 194 195 196 199 204 212 214 216 217 218 221 224 225 228 230 232 236 239 240 241 242 243 244 245 247 248 249 
189 79        1 2 4 7 8 10 12 15 16 23 24 25 27 28 31 33 34 36 39 51 52 53 55 56 58 61 62 63 64 65 66 68 71 72 73 76 77 80 83 86 88 94 95 96 99 100 102 105 106 108 109 110 112 115 118 119 121 123 127 128 133 141 143 155 156 162 168 169 170 173 174 177 178 182 185 186 190 193 195 198 199 200 201 202 203 208 211 213 214 218 220 221 227 232 234 237 239 240 241 244 247 
190 67        2 5 8 10 11 15 18 21 23 24 26 29 30 31 40 44 45 51 52 54 56 57 59 60 61 62 63 65 66 67 74 75 76 78 80 81 83 85 88 89 91 93 94 95 103 105 106 109 110 112 113 114 119 122 124 125 130 131 137 140 143 144 147 149 150 152 154 157 160 161 162 163 164 165 169 170 173 174 176 180 181 185 189 191 193 195 198 199 206 209 210 211 213 215 220 224 230 231 238 241 242 243 245 248 249 250 
191 88        1 4 5 10 13 18 21 28 29 34 36 39 40 41 43 47 49 52 53 54 58 59 61 63 65 71 73 75 76 77 78 82 83 84 88 97 100 102 104 105 108 109 113 114 116 124 125 126 127 133 135 141 143 146 148 150 153 156 157 158 160 163 164 165 168 170 173 178 182 183 187 188 190 202 203 204 205 208 211 213 214 216 217 218 219 221 226 234 238 241 243 244 247 249 250 
192 49        7 10 11 12 13 16 17 21 22 25 27 32 34 35 36 37 38 39 40 42 44 45 47 48 49 50 52 56 58 60 64 66 67 72 79 80 81 87 88 89 92 94 95 97 99 101 102 105 107 109 110 113 117 119 120 121 127 128 131 132 133 134 135 136 137 140 141 142 144 147 149 150 152 156 157 158 161 163 164 165 166 168 169 170 174 177 178 179 184 185 193 199 203 205 212 215 218 219 224 228 231 234 236 237 242 244 245 
193 57        1 4 5 6 7 8 9 10 12 15 18 19 21 28 29 32 35 40 41 46 48 52 53 55 56 58 60 62 64 68 69 70 74 76 78 88 90 93 95 99 101 102 103 104 106 107 109 113 116 119 123 130 132 135 138 139 140 141 144 146 148 149 151 153 155 156 162 163 168 169 171 172 174 175 180 189 190 192 196 200 202 204 206 209 212 214 215 217 219 220 221 224 226 230 231 237 238 240 242 243 247 248 249 
194 78        4 7 8 11 12 15 16 18 19 20 21 23 26 28 29 31 33 35 37 43 44 46 50 52 53 55 60 61 63 65 66 67 70 71 73 74 82 87 89 91 92 93 94 96 97 106 111 113 114 117 119 120 125 127 128 129 130 131 133 135 138 139 140 146 148 150 152 154 155 157 159 160 161 164 165 166 170 175 177 178 184 185 188 196 198 201 202 203 205 206 209 223 225 227 228 230 232 234 235 238 241 244 245 246 249 
195 87        3 6 7 9 11 12 13 14 15 19 21 22 23 26 27 31 36 38 39 41 42 47 48 49 51 52 62 65 68 70 71 76 79 81 82 86 87 93 95 97 100 101 102 104 106 109 110 112 119 120 123 126 128 129 130 132 135 136 139 140 146 149 156 161 166 167 168 174 181 186 187 188 189 190 197 200 202 205 208 209 211 213 220 221 227 228 229 234 235 238 240 241 242 243 248 250 
196 66        3 6 7 10 12 18 21 23 24 25 27 28 29 30 34 35 36 40 43 44 46 47 48 49 50 52 54 55 60 61 62 65 68 69 70 74 80 82 87 88 105 106 107 110 111 112 115 118 120 122 127 130 137 141 142 143 145 148 151 154 158 159 160 163 164 168 169 171 172 174 181 185 187 188 193 194 197 198 200 201 202 207 208 213 214 222 224 226 227 229 231 234 235 238 240 245 
197 91        1 2 4 6 8 15 16 19 21 22 32 33 39 42 43 44 45 46 49 51 55 66 67 71 73 74 75 76 77 80 82 83 84 86 87 92 93 100 101 103 104 105 108 109 110 111 115 117 118 119 120 121 124 125 128 131 135 137 144 146 148 151 153 156 160 161 162 163 164 167 169 173 174 175 177 179 180 183 184 195 196 198 200 203 204 205 207 211 212 213 214 221 226 228 230 232 234 235 239 241 243 245 247 248 
198 37        2 4 5 6 8 9 10 11 13 15 18 19 20 22 23 25 26 37 39 47 48 50 52 54 55 56 58 59 63 66 70 71 73 76 78 81 83 85 87 90 92 94 96 99 103 107 110 112 115 116 121 123 124 125 131 133 137 138 143 152 155 157 160 161 164 167 168 169 170 172 173 174 176 177 179 180 182 183 185 189 190 194 196 197 201 202 206 207 209 214 218 219 220 224 225 230 232 234 237 238 239 241 243 245 246 248 
199 51        1 2 5 6 7 8 12 14 16 17 18 21 22 23 25 35 36 37 41 42 44 51 54 60 61 65 67 69 70 72 73 77 79 82 83 87 93 96 99 102 114 115 117 121 122 123 125 130 131 132 134 136 137 139 141 142 145 147 148 154 155 158 160 162 163 165 167 168 169 172 176 184 186 188 189 190 192 200 202 209 214 215 216 220 225 227 228 229 235 236 238 240 242 244 245 246 247 
200 49        1 2 3 8 9 10 13 14 18 24 25 29 30 31 32 34 35 36 38 42 44 45 46 48 49 55 60 67 69 72 75 77 81 88 91 93 97 98 99 100 106 110 116 119 120 122 123 124 127 128 129 138 139 142 144 145 146 147 148 151 156 159 163 164 167 168 170 172 173 183 185 186 189 193 195 196 197 199 201 203 204 206 209 211 213 218 221 223 224 225 227 232 237 240 241 244 245 246 248 249 
201 84        2 7 12 13 24 25 27 28 29 30 31 35 37 38 43 45 50 51 54 58 62 63 65 66 68 69 71 72 79 83 85 86 93 95 96 100 102 108 111 118 121 122 123 126 132 135 142 143 145 146 149 152 153 154 155 156 159 160 161 164 165 166 167 168 169 170 173 174 182 185 186 189 194 196 198 200 202 205 206 207 208 212 214 216 221 222 225 231 232 233 236 237 240 241 245 246 247 
202 32        1 3 7 8 10 15 16 17 20 24 30 31 35 42 44 49 50 51 53 55 57 59 61 65 67 68 71 80 87 88 89 90 92 94 96 99 101 102 104 107 111 115 119 120 122 124 128 135 136 138 140 143 145 147 149 150 151 153 154 156 158 160 163 165 171 173 177 179 182 187 189 191 193 194 195 196 198 199 201 203 205 207 209 210 213 217 218 220 223 224 225 226 227 228 229 231 233 234 240 243 249 250 
203 62        2 3 18 22 24 26 27 28 30 32 35 41 44 45 46 47 49 51 55 58 59 61 64 70 72 76 80 81 87 89 90 91 94 96 97 100 101 102 103 105 106 107 108 109 110 123 125 128 131 133 135 137 143 145 147 149 152 155 158 161 163 167 168 170 172 176 177 182 183 186 189 191 192 194 197 200 202 205 206 208 212 215 216 217 220 221 225 237 240 241 245 246 248 
204 36        6 7 9 15 23 25 26 29 30 32 33 37 41 42 45 49 50 53 55 58 62 64 65 74 77 82 86 90 91 101 104 106 109 111 113 115 116 118 119 124 125 133 134 135 136 137 138 141 144 153 154 156 157 164 169 172 173 174 175 176 177 179 181 185 186 187 188 191 193 197 200 207 208 211 212 214 216 217 218 221 228 229 233 235 238 242 243 244 246 
205 52        6 8 12 20 26 28 32 34 35 36 37 40 41 43 44 48 50 52 58 61 64 66 70 71 72 73 74 78 79 80 82 88 92 93 95 96 97 99 102 103 105 108 110 113 114 117 118 120 121 122 125 127 129 131 134 135 142 146 148 150 151 152 157 158 160 163 166 168 170 173 174 176 177 178 184 191 192 194 195 197 201 202 203 209 211 213 216 217 222 223 226 228 229 230 231 235 236 239 241 243 245 246 248 
206 72        1 4 6 10 12 13 15 20 21 22 28 29 31 35 36 37 39 40 44 47 50 51 52 55 56 58 62 63 65 68 69 70 71 74 75 76 78 82 84 85 88 89 90 95 97 100 101 102 106 112 114 118 119 120 121 125 133 134 137 139 143 144 146 147 154 159 161 162 163 171 172 173 176 183 184 185 186 190 193 194 198 200 201 203 208 210 212 213 216 219 220 221 225 228 231 232 234 235 237 239 241 242 244 
207 59        4 6 8 10 13 15 16 19 22 27 29 31 32 34 36 38 42 43 46 47 50 53 58 59 73 76 79 81 82 84 85 86 88 90 95 98 99 101 104 105 106 107 109 111 113 118 124 126 133 135 136 137 139 140 141 143 145 148 151 152 153 155 156 157 164 165 166 168 175 178 181 183 187 196 197 198 201 202 204 209 212 213 217 220 223 225 226 227 229 232 233 237 242 243 244 247 249 
208 77        2 4 10 11 13 17 19 21 22 26 27 34 35 36 37 49 50 52 53 67 68 70 72 73 77 81 88 89 91 92 93 94 95 96 97 99 102 104 106 107 108 110 111 112 117 120 127 132 133 136 137 138 140 141 145 149 154 155 157 159 162 163 167 168 170 181 183 184 189 191 195 196 201 203 204 206 209 210 211 219 222 225 226 227 228 232 233 234 241 246 247 249 
209 54        4 13 18 21 23 24 25 28 29 32 33 34 36 38 40 41 44 46 47 48 49 52 54 55 63 64 65 67 68 70 72 73 75 77 82 83 87 91 96 100 102 103 107 111 112 115 119 123 125 138 143 144 145 151 153 154 155 156 157 158 164 167 170 171 172 173 175 177 178 180 183 184 186 190 193 194 195 198 199 200 202 205 207 208 210 212 214 215 219 224 226 230 232 235 236 237 241 242 243 244 246 250 
210 46        1 3 5 8 10 12 13 14 17 18 19 20 22 29 30 32 35 38 44 46 49 51 54 55 57 59 60 61 64 66 67 70 73 75 80 86 87 88 91 92 93 98 100 104 105 115 116 119 120 133 136 137 138 144 146 149 151 152 153 157 159 160 162 163 164 165 166 169 170 171 173 174 176 178 182 187 190 202 206 208 209 213 214 216 218 219 220 221 222 225 231 232 233 234 235 240 241 244 247 248 249 250 
211 57        3 4 5 6 7 9 11 13 15 16 18 23 26 27 32 33 43 46 47 48 52 53 55 56 57 58 60 61 64 66 68 74 77 78 79 81 82 85 87 88 91 92 94 96 97 99 100 102 106 108 109 110 111 112 116 118 120 123 124 125 130 131 134 135 136 140 142 143 146 154 158 163 165 166 168 171 173 177 182 184 185 186 189 190 191 195 197 200 204 205 208 213 216 220 222 224 226 228 229 230 235 237 239 243 247 250 
212 69        1 3 8 11 12 13 16 17 19 22 24 25 27 28 30 31 32 38 41 42 43 44 48 53 56 57 58 59 61 62 63 64 67 71 72 74 78 79 83 84 85 87 88 90 93 94 97 103 109 114 117 118 120 124 126 128 130 136 141 142 145 146 147 148 150 156 157 160 161 162 167 168 170 174 178 185 186 188 192 193 197 201 203 204 206 207 209 213 221 227 229 230 233 235 238 239 241 245 246 249 
213 81        2 3 7 8 10 12 21 27 28 31 32 33 34 39 40 42 44 45 46 49 55 57 58 59 63 70 71 72 74 76 78 82 87 88 90 92 94 95 96 97 99 102 103 104 105 108 110 111 112 116 118 120 122 123 125 127 130 131 136 145 148 149 150 151 153 157 158 160 163 164 168 169 170 172 174 177 180 189 190 191 195 196 197 200 202 205 206 207 210 211 212 215 216 217 219 220 221 224 230 232 233 240 242 244 248 250 
214 80        1 2 3 4 8 10 14 15 17 18 20 21 26 30 31 32 34 35 36 37 39 41 43 44 46 49 51 53 57 58 59 60 63 65 69 73 74 75 82 84 85 87 88 91 93 95 97 98 99 101 103 104 105 110 111 113 114 116 118 121 122 123 125 127 132 133 137 139 142 144 145 146 147 148 152 156 157 161 163 164 170 172 173 178 181 184 187 188 189 191 193 196 197 198 199 201 204 209 210 215 219 220 224 227 228 233 237 238 243 244 245 246 
215 99        1 2 3 4 5 6 10 11 13 14 15 20 24 28 31 32 35 36 39 42 43 44 45 49 51 52 53 54 57 58 59 63 64 65 67 68 69 70 72 76 78 79 83 88 92 93 96 97 103 105 108 123 124 125 127 130 135 137 138 139 140 148 150 155 156 158 162 164 165 166 168 170 172 174 176 177 182 183 186 190 192 193 199 203 209 213 214 216 218 219 220 226 230 231 233 235 236 238 239 241 242 243 248 
216 87        4 6 13 17 19 20 21 25 27 29 31 32 35 38 40 45 46 48 49 50 51 53 54 55 57 61 63 65 66 67 71 75 76 77 81 84 85 88 89 90 91 92 97 99 100 101 102 104 105 106 107 110 112 119 121 122 126 127 133 142 145 146 147 148 149 151 155 157 158 159 160 161 163 164 166 169 176 180 182 186 188 191 199 201 203 204 205 206 210 211 213 215 217 218 224 226 227 228 230 232 233 234 236 238 240 241 242 247 249 
217 33        1 4 10 11 14 15 17 21 23 26 28 30 31 34 36 39 40 41 43 49 50 51 52 60 62 64 65 68 70 76 78 81 82 83 90 91 92 93 96 97 98 99 103 104 107 108 116 117 120 130 132 133 134 136 138 141 142 145 153 156 160 162 163 167 169 172 176 180 183 184 187 188 191 193 202 203 204 205 207 213 216 220 221 222 223 225 228 238 240 244 245 247 249 250 
218 45        3 5 6 8 12 14 15 16 18 21 24 25 27 29 36 38 39 40 41 42 47 49 50 52 54 55 58 59 64 65 66 69 70 71 72 74 75 77 79 81 85 87 88 90 91 93 94 95 96 100 102 103 105 106 108 115 117 118 121 122 123 124 126 127 129 134 143 144 146 147 149 152 153 157 158 161 163 167 176 177 180 184 186 188 189 191 192 198 200 202 204 210 215 216 220 225 228 231 232 234 236 238 241 243 246 248 
219 43        4 5 6 9 11 21 24 28 30 34 38 40 44 48 52 54 56 57 60 65 66 68 69 70 71 73 74 80 81 84 88 92 93 94 95 97 98 102 103 106 108 110 111 112 113 116 117 119 120 121 122 127 130 131 132 133 135 138 141 145 146 151 153 154 158 164 173 177 179 180 191 192 193 198 206 208 209 210 213 214 215 220 221 224 231 235 238 240 
220 66        7 9 14 16 20 26 28 32 33 38 40 41 42 44 45 46 48 49 50 52 53 54 56 59 60 61 63 64 68 70 71 73 77 79 80 82 84 85 89 94 97 100 102 104 107 110 113 119 122 125 127 128 136 138 139 141 142 144 147 148 151 152 154 156 157 158 159 163 167 172 173 178 179 180 181 182 183 185 186 189 190 193 195 198 199 202 203 206 207 210 211 213 214 215 217 218 219 222 223 228 230 232 233 234 241 243 244 249 250 
221 28        2 3 6 7 14 17 20 21 25 28 34 39 40 41 47 51 53 58 59 61 62 67 70 71 72 73 76 78 84 85 87 89 91 93 94 97 98 99 100 105 108 109 110 111 114 115 119 127 128 129 134 138 141 143 147 148 150 155 156 157 161 163 170 171 173 178 181 184 186 188 189 191 193 195 197 200 201 203 204 206 210 212 213 217 219 224 227 228 229 232 233 236 237 239 240 241 242 243 245 247 249 250 
222 30        4 9 12 15 17 20 28 29 32 33 41 42 46 47 48 54 58 60 61 62 64 66 69 72 74 79 81 82 83 84 85 86 89 90 91 92 93 96 97 98 99 100 104 106 111 113 115 116 120 124 129 133 134 136 137 138 139 140 141 143 144 146 148 156 157 159 166 167 169 171 174 176 177 180 181 196 201 205 208 210 211 217 220 223 225 228 230 243 244 246 248 
223 54        1 6 7 10 14 17 22 23 26 27 28 32 35 37 39 40 42 46 49 53 58 61 63 66 68 70 77 78 85 86 90 92 93 94 96 97 99 103 105 108 111 112 115 119 123 126 130 132 133 134 137 138 142 143 144 146 151 160 161 164 165 171 174 177 178 180 181 182 183 187 194 200 202 205 207 217 220 222 224 228 230 231 234 235 238 241 244 250 
224 23        1 2 4 6 7 14 16 17 22 24 26 27 29 30 35 37 41 47 50 51 53 54 55 60 62 63 68 71 73 74 77 78 81 82 83 84 86 87 89 90 95 98 107 108 110 111 113 120 125 126 127 130 131 139 140 141 143 145 146 147 153 158 161 163 164 166 167 168 169 170 171 172 174 177 179 181 182 185 186 187 188 190 192 193 196 198 200 202 209 211 213 214 216 219 221 223 225 226 229 230 232 238 239 242 246 247 250 
225 79        1 4 5 6 11 12 13 14 15 16 17 20 22 23 24 26 29 30 31 35 37 38 39 42 46 47 48 50 52 55 64 66 67 68 71 74 75 76 77 79 80 81 84 85 86 87 88 89 90 93 99 101 103 105 106 108 112 116 119 124 129 131 137 138 139 140 141 143 145 146 148 149 154 156 158 159 160 162 165 167 169 170 172 174 177 180 183 184 185 186 188 194 198 199 200 201 202 203 206 207 208 210 217 218 222 224 226 228 230 232 235 241 242 248 
226 69        1 3 5 6 7 9 12 13 21 24 25 27 28 31 34 38 39 44 50 51 52 53 55 56 57 64 68 70 71 72 75 76 78 79 81 82 86 87 89 90 94 97 99 104 108 109 112 114 116 118 119 120 121 122 125 127 130 133 134 135 136 137 140 144 147 149 152 159 161 167 170 175 176 177 178 180 181 183 185 187 191 193 196 197 202 205 207 208 209 211 215 216 224 225 227 229 232 236 237 239 240 242 243 250 
227 56        6 8 9 13 16 22 23 26 34 36 37 40 41 42 49 50 53 55 56 59 60 61 68 70 72 76 78 82 83 86 94 96 98 105 108 109 113 116 117 118 120 122 128 129 133 134 135 139 140 142 146 151 154 155 158 160 162 165 166 168 169 170 176 182 183 185 186 187 189 194 195 196 199 200 202 207 208 212 214 216 221 226 228 229 234 235 239 241 242 246 248 
228 24        1 4 8 12 15 16 18 20 22 25 26 27 31 35 36 37 41 45 47 48 50 53 54 55 57 59 60 61 62 64 65 69 71 74 82 84 86 89 92 95 97 98 99 102 104 106 108 109 111 113 115 116 117 122 123 124 126 127 128 130 131 132 140 148 150 152 153 154 160 161 165 169 170 172 173 177 180 186 188 192 194 195 197 199 202 204 205 206 208 211 214 216 217 218 220 221 222 223 225 227 231 232 233 234 237 241 242 243 247 248 
229 82        7 8 9 17 23 24 28 30 31 33 34 38 42 43 47 48 52 53 55 56 59 61 65 66 74 76 79 81 82 84 85 91 95 98 103 105 109 110 116 121 122 123 124 125 131 133 136 137 139 142 147 148 150 152 157 164 165 168 171 173 175 176 177 178 180 182 195 196 199 202 204 205 207 211 212 221 224 226 227 232 233 235 238 240 241 249 
230 58        1 2 5 6 8 9 14 16 19 27 28 31 32 33 35 37 38 40 46 49 50 54 57 58 59 60 62 65 67 68 75 76 83 85 86 87 89 90 92 97 100 103 104 106 107 112 118 119 125 128 132 134 135 136 144 148 150 153 154 156 159 160 161 162 163 166 169 170 175 176 179 180 182 186 187 188 190 193 194 197 198 205 209 211 212 213 215 216 220 222 223 224 225 231 235 238 239 246 247 
231 37        2 3 4 5 7 11 13 14 15 19 20 23 26 28 29 30 31 33 37 41 42 43 46 48 50 52 53 54 57 61 68 69 71 72 73 76 78 79 80 82 83 85 86 87 89 92 94 96 103 104 106 114 118 124 125 127 129 131 133 134 135 136 137 138 147 153 155 156 159 160 162 163 168 179 180 181 182 184 185 190 192 193 196 201 202 205 206 210 215 218 219 223 228 230 236 237 238 242 249 
232 56        4 5 9 10 11 14 15 17 18 20 23 24 25 28 29 36 38 40 42 45 50 54 56 58 59 65 67 69 74 77 80 82 84 90 94 95 100 105 108 110 112 114 115 123 125 126 127 129 132 133 135 140 143 147 152 153 155 157 158 159 161 163 167 170 172 175 181 182 183 184 185 187 188 189 194 197 198 200 201 206 207 208 209 210 213 216 218 220 221 224 225 226 228 229 234 242 244 245 250 
233 82        2 5 7 9 10 16 17 20 22 23 29 34 38 39 40 41 43 44 46 49 51 57 58 63 64 70 73 78 79 85 88 92 94 96 101 102 103 105 106 111 114 117 120 123 124 127 132 135 137 143 146 148 149 152 158 161 162 163 164 166 167 168 173 174 175 180 181 182 185 201 202 204 207 208 210 212 213 214 215 216 220 221 228 229 234 236 239 241 247 248 249 
234 23        3 8 9 12 14 20 22 24 25 26 34 36 37 38 40 42 44 45 46 47 48 52 53 54 56 57 58 59 61 62 67 68 69 70 71 72 76 81 85 89 90 92 100 102 103 104 106 109 111 112 113 114 117 120 121 123 124 125 126 127 128 130 134 137 138 142 143 147 148 149 152 155 156 157 161 163 166 168 176 177 178 179 181 182 189 191 192 194 195 196 197 198 202 206 208 210 216 218 220 223 227 228 232 233 235 236 237 238 243 246 248 249 
235 78        2 13 15 17 19 20 22 25 26 31 33 45 47 48 50 52 53 56 57 59 64 72 74 75 81 82 84 87 89 92 98 99 113 114 115 121 123 125 128 130 132 133 136 138 141 142 145 149 150 153 156 157 158 159 160 161 162 170 171 175 176 177 182 184 186 187 194 195 196 197 199 204 205 206 209 210 211 212 215 219 223 225 227 229 230 234 236 238 239 240 247 249 250 
236 63        1 2 5 9 10 13 20 22 23 25 26 28 33 34 35 36 37 38 41 42 46 49 50 54 56 58 61 62 64 66 83 85 86 87 89 91 92 96 100 101 102 104 107 108 112 115 117 119 123 126 130 132 133 139 140 142 145 147 148 155 156 157 159 162 164 168 169 171 172 173 174 177 179 181 182 184 186 187 188 192 199 201 205 209 215 216 218 221 226 231 233 234 235 238 241 245 250 
237 64        1 3 7 9 12 15 17 19 21 26 27 29 32 36 41 42 44 45 46 52 54 55 58 59 62 65 68 69 70 72 73 74 81 88 90 93 94 101 102 103 107 109 116 120 122 127 128 131 135 136 137 146 147 149 152 153 154 155 156 157 158 161 163 166 168 170 171 172 175 180 181 183 184 186 187 189 192 193 198 200 201 203 206 207 209 211 214 221 226 228 231 234 238 239 243 247 248 
238 37        1 2 8 9 10 11 14 15 16 17 18 19 22 25 29 31 32 33 34 35 37 43 45 46 47 49 50 52 53 54 57 59 60 65 67 71 77 80 81 82 84 88 89 91 93 97 98 101 108 109 115 117 122 125 127 128 135 136 137 138 139 141 145 146 150 154 155 159 160 163 164 165 166 168 170 173 174 176 180 183 186 190 191 193 194 195 196 198 199 204 212 214 215 216 217 218 219 223 224 229 230 231 234 235 236 237 239 241 245 247 
239 66        2 7 8 10 12 15 19 21 24 32 35 36 37 38 41 46 48 51 52 57 58 63 64 68 70 71 74 75 76 78 79 80 83 84 88 90 93 95 96 98 99 103 105 107 114 115 118 120 121 126 129 136 137 141 146 147 152 154 156 157 163 165 173 174 176 179 183 185 188 189 197 198 205 206 211 212 215 221 224 226 227 230 233 235 237 238 240 242 244 245 246 247 248 249 250 
240 36        1 2 3 6 7 8 9 10 12 16 17 24 26 28 29 30 32 34 35 37 39 42 44 46 47 51 55 57 58 59 61 62 64 65 67 68 70 72 73 76 78 79 80 82 84 86 87 89 90 93 94 97 98 99 101 104 106 110 113 114 115 116 121 124 126 127 128 129 131 132 133 135 138 141 143 145 146 147 148 149 151 152 154 160 164 168 171 172 180 183 184 185 186 188 189 193 195 196 199 200 201 202 203 210 213 216 217 219 221 226 229 235 239 241 242 243 
241 41        5 6 7 8 9 10 13 14 15 16 20 22 26 29 30 31 35 40 41 43 45 46 47 51 52 53 54 56 57 58 59 61 62 63 66 69 70 72 74 78 81 82 86 87 89 94 96 97 101 102 103 107 108 112 113 114 115 117 119 120 122 123 126 128 131 135 136 137 139 141 147 148 153 155 156 161 164 166 167 170 171 176 179 180 181 183 187 188 189 190 191 194 195 197 198 200 201 203 205 206 208 209 210 212 215 216 218 220 221 223 225 227 228 229 233 236 238 240 242 243 248 249 250 
242 71        2 6 10 12 16 27 29 34 38 39 41 42 43 45 46 48 49 50 52 57 58 60 61 62 71 74 76 81 82 83 84 87 89 91 92 93 94 95 96 97 98 102 104 109 110 111 112 113 115 121 122 123 124 125 126 133 138 141 142 146 150 152 155 161 169 173 174 176 178 179 183 187 188 190 192 193 195 199 204 206 207 209 213 215 216 221 224 225 226 227 228 231 232 239 240 241 247 249 
243 48        2 7 8 9 10 12 13 15 17 19 22 23 24 26 27 29 34 36 41 42 43 47 50 52 53 55 58 59 60 62 64 66 68 72 73 75 77 80 81 85 86 88 94 95 101 105 106 107 115 118 119 122 123 124 126 129 131 137 142 145 146 150 151 152 157 163 165 168 169 170 171 172 177 178 180 181 183 185 188 190 191 193 195 197 198 202 204 205 207 209 211 214 215 218 220 221 222 226 228 234 237 240 241 247 249 250 
244 42        4 12 15 17 18 19 23 24 27 31 36 38 43 44 50 51 52 53 56 58 59 60 62 66 73 78 80 85 86 90 98 101 106 107 109 110 112 117 123 127 137 138 140 142 144 147 149 151 152 153 159 163 164 165 170 173 174 175 176 177 182 184 187 188 189 191 192 194 199 200 204 206 207 209 210 213 214 217 220 222 223 232 239 245 
245 26        1 4 6 12 24 25 28 31 32 34 38 39 46 51 52 57 65 67 70 71 72 75 79 81 89 92 93 95 97 99 102 103 106 107 109 111 112 114 116 117 119 120 121 123 124 126 127 129 130 131 132 134 135 136 138 139 143 146 151 152 153 155 156 159 163 167 168 169 171 173 178 180 184 185 188 190 192 194 196 197 198 199 200 201 203 205 212 214 217 221 232 236 238 239 244 247 250 
246 45        2 5 9 10 12 17 21 22 23 28 32 33 36 47 53 54 55 56 59 61 62 66 71 75 76 78 79 80 81 82 85 87 88 95 96 99 100 106 107 108 109 110 111 113 118 119 121 123 126 127 133 134 137 142 145 149 150 153 155 157 159 160 162 163 166 168 169 172 177 178 179 180 182 194 198 199 200 201 203 204 205 208 209 212 214 218 222 224 227 230 234 239 247 249 
247 26        1 3 4 7 9 10 11 12 18 20 22 23 24 25 26 32 35 36 42 45 47 50 52 55 56 57 58 60 62 63 64 66 67 69 70 74 79 83 85 92 93 95 98 99 101 106 107 108 111 117 119 121 128 131 132 137 140 142 145 146 147 149 154 157 158 161 162 163 175 179 182 186 187 188 189 191 193 197 199 201 207 208 210 211 216 217 221 224 228 230 233 235 237 238 239 242 243 245 246 248 249 
248 86        1 2 5 10 13 15 16 18 23 24 27 29 32 33 40 41 44 47 48 52 53 55 57 63 65 66 68 69 71 75 77 79 82 85 87 88 89 90 94 96 98 105 109 110 112 116 121 127 128 129 130 133 135 136 139 142 143 154 155 160 161 166 171 172 173 176 179 185 188 190 193 195 197 198 200 203 205 210 213 215 218 222 225 227 228 233 234 237 239 241 247 250 
249 64        1 3 6 8 10 13 18 20 21 22 27 28 31 34 35 36 41 46 47 50 51 52 60 61 62 65 66 72 75 76 79 81 82 83 84 86 94 95 96 99 100 101 106 108 111 112 114 115 118 119 120 125 126 128 130 133 134 135 137 138 140 141 143 144 151 156 160 165 167 169 171 173 176 177 178 183 187 188 190 191 193 194 200 202 207 208 210 212 216 217 220 221 229 231 233 234 235 239 241 242 243 246 247 
250 54        1 4 5 8 12 13 15 19 21 22 26 28 30 32 33 38 40 41 48 50 51 55 64 66 70 71 74 81 82 83 85 88 89 93 94 95 96 99 101 102 108 109 113 114 115 120 121 126 132 133 136 141 142 144 145 154 155 157 162 163 167 168 170 182 183 184 186 190 191 195 202 209 210 211 213 217 220 221 223 224 226 232 235 236 239 241 243 245 248 
