126
detection	body_part	cost
1	13	-0.035397
2	13	-1.8695
3	13	-1.9019
4	13	0.89094
5	2	0.15163
6	2	-3.105
7	11	0.8367
8	2	0.12925
9	2	0.03754
10	11	9.2102
11	8	-1.7742
12	8	-5.0416
13	8	-3.4374
14	11	0.67548
15	11	9.2102
16	1	0.062105
17	1	-1.5549
18	8	-2.0004
19	11	1.285
20	1	-1.5039
21	6	-1.3427
22	1	-1.9996
23	6	-3.8008
24	11	9.2102
25	6	-1.7902
26	1	-0.43291
27	6	-3.6066
28	6	-2.2623
29	5	1.3103
30	5	1.2588
31	11	9.2102
32	12	-0.27669
33	2	-0.86817
34	6	-0.97527
35	6	-0.93257
36	6	-1.7135
37	11	9.2102
38	11	9.2102
39	11	9.2102
40	12	-0.0036202
41	12	-0.69815
42	12	-0.86912
43	11	9.2102
44	6	0.47795
45	6	-1.2966
46	6	-0.34195
47	11	9.2102
48	7	-1.2955
49	7	-2.0819
50	7	0.55722
51	12	-0.75419
52	12	-0.89793
53	10	1.0108
54	14	-0.20134
55	14	0.0059796
56	2	-4.4181
57	11	9.2102
58	7	0.95922
59	7	0.30991
60	7	-2.1888
61	7	-4.4792
62	12	-1.082
63	9	-0.12666
64	9	-0.16068
65	10	1.0238
66	14	-2.3739
67	1	-5.4551
68	7	0.58668
69	7	1.0067
70	7	-4.8353
71	7	-2.0636
72	12	-0.22777
73	12	-1.28
74	12	-0.58377
75	9	-0.079049
76	10	0.45708
77	10	0.57802
78	14	0.21374
79	14	-1.9558
80	14	-0.33971
81	14	0.99877
82	2	0.71795
83	3	1.1906
84	11	9.2102
85	7	0.64427
86	12	-0.32157
87	13	0.57802
88	14	-3.0653
89	14	-2.8795
90	14	1.1215
91	10	1.1735
92	10	1.1901
93	3	0.82077
94	3	-0.49387
95	11	9.2102
96	9	-0.11294
97	9	-0.52691
98	12	-0.44841
99	9	-0.019982
100	13	1.2349
101	13	0.83857
102	11	9.2102
103	11	9.2102
104	11	9.2102
105	9	-1.1704
106	9	-1.6279
107	14	-0.39293
108	3	-4.0757
109	5	-0.57465
110	5	-0.072311
111	9	-1.4478
112	9	-0.47232
113	11	0.54915
114	9	-0.77266
115	11	-0.12585
116	5	-3.2133
117	13	0.53311
118	11	-0.015416
119	11	-0.28662
120	11	9.2102
121	13	-1.4941
122	10	-0.27578
123	4	-5.5371
124	4	-2.416
125	14	-0.28086
126	14	-2.1787
detection1	detection2	cost
1	2	-5.6071
1	3	-3.7143
2	3	-5.6071
1	4	0.30445
2	4	-1.5143
3	4	-3.2674
5	6	-3.7143
5	8	-5.6071
6	8	-3.2674
5	9	0.30445
6	9	-3.2674
8	9	0.071429
7	10	64.4535
11	12	-3.7143
11	13	-1.8214
12	13	-5.6071
7	14	-5.6071
10	14	64.4286
7	15	66.4184
10	15	-4.8231
14	15	66.3457
16	17	-5.6071
11	18	-1.5143
12	18	-4.8231
13	18	-5.6071
7	19	-3.7143
10	19	64.4535
14	19	-5.6071
15	19	66.3214
16	20	-4.8231
17	20	-5.6071
16	22	-3.2674
17	22	-4.8231
20	22	-5.6071
21	23	-3.7143
7	24	70.4756
10	24	0.53071
14	24	70.3146
15	24	-2.1462
19	24	70.1994
21	25	-5.6071
23	25	-3.2674
16	26	-2.1462
17	26	-3.2674
20	26	-4.8231
22	26	-5.6071
21	27	-3.2674
23	27	-5.6071
25	27	-3.7143
21	28	-1.5143
23	28	-4.8231
25	28	-1.8214
27	28	-5.6071
29	30	-5.6071
7	31	29.2526
10	31	28.9098
14	31	28.9098
15	31	30.546
19	31	28.663
24	31	34.1429
5	33	2.1517
6	33	3.5372
8	33	0.30445
9	33	4.6202
21	34	-3.2674
23	34	-0.67521
25	34	-4.8231
27	34	-1.5143
28	34	0.30445
21	35	-3.7143
23	35	-2.1462
25	35	-5.6071
27	35	-3.2674
28	35	-1.5143
34	35	-5.6071
21	36	-3.2674
23	36	-3.2674
25	36	-4.8231
27	36	-4.8231
28	36	-3.2674
34	36	-3.7143
35	36	-5.6071
7	37	38.904
10	37	20.0604
14	37	38.5552
15	37	21.4551
19	37	38.2821
24	37	24.7342
31	37	2.1517
7	38	37.0526
10	38	21.885
14	38	36.6892
15	38	23.3135
19	38	36.4045
24	38	26.624
31	38	0.30445
37	38	-5.6071
7	39	35.2048
10	39	23.7178
14	39	34.8256
15	39	25.1758
19	39	34.5282
24	39	28.5141
31	39	-1.5143
37	39	-3.7143
38	39	-5.6071
32	40	0.30445
32	41	-5.6071
40	41	0.071429
32	42	-4.8231
40	42	1.9643
41	42	-5.6071
7	43	70.9338
10	43	3.5372
14	43	70.6821
15	43	0.96511
19	43	70.4756
24	43	-3.7143
31	43	34.3146
37	43	24.7342
38	43	26.624
39	43	28.5141
21	44	1.9643
23	44	5.1977
25	44	0.96511
27	44	4.4715
28	44	6.2802
34	44	-1.5143
35	44	0.30445
36	44	2.1517
21	45	-0.67521
23	45	1.9643
25	45	-2.1462
27	45	0.96511
28	45	2.6933
34	45	-4.8231
35	45	-3.2674
36	45	-1.5143
44	45	-3.7143
21	46	-1.5143
23	46	0.53071
25	46	-3.2674
27	46	-0.67521
28	46	0.96511
34	46	-5.6071
35	46	-4.8231
36	46	-3.2674
44	46	-1.8214
45	46	-5.6071
7	47	48.5554
10	47	11.9882
14	47	48.2028
15	47	12.8867
19	47	47.9126
24	47	15.5276
31	47	11.8034
37	47	2.1517
38	47	4.0138
39	47	5.8845
43	47	15.2143
48	49	-3.7143
48	50	-1.8214
49	50	-5.6071
32	51	2.6933
40	51	-4.8231
41	51	2.1517
42	51	4.0138
32	52	0.96511
40	52	-5.6071
41	52	0.30445
42	52	2.1517
51	52	-5.6071
54	55	-1.8214
5	56	5.8845
6	56	6.9156
8	56	4.0138
9	56	7.2837
33	56	-3.7143
7	57	56.3541
10	57	7.2837
14	57	55.9884
15	57	7.2837
19	57	55.6772
24	57	8.6726
31	57	19.6016
37	57	9.9513
38	57	11.8034
39	57	13.6628
43	57	7.7607
47	57	0.30445
48	58	2.1517
49	58	5.8845
50	58	7.7607
48	59	-4.8231
49	59	-1.5143
50	59	0.30445
58	59	0.071429
48	60	-5.6071
49	60	-3.2674
50	60	-1.5143
58	60	1.9643
59	60	-5.6071
48	61	-3.2674
49	61	-5.6071
50	61	-4.8231
58	61	5.75
59	61	-1.8214
60	61	-3.7143
32	62	3.5372
40	62	-3.2674
41	62	2.6933
42	62	4.4715
51	62	-5.6071
52	62	-4.8231
63	64	-5.6071
53	65	-3.2674
54	66	-3.2674
55	66	-4.8231
16	67	4.4715
17	67	5.1977
20	67	3.5372
22	67	4.6202
26	67	3.2076
48	68	4.4715
49	68	8.1089
50	68	9.9513
58	68	-4.8231
59	68	2.1517
60	68	4.0138
61	68	7.7607
48	69	-3.2674
49	69	-0.67521
50	69	0.96511
58	69	0.30445
59	69	-5.6071
60	69	-4.8231
61	69	-1.5143
68	69	1.9643
48	70	-2.1462
49	70	-3.7143
50	70	-3.2674
58	70	5.8845
59	70	-1.5143
60	70	-3.2674
61	70	-5.6071
68	70	7.6429
69	70	-1.8214
48	71	-0.67521
49	71	-3.2674
50	71	-3.7143
58	71	7.7607
59	71	0.30445
60	71	-1.5143
61	71	-4.8231
68	71	9.5357
69	71	0.071429
70	71	-5.6071
32	72	7.7607
40	72	0.53071
41	72	6.9156
42	72	8.6726
51	72	-2.1462
52	72	-0.67521
62	72	-3.2674
32	73	6.1496
40	73	-0.67521
41	73	5.1977
42	73	6.9156
51	73	-3.2674
52	73	-2.1462
62	73	-4.8231
72	73	-5.6071
32	74	3.2076
40	74	-1.8214
41	74	1.9643
42	74	3.5372
51	74	-3.2674
52	74	-3.7143
62	74	-4.8231
72	74	-1.8214
73	74	-3.7143
63	75	-5.6071
64	75	-4.8231
53	76	-3.2674
65	76	-1.5143
53	77	-3.7143
65	77	-3.2674
76	77	-5.6071
54	78	-3.2674
55	78	0.96511
66	78	-1.5143
54	79	-3.7143
55	79	-0.67521
66	79	-3.2674
78	79	-5.6071
54	80	0.96511
55	80	-3.2674
66	80	-3.2674
78	80	1.9643
79	80	0.071429
54	81	2.6933
55	81	-2.1462
66	81	-1.5143
78	81	3.8571
79	81	1.9643
80	81	-5.6071
5	82	9.5357
6	82	9.9513
8	82	7.6429
9	82	9.4302
33	82	0.30445
56	82	-3.2674
7	84	49.9756
10	84	15.293
14	84	49.4432
15	84	15.6053
19	84	48.9694
24	84	17.1071
31	84	13.6628
37	84	4.6202
38	84	6.1496
39	84	7.7607
43	84	15.9133
47	84	-1.8214
57	84	0.96511
48	85	-1.8214
49	85	-0.67521
50	85	0.53071
58	85	2.6933
59	85	-3.2674
60	85	-3.7143
61	85	-2.1462
68	85	4.0138
69	85	-4.8231
70	85	-3.2674
71	85	-1.5143
32	86	8.783
40	86	1.9643
41	86	7.7607
42	86	9.4302
51	86	-0.67521
52	86	0.53071
62	86	-2.1462
72	86	-5.6071
73	86	-4.8231
74	86	-1.5143
1	87	23.8324
2	87	22.1279
3	87	20.4477
4	87	16.2174
54	88	-1.5143
55	88	-0.67521
66	88	-3.2674
78	88	-3.2674
79	88	-4.8231
80	88	-1.5143
81	88	0.30445
54	89	-0.67521
55	89	-1.5143
66	89	-3.7143
78	89	-1.5143
79	89	-3.2674
80	89	-3.2674
81	89	-1.5143
88	89	-5.6071
54	90	3.5372
55	90	-0.67521
66	90	-0.67521
78	90	4.0138
79	90	2.1517
80	90	-4.8231
81	90	-5.6071
88	90	0.071429
89	90	-1.8214
53	91	17.7539
65	91	13.6628
76	91	19.0675
77	91	17.1798
53	92	19.6016
65	92	15.5276
76	92	20.9559
77	92	19.0675
91	92	-5.6071
83	93	-3.2674
83	94	-5.6071
93	94	-3.7143
7	95	50.5648
10	95	16.5921
14	95	49.9756
15	95	16.7404
19	95	49.4432
24	95	17.8953
31	95	14.5743
37	95	5.8845
38	95	7.2837
39	95	8.783
43	95	16.443
47	95	0.071429
57	95	1.9643
84	95	-5.6071
63	96	5.1977
64	96	6.9156
75	96	4.4715
63	97	3.5372
64	97	5.1977
75	97	2.6933
96	97	-5.6071
32	98	8.5614
40	98	2.6933
41	98	7.2837
42	98	8.783
51	98	0.30445
52	98	0.96511
62	98	-1.5143
72	98	-3.2674
73	98	-3.7143
74	98	-2.1462
86	98	-4.8231
63	99	0.53071
64	99	1.9643
75	99	-0.67521
96	99	-1.8214
97	99	-3.7143
1	100	27.2482
2	100	25.6115
3	100	24.0034
4	100	19.7992
87	100	-3.2674
1	101	25.5573
2	101	23.8324
3	101	22.1279
4	101	17.8953
87	101	-5.6071
100	101	-3.7143
7	102	11.523
10	102	64.5779
14	102	9.6406
15	102	66.0053
19	102	7.7607
24	102	69.0613
31	102	28.4144
37	102	37.0526
38	102	35.2048
39	102	33.3612
43	102	68.5919
47	102	46.0381
57	102	53.337
84	102	45.5338
95	102	45.5
7	103	12.262
10	103	71.9549
14	103	10.4572
15	103	73.4293
19	103	8.6726
24	103	76.5565
31	103	35.6638
37	103	44.4761
38	103	42.6161
39	103	40.7586
43	103	76.1292
47	103	53.5428
57	103	60.8791
84	103	53.101
95	103	53.0714
102	103	0.071429
7	104	47.6858
10	104	20.6393
14	104	46.9998
15	104	20.8929
19	104	46.3717
24	104	22.1279
31	104	12.6213
37	104	5.1977
38	104	6.1496
39	104	7.2837
43	104	20.6393
47	104	2.6933
57	104	6.1496
84	104	-2.1462
95	104	-3.2674
102	104	41.7507
103	104	49.3173
63	105	6.1496
64	105	7.7607
75	105	5.1977
96	105	-5.6071
97	105	-4.8231
99	105	-1.5143
63	106	4.6202
64	106	6.1496
75	106	3.5372
96	106	-4.8231
97	106	-5.6071
99	106	-3.2674
105	106	-5.6071
54	107	2.6933
55	107	2.1517
66	107	0.071429
78	107	0.53071
79	107	-0.67521
80	107	-0.67521
81	107	0.53071
88	107	-3.2674
89	107	-3.7143
90	107	-0.67521
83	108	-1.8214
93	108	-2.1462
94	108	-3.7143
29	109	10.3572
30	109	11.4286
29	110	9.4302
30	110	10.3572
109	110	-5.6071
63	111	5.8845
64	111	7.2837
75	111	4.6202
96	111	-3.2674
97	111	-3.7143
99	111	-2.1462
105	111	-4.8231
106	111	-5.6071
63	112	3.5372
64	112	4.6202
75	112	1.9643
96	112	-0.67521
97	112	-2.1462
99	112	-3.7143
105	112	-1.5143
106	112	-3.2674
111	112	-3.7143
7	113	20.8929
10	113	83.8684
14	113	19.4026
15	113	85.3079
19	113	17.9658
24	113	88.3466
31	113	47.6208
37	113	56.3541
38	113	54.5037
39	113	52.6559
43	113	87.8219
47	113	65.3197
57	113	72.5614
84	113	64.6524
95	113	64.5281
102	113	11.8034
103	113	4.4715
104	113	60.6691
63	114	7.2837
64	114	8.5614
75	114	5.8845
96	114	-1.5143
97	114	-1.8214
99	114	-0.67521
105	114	-3.2674
106	114	-3.7143
111	114	-5.6071
112	114	-3.2674
7	115	22.4287
10	115	84.3182
14	115	20.8929
15	115	85.7124
19	115	19.4026
24	115	88.6638
31	115	48.1706
37	115	56.7736
38	115	54.9356
39	115	53.101
43	115	88.0659
47	115	65.6388
57	115	72.8071
84	115	64.826
95	115	64.6524
102	115	12.262
103	115	5.1977
104	115	60.7479
113	115	-5.6071
29	116	13.6628
30	116	14.5743
109	116	-3.7143
110	116	-3.2674
1	117	33.2734
2	117	31.5222
3	117	29.785
4	117	25.5573
87	117	2.1517
100	117	0.30445
101	117	0.30445
7	118	23.0214
10	118	82.9817
14	118	21.3932
15	118	84.3182
19	118	19.7992
24	118	87.1618
31	118	46.9998
37	118	55.4215
38	118	53.6015
39	118	51.786
43	118	86.478
47	118	64.1541
57	118	71.2301
84	118	63.1723
95	118	62.9438
102	118	11.1425
103	118	4.6202
104	118	58.9929
113	118	-3.2674
115	118	-4.8231
7	119	24.0034
10	119	84.8047
14	119	22.4287
15	119	86.1534
19	119	20.8929
24	119	89.0172
31	119	48.7787
37	119	57.2457
38	119	55.4215
39	119	53.6015
43	119	88.3466
47	119	66.0053
57	119	73.0966
84	119	65.0485
95	119	64.826
102	119	12.8867
103	119	6.1496
104	119	60.8791
113	119	-3.7143
115	119	-5.6071
118	119	-5.6071
7	120	60.2209
10	120	23.08
14	120	59.3958
15	120	22.1279
19	120	58.6147
24	120	20.8929
31	120	25.9881
37	120	18.2456
38	120	19.4026
39	120	20.6393
43	120	17.9658
47	120	12.262
57	120	9.6406
84	120	6.9156
95	120	5.1977
102	120	52.2675
103	120	59.7164
104	120	5.8845
113	120	70.4756
115	120	70.3146
118	120	68.3089
119	120	70.1994
1	121	36.2
2	121	34.4002
3	121	32.6089
4	121	28.4144
87	121	5.75
100	121	4.4715
101	121	3.8571
117	121	-3.2674
53	122	13.4073
65	122	12.262
76	122	9.5357
77	122	9.6406
91	122	23.0214
92	122	24.6786
123	124	-5.6071
54	125	36.6892
55	125	38.0074
66	125	35.6638
78	125	32.6536
79	125	32.9647
80	125	35.0367
81	125	35.7467
88	125	31.5222
89	125	32.024
90	125	34.0136
107	125	28.4144
54	126	36.2
55	126	37.0526
66	126	34.8256
78	126	32.295
79	126	32.4299
80	126	33.8406
81	126	34.4002
88	126	30.7807
89	126	31.1069
90	126	32.6089
107	126	27.4026
125	126	-3.7143
1	16	-0.31917
2	16	-0.33058
3	16	-0.39528
4	16	-0.61864
5	16	-2.0075
6	16	-1.6971
7	16	-1.0355
8	16	-2.3133
9	16	-1.9529
10	16	8.2651
11	16	-0.39052
12	16	-0.44206
13	16	-0.57329
14	16	-1.2312
15	16	9.0269
1	17	-0.38276
2	17	-0.38922
3	17	-0.4482
4	17	-0.66093
5	17	-2.2359
6	17	-1.9909
7	17	-0.97418
8	17	-2.0964
9	17	-2.2683
10	17	8.5945
11	17	-0.4079
12	17	-0.46931
13	17	-0.61178
14	17	-1.1521
15	17	9.0758
16	18	-0.75736
17	18	-0.78233
16	19	-1.2186
17	19	-1.1377
1	20	-0.63021
2	20	-0.64375
3	20	-0.71004
4	20	-0.93214
5	20	-2.571
6	20	-2.2224
7	20	-1.1469
8	20	-2.1388
9	20	-2.4526
10	20	7.8496
11	20	-0.77408
12	20	-0.8139
13	20	-0.95371
14	20	-1.2405
15	20	8.9933
18	20	-1.1259
19	20	-1.3009
16	21	0.10242
17	21	0.64517
20	21	-0.38224
1	22	-0.67733
2	22	-0.68611
3	22	-0.74622
4	22	-0.96408
5	22	-2.3072
6	22	-2.4742
7	22	-1.0821
8	22	-1.9084
9	22	-2.4234
10	22	8.162
11	22	-0.84451
12	22	-0.86372
13	22	-0.99427
14	22	-1.1556
15	22	9.1714
18	22	-1.1481
19	22	-1.2295
21	22	-0.45184
16	23	-0.89134
17	23	-0.67191
20	23	-0.98328
22	23	-0.90346
16	24	8.7918
17	24	8.8669
20	24	8.9463
22	24	8.952
16	25	0.33559
17	25	0.89137
20	25	0.67898
22	25	2.0853
1	26	-0.84101
2	26	-0.85769
3	26	-0.92631
4	26	-1.1619
5	26	-2.3786
6	26	-2.1702
7	26	-1.2365
8	26	-2.2788
9	26	-1.997
10	26	7.5938
11	26	-1.1451
12	26	-1.1067
13	26	-1.2203
14	26	-1.076
15	26	8.5751
18	26	-1.3745
19	26	-1.2098
21	26	-0.87728
23	26	-1.6986
24	26	9.0799
25	26	-0.371
16	27	-0.71163
17	27	-0.46776
20	27	-0.67589
22	27	-0.30021
26	27	-1.0416
16	28	-1.1925
17	28	-1.0339
20	28	-1.2048
22	28	-0.9365
26	28	-1.4428
16	29	-0.85902
17	29	-0.75774
20	29	-0.86141
22	29	-0.7605
26	29	-0.68374
16	30	-1.0261
17	30	-0.94141
20	30	-1.0303
22	30	-0.93229
26	30	-0.56056
16	31	0.046902
17	31	0.14898
20	31	-0.13163
22	31	-0.068776
26	31	-0.37947
1	32	-0.36752
2	32	-0.50939
3	32	-0.67129
4	32	-0.90494
16	32	-1.1639
17	32	-1.1647
20	32	-1.4945
22	32	-1.4168
26	32	-1.6241
16	33	0.15425
17	33	0.17782
20	33	0.16321
22	33	0.20091
26	33	-0.18287
16	34	1.2986
17	34	1.8527
20	34	2.2089
22	34	3.1067
26	34	4.058
16	35	0.44726
17	35	0.9326
20	35	1.0271
22	35	1.934
26	35	2.2604
16	36	-0.34675
17	36	0.056133
20	36	0.0036621
22	36	0.72964
26	36	0.38479
16	37	0.73195
17	37	0.89689
20	37	0.47487
22	37	0.58345
26	37	0.096417
16	38	0.48986
17	38	0.64214
20	38	0.24272
22	38	0.33816
26	38	-0.1016
16	39	0.26447
17	39	0.4063
20	39	0.027605
22	39	0.11266
26	39	-0.28522
1	40	-0.33255
2	40	-0.50019
3	40	-0.69164
4	40	-0.97892
16	40	-1.3587
17	40	-1.2924
20	40	-1.6234
22	40	-1.5582
26	40	-1.8187
1	41	-0.38863
2	41	-0.56339
3	41	-0.74007
4	41	-0.96066
16	41	-1.3299
17	41	-1.3284
20	41	-1.6389
22	41	-1.5562
26	41	-1.765
1	42	-0.41958
2	42	-0.60249
3	42	-0.74796
4	42	-0.93751
16	42	-1.3073
17	42	-1.319
20	42	-1.62
22	42	-1.5522
26	42	-1.7624
16	43	8.4193
17	43	8.6274
20	43	8.7683
22	43	8.7862
26	43	8.8624
16	44	2.7354
17	44	2.8476
20	44	3.3322
22	44	3.5542
26	44	3.4566
16	45	1.9799
17	45	2.4143
20	45	2.9203
22	45	3.5083
26	45	4.2261
16	46	1.1229
17	46	1.5829
20	46	1.9464
22	46	2.629
26	46	3.2719
16	47	2.6353
17	47	2.9653
20	47	2.5038
22	47	2.8458
26	47	2.2409
11	48	-0.29943
12	48	-0.90704
13	48	-1.2464
16	48	-0.78017
17	48	-0.63592
18	48	-1.6145
20	48	-0.92205
21	48	-1.9925
22	48	-0.74213
23	48	-2.1191
25	48	-2.3591
26	48	-1.1744
27	48	-2.5483
28	48	-2.2691
34	48	-2.3133
35	48	-2.3498
36	48	-2.1179
44	48	-1.7539
45	48	-1.9283
46	48	-1.7015
11	49	-0.48221
12	49	-1.1608
13	49	-1.5778
16	49	-0.87372
17	49	-0.79629
18	49	-1.8742
20	49	-1.0257
21	49	-2.2214
22	49	-0.88331
23	49	-2.326
25	49	-2.7191
26	49	-1.2253
27	49	-2.2163
28	49	-1.7812
34	49	-2.2628
35	49	-2.3653
36	49	-2.1351
44	49	-1.8045
45	49	-1.9908
46	49	-1.7802
11	50	-0.16249
12	50	-0.91206
13	50	-1.3231
16	50	-0.93409
17	50	-0.87636
18	50	-1.5134
20	50	-1.0948
21	50	-2.2385
22	50	-0.96277
23	50	-2.1027
25	50	-2.5094
26	50	-1.2699
27	50	-2.0504
28	50	-1.6039
34	50	-2.2155
35	50	-2.3275
36	50	-2.1192
44	50	-1.7961
45	50	-1.9905
46	50	-1.79
1	51	-0.24264
2	51	-0.41324
3	51	-0.60306
4	51	-0.88497
16	51	-1.1946
17	51	-1.078
20	51	-1.3047
22	51	-1.2418
26	51	-1.5826
1	52	-0.25707
2	52	-0.43023
3	52	-0.62117
4	52	-0.8991
16	52	-1.2899
17	52	-1.1879
20	52	-1.3975
22	52	-1.3489
26	52	-1.6721
7	53	0.056974
10	53	7.9844
14	53	0.28805
15	53	8.191
16	53	-1.1347
17	53	-1.0697
19	53	0.036829
20	53	-1.2958
22	53	-1.2842
24	53	8.1845
26	53	-1.5401
31	53	6.796
37	53	7.1016
38	53	6.9384
39	53	6.8432
43	53	8.2362
47	53	7.2792
1	54	-0.51404
2	54	-0.98113
3	54	-0.89312
4	54	-0.62123
16	54	-0.72148
17	54	-0.67692
20	54	-0.86147
22	54	-0.85749
26	54	-1.0509
1	55	-1.1176
2	55	-0.9982
3	55	-1.0493
4	55	-1.4178
16	55	-1.1457
17	55	-1.1113
20	55	-1.2876
22	55	-1.2846
26	55	-1.4565
16	56	0.75981
17	56	0.73477
20	56	0.74736
22	56	0.73516
26	56	0.39851
16	57	4.3766
17	57	4.8841
20	57	4.7321
22	57	5.324
26	57	5.3083
53	57	7.3324
11	58	1.3265
12	58	1.0431
13	58	0.88636
16	58	1.0126
17	58	1.4251
18	58	0.66346
20	58	1.2211
21	58	0.50088
22	58	1.7836
23	58	1.4297
25	58	0.13062
26	58	1.4742
27	58	1.5406
28	58	2.1433
34	58	-0.94604
35	58	-0.37101
36	58	0.48578
44	58	-1.3419
45	58	-1.5398
46	58	-1.5575
11	59	0.02597
12	59	-0.46108
13	59	-0.71818
16	59	-0.65829
17	59	-0.44876
18	59	-1.0114
20	59	-0.7206
21	59	-1.3306
22	59	-0.44709
23	59	-1.2489
25	59	-1.5939
26	59	-0.86377
27	59	-1.5563
28	59	-1.3949
34	59	-1.9029
35	59	-1.7934
36	59	-1.8784
44	59	-1.3262
45	59	-1.9394
46	59	-2.224
11	60	-0.41871
12	60	-1.0043
13	60	-1.3198
16	60	-0.90468
17	60	-0.7366
18	60	-1.639
20	60	-0.99672
21	60	-1.5232
22	60	-0.76569
23	60	-1.729
25	60	-1.8033
26	60	-1.1596
27	60	-1.9555
28	60	-2.0205
34	60	-2.0246
35	60	-1.9808
36	60	-2.1345
44	60	-1.3036
45	60	-1.9395
46	60	-2.0915
11	61	-0.91089
12	61	-1.5612
13	61	-1.8928
16	61	-0.97707
17	61	-0.87585
18	61	-2.072
20	61	-1.0935
21	61	-1.9112
22	61	-0.91829
23	61	-2.3149
25	61	-2.2289
26	61	-1.2443
27	61	-2.5841
28	61	-2.3976
34	61	-2.2542
35	61	-2.312
36	61	-2.5389
44	61	-1.4049
45	61	-2.0674
46	61	-2.0463
1	62	-0.1326
2	62	-0.30601
3	62	-0.4937
4	62	-0.76502
16	62	-1.1623
17	62	-1.0309
20	62	-1.2305
22	62	-1.1502
26	62	-1.4836
16	63	-1.6191
17	63	-1.5397
20	63	-1.7729
22	63	-1.6643
26	63	-1.7426
53	63	-1.6962
16	64	-1.4015
17	64	-1.3297
20	64	-1.5531
22	64	-1.4568
26	64	-1.6287
53	64	-1.7053
7	65	0.54785
10	65	8.2104
14	65	0.7528
15	65	8.4182
16	65	-1.3663
17	65	-1.279
19	65	0.49611
20	65	-1.4759
22	65	-1.4413
24	65	8.4107
26	65	-1.6938
31	65	7.0393
37	65	7.4431
38	65	7.305
39	65	7.2213
43	65	8.4628
47	65	7.6079
57	65	7.643
63	65	-1.389
64	65	-1.2809
1	66	-1.1496
2	66	-1.6837
3	66	-1.7399
4	66	-1.5546
16	66	-0.76321
17	66	-0.71092
20	66	-0.8767
22	66	-0.86692
26	66	-1.0385
1	67	-0.45483
2	67	-0.65123
3	67	-0.76692
4	67	-0.90114
5	67	0.813
6	67	1.3302
7	67	-0.62183
8	67	0.59289
9	67	2.0316
10	67	4.9363
11	67	-1.2103
12	67	-1.3921
13	67	-1.3002
14	67	-0.46616
15	67	5.81
18	67	-1.306
19	67	-0.59603
21	67	-1.6079
23	67	-1.8761
24	67	6.9298
25	67	-2.1861
27	67	-1.6305
28	67	-1.1774
29	67	0.99798
30	67	1.104
31	67	0.013889
32	67	-0.92932
33	67	-1.7759
34	67	-2.6046
35	67	-1.9005
36	67	-1.2884
37	67	0.54776
38	67	0.52019
39	67	0.48295
40	67	-0.90616
41	67	-0.9057
42	67	-0.83716
43	67	7.7214
44	67	-1.6147
45	67	-2.308
46	67	-1.8892
47	67	0.56068
48	67	-1.4108
49	67	-1.5752
50	67	-1.5339
51	67	-1.0938
52	67	-1.1107
53	67	-0.87848
54	67	-1.2191
55	67	-1.1112
56	67	-2.3741
57	67	0.77009
58	67	-1.0542
59	67	-1.0211
60	67	-0.99482
61	67	-1.1897
62	67	-1.1457
63	67	-0.36961
64	67	-0.52168
65	67	-0.92384
66	67	-1.4101
11	68	1.6275
12	68	1.3602
13	68	1.2187
16	68	1.2561
17	68	1.701
18	68	1.0148
20	68	1.64
21	68	1.1038
22	68	2.2203
23	68	1.7971
25	68	0.95856
26	68	2.1546
27	68	1.9997
28	68	2.3359
34	68	0.03845
35	68	0.83036
36	68	1.5539
44	68	-0.60344
45	68	-0.51754
46	68	-0.3114
67	68	-0.55897
11	69	0.22779
12	69	-0.22111
13	69	-0.44155
16	69	-0.40344
17	69	-0.18825
18	69	-0.69027
20	69	-0.4046
21	69	-0.93712
22	69	-0.11473
23	69	-0.79827
25	69	-1.3501
26	69	-0.4553
27	69	-1.0067
28	69	-0.84839
34	69	-1.5716
35	69	-1.449
36	69	-1.4788
44	69	-1.0929
45	69	-1.6111
46	69	-1.8664
67	69	-1.0101
11	70	-1.0841
12	70	-1.6819
13	70	-1.9163
16	70	-1.1407
17	70	-1.0169
18	70	-2.018
20	70	-1.2217
21	70	-1.5614
22	70	-1.0124
23	70	-1.9513
25	70	-1.788
26	70	-1.3144
27	70	-2.0981
28	70	-2.2878
34	70	-1.825
35	70	-1.8499
36	70	-2.0749
44	70	-1.0608
45	70	-1.6601
46	70	-1.9823
67	70	-0.77924
11	71	-0.86405
12	71	-1.4531
13	71	-1.728
16	71	-0.86766
17	71	-0.77968
18	71	-1.7834
20	71	-0.96255
21	71	-1.6022
22	71	-0.79392
23	71	-2.0544
25	71	-1.9754
26	71	-1.0707
27	71	-2.2496
28	71	-2.4687
34	71	-1.9894
35	71	-2.0522
36	71	-2.3276
44	71	-1.1696
45	71	-1.7969
46	71	-2.1408
67	71	-1.1002
1	72	0.25218
2	72	0.086735
3	72	-0.091327
4	72	-0.34915
16	72	-0.76861
17	72	-0.59512
20	72	-0.80447
22	72	-0.67524
26	72	-1.0295
67	72	-1.1391
1	73	0.25991
2	73	0.092361
3	73	-0.086383
4	73	-0.34163
16	73	-0.94796
17	73	-0.79019
20	73	-0.98308
22	73	-0.87108
26	73	-1.208
67	73	-1.171
1	74	-0.0013876
2	74	-0.17883
3	74	-0.36415
4	74	-0.62202
16	74	-1.1058
17	74	-0.97911
20	74	-1.1304
22	74	-1.0502
26	74	-1.355
67	74	-1.2089
16	75	-1.5505
17	75	-1.4778
20	75	-1.6995
22	75	-1.5915
26	75	-1.771
53	75	-1.4774
65	75	-2.0384
67	75	-0.56462
7	76	0.32111
10	76	7.8342
14	76	0.569
15	76	8.2404
16	76	-0.6115
17	76	-0.51513
19	76	0.36052
20	76	-0.72004
22	76	-0.67989
24	76	8.5865
26	76	-0.95591
31	76	5.8025
37	76	7.2381
38	76	7.1475
39	76	7.0125
43	76	8.6093
47	76	7.9107
57	76	7.8681
63	76	-0.22955
64	76	0.1264
67	76	-1.4359
75	76	-1.1997
7	77	0.37385
10	77	7.8646
14	77	0.61134
15	77	8.2648
16	77	-0.69265
17	77	-0.60757
19	77	0.39561
20	77	-0.80748
22	77	-0.77766
24	77	8.6109
26	77	-1.0505
31	77	5.9647
37	77	7.295
38	77	7.2131
39	77	7.0895
43	77	8.7224
47	77	8.0079
57	77	7.9776
63	77	-0.29808
64	77	-0.042534
67	77	-1.4511
75	77	-1.1059
1	78	0.029829
2	78	-0.46074
3	78	-0.38565
4	78	-0.055276
16	78	-0.17721
17	78	-0.10851
20	78	-0.27278
22	78	-0.25148
26	78	-0.42669
67	78	-1.5217
1	79	-0.59286
2	79	-1.1316
3	79	-1.0758
4	79	-0.77771
16	79	-0.50231
17	79	-0.43348
20	79	-0.59671
22	79	-0.57344
26	79	-0.74457
67	79	-1.4297
1	80	-1.2505
2	80	-0.86019
3	80	-0.92297
4	80	-1.3832
16	80	-0.93281
17	80	-0.85372
20	80	-0.98613
22	80	-0.95758
26	80	-1.0917
67	80	-1.3374
1	81	-0.9188
2	81	-0.52188
3	81	-0.57338
4	81	-1.0045
16	81	-1.2335
17	81	-1.1496
20	81	-1.2696
22	81	-1.2392
26	81	-1.3591
67	81	-1.1213
16	82	1.1507
17	82	1.0799
20	82	1.1129
22	82	1.0535
26	82	0.75901
67	82	-1.3233
16	83	-0.38172
17	83	-0.20982
20	83	-0.2968
22	83	-0.095692
26	83	-0.17288
67	83	-0.8496
16	84	3.2208
17	84	3.5246
20	84	3.2681
22	84	3.5761
26	84	3.3064
53	84	6.8844
65	84	7.2328
67	84	0.19263
76	84	7.4069
77	84	7.5301
11	85	-0.30951
12	85	-0.83333
13	85	-1.061
16	85	-0.99256
17	85	-0.79079
18	85	-1.2021
20	85	-0.98645
21	85	-0.88302
22	85	-0.6928
23	85	-1.0321
25	85	-1.0895
26	85	-0.98536
27	85	-1.1623
28	85	-1.129
34	85	-1.2326
35	85	-1.17
36	85	-1.2784
44	85	-0.69659
45	85	-1.1866
46	85	-1.4353
67	85	-0.41448
1	86	0.72182
2	86	0.56057
3	86	0.39058
4	86	0.15117
16	86	-0.40211
17	86	-0.22381
20	86	-0.39592
22	86	-0.2621
26	86	-0.58738
67	86	-1.3293
16	87	-0.37122
17	87	-0.28888
20	87	-0.38528
22	87	-0.34881
26	87	-0.53891
32	87	1.331
40	87	-0.026873
41	87	1.1064
42	87	1.5459
51	87	-0.51409
52	87	-0.39098
54	87	0.78609
55	87	-0.15826
62	87	-0.90423
66	87	-0.047185
67	87	-1.6577
72	87	-1.3518
73	87	-1.4039
74	87	-1.1173
78	87	-0.48346
79	87	-0.30251
80	87	-0.97179
81	87	-1.1315
86	87	-2.0115
1	88	-0.98571
2	88	-1.5818
3	88	-1.5628
4	88	-1.2993
16	88	-0.7304
17	88	-0.64837
20	88	-0.79519
22	88	-0.76018
26	88	-0.91137
67	88	-1.22
87	88	-0.92158
1	89	-1.1133
2	89	-1.6391
3	89	-1.7454
4	89	-1.5322
16	89	-0.68441
17	89	-0.60488
20	89	-0.74496
22	89	-0.71364
26	89	-0.85832
67	89	-1.3612
87	89	-1.0661
1	90	-0.93837
2	90	-0.55929
3	90	-0.61988
4	90	-1.0937
16	90	-0.99841
17	90	-0.91183
20	90	-1.022
22	90	-0.98934
26	90	-1.102
67	90	-1.1718
87	90	-1.4864
7	91	4.6132
10	91	8.327
14	91	4.927
15	91	8.5621
16	91	-0.89886
17	91	-0.99337
19	91	4.9826
20	91	-0.8376
22	91	-0.87133
24	91	8.5982
26	91	-0.70799
31	91	7.0852
37	91	7.6217
38	91	7.5012
39	91	7.4026
43	91	8.684
47	91	7.9069
57	91	7.9793
63	91	-0.50052
64	91	-0.56908
67	91	0.22707
75	91	-0.4803
84	91	7.6805
7	92	4.981
10	92	8.3424
14	92	5.3188
15	92	8.5793
16	92	-0.86132
17	92	-0.95572
19	92	5.4152
20	92	-0.80553
22	92	-0.83946
24	92	8.6191
26	92	-0.6815
31	92	7.0922
37	92	7.6372
38	92	7.5071
39	92	7.4069
43	92	8.7076
47	92	7.9233
57	92	8.0007
63	92	-0.40988
64	92	-0.47872
67	92	0.24285
75	92	-0.38832
84	92	7.7075
16	93	-0.58065
17	93	-0.42335
20	93	-0.44852
22	93	-0.3009
26	93	-0.33912
67	93	-2.0395
16	94	-0.42979
17	94	-0.29205
20	94	-0.39038
22	94	-0.22219
26	94	-0.33126
67	94	-1.6095
16	95	3.3902
17	95	3.6781
20	95	3.4603
22	95	3.7447
26	95	3.529
53	95	6.8181
65	95	7.1687
67	95	0.63624
76	95	7.3035
77	95	7.4341
91	95	7.5681
92	95	7.5968
16	96	-0.78052
17	96	-0.63655
20	96	-0.88541
22	96	-0.71304
26	96	-1.0366
53	96	-0.84737
65	96	-1.0249
67	96	-0.9683
76	96	-1.3593
77	96	-1.2017
91	96	0.66498
92	96	0.74486
16	97	-0.77952
17	97	-0.66005
20	97	-0.89712
22	97	-0.75001
26	97	-1.0642
53	97	-0.77442
65	97	-1.0115
67	97	-1.115
76	97	-1.3255
77	97	-1.2906
91	97	0.61437
92	97	0.69431
1	98	1.0947
2	98	0.93433
3	98	0.77036
4	98	0.54599
16	98	-0.39535
17	98	-0.22222
20	98	-0.35289
22	98	-0.22367
26	98	-0.51201
67	98	-1.3299
87	98	-1.3214
16	99	-0.99774
17	99	-0.92238
20	99	-1.139
22	99	-1.0251
26	99	-1.3269
53	99	-0.61319
65	99	-1.0171
67	99	-1.0747
76	99	-1.1582
77	99	-1.5954
91	99	0.43976
92	99	0.52006
16	100	-0.33276
17	100	-0.23405
20	100	-0.3436
22	100	-0.28777
26	100	-0.49255
32	100	2.2141
40	100	0.64673
41	100	2.118
42	100	2.6057
51	100	0.08125
52	100	0.30415
54	100	1.3664
55	100	0.63299
62	100	-0.33105
66	100	0.83186
67	100	-1.2982
72	100	-0.98879
73	100	-1.0099
74	100	-0.60318
78	100	0.42019
79	100	0.68063
80	100	0.06336
81	100	-0.098499
86	100	-1.6207
88	100	0.34646
89	100	0.17882
90	100	-0.35062
98	100	-1.6145
16	101	-0.326
17	101	-0.23819
20	101	-0.32455
22	101	-0.27961
26	101	-0.46043
32	101	1.5372
40	101	0.23502
41	101	1.3736
42	101	1.7815
51	101	-0.24249
52	101	-0.088523
54	101	1.2714
55	101	0.27613
62	101	-0.61361
66	101	0.47582
67	101	-1.5613
72	101	-1.1122
73	101	-1.1534
74	101	-0.82564
78	101	0.29582
79	101	0.40423
80	101	-0.47692
81	101	-0.67418
86	101	-1.7461
88	101	-0.19692
89	101	-0.4131
90	101	-1.0036
98	101	-1.6962
16	102	-0.99954
17	102	-0.91994
20	102	-1.0844
22	102	-1.0501
26	102	-1.1931
53	102	-2.043
65	102	-2.2436
67	102	-1.2893
76	102	-1.6463
77	102	-1.6963
91	102	4.3824
92	102	4.5829
16	103	-1.5368
17	103	-1.5525
20	103	-1.6941
22	103	-1.7563
26	103	-1.6639
53	103	-1.6127
65	103	-1.674
67	103	-0.83305
76	103	-1.1904
77	103	-1.2476
91	103	-0.66019
92	103	1.3983
16	104	3.1303
17	104	3.3639
20	104	3.1474
22	104	3.3629
26	104	3.1459
53	104	6.5169
65	104	6.7662
67	104	0.79231
76	104	6.8251
77	104	6.9502
91	104	7.1205
92	104	7.151
16	105	-0.66575
17	105	-0.52028
20	105	-0.74577
22	105	-0.5657
26	105	-0.86736
53	105	-0.54606
65	105	-0.75173
67	105	-1.1527
76	105	-0.99471
77	105	-1.2704
91	105	0.78956
92	105	0.86434
16	106	-0.76058
17	106	-0.63919
20	106	-0.85922
22	106	-0.70153
26	106	-1.0005
53	106	-0.33889
65	106	-0.60243
67	106	-1.1767
76	106	-0.80901
77	106	-1.1123
91	106	0.8457
92	106	0.91921
1	107	-0.81582
2	107	-1.3421
3	107	-1.4511
4	107	-1.209
16	107	-0.41377
17	107	-0.32479
20	107	-0.44415
22	107	-0.40516
26	107	-0.5316
67	107	-1.3831
87	107	-1.2188
100	107	-0.83056
101	107	-1.5845
16	108	-0.55967
17	108	-0.46685
20	108	-0.57706
22	108	-0.45372
26	108	-0.59653
67	108	-2.2774
16	109	0.17474
17	109	0.41892
20	109	0.07478
22	109	0.35098
26	109	-0.019733
67	109	-1.455
16	110	-0.17443
17	110	0.053799
20	110	-0.3076
22	110	-0.045407
26	110	-0.43915
67	110	-1.291
16	111	-0.69055
17	111	-0.56752
20	111	-0.76929
22	111	-0.6045
26	111	-0.88529
53	111	-0.23405
65	111	-0.50351
67	111	-1.2295
76	111	-0.62345
77	111	-0.9481
91	111	0.85194
92	111	0.92192
16	112	-0.78351
17	112	-0.70261
20	112	-0.88983
22	112	-0.7619
26	112	-1.035
53	112	0.18328
65	112	-0.22675
67	112	-1.261
76	112	-0.16582
77	112	-0.58239
91	112	0.87174
92	112	0.93845
16	113	-1.0378
17	113	-1.0953
20	113	-1.1617
22	113	-1.1995
26	113	-1.2503
53	113	-1.2371
65	113	-1.3707
67	113	-0.6575
76	113	-0.89208
77	113	-0.94092
91	113	-1.6639
92	113	-1.5173
16	114	-0.48592
17	114	-0.362
20	114	-0.5416
22	114	-0.37464
26	114	-0.63357
53	114	0.034704
65	114	-0.23703
67	114	-1.284
76	114	-0.2872
77	114	-0.62096
91	114	0.99601
92	114	1.061
16	115	-1.1705
17	115	-1.2268
20	115	-1.259
22	115	-1.3317
26	115	-1.1978
53	115	-1.0062
65	115	-1.1741
67	115	-0.53097
76	115	-0.66959
77	115	-0.71818
91	115	-1.7985
92	115	-1.6422
16	116	0.19366
17	116	0.41355
20	116	0.10091
22	116	0.35212
26	116	-0.014716
67	116	-1.6789
16	117	0.0023357
17	117	0.11683
20	117	0.061137
22	117	0.14046
26	117	-0.0095001
32	117	2.4085
40	117	1.3512
41	117	2.3656
42	117	2.6686
51	117	0.94979
52	117	1.1457
54	117	3.9758
55	117	3.1875
62	117	0.69153
66	117	3.5727
67	117	-1.2117
72	117	-0.095341
73	117	0.0071959
74	117	0.59364
78	117	3.4543
79	117	3.6977
80	117	2.8327
81	117	2.6081
86	117	-0.77094
88	117	3.5055
89	117	3.2354
90	117	2.4607
98	117	-1.5148
107	117	2.5189
16	118	-1.1169
17	118	-1.2199
20	118	-1.1002
22	118	-1.194
26	118	-1.0418
53	118	-0.81183
65	118	-0.98955
67	118	-0.40457
76	118	-0.48241
77	118	-0.53161
91	118	-1.9284
92	118	-1.5701
16	119	-1.0965
17	119	-1.2
20	119	-1.0805
22	119	-1.1702
26	119	-1.0223
53	119	-0.90451
65	119	-1.0814
67	119	-0.38715
76	119	-0.57514
77	119	-0.62471
91	119	-1.8042
92	119	-1.6456
16	120	3.9357
17	120	4.1733
20	120	4.0961
22	120	4.3019
26	120	4.2612
53	120	6.4248
65	120	6.7449
67	120	2.3426
76	120	6.7368
77	120	6.8853
91	120	7.3533
92	120	7.3976
16	121	-0.026407
17	121	0.082828
20	121	0.043583
22	121	0.12459
26	121	-0.0062334
32	121	2.3522
40	121	1.4628
41	121	2.3138
42	121	2.5703
51	121	1.1214
52	121	1.2873
54	121	4.5888
55	121	3.7723
62	121	0.90156
66	121	4.2161
67	121	-0.98888
72	121	0.20139
73	121	0.29351
74	121	0.82077
78	121	4.157
79	121	4.4151
80	121	3.4734
81	121	3.2271
86	121	-0.41148
88	121	4.2675
89	121	3.9639
90	121	3.1074
98	121	-0.92713
107	121	3.3262
7	122	3.8938
10	122	6.7805
14	122	4.1426
15	122	6.9776
16	122	-0.49174
17	122	-0.37739
19	122	4.0074
20	122	-0.52022
22	122	-0.41824
24	122	6.9209
26	122	-0.63296
31	122	6.3629
37	122	6.5083
38	122	6.5775
39	122	6.6092
43	122	6.9601
47	122	6.5633
57	122	6.72
63	122	1.9052
64	122	2.2629
67	122	-0.83198
75	122	1.5742
84	122	6.1148
95	122	5.9438
96	122	-1.5003
97	122	-1.3261
99	122	-0.76791
102	122	2.6727
103	122	2.5253
104	122	5.4694
105	122	-1.7881
106	122	-1.7367
111	122	-1.8991
112	122	-1.5022
113	122	2.0753
114	122	-1.8814
115	122	2.1445
118	122	2.1946
119	122	2.09
120	122	5.7791
16	123	-0.2716
17	123	-0.12589
20	123	-0.32653
22	123	-0.098745
26	123	-0.28982
29	123	-0.56292
30	123	-0.42612
67	123	-1.6989
83	123	-1.692
93	123	-1.7732
94	123	-2.0281
108	123	-2.198
109	123	-1.7985
110	123	-1.9156
116	123	-1.9462
16	124	-0.17161
17	124	-0.041648
20	124	-0.24155
22	124	-0.031439
26	124	-0.22783
29	124	-0.52499
30	124	-0.38719
67	124	-1.7184
83	124	-1.4553
93	124	-1.7933
94	124	-1.7771
108	124	-1.9594
109	124	-1.9134
110	124	-1.7673
116	124	-2.1111
1	125	0.6286
2	125	0.064904
3	125	0.070072
4	125	0.45326
16	125	0.22736
17	125	0.14258
20	125	0.25745
22	125	0.12187
26	125	0.2313
67	125	0.76503
87	125	1.7005
100	125	1.1096
101	125	1.5884
117	125	-1.2672
121	125	-1.6989
1	126	0.47299
2	126	-0.11164
3	126	-0.11064
4	126	0.27669
16	126	0.16956
17	126	0.085979
20	126	0.20949
22	126	0.076755
26	126	0.19757
67	126	0.74598
87	126	1.5308
100	126	0.83547
101	126	1.4073
117	126	-1.7375
121	126	-2.2482
offset
60
