136
detection	body_part	cost
1	4	-5.0513
2	4	-2.5951
3	5	0.92115
4	11	-3.0658
5	3	-1.6019
6	4	-0.076444
7	11	9.2102
8	3	-4.876
9	3	-2.5252
10	5	-2.9816
11	5	-0.84721
12	9	-1.9165
13	11	9.2102
14	9	-2.5443
15	9	-2.5407
16	11	9.2102
17	3	1.3637
18	5	0.47501
19	5	-0.60263
20	9	0.18128
21	5	0.39244
22	9	-2.0604
23	11	9.2102
24	10	-0.39887
25	14	0.56535
26	1	-6.363
27	9	0.020299
28	12	0.063008
29	11	9.2102
30	2	-3.8716
31	1	-1.2763
32	7	-0.38291
33	7	-0.71119
34	12	0.044814
35	10	-0.72041
36	10	-4.0099
37	6	-3.6176
38	12	-1.5965
39	12	-2.6734
40	14	-1.7001
41	11	9.2102
42	6	0.37459
43	6	-1.1861
44	12	-1.2069
45	12	-1.2841
46	12	0.55836
47	13	0.86436
48	11	9.2102
49	7	-2.4161
50	13	-3.498
51	14	0.41586
52	8	-2.2926
53	13	-2.8046
54	8	-1.08
55	8	-0.12341
56	7	-0.23237
57	7	-1.773
58	11	9.2102
59	7	-4.3524
60	7	-0.0021076
61	7	-3.124
62	11	0.72674
63	11	0.63519
64	11	9.2102
65	7	-1.1611
66	8	-2.3122
67	11	9.2102
68	4	-0.10569
69	7	-0.34149
70	7	-0.078645
71	8	-2.2512
72	12	-1.5923
73	12	-1.8363
74	11	0.021115
75	6	-1.3729
76	11	9.2102
77	4	-2.4099
78	13	1.0004
79	11	9.2102
80	11	0.34495
81	11	9.2102
82	6	-0.58272
83	4	-3.4002
84	4	-3.9216
85	4	-2.0336
86	8	-1.389
87	8	-1.0947
88	12	-0.22462
89	11	9.2102
90	11	9.2102
91	11	9.2102
92	4	1.0232
93	9	-1.1048
94	10	-0.37322
95	13	-0.75198
96	11	9.2102
97	6	0.34921
98	1	-0.8819
99	6	0.10264
100	3	0.37753
101	6	0.30132
102	11	9.2102
103	8	-1.1087
104	9	-1.3665
105	10	-2.8095
106	13	0.34993
107	10	-2.111
108	14	0.18449
109	1	-2.5883
110	1	-3.6961
111	11	9.2102
112	8	-0.83662
113	9	0.097764
114	11	9.2102
115	14	1.3724
116	14	1.1863
117	11	9.2102
118	8	-0.1847
119	8	0.085923
120	9	0.34217
121	11	9.2102
122	2	-4.3653
123	3	-2.7079
124	3	-2.3352
125	5	-3.7037
126	11	9.2102
127	11	9.2102
128	11	9.2102
129	3	-1.2282
130	2	0.80233
131	11	9.2102
132	3	0.65109
133	5	-2.1817
134	11	9.2102
135	11	9.2102
136	5	1.2949
detection1	detection2	cost
1	2	-3.7143
1	6	-3.2674
2	6	-3.2674
4	7	73.9808
5	8	-4.8231
5	9	-1.5143
8	9	-3.7143
3	10	-3.2674
3	11	-3.2674
10	11	-3.7143
4	13	87.3131
7	13	5.8845
12	14	-5.6071
12	15	-4.8231
14	15	-5.6071
4	16	-1.5143
7	16	75.8072
13	16	89.0357
5	17	-0.67521
8	17	-3.2674
9	17	-3.2674
3	18	0.96511
10	18	-3.2674
11	18	-0.67521
3	19	0.071429
10	19	-3.2674
11	19	-3.2674
18	19	-3.7143
12	20	-2.1462
14	20	-3.2674
15	20	-1.5143
3	21	0.30445
10	21	-2.1462
11	21	-3.7143
18	21	-1.8214
19	21	-5.6071
12	22	-3.7143
14	22	-5.6071
15	22	-4.8231
20	22	-3.7143
4	23	21.885
7	23	45.635
13	23	58.777
16	23	22.8448
12	27	-1.5143
14	27	-3.2674
15	27	-2.1462
20	27	-4.8231
22	27	-4.8231
4	29	11.9882
7	29	57.1072
13	29	70.1994
16	29	11.8034
23	29	4.0138
26	31	-4.8231
32	33	-5.6071
28	34	-1.5143
24	35	-0.67521
24	36	-3.2674
35	36	-3.7143
28	38	-3.2674
34	38	0.30445
28	39	-3.7143
34	39	-1.5143
38	39	-5.6071
25	40	-1.5143
4	41	86.478
7	41	8.5614
13	41	2.1517
16	41	87.6149
23	41	57.301
29	41	68.4269
37	42	-3.2674
37	43	-3.2674
42	43	0.071429
28	44	-1.5143
34	44	0.96511
38	44	-5.6071
39	44	-4.8231
28	45	-0.67521
34	45	-3.2674
38	45	-1.5143
39	45	-3.2674
44	45	-1.8214
28	46	0.53071
34	46	-3.7143
38	46	0.30445
39	46	-1.5143
44	46	0.071429
45	46	-5.6071
4	48	15.293
7	48	57.8516
13	48	70.6821
16	48	13.6628
23	48	6.1496
29	48	-1.8214
41	48	68.2143
32	49	-1.5143
33	49	-1.8214
47	50	-1.5143
25	51	2.6933
40	51	-3.2674
47	53	0.96511
50	53	-4.8231
52	54	-4.8231
52	55	3.5372
54	55	0.96511
32	56	10.4572
33	56	9.9513
49	56	4.4715
32	57	11.4286
33	57	11.523
49	57	5.8845
56	57	-1.5143
4	58	23.0214
7	58	74.5068
13	58	86.6304
16	58	17.7539
23	58	25.9881
29	58	17.1798
41	58	82.7438
48	58	12.6213
32	59	13.6628
33	59	13.4073
49	59	7.7607
56	59	-3.2674
57	59	-3.2674
32	60	14.6553
33	60	14.0819
49	60	8.6726
56	60	-3.2674
57	60	0.30445
59	60	-3.7143
32	61	15.5276
33	61	15.293
49	61	9.6406
56	61	-1.5143
57	61	-2.1462
59	61	-5.6071
60	61	-3.2674
4	62	27.0414
7	62	74.0468
13	62	85.8852
16	62	21.885
23	62	27.4026
29	62	19.6016
41	62	81.6051
48	62	14.5743
58	62	-3.2674
4	63	26.7811
7	63	75.8072
13	63	87.6902
16	63	21.4551
23	63	28.663
29	63	20.4477
41	63	83.4557
48	63	15.6053
58	63	-3.7143
62	63	-5.6071
4	64	26.7811
7	64	82.9025
13	64	94.9419
16	64	20.9559
23	64	34.1859
29	64	24.7342
41	64	90.874
48	64	20.6393
58	64	0.96511
62	64	1.9643
63	64	0.071429
32	65	17.1798
33	65	17.1071
49	65	11.4286
56	65	0.96511
57	65	-1.5143
59	65	-3.2674
60	65	-0.67521
61	65	-4.8231
52	66	9.6406
54	66	7.6429
55	66	6.1496
4	67	85.7124
7	67	26.7811
13	67	26.0415
16	67	85.3272
23	67	56.8571
29	67	66.3214
41	67	16.443
48	67	64.3289
58	67	74.2443
62	67	72.0901
63	67	73.9808
64	67	81.5448
1	68	32.4299
2	68	32.9647
6	68	28.9098
32	69	19
33	69	19.0675
49	69	13.4073
56	69	3.5372
57	69	0.071429
59	69	-0.67521
60	69	1.9643
61	69	-2.1462
65	69	-4.8231
32	70	19.0675
33	70	19
49	70	13.3214
56	70	2.6933
57	70	0.30445
59	70	-1.5143
60	70	0.53071
61	70	-3.2674
65	70	-5.6071
69	70	-5.6071
52	71	11.523
54	71	9.5357
55	71	7.7607
66	71	-5.6071
28	72	20.8929
34	72	19.6016
38	72	17.1798
39	72	17.1071
44	72	15.293
45	72	15.5276
46	72	15.9133
28	73	20.9559
34	73	19.269
38	73	17.3966
39	73	17.1798
44	73	15.5276
45	73	15.293
46	73	15.5276
72	73	-5.6071
4	74	30.546
7	74	77.2569
13	74	88.8871
16	74	25.1758
23	74	31.5222
29	74	23.8324
41	74	84.3182
48	74	18.7964
58	74	0.071429
62	74	-3.2674
63	74	-3.7143
64	74	0.96511
67	74	73.8929
37	75	19.6016
42	75	17.1798
43	75	18.8644
4	76	76.3431
7	76	29.2526
13	76	32.4299
16	76	75.5272
23	76	48.1706
29	76	56.8571
41	76	23.5452
48	76	54.388
58	76	63.1723
62	76	60.8791
63	76	62.7655
64	76	70.3146
67	76	4.0138
74	76	62.5613
1	77	34.5282
2	77	35.2048
6	77	31.1069
68	77	-4.8231
47	78	19.6016
50	78	15.9133
53	78	13.6628
4	79	35.0367
7	79	67.8823
13	79	78.9934
16	79	30.593
23	79	27.2998
29	79	22.8448
41	79	73.9149
48	79	17.1798
58	79	7.2837
62	79	3.5372
63	79	5.1977
64	79	12.262
67	79	62.5613
74	79	4.0138
76	79	51.1786
4	80	32.295
7	80	79.7564
13	80	91.31
16	80	26.7811
23	80	34.1859
29	80	26.3605
41	80	86.6304
48	80	21.3932
58	80	2.1517
62	80	-0.67521
63	80	-1.5143
64	80	0.53071
67	80	75.8072
74	80	-4.8231
76	80	64.4286
79	80	5.75
4	81	87.3131
7	81	30.546
13	81	29.6887
16	81	86.7065
23	81	58.723
29	81	67.8585
41	81	20.0604
48	81	65.6143
58	81	74.6814
62	81	72.3597
63	81	74.2443
64	81	81.7859
67	81	-3.7143
74	81	73.9808
76	81	4.0138
79	81	62.5613
80	81	75.8072
37	82	21.1441
42	82	19
43	82	20.0604
75	82	-4.8231
1	83	36.4045
2	83	37.0526
6	83	32.9647
68	83	-3.2674
77	83	-5.6071
1	84	36.2
2	84	36.6892
6	84	32.6536
68	84	-3.7143
77	84	-4.8231
83	84	-5.6071
1	85	36.0768
2	85	36.4045
6	85	32.4299
68	85	-3.2674
77	85	-3.2674
83	85	-3.7143
84	85	-5.6071
52	86	15.293
54	86	13.3214
55	86	11.1425
66	86	-1.8214
71	86	-3.7143
52	87	15.2143
54	87	13.4073
55	87	11.9882
66	87	-1.5143
71	87	-3.2674
86	87	-5.6071
28	88	25.1758
34	88	22.7857
38	88	21.885
39	88	21.4551
44	88	20.0604
45	88	19.0675
46	88	19
72	88	-0.67521
73	88	-2.1462
4	89	42.9012
7	89	57.6319
13	89	67.8823
16	89	39.5176
23	89	26.5714
29	89	26.624
41	89	62.0995
48	89	21.3311
58	89	19.6016
62	89	16.443
63	89	18.2456
64	89	25.5573
67	89	49.4118
74	89	17.3966
76	89	37.968
79	89	5.8845
80	89	19.0675
81	89	49.2857
4	90	34.8256
7	90	75.4624
13	90	86.7065
16	90	29.6887
23	90	32.4299
29	90	26.0415
41	90	81.7056
48	90	20.6393
58	90	4.4715
62	90	0.30445
63	90	0.96511
64	90	6.1496
67	90	70.1994
74	90	-2.1462
76	90	58.777
79	90	0.30445
80	90	-1.5143
81	90	70.1071
89	90	13.3214
4	91	34.3146
7	91	85.7124
13	91	97.2932
16	91	28.5141
23	91	39.3649
29	91	30.8274
41	91	92.6069
48	91	26.2014
58	91	6.1496
62	91	4.6202
63	91	3.2076
64	91	0.071429
67	91	81.5448
74	91	0.96511
76	91	70.1302
79	91	11.523
80	91	-1.5143
81	91	81.4643
89	91	24.6786
90	91	3.8571
1	92	37.9286
2	92	38.086
6	92	34.1859
68	92	-0.67521
77	92	-0.67521
83	92	-1.5143
84	92	-3.2674
85	92	-4.8231
12	93	32.295
14	93	30.4044
15	93	30.3571
20	93	28.9098
22	93	28.5141
27	93	26.7811
24	94	28.4643
35	94	25.1758
36	94	24.7342
47	95	22.4287
50	95	19.269
53	95	17.1798
78	95	-3.2674
4	96	37.4927
7	96	73.0299
13	96	83.9859
16	96	32.6089
23	96	32.295
29	96	27.0414
41	96	78.703
48	96	21.4551
58	96	7.7607
62	96	3.5372
63	96	4.6202
64	96	10.3572
67	96	66.5395
74	96	1.9643
76	96	55.0789
79	96	-2.1462
80	96	2.6933
81	96	66.3457
89	96	9.6406
90	96	-3.2674
91	96	7.7607
37	97	25.5573
42	97	23.0214
43	97	24.8452
75	97	-1.5143
82	97	-2.1462
26	98	28.5141
31	98	26.5714
37	99	25.1758
42	99	22.8448
43	99	24.2301
75	99	-1.8214
82	99	-3.2674
97	99	-5.6071
5	100	36.0357
8	100	34.1859
9	100	34.5282
17	100	30.546
37	101	24.9005
42	101	22.7857
43	101	23.7178
75	101	-1.5143
82	101	-3.7143
97	101	-3.7143
99	101	-5.6071
4	102	74.3975
7	102	36.2
13	102	40.2736
16	102	73.0299
23	102	47.3929
29	102	54.993
41	102	31.5222
48	102	51.9068
58	102	58.6147
62	102	55.9884
63	102	57.8516
64	102	65.3197
67	102	11.1425
74	102	57.301
76	102	0.53071
79	102	45.8033
80	102	58.9929
81	102	9.9513
89	102	32.4299
90	102	53.1896
91	102	64.5281
96	102	49.3173
52	103	19.0675
54	103	17.1071
55	103	14.6553
66	103	1.9643
71	103	0.071429
86	103	-3.7143
87	103	-3.2674
12	104	34.1859
14	104	32.295
15	104	32.25
20	104	30.7807
22	104	30.4044
27	104	28.663
93	104	-5.6071
24	105	30.546
35	105	27.8615
36	105	27.0414
94	105	-3.2674
47	106	25.5573
50	106	21.885
53	106	19.6016
78	106	-1.5143
95	106	-3.2674
24	107	30.7807
35	107	28.4144
36	107	27.4026
94	107	-1.5143
105	107	-5.6071
25	108	30.3571
40	108	24.7342
51	108	21.1441
26	109	31.1069
31	109	28.9098
98	109	-1.5143
26	110	30.7807
31	110	28.663
98	110	-3.2674
109	110	-5.6071
4	111	80.1865
7	111	36.6892
13	111	39.0581
16	111	78.9105
23	111	52.864
29	111	60.7479
41	111	29.833
48	111	57.7693
58	111	64.5779
62	111	61.9191
63	111	63.7781
64	111	71.2301
67	111	7.2837
74	111	63.1723
76	111	0.071429
79	111	51.665
80	111	64.826
81	111	5.1977
89	111	38.2821
90	111	58.9929
91	111	70.3146
96	111	55.0789
102	111	-1.5143
52	112	20.9559
54	112	19
55	112	16.443
66	112	3.8571
71	112	1.9643
86	112	-1.8214
87	112	-1.5143
103	112	-5.6071
12	113	36.4045
14	113	34.5282
15	113	34.3146
20	113	33.3612
22	113	32.6536
27	113	31.1069
93	113	-2.1462
104	113	-3.2674
4	114	48.6831
7	114	59.6364
13	114	69.1549
16	114	45.1269
23	114	32.295
29	114	32.6089
41	114	62.7655
48	114	27.2998
58	114	24.0034
62	114	20.4477
63	114	22.1279
64	114	29.0571
67	114	48.2028
74	114	20.6393
76	114	36.6892
79	114	9.4302
80	114	21.885
81	114	47.6858
89	114	-1.5143
90	114	15.9133
91	114	27.0414
96	114	11.8034
102	114	30.4044
111	114	36.0357
25	115	32.295
40	115	26.5714
51	115	22.8448
108	115	-4.8231
25	116	32.6536
40	116	27.4026
51	116	24.2301
108	116	-1.5143
115	116	0.071429
4	117	99.1739
7	117	39.8214
13	117	36.0357
16	117	98.3985
23	117	70.7508
29	117	79.6948
41	117	26.624
48	117	77.2569
58	117	85.3079
62	117	82.7438
63	117	84.6104
64	117	92.0866
67	117	7.2837
74	117	84.0642
76	117	15.3715
79	117	72.5614
80	117	85.7316
81	117	4.6202
89	117	59.1812
90	117	79.9
91	117	91.2194
96	117	75.9791
102	117	19.269
111	117	13.4073
114	117	56.885
52	118	22.8448
54	118	20.8929
55	118	18.2456
66	118	5.75
71	118	3.8571
86	118	0.071429
87	118	0.30445
103	118	-3.7143
112	118	-5.6071
52	119	22.7857
54	119	20.9559
55	119	18.8644
66	119	5.8845
71	119	4.0138
86	119	0.30445
87	119	0.071429
103	119	-3.2674
112	119	-4.8231
118	119	-5.6071
12	120	38.086
14	120	36.2
15	120	36.0768
20	120	34.8256
22	120	34.3146
27	120	32.6536
93	120	-1.5143
104	120	-3.2674
113	120	-4.8231
4	121	50.2864
7	121	60.8791
13	121	70.1994
16	121	46.637
23	121	34.1859
29	121	34.4002
41	121	63.6523
48	121	29.0571
58	121	25.0659
62	121	21.3932
63	121	23.0214
64	121	29.785
67	121	48.5554
74	121	21.3311
76	121	37.0526
79	121	10.3572
80	121	22.4287
81	121	47.9126
89	121	0.30445
90	121	16.443
91	121	27.4026
96	121	12.262
102	121	30.546
111	121	36.0768
114	121	-5.6071
117	121	56.8571
30	122	32.4299
5	123	41.7507
8	123	39.9726
9	123	40.4233
17	123	36.4045
100	123	-1.5143
5	124	41.7143
8	124	39.8593
9	124	40.1609
17	124	36.2
100	124	-1.8214
123	124	-5.6071
3	125	43.9217
10	125	40.4233
11	125	39.9726
18	125	37.0526
19	125	36.4045
21	125	36.2
4	126	46.9998
7	126	70.8652
13	126	80.7973
16	126	42.4729
23	126	37.0526
29	126	34.1859
41	126	74.616
48	126	28.5141
58	126	18.2456
62	126	14.0819
63	126	15.293
64	126	20.8929
67	126	60.062
74	126	12.6213
76	126	48.5554
79	126	4.4715
80	126	12.9744
81	126	59.4226
89	126	5.8845
90	126	7.2837
91	126	17.1071
96	126	3.2076
102	126	42.0408
111	126	47.5232
114	126	4.4715
117	126	68.2379
121	126	4.0138
4	127	94.4335
7	127	42.0408
13	127	40.4233
16	127	93.2669
23	127	66.7087
29	127	74.9643
41	127	30.7807
48	127	72.1126
58	127	78.8276
62	127	76.0649
63	127	77.9096
64	127	85.3079
67	127	7.7607
74	127	77.1511
76	127	11.2383
79	127	65.6388
80	127	78.703
81	127	4.0138
89	127	52.2675
90	127	72.8071
91	127	84.0642
96	127	68.8035
102	127	12.8867
111	127	6.9156
114	127	49.5689
117	127	0.96511
121	127	49.4118
126	127	60.6691
4	128	92.8214
7	128	41.8597
13	128	40.7586
16	128	91.5997
23	128	65.2212
29	128	73.3629
41	128	31.1069
48	128	70.4526
58	128	77.0029
62	128	74.2223
63	128	76.0649
64	128	83.4557
67	128	7.6429
74	128	75.2895
76	128	9.9513
79	128	63.7781
80	128	76.8331
81	128	3.8571
89	128	50.4103
90	128	70.9338
91	128	82.1863
96	128	66.9256
102	128	11.1425
111	128	5.1977
114	128	47.6858
117	128	2.6933
121	128	47.5232
126	128	58.777
127	128	-5.6071
5	129	43.6071
8	129	41.7507
9	129	42.0408
17	129	38.086
100	129	0.071429
123	129	-4.8231
124	129	-5.6071
30	130	36.0357
122	130	-2.1462
4	131	101.9098
7	131	45.2968
13	131	41.7143
16	131	100.8568
23	131	73.9149
29	131	82.4257
41	131	32.295
48	131	79.6948
58	131	86.6304
62	131	83.8684
63	131	85.7124
64	131	93.1067
67	131	11.9882
74	131	84.9404
76	131	18.2456
79	131	73.4293
80	131	86.478
81	131	8.783
89	131	60.062
90	131	80.5738
91	131	91.8164
96	131	76.5565
102	131	20.6393
111	131	14.6553
114	131	57.301
117	131	-1.8214
121	131	57.1072
126	131	68.3089
127	131	0.30445
128	131	2.1517
5	132	45.635
8	132	43.9217
9	132	44.4761
17	132	40.4233
100	132	2.6933
123	132	-3.2674
124	132	-2.1462
129	132	-3.2674
3	133	47.9126
10	133	44.4761
11	133	43.9217
18	133	41.1652
19	133	40.4233
21	133	40.1609
125	133	-3.2674
4	134	61.401
7	134	57.2457
13	134	64.826
16	134	58.207
23	134	41.6414
29	134	44.1649
41	134	57.2457
48	134	39.2501
58	134	37.6517
62	134	34.0567
63	134	35.7053
64	134	42.4729
67	134	39.2501
74	134	34.0136
76	134	28.0636
79	134	23.0214
80	134	35.0367
81	134	38.0074
89	134	11.2383
90	134	29.0571
91	134	39.8214
96	134	24.8452
102	134	20.6393
111	134	25.5573
114	134	6.1496
117	134	45.8033
121	134	5.1977
126	134	15.5276
127	134	37.968
128	134	36.0768
131	134	45.5
4	135	90.1978
7	135	45.5338
13	135	45.8033
16	135	88.6079
23	135	63.4506
29	135	70.8652
41	135	36.2
48	135	67.5727
58	135	72.7178
62	135	69.7369
63	135	71.548
64	135	78.8276
67	135	12.262
74	135	70.5445
76	135	10.4572
79	135	59.0737
80	135	71.9549
81	135	8.6726
89	135	45.8033
90	135	66.0053
91	135	77.1511
96	135	61.9191
102	135	8.5614
111	135	3.5372
114	135	42.6161
117	135	9.4302
121	135	42.2933
126	135	53.337
127	135	0.96511
128	135	-0.67521
131	135	7.7607
134	135	30.4044
3	136	49.5689
10	136	46.0381
11	136	45.635
18	136	42.6161
19	136	42.0408
21	136	41.8597
125	136	-1.8214
133	136	-4.8231
1	3	-1.5643
2	3	-1.0603
1	5	-1.8131
2	5	-1.8755
3	6	-0.42204
5	6	-1.8924
1	8	-2.2766
2	8	-2.2757
6	8	-2.1555
1	9	-2.3087
2	9	-2.148
6	9	-2.0062
1	10	-2.1971
2	10	-1.5057
6	10	-1.4134
1	11	-2.2064
2	11	-1.6299
6	11	-1.4646
1	17	-1.6783
2	17	-1.7909
6	17	-1.748
1	18	-2.1719
2	18	-1.0611
6	18	-1.4377
1	19	-2.2533
2	19	-1.8317
6	19	-1.7884
1	21	-2.4495
2	21	-1.9384
6	21	-2.0041
4	24	-1.836
7	24	8.5637
12	24	-1.2992
13	24	5.2854
14	24	-1.5282
15	24	-1.5068
16	24	-1.5358
20	24	-1.9217
22	24	-1.8026
23	24	6.0674
1	26	-2.2893
2	26	-2.1093
3	26	-1.752
4	26	-0.84501
5	26	-2.2445
6	26	-1.9978
7	26	5.6852
8	26	-2.365
9	26	-2.2445
10	26	-2.0609
11	26	-2.0457
12	26	-1.6629
13	26	8.1067
14	26	-1.891
15	26	-1.91
16	26	-0.77536
17	26	-1.8369
18	26	-1.8677
19	26	-2.1203
20	26	-1.8554
21	26	-2.1129
22	26	-2.001
23	26	-1.0703
24	26	-1.6996
25	26	-1.31
24	27	-1.763
26	27	-1.9857
26	28	-1.7934
24	29	-0.17554
26	29	-1.3322
26	30	-2.5501
1	31	-2.2248
2	31	-2.2017
3	31	-1.874
4	31	-0.87346
5	31	-1.8478
6	31	-2.1955
7	31	4.7442
8	31	-2.3915
9	31	-2.142
10	31	-2.0616
11	31	-2.1454
12	31	-1.8651
13	31	7.5284
14	31	-1.9216
15	31	-1.887
16	31	-0.80838
17	31	-1.8231
18	31	-2.0776
19	31	-1.9917
20	31	-1.871
21	31	-1.9099
22	31	-2.0091
23	31	-1.3385
24	31	-1.7685
25	31	-1.289
27	31	-1.7484
28	31	-1.6664
29	31	-1.5523
30	31	-2.1678
26	32	-1.8804
31	32	-1.3455
26	33	-1.8871
31	33	-1.447
26	34	-1.8949
31	34	-1.6419
4	35	-1.9899
7	35	8.0642
12	35	-1.8201
13	35	4.9109
14	35	-2.0614
15	35	-1.9728
16	35	-1.796
20	35	-2.0049
22	35	-1.9371
23	35	1.8493
26	35	-1.7516
27	35	-1.6942
29	35	-1.8744
31	35	-1.8769
4	36	-2.3345
7	36	7.9147
12	36	-1.9154
13	36	4.7412
14	36	-2.1547
15	36	-2.0638
16	36	-1.7822
20	36	-1.9835
22	36	-1.9098
23	36	3.5845
26	36	-1.8276
27	36	-1.6858
29	36	-1.4726
31	36	-1.8876
26	37	-2.3934
31	37	-1.5805
32	37	-1.0557
33	37	-1.2269
26	38	-2.2135
31	38	-1.7251
26	39	-2.0609
31	39	-1.8374
26	40	-1.4367
31	40	-1.4693
24	41	9.4471
26	41	9.0117
31	41	8.9274
35	41	8.9302
36	41	8.7436
26	42	-1.6737
31	42	-0.9958
32	42	-1.1099
33	42	-1.2769
26	43	-2.2248
31	43	-1.7905
32	43	-0.28343
33	43	-0.75754
26	44	-1.9965
31	44	-1.6935
26	45	-2.0142
31	45	-1.7575
26	46	-1.9678
31	46	-1.7214
25	47	-1.3266
26	47	-1.6971
28	47	-1.8125
31	47	-1.5058
34	47	-1.5518
38	47	-2.1858
39	47	-2.1296
40	47	-1.9632
44	47	-1.9557
45	47	-1.8545
46	47	-1.76
24	48	1.2493
26	48	-0.92614
31	48	-1.1868
35	48	-0.56444
36	48	0.16471
26	49	-2.2707
31	49	-1.91
37	49	-2.3046
42	49	-2.4611
43	49	-1.7109
25	50	-2.0717
26	50	-1.9162
28	50	-1.8741
31	50	-1.7913
34	50	-1.7191
38	50	-2.0506
39	50	-2.0465
40	50	-1.6236
44	50	-2.0027
45	50	-1.9802
46	50	-1.9612
26	51	-1.5309
31	51	-1.7824
47	51	-1.5653
50	51	-1.1242
26	52	-1.7619
31	52	-1.8492
32	52	-2.0494
33	52	-2.0488
49	52	-1.6055
25	53	-2.2489
26	53	-1.7714
28	53	-1.6882
31	53	-1.6065
34	53	-1.5185
38	53	-1.7849
39	53	-1.7793
40	53	-1.6914
44	53	-1.7241
45	53	-1.6984
46	53	-1.6718
51	53	-1.1595
26	54	-2.0389
31	54	-1.8586
32	54	-1.9143
33	54	-1.7282
49	54	-2.3939
26	55	-1.0789
31	55	-1.3566
32	55	-0.46992
33	55	-0.23266
49	55	-0.21692
26	56	1.5775
31	56	1.3487
37	56	0.55755
42	56	0.29129
43	56	1.3685
52	56	2.6498
54	56	2.9732
55	56	4.14
26	57	2.8043
31	57	2.5874
37	57	1.7905
42	57	1.3939
43	57	2.6803
52	57	1.5218
54	57	1.7036
55	57	3.6798
24	58	3.0172
26	58	1.636
31	58	1.4444
35	58	2.5755
36	58	2.9781
26	59	2.8072
31	59	2.618
37	59	1.5654
42	59	1.2856
43	59	2.3776
52	59	2.4895
54	59	2.795
55	59	5.2034
26	60	2.44
31	60	2.2601
37	60	1.0899
42	60	0.89433
43	60	1.859
52	60	3.3843
54	60	3.8005
55	60	4.6972
26	61	3.0125
31	61	2.837
37	61	1.7948
42	61	1.5405
43	61	2.5874
52	61	2.4441
54	61	2.768
55	61	5.1556
24	62	3.3794
26	62	1.5794
31	62	1.3762
35	62	2.95
36	62	3.3782
24	63	3.201
26	63	1.5796
31	63	1.3849
35	63	2.7857
36	63	3.1983
24	64	2.1915
26	64	1.5795
31	64	1.4145
35	64	1.8133
36	64	2.1779
26	65	3.1693
31	65	3.0006
37	65	2.1549
42	65	1.9009
43	65	2.9384
52	65	2.3961
54	65	2.6914
55	65	4.8633
26	66	2.229
31	66	2.2279
32	66	0.38099
33	66	0.43842
49	66	0.2021
56	66	-1.4438
57	66	-2.3169
59	66	-1.5869
60	66	-1.2584
61	66	-1.5936
65	66	-0.81613
24	67	9.1461
26	67	6.8538
31	67	6.5814
35	67	9.1861
36	67	9.4803
3	68	4.2315
5	68	4.4155
8	68	4.6691
9	68	5.244
10	68	4.8695
11	68	4.3003
17	68	4.8386
18	68	5.0143
19	68	4.606
21	68	4.324
26	68	5.0669
31	68	4.6749
26	69	3.6108
31	69	3.4588
37	69	2.6353
42	69	2.389
43	69	3.4027
52	69	2.5274
54	69	2.7977
55	69	4.657
66	69	-0.12491
26	70	3.334
31	70	3.1794
37	70	2.3465
42	70	2.1215
43	70	3.1046
52	70	2.7189
54	70	3.0198
55	70	5.0823
66	70	0.080256
26	71	2.3052
31	71	2.3114
32	71	0.35065
33	71	0.39552
49	71	0.19029
56	71	-1.7236
57	71	-2.2345
59	71	-2.1463
60	71	-1.7314
61	71	-2.2583
65	71	-1.4373
69	71	-0.54294
70	71	-0.44774
26	72	3.1689
31	72	2.9767
47	72	2.7356
50	72	2.2111
53	72	1.9977
26	73	3.079
31	73	2.8931
47	73	2.8471
50	73	2.2893
53	73	2.0649
24	74	3.1656
26	74	1.5619
31	74	1.3675
35	74	2.7655
36	74	3.1881
26	75	3.2119
31	75	3.2619
32	75	1.7105
33	75	1.5148
49	75	1.2327
56	75	-1.3818
57	75	-1.5267
59	75	-2.3272
60	75	-2.4033
61	75	-2.571
65	75	-2.2825
69	75	-1.7166
70	75	-1.745
24	76	8.3266
26	76	5.8107
31	76	5.486
35	76	8.3375
36	76	8.9285
3	77	4.1201
5	77	4.7917
8	77	5.0526
9	77	5.6221
10	77	4.7546
11	77	4.2012
17	77	5.2438
18	77	4.8881
19	77	4.502
21	77	4.2296
26	77	5.3982
31	77	5.0165
25	78	1.3626
26	78	1.6319
28	78	1.34
31	78	1.3998
34	78	1.5934
38	78	1.1523
39	78	1.2576
40	78	1.3651
44	78	1.117
45	78	1.3956
46	78	1.4824
51	78	1.4818
72	78	-1.5028
73	78	-1.5828
24	79	3.9399
26	79	1.5415
31	79	1.2954
35	79	3.4869
36	79	4.0114
24	80	2.8213
26	80	1.5475
31	80	1.3589
35	80	2.4264
36	80	2.8453
24	81	6.2895
26	81	6.7112
31	81	6.4473
35	81	6.3377
36	81	6.9457
26	82	2.9626
31	82	3.0138
32	82	1.9373
33	82	1.7397
49	82	1.5093
56	82	-1.0043
57	82	-0.98329
59	82	-1.8392
60	82	-2.0411
61	82	-2.2639
65	82	-2.5789
69	82	-2.2524
70	82	-2.1914
3	83	4.1247
5	83	4.8473
8	83	5.1075
9	83	5.6681
10	83	4.7584
11	83	4.2153
17	83	5.3
18	83	4.8927
19	83	4.5183
21	83	4.2512
26	83	5.3493
31	83	4.975
3	84	4.2782
5	84	4.7151
8	84	4.9681
9	84	5.5227
10	84	4.9143
11	84	4.3666
17	84	5.1434
18	84	5.0596
19	84	4.6769
21	84	4.406
26	84	5.1579
31	84	4.7827
3	85	4.362
5	85	4.5088
8	85	4.7556
9	85	5.3056
10	85	5.0015
11	85	4.4498
17	85	4.915
18	85	5.159
19	85	4.7686
21	85	4.4943
26	85	4.9309
31	85	4.5554
26	86	2.3296
31	86	2.3432
32	86	0.47177
33	86	0.49864
49	86	0.33671
56	86	-1.7005
57	86	-1.5528
59	86	-1.6436
60	86	-1.6022
61	86	-1.4449
65	86	-2.1682
69	86	-1.6651
70	86	-1.8137
26	87	2.1755
31	87	2.1835
32	87	0.28541
33	87	0.30247
49	87	0.11638
56	87	-1.6878
57	87	-1.8786
59	87	-2.1746
60	87	-1.7837
61	87	-1.9734
65	87	-2.4232
69	87	-1.4779
70	87	-1.5578
26	88	2.8386
31	88	2.6653
47	88	3.1916
50	88	2.6151
53	88	2.394
78	88	-1.4986
24	89	4.9154
26	89	2.0776
31	89	1.7976
35	89	4.5203
36	89	5.1231
24	90	3.2844
26	90	1.4868
31	90	1.2732
35	90	2.8774
36	90	3.335
24	91	2.285
26	91	1.5649
31	91	1.3934
35	91	1.9268
36	91	2.3112
3	92	4.4909
5	92	4.4623
8	92	4.7009
9	92	5.2335
10	92	5.1282
11	92	4.5888
17	92	4.8465
18	92	5.2916
19	92	4.9125
21	92	4.6438
26	92	4.8983
31	92	4.5357
24	93	3.1475
26	93	3.1981
31	93	3.0257
35	93	3.7205
36	93	3.4555
4	94	1.5184
7	94	7.8103
12	94	2.5014
13	94	5.8382
14	94	2.4405
15	94	2.5505
16	94	1.3278
20	94	2.4647
22	94	2.3964
23	94	3.3767
26	94	1.9573
27	94	2.3782
29	94	2.6004
31	94	1.7957
41	94	8.508
48	94	2.5833
58	94	-1.3181
62	94	-1.2254
63	94	-1.3624
64	94	-2.0388
67	94	8.3018
74	94	-1.6677
76	94	8.0815
79	94	-1.5799
80	94	-2.0491
81	94	6.8586
89	94	5.2374
90	94	-1.6351
91	94	-1.8667
93	94	-1.8617
25	95	1.2352
26	95	1.7638
28	95	1.6119
31	95	1.5225
34	95	1.8733
38	95	1.4409
39	95	1.5474
40	95	1.236
44	95	1.4146
45	95	1.7008
46	95	1.7893
51	95	1.3573
72	95	-1.9572
73	95	-2.0541
88	95	-2.1287
24	96	3.4729
26	96	1.5763
31	96	1.3469
35	96	3.0559
36	96	3.5456
94	96	-1.3473
26	97	3.5106
31	97	3.5862
32	97	1.9972
33	97	1.8205
49	97	1.6114
56	97	-0.66744
57	97	-0.71799
59	97	-1.422
60	97	-1.5639
61	97	-1.7886
65	97	-2.0095
69	97	-2.372
70	97	-2.4761
1	98	3.1477
2	98	3.0612
3	98	3.2841
4	98	0.90299
5	98	3.0316
6	98	3.1811
7	98	5.6521
8	98	3.5352
9	98	3.7349
10	98	3.4673
11	98	3.2772
12	98	2.748
13	98	5.9745
14	98	2.8346
15	98	2.7756
16	98	0.61796
17	98	3.9422
18	98	3.5349
19	98	3.4444
20	98	3.018
21	98	3.3824
22	98	2.8437
23	98	2.181
24	98	2.2707
25	98	1.0325
27	98	2.9896
28	98	2.7821
29	98	1.7286
30	98	4.7353
32	98	2.8666
33	98	2.6988
34	98	2.5742
35	98	2.4205
36	98	2.2695
37	98	2.4228
38	98	2.9302
39	98	2.7886
40	98	0.95448
41	98	6.2388
42	98	2.9575
43	98	2.0821
44	98	2.922
45	98	2.6019
46	98	2.5074
47	98	2.3203
48	98	1.3891
49	98	2.7355
50	98	1.935
51	98	1.121
52	98	2.3818
53	98	1.8747
54	98	2.5362
55	98	2.8608
56	98	-0.71835
57	98	-1.4073
58	98	-1.0166
59	98	-2.1517
60	98	-2.136
61	98	-1.9997
62	98	-1.364
63	98	-1.3361
64	98	-1.2272
65	98	-2.1068
66	98	-1.9114
67	98	6.2822
68	98	-1.6093
69	98	-1.5465
70	98	-1.6881
71	98	-1.9329
72	98	-1.6905
73	98	-1.6413
74	98	-1.5322
75	98	-1.6514
76	98	2.075
77	98	-1.5387
78	98	-1.6822
79	98	-1.0646
80	98	-1.6375
81	98	7.1917
82	98	-1.9242
83	98	-1.7165
84	98	-1.8027
85	98	-1.9465
86	98	-1.7991
87	98	-1.8906
88	98	-1.6401
89	98	-0.73798
90	98	-1.4191
91	98	-1.6734
92	98	-1.9239
93	98	-1.9029
94	98	-1.4537
95	98	-1.7512
96	98	-1.3007
97	98	-0.59953
26	99	3.2853
31	99	3.351
32	99	2.1024
33	99	1.9214
49	99	1.7277
56	99	-0.5525
57	99	-0.54521
59	99	-1.2871
60	99	-1.4749
61	99	-1.6546
65	99	-1.8582
69	99	-2.2012
70	99	-2.3412
98	99	-0.4641
1	100	2.9874
2	100	2.9453
6	100	3.0663
26	100	4.9007
31	100	4.6285
68	100	-1.9169
77	100	-1.9708
83	100	-1.9333
84	100	-2.0041
85	100	-2.1139
92	100	-1.7097
98	100	-1.0422
26	101	3.0512
31	101	3.1127
32	101	2.2719
33	101	2.0878
49	101	1.9147
56	101	-0.34398
57	101	-0.26742
59	101	-1.0403
60	101	-1.2807
61	101	-1.3998
65	101	-1.5734
69	101	-1.8721
70	101	-2.0602
98	101	-0.72127
24	102	7.9452
26	102	5.5108
31	102	5.2011
35	102	7.8944
36	102	8.4765
94	102	8.2663
98	102	0.73552
26	103	2.4636
31	103	2.49
32	103	0.66721
33	103	0.67995
49	103	0.54578
56	103	-1.3897
57	103	-1.0314
59	103	-1.158
60	103	-1.3329
61	103	-0.891
65	103	-1.4117
69	103	-2.2492
70	103	-1.8874
98	103	-1.3701
24	104	3.1775
26	104	3.1677
31	104	2.997
35	104	3.7503
36	104	3.4908
94	104	-2.0704
98	104	-1.9024
4	105	1.5524
7	105	7.6003
12	105	2.3601
13	105	5.5997
14	105	2.2977
15	105	2.4025
16	105	1.3797
20	105	2.3312
22	105	2.251
23	105	3.3883
26	105	1.8668
27	105	2.2413
29	105	2.6648
31	105	1.7192
41	105	8.2488
48	105	2.6916
58	105	-1.8128
62	105	-1.7594
63	105	-1.8669
64	105	-1.7673
67	105	7.9426
74	105	-2.1137
76	105	7.7039
79	105	-0.02788
80	105	-1.7639
81	105	6.5333
89	105	4.8445
90	105	-1.6634
91	105	-1.433
93	105	-2.0574
96	105	-1.3314
98	105	-1.4957
102	105	7.8252
104	105	-2.2923
25	106	1.1029
26	106	1.7553
28	106	1.6826
31	106	1.5284
34	106	1.914
38	106	1.5326
39	106	1.6296
40	106	1.1571
44	106	1.5123
45	106	1.7636
46	106	1.8373
51	106	1.3236
72	106	-1.9506
73	106	-2.0476
88	106	-2.1723
98	106	-1.6863
4	107	1.6597
7	107	7.6468
12	107	2.2877
13	107	5.6109
14	107	2.2235
15	107	2.3248
16	107	1.4908
20	107	2.262
22	107	2.1744
23	107	3.5048
26	107	1.8561
27	107	2.1683
29	107	2.7922
31	107	1.7181
41	107	8.2844
48	107	2.8344
58	107	-1.5419
62	107	-1.6657
63	107	-1.8244
64	107	-1.6121
67	107	7.961
74	107	-1.929
76	107	7.7223
79	107	0.70936
80	107	-1.6679
81	107	6.543
89	107	4.9948
90	107	-1.529
91	107	-1.3854
93	107	-2.0699
96	107	-1.1745
98	107	-1.5185
102	107	7.8322
104	107	-2.4162
26	108	1.2707
31	108	1.0111
47	108	1.7076
50	108	2.3262
53	108	2.4709
78	108	-0.80524
95	108	-1.2911
98	108	-1.4895
106	108	-0.96751
1	109	2.884
2	109	2.8266
3	109	3.0068
4	109	0.78821
5	109	1.9602
6	109	2.9407
7	109	5.1327
8	109	2.5251
9	109	2.7903
10	109	3.1924
11	109	3.0248
12	109	2.4269
13	109	5.3732
14	109	2.5216
15	109	2.4764
16	109	0.5158
17	109	2.9851
18	109	3.2529
19	109	3.1916
20	109	2.684
21	109	3.1446
22	109	2.5386
23	109	1.9933
24	109	2.0747
25	109	0.94929
27	109	2.6785
28	109	2.5146
29	109	1.5931
30	109	5.1382
32	109	2.7814
33	109	2.6277
34	109	2.3577
35	109	2.2013
36	109	2.0761
37	109	2.6199
38	109	2.6612
39	109	2.5338
40	109	0.87894
41	109	5.5401
42	109	3.1345
43	109	2.2971
44	109	2.6601
45	109	2.3844
46	109	2.3054
47	109	2.1808
48	109	1.2715
49	109	2.6801
50	109	1.8409
51	109	1.0528
52	109	2.3269
53	109	1.8066
54	109	2.4841
55	109	2.7647
56	109	-0.73728
57	109	-1.5913
58	109	-1.1645
59	109	-1.94
60	109	-1.958
61	109	-1.8785
62	109	-1.4693
63	109	-1.4412
64	109	-1.3319
65	109	-2.2609
66	109	-1.834
67	109	4.3702
68	109	-1.7077
69	109	-1.6079
70	109	-1.7757
71	109	-1.8578
72	109	-1.7743
73	109	-1.686
74	109	-1.5884
75	109	-2.0932
76	109	1.3514
77	109	-1.642
78	109	-1.58
79	109	-1.0625
80	109	-1.6142
81	109	4.236
82	109	-2.0684
83	109	-1.8815
84	109	-2.0012
85	109	-2.0466
86	109	-1.8601
87	109	-1.8363
88	109	-1.7095
89	109	-0.6821
90	109	-1.3258
91	109	-1.5752
92	109	-2.0972
93	109	-1.8059
94	109	-1.4875
95	109	-1.5447
96	109	-1.186
97	109	-1.2689
99	109	-1.3644
100	109	-1.7806
101	109	-1.462
102	109	0.14903
103	109	-1.6836
104	109	-1.6201
105	109	-1.3608
106	109	-1.4246
107	109	-1.3149
108	109	-1.2072
1	110	2.9506
2	110	2.8832
3	110	3.1242
4	110	0.83363
5	110	2.0564
6	110	3.0005
7	110	5.3235
8	110	2.6047
9	110	2.8551
10	110	3.3104
11	110	3.1354
12	110	2.5096
13	110	5.5811
14	110	2.6024
15	110	2.5528
16	110	0.55631
17	110	3.0515
18	110	3.3751
19	110	3.304
20	110	2.7722
21	110	3.2518
22	110	2.6177
23	110	2.0881
24	110	2.1265
25	110	1.0043
27	110	2.7603
28	110	2.6135
29	110	1.6638
30	110	4.9236
32	110	2.8178
33	110	2.6595
34	110	2.4397
35	110	2.2674
36	110	2.1299
37	110	2.6008
38	110	2.7628
39	110	2.6306
40	110	0.93546
41	110	5.7783
42	110	3.1203
43	110	2.2739
44	110	2.7607
45	110	2.469
46	110	2.3844
47	110	2.2441
48	110	1.3413
49	110	2.71
50	110	1.8847
51	110	1.1109
52	110	2.3509
53	110	1.8401
54	110	2.5089
55	110	2.8096
56	110	-0.69838
57	110	-1.4847
58	110	-1.1842
59	110	-2.1331
60	110	-2.1348
61	110	-2.0454
62	110	-1.4837
63	110	-1.4635
64	110	-1.392
65	110	-2.243
66	110	-1.955
67	110	4.9869
68	110	-1.7056
69	110	-1.6911
70	110	-1.8633
71	110	-1.993
72	110	-1.961
73	110	-1.8059
74	110	-1.5736
75	110	-2.2835
76	110	1.7207
77	110	-1.7773
78	110	-1.626
79	110	-1.0044
80	110	-1.6148
81	110	5.1594
82	110	-2.2254
83	110	-2.0116
84	110	-2.1854
85	110	-2.0292
86	110	-1.8353
87	110	-1.8171
88	110	-1.8268
89	110	-0.62832
90	110	-1.2981
91	110	-1.6721
92	110	-2.2227
93	110	-1.834
94	110	-1.4923
95	110	-1.5799
96	110	-1.1605
97	110	-1.5802
99	110	-1.5366
100	110	-1.9276
101	110	-1.5774
102	110	0.21105
103	110	-1.776
104	110	-1.6444
105	110	-1.4312
106	110	-1.4865
107	110	-1.3988
108	110	-1.2567
24	111	7.7756
26	111	5.9238
31	111	5.6337
35	111	7.7415
36	111	8.3191
94	111	8.3437
98	111	1.6631
105	111	7.9597
107	111	7.9646
109	111	0.47902
110	111	0.57067
26	112	2.448
31	112	2.477
32	112	0.70412
33	112	0.70979
49	112	0.58565
56	112	-1.322
57	112	-0.88336
59	112	-1.0304
60	112	-1.2844
61	112	-0.7469
65	112	-1.1955
69	112	-1.9882
70	112	-1.6078
98	112	-1.2361
109	112	-1.6152
110	112	-1.5707
24	113	3.3079
26	113	2.9785
31	113	2.8187
35	113	3.8927
36	113	3.6282
94	113	-1.6798
98	113	-1.7001
105	113	-2.0395
107	113	-2.0573
109	113	-1.3841
110	113	-1.4207
24	114	5.0622
26	114	2.413
31	114	2.1383
35	114	4.7217
36	114	5.2948
94	114	6.4109
98	114	-0.93809
105	114	6.5291
107	114	6.4852
109	114	-0.75332
110	114	-0.7348
26	115	1.3063
31	115	1.039
47	115	1.8413
50	115	2.4637
53	115	2.6131
78	115	-0.36373
95	115	-0.89862
98	115	-1.3797
106	115	-0.53775
109	115	-1.1168
110	115	-1.1559
26	116	1.3202
31	116	1.0794
47	116	1.5622
50	116	2.137
53	116	2.2729
78	116	-0.87604
95	116	-1.169
98	116	-1.5094
106	116	-0.78583
109	116	-1.1839
110	116	-1.2655
24	117	8.3905
26	117	6.7126
31	117	6.4882
35	117	8.4156
36	117	8.9876
94	117	8.7533
98	117	8.6351
105	117	8.3837
107	117	8.3886
109	117	8.6527
110	117	8.8788
26	118	2.4202
31	118	2.4526
32	118	0.83716
33	118	0.83657
49	118	0.72034
56	118	-1.1769
57	118	-0.66415
59	118	-0.84555
60	118	-1.1698
61	118	-0.56022
65	118	-0.9619
69	118	-1.7136
70	118	-1.3545
98	118	-1.122
109	118	-1.4385
110	118	-1.3995
26	119	2.2813
31	119	2.3078
32	119	0.74915
33	119	0.74028
49	119	0.60868
56	119	-1.4607
57	119	-0.8528
59	119	-1.1373
60	119	-1.542
61	119	-0.86967
65	119	-1.2878
69	119	-2.0658
70	119	-1.7464
98	119	-1.2265
109	119	-1.3982
110	119	-1.3563
24	120	3.3278
26	120	3.0488
31	120	2.8858
35	120	3.8931
36	120	3.6457
94	120	-1.4345
98	120	-1.5884
105	120	-1.7748
107	120	-1.8028
109	120	-1.2737
110	120	-1.2963
24	121	5.0704
26	121	2.5483
31	121	2.2762
35	121	4.743
36	121	5.3041
94	121	5.8896
98	121	-1.0291
105	121	6.7465
107	121	6.6774
109	121	-0.87366
110	121	-0.85906
26	122	3.0597
31	122	3.3913
98	122	-1.863
109	122	-2.061
110	122	-2.1367
1	123	3.0636
2	123	3.0425
6	123	3.163
26	123	4.3853
31	123	4.1103
68	123	-1.2522
77	123	-1.5768
83	123	-1.8018
84	123	-1.9875
85	123	-1.9685
92	123	-2.1383
98	123	-1.13
109	123	-1.9433
110	123	-2.1442
1	124	3.0483
2	124	3.0235
6	124	3.1453
26	124	4.3611
31	124	4.0883
68	124	-1.1065
77	124	-1.3769
83	124	-1.6021
84	124	-1.8217
85	124	-1.8327
92	124	-1.9578
98	124	-1.578
109	124	-1.9505
110	124	-2.1186
1	125	1.6208
2	125	1.5495
6	125	1.8282
26	125	2.922
31	125	2.7153
68	125	-2.3257
77	125	-2.1234
83	125	-1.9947
84	125	-2.1194
85	125	-2.1631
92	125	-2.0324
98	125	-1.4415
109	125	-1.1877
110	125	-1.2261
24	126	4.121
26	126	2.1841
31	126	1.9384
35	126	3.7556
36	126	4.2723
94	126	1.9084
98	126	-1.2717
105	126	3.395
107	126	4.2502
109	126	-1.1479
110	126	-1.1348
24	127	8.2637
26	127	6.4651
31	127	6.2219
35	127	8.2518
36	127	8.8148
94	127	8.8196
98	127	6.8374
105	127	8.4192
107	127	8.4198
109	127	5.0811
110	127	5.993
24	128	8.3087
26	128	6.5536
31	128	6.3065
35	128	8.2913
36	128	8.8533
94	128	8.882
98	128	6.5708
105	128	8.4776
107	128	8.4779
109	128	4.4474
110	128	5.3855
1	129	3.206
2	129	3.1833
6	129	3.3061
26	129	4.2003
31	129	3.927
68	129	-0.76642
77	129	-1.0061
83	129	-1.1949
84	129	-1.4114
85	129	-1.445
92	129	-1.8185
98	129	-1.5765
109	129	-1.6937
110	129	-1.872
26	130	3.0412
31	130	3.3645
98	130	-2.1051
109	130	-1.4615
110	130	-1.6064
24	131	8.1333
26	131	5.792
31	131	5.5588
35	131	8.1346
36	131	8.6991
94	131	8.7108
98	131	6.912
105	131	8.3158
107	131	8.3165
109	131	6.3186
110	131	6.7312
1	132	3.4078
2	132	3.3991
6	132	3.5188
26	132	3.9069
31	132	3.6327
68	132	-0.68535
77	132	-0.99273
83	132	-1.1615
84	132	-1.3053
85	132	-1.2766
92	132	-1.5569
98	132	-1.023
109	132	-1.2941
110	132	-1.5396
1	133	1.5624
2	133	1.4791
6	133	1.7603
26	133	2.8452
31	133	2.6472
68	133	-1.9535
77	133	-1.7762
83	133	-1.6722
84	133	-1.8038
85	133	-1.8814
92	133	-1.8148
98	133	-1.1807
109	133	-0.88828
110	133	-0.94176
24	134	5.4967
26	134	3.5796
31	134	3.304
35	134	5.2454
36	134	5.8133
94	134	6.3739
98	134	0.00085086
105	134	7.0764
107	134	7.0288
109	134	-0.39933
110	134	-0.32176
24	135	7.589
26	135	6.3031
31	135	6.0485
35	135	7.5376
36	135	8.0987
94	135	8.4946
98	135	4.9501
105	135	8.06
107	135	8.0551
109	135	3.3821
110	135	3.8673
1	136	1.8725
2	136	1.781
6	136	2.0771
26	136	3.2584
31	136	3.0731
68	136	-1.6488
77	136	-1.7404
83	136	-1.6571
84	136	-1.7947
85	136	-1.8302
92	136	-1.8703
98	136	-1.5363
109	136	-1.1389
110	136	-1.2226
offset
60
