117
detection	body_part	cost
1	14	-0.84227
2	11	0.2036
3	14	-2.2701
4	14	-2.9126
5	10	-1.0194
6	13	-1.2795
7	11	9.2102
8	10	-0.949
9	13	-1.6622
10	2	-3.4927
11	11	9.2102
12	8	-0.085566
13	8	0.30037
14	5	1.3062
15	2	-1.4192
16	11	9.2102
17	11	9.2102
18	2	0.18995
19	2	0.83906
20	8	-1.4203
21	8	-0.34607
22	9	-0.25248
23	11	9.2102
24	10	0.94658
25	10	-0.58754
26	13	0.18625
27	10	-1.0038
28	13	0.32574
29	3	-1.0909
30	1	-0.10146
31	1	-2.3808
32	1	0.82477
33	8	-3.4476
34	8	-2.9077
35	9	-0.38708
36	8	-0.22745
37	9	-0.96453
38	12	-0.35958
39	11	9.2102
40	11	9.2102
41	10	-0.72186
42	13	0.29988
43	10	-0.38695
44	11	-1.6799
45	11	-0.2908
46	3	-1.9959
47	4	0.75124
48	1	-4.039
49	9	-1.2837
50	9	-2.0058
51	9	-0.137
52	12	-1.2772
53	3	0.69892
54	3	-2.8845
55	3	0.084234
56	6	-3.3827
57	6	-1.9344
58	11	9.2102
59	4	-0.21279
60	4	0.18763
61	9	0.50826
62	9	-0.86137
63	12	-0.54634
64	3	0.27006
65	1	-0.036969
66	3	-1.1981
67	1	1.1599
68	3	-0.38217
69	1	0.12752
70	3	-0.38379
71	6	-1.9313
72	6	-1.8511
73	4	-0.20121
74	4	-0.36019
75	9	-1.7166
76	9	-0.81559
77	12	0.11276
78	12	0.26156
79	14	-1.7709
80	1	-1.8074
81	3	0.83032
82	4	0.39777
83	9	0.031198
84	9	-0.98011
85	12	-0.50265
86	13	-0.77918
87	11	9.2102
88	14	-3.6569
89	2	-6.2176
90	1	-6.3148
91	11	9.2102
92	7	-0.0048158
93	7	-3.0913
94	7	-1.2567
95	12	-1.9695
96	12	-1.3335
97	13	-2.6404
98	4	-2.6865
99	4	-3.4639
100	7	-2.9384
101	12	-1.9991
102	12	-1.1869
103	6	-2.008
104	7	-0.42282
105	12	-0.043438
106	13	0.41914
107	11	9.2102
108	6	-3.9185
109	7	-0.54657
110	6	0.7062
111	7	0.017701
112	7	-1.7524
113	7	-2.5501
114	7	-0.051981
115	5	-1.983
116	8	-0.4543
117	8	-3.4356
detection1	detection2	cost
1	3	-5.6071
1	4	-4.8231
3	4	-5.6071
2	7	3.5372
5	8	-5.6071
6	9	-5.6071
2	11	24.0034
7	11	14.6553
12	13	-5.6071
10	15	-3.2674
2	16	25.0659
7	16	15.3715
11	16	-5.6071
2	17	12.262
7	17	7.2837
11	17	24.7342
16	17	24.6786
10	18	-1.5143
15	18	-5.6071
10	19	-1.8214
15	19	-4.8231
18	19	-5.6071
12	20	-3.2674
13	20	-2.1462
12	21	-2.1462
13	21	-3.2674
20	21	-1.8214
2	23	14.0819
7	23	8.5614
11	23	24.9005
16	23	24.7342
17	23	-5.6071
5	24	12.9744
8	24	11.9882
5	25	16.2174
8	25	15.3715
24	25	-3.7143
6	26	16.2174
9	26	15.3715
5	27	17.8953
8	27	17.1071
24	27	-1.8214
25	27	-5.6071
6	28	17.8953
9	28	17.1071
26	28	-5.6071
30	31	-5.6071
30	32	-1.8214
31	32	-3.7143
12	33	-1.8214
13	33	-1.5143
20	33	-4.8231
21	33	-3.2674
12	34	-1.5143
13	34	-1.8214
20	34	-3.2674
21	34	-4.8231
33	34	-5.6071
22	35	-4.8231
12	36	-0.67521
13	36	-1.5143
20	36	-1.5143
21	36	-5.6071
33	36	-3.7143
34	36	-5.6071
22	37	-3.2674
35	37	-1.8214
2	39	15.9133
7	39	9.9513
11	39	25.1758
16	39	24.9005
17	39	-3.7143
23	39	-5.6071
2	40	16.443
7	40	11.2383
11	40	27.0414
16	40	26.7811
17	40	-3.2674
23	40	-4.8231
39	40	-5.6071
5	41	18.7964
8	41	17.8953
24	41	-1.5143
25	41	-4.8231
27	41	-5.6071
6	42	18.7964
9	42	17.8953
26	42	-4.8231
28	42	-5.6071
5	43	20.4477
8	43	19.6016
24	43	0.30445
25	43	-3.2674
27	43	-4.8231
41	43	-5.6071
2	44	30.3571
7	44	30.8274
11	44	49.5689
16	44	49.4118
17	44	17.3966
23	44	17.1798
39	44	17.1071
40	44	15.2143
2	45	33.4488
7	45	34.4002
11	45	53.337
16	45	53.1896
17	45	21.1441
23	45	20.9559
39	45	20.8929
40	45	19
44	45	-3.7143
29	46	-3.2674
30	48	-4.8231
31	48	-5.6071
32	48	-3.2674
22	49	-3.2674
35	49	-5.6071
37	49	-1.5143
22	50	-3.7143
35	50	-4.8231
37	50	-3.2674
49	50	-5.6071
22	51	-0.67521
35	51	0.30445
37	51	-4.8231
49	51	0.071429
50	51	-1.8214
38	52	-4.8231
29	53	-3.2674
46	53	-1.5143
29	54	-3.2674
46	54	-4.8231
53	54	-3.7143
29	55	8.1089
46	55	4.0138
53	55	9.5357
54	55	5.75
56	57	-5.6071
2	58	25.0659
7	58	14.0819
11	58	4.6202
16	58	3.2076
17	58	18.2456
23	58	17.7539
39	58	17.3966
40	58	19.269
44	58	41.8597
45	58	45.635
47	59	7.7607
47	60	9.6406
59	60	-5.6071
22	61	0.53071
35	61	-2.1462
37	61	2.6933
49	61	-3.2674
50	61	-1.5143
51	61	4.0138
22	62	-0.67521
35	62	-3.2674
37	62	0.96511
49	62	-4.8231
50	62	-3.2674
51	62	2.1517
61	62	-5.6071
38	63	-3.2674
52	63	-5.6071
29	64	-1.8214
46	64	-2.1462
53	64	-4.8231
54	64	-4.8231
55	64	7.7607
30	65	3.5372
31	65	5.1977
32	65	8.6726
48	65	4.4715
29	66	-1.5143
46	66	-3.2674
53	66	-3.2674
54	66	-5.6071
55	66	5.8845
64	66	-5.6071
30	67	-1.8214
31	67	-1.5143
32	67	0.53071
48	67	-3.2674
65	67	1.9643
29	68	5.1977
46	68	0.96511
53	68	5.8845
54	68	2.1517
55	68	-3.2674
64	68	3.8571
66	68	1.9643
30	69	-1.5143
31	69	-1.8214
32	69	-0.67521
48	69	-3.7143
65	69	3.8571
67	69	-5.6071
29	70	6.9156
46	70	2.6933
53	70	7.7607
54	70	4.0138
55	70	-4.8231
64	70	5.75
66	70	3.8571
68	70	-5.6071
56	71	-4.8231
57	71	-3.2674
56	72	-4.8231
57	72	-5.6071
71	72	-3.7143
47	73	6.2802
59	73	-4.8231
60	73	-3.2674
47	74	8.1089
59	74	-5.6071
60	74	-4.8231
73	74	-5.6071
22	75	0.30445
35	75	-1.8214
37	75	0.53071
49	75	-3.7143
50	75	-3.2674
51	75	0.96511
61	75	-3.2674
62	75	-4.8231
22	76	0.30445
35	76	-0.67521
37	76	-1.5143
49	76	-2.1462
50	76	-3.2674
51	76	-2.1462
61	76	0.30445
62	76	-1.5143
75	76	-3.7143
38	77	-1.5143
52	77	-2.1462
63	77	-3.2674
38	78	-1.5143
52	78	-3.7143
63	78	-5.6071
77	78	-3.7143
1	79	32.7427
3	79	31.3382
4	79	30.0721
30	80	3.2076
31	80	4.6202
32	80	7.7607
48	80	3.5372
65	80	-4.8231
67	80	0.30445
69	80	2.1517
29	81	0.96511
46	81	-1.8214
53	81	-0.67521
54	81	-3.2674
55	81	4.4715
64	81	-3.2674
66	81	-4.8231
68	81	0.30445
70	81	2.1517
47	82	-1.5143
59	82	6.2802
60	82	8.1089
73	82	4.0138
74	82	5.8845
22	83	3.5372
35	83	0.96511
37	83	4.6202
49	83	-0.67521
50	83	0.53071
51	83	5.1977
61	83	-3.7143
62	83	-3.2674
75	83	-3.2674
76	83	0.30445
22	84	2.1517
35	84	0.071429
37	84	1.9643
49	84	-1.8214
50	84	-1.5143
51	84	1.9643
61	84	-2.1462
62	84	-3.2674
75	84	-5.6071
76	84	-3.2674
83	84	-3.7143
38	85	1.9643
52	85	1.9643
63	85	0.96511
77	85	-3.2674
78	85	0.30445
6	86	18.2456
9	86	16.7404
26	86	3.5372
28	86	4.6202
42	86	3.2076
2	87	25.5573
7	87	20.6393
11	87	34.4002
16	87	33.8406
17	87	6.1496
23	87	4.6202
39	87	3.2076
40	87	1.9643
44	87	11.1425
45	87	14.6553
58	87	24.9005
1	88	33.0089
3	88	31.5222
4	88	30.3571
79	88	-4.8231
10	89	15.293
15	89	11.2383
18	89	9.9513
19	89	11.4286
30	90	7.2837
31	90	8.783
32	90	11.9882
48	90	7.7607
65	90	-3.2674
67	90	4.4715
69	90	6.2802
80	90	-3.2674
2	91	31.8878
7	91	20.8929
11	91	8.1089
16	91	6.2802
17	91	23.8324
23	91	23.08
39	91	22.4287
40	91	24.2301
44	91	46.3384
45	91	50.069
58	91	-0.67521
87	91	28.5141
92	93	-3.7143
92	94	-1.8214
93	94	-5.6071
38	95	3.5372
52	95	3.2076
63	95	1.9643
77	95	-2.1462
78	95	0.96511
85	95	-5.6071
38	96	2.6933
52	96	1.9643
63	96	0.53071
77	96	-3.2674
78	96	-0.67521
85	96	-4.8231
95	96	-5.6071
6	97	20.8929
9	97	19.4026
26	97	4.4715
28	97	5.1977
42	97	3.5372
86	97	-4.8231
47	98	2.1517
59	98	7.7607
60	98	9.4302
73	98	5.1977
74	98	6.9156
82	98	-3.7143
47	99	2.6933
59	99	6.1496
60	99	7.7607
73	99	3.5372
74	99	5.1977
82	99	-3.2674
98	99	-5.6071
92	100	-3.2674
93	100	-5.6071
94	100	-4.8231
38	101	5.1977
52	101	4.6202
63	101	3.2076
77	101	-0.67521
78	101	1.9643
85	101	-3.7143
95	101	-5.6071
96	101	-4.8231
38	102	4.4715
52	102	3.5372
63	102	1.9643
77	102	-1.5143
78	102	0.53071
85	102	-3.2674
95	102	-4.8231
96	102	-5.6071
101	102	-5.6071
56	103	10.3572
57	103	11.9882
71	103	7.7607
72	103	11.1425
92	104	-3.2674
93	104	-3.2674
94	104	-2.1462
100	104	-4.8231
38	105	8.783
52	105	8.5614
63	105	7.2837
77	105	3.2076
78	105	6.1496
85	105	-0.67521
95	105	-2.1462
96	105	-0.67521
101	105	-3.2674
102	105	-1.5143
6	106	22.1279
9	106	20.4477
26	106	9.4302
28	106	10.3572
42	106	8.783
86	106	-1.5143
97	106	-2.1462
2	107	48.7787
7	107	38.3212
11	107	18.2456
16	107	16.7404
17	107	43.4667
23	107	42.7945
39	107	42.1852
40	107	43.9913
44	107	66.0053
45	107	69.7137
58	107	17.8953
87	107	47.9126
91	107	12.262
56	108	9.9513
57	108	11.4286
71	108	7.2837
72	108	10.3572
103	108	-4.8231
92	109	3.2076
93	109	6.1496
94	109	7.7607
100	109	5.1977
104	109	2.6933
56	110	12.6213
57	110	13.9152
71	110	9.9513
72	110	12.6213
103	110	-1.5143
108	110	-3.7143
92	111	8.783
93	111	11.9882
94	111	13.6628
100	111	11.1425
104	111	8.6726
109	111	-1.5143
92	112	5.8845
93	112	8.783
94	112	10.3572
100	112	7.7607
104	112	5.1977
109	112	-4.8231
111	112	-3.7143
92	113	6.1496
93	113	8.5614
94	113	9.9513
100	113	7.2837
104	113	4.6202
109	113	-3.7143
111	113	-1.5143
112	113	-4.8231
92	114	4.4715
93	114	6.1496
94	114	7.2837
100	114	4.6202
104	114	1.9643
109	114	-2.1462
111	114	2.1517
112	114	-1.5143
113	114	-3.7143
14	115	29.2526
12	116	27.2482
13	116	28.2144
20	116	23.0214
21	116	26.2014
33	116	22.4287
34	116	23.5452
36	116	24.7342
12	117	30.593
13	117	31.4763
20	117	26.3605
21	117	29.2526
33	117	25.6115
34	117	26.624
36	117	27.7092
116	117	-3.7143
2	5	-1.6429
1	6	-1.013
3	6	-1.2352
4	6	-1.5693
5	7	-0.2094
2	8	-1.9937
7	8	-1.5981
1	9	-1.1954
3	9	-1.4003
4	9	-1.7377
5	11	7.0866
8	11	6.5597
5	16	7.1232
8	16	6.9148
5	17	0.21889
8	17	-0.032127
5	22	-0.60424
8	22	-0.46705
5	23	0.4205
8	23	0.20464
2	24	2.936
7	24	4.6415
11	24	7.2903
16	24	7.5355
17	24	4.637
22	24	0.74481
23	24	6.4834
2	25	3.5006
7	25	5.134
11	25	7.5142
16	25	7.7437
17	25	6.0019
22	25	0.396
23	25	6.6738
1	26	3.1318
3	26	3.2378
4	26	3.2052
2	27	3.7609
7	27	5.3482
11	27	7.6277
16	27	7.8514
17	27	6.3105
22	27	0.35307
23	27	6.739
1	28	3.3638
3	28	3.4739
4	28	3.4554
1	30	0.29866
2	30	0.10182
3	30	0.36797
4	30	0.096362
5	30	-0.62781
6	30	-0.42918
7	30	-0.97468
8	30	-0.85049
9	30	-0.7336
10	30	-2.1561
11	30	3.5076
12	30	-0.19849
13	30	-0.30312
14	30	-0.0068969
15	30	-1.272
16	30	3.2109
17	30	-0.94956
18	30	-0.7851
19	30	-0.81226
20	30	-0.63358
21	30	-0.49515
22	30	-1.0871
23	30	-0.68815
24	30	-0.56231
25	30	-0.42947
26	30	-0.60051
27	30	-0.286
28	30	-0.4375
29	30	2.0989
1	31	0.18118
2	31	-0.029361
3	31	0.25485
4	31	-0.0091151
5	31	-0.81156
6	31	-0.61569
7	31	-1.0294
8	31	-1.0192
9	31	-0.90763
10	31	-2.0714
11	31	4.3828
12	31	-0.31368
13	31	-0.42941
14	31	-0.27041
15	31	-1.6073
16	31	4.4558
17	31	-0.93731
18	31	-1.083
19	31	-1.1522
20	31	-0.66899
21	31	-0.58597
22	31	-1.1505
23	31	-0.66856
24	31	-0.53675
25	31	-0.41106
26	31	-0.59946
27	31	-0.2718
28	31	-0.4414
29	31	2.0208
1	32	-0.18713
2	32	-0.31812
3	32	-0.10731
4	32	-0.34704
5	32	-0.80031
6	32	-0.77419
7	32	-0.53972
8	32	-0.7717
9	32	-0.68125
10	32	-1.7477
11	32	5.8223
12	32	-0.51231
13	32	-0.58201
14	32	-0.54518
15	32	-2.0339
16	32	6.3282
17	32	-0.94694
18	32	-1.5186
19	32	-1.6433
20	32	-0.75573
21	32	-0.59198
22	32	-1.2308
23	32	-0.65433
24	32	-0.55814
25	32	-0.43604
26	32	-0.55565
27	32	-0.30244
28	32	-0.41073
29	32	1.5518
30	33	-0.79048
31	33	-0.8043
32	33	-0.77102
30	34	-0.7894
31	34	-0.83748
32	34	-0.79695
5	35	-1.119
8	35	-1.1323
24	35	0.056243
25	35	-0.21657
27	35	-0.23513
30	35	-1.0969
31	35	-1.1022
32	35	-1.0962
30	36	-0.88694
31	36	-0.96718
32	36	-0.9112
5	37	0.16464
8	37	0.3221
24	37	0.085211
25	37	-0.16544
27	37	-0.15777
30	37	-1.1204
31	37	-1.1737
32	37	-1.2117
6	38	0.57232
9	38	0.71577
26	38	0.58848
28	38	0.61482
30	38	-1.1358
31	38	-1.1963
32	38	-1.2185
5	39	0.32525
8	39	0.12823
24	39	4.2612
25	39	5.6463
27	39	5.8611
30	39	-0.7472
31	39	-0.69802
32	39	-0.63025
5	40	0.50678
8	40	0.32967
24	40	2.4164
25	40	5.2732
27	40	5.6612
30	40	-0.54825
31	40	-0.5082
32	40	-0.45344
2	41	3.5991
7	41	5.0743
11	41	7.3457
16	41	7.5596
17	41	5.6053
22	41	0.47413
23	41	6.2059
30	41	-0.35666
31	41	-0.32577
32	41	-0.32303
35	41	-0.16444
37	41	0.070754
39	41	6.5061
40	41	6.5173
1	42	3.2549
3	42	3.3559
4	42	3.3408
30	42	-0.63921
31	42	-0.62816
32	42	-0.56068
38	42	0.81456
2	43	3.8042
7	43	5.237
11	43	7.4165
16	43	7.6247
17	43	5.8708
22	43	0.21281
23	43	6.3768
30	43	-0.40178
31	43	-0.37514
32	43	-0.37596
35	43	-0.41298
37	43	-0.15499
39	43	6.5576
40	43	6.5694
5	44	0.38066
8	44	0.31041
24	44	-2.0522
25	44	-2.0402
27	44	-1.9942
30	44	-0.97383
31	44	-0.94501
32	44	-0.84814
41	44	-2.1181
43	44	-2.0968
5	45	0.39024
8	45	0.33061
24	45	-1.9921
25	45	-2.0899
27	45	-2.0571
30	45	-1.207
31	45	-1.162
32	45	-1.0452
41	45	-2.1231
43	45	-2.0803
30	46	2.3126
31	46	2.263
32	46	1.8347
14	47	1.4762
29	47	-0.95019
30	47	4.9818
31	47	5.3563
32	47	5.5744
46	47	-0.88653
1	48	0.028601
2	48	-0.15925
3	48	0.097695
4	48	-0.17452
5	48	-1.0709
6	48	-0.88401
7	48	-0.7304
8	48	-1.1
9	48	-0.96318
10	48	-1.9284
11	48	4.3844
12	48	-0.64409
13	48	-0.7486
14	48	-0.60536
15	48	-1.7867
16	48	4.4559
17	48	-1.2205
18	48	-1.3349
19	48	-1.3806
20	48	-1.0605
21	48	-0.89791
22	48	-1.45
23	48	-0.95702
24	48	-0.82634
25	48	-0.65941
26	48	-0.83462
27	48	-0.5013
28	48	-0.65907
29	48	2.0635
33	48	-1.1629
34	48	-1.1757
35	48	-1.4246
36	48	-1.2973
37	48	-1.4137
38	48	-1.4477
39	48	-0.98675
40	48	-0.78419
41	48	-0.56826
42	48	-0.86054
43	48	-0.60634
44	48	-1.1428
45	48	-1.2432
46	48	2.3463
47	48	5.6876
5	49	-0.95777
8	49	-0.98185
24	49	-0.58349
25	49	-0.79181
27	49	-0.78474
30	49	-0.97491
31	49	-0.94544
32	49	-0.8641
41	49	-0.73264
43	49	-0.96477
48	49	-1.2612
5	50	-0.68525
8	50	-0.64222
24	50	-0.46259
25	50	-0.66204
27	50	-0.6454
30	50	-1.0849
31	50	-1.0803
32	50	-1.0291
41	50	-0.55095
43	50	-0.78567
48	50	-1.3612
5	51	0.49007
8	51	0.62712
24	51	-0.89148
25	51	-0.91483
27	51	-0.82933
30	51	-1.1103
31	51	-1.152
32	51	-1.1511
41	51	-0.53391
43	51	-0.70055
48	51	-1.3748
6	52	0.78896
9	52	0.91302
26	52	0.030487
28	52	0.12507
30	52	-1.2405
31	52	-1.2879
32	52	-1.262
42	52	0.39503
48	52	-1.5206
30	53	2.0235
31	53	1.9563
32	53	1.5259
47	53	-1.6725
48	53	1.9811
30	54	2.3395
31	54	2.2919
32	54	1.8866
47	54	-0.848
48	54	2.3494
30	55	-1.2318
31	55	-0.98801
32	55	-0.10638
47	55	6.2131
48	55	-1.3517
30	56	-1.6785
31	56	-1.4237
32	56	-0.43592
48	56	-1.7801
30	57	-1.6642
31	57	-1.487
32	57	-0.65291
48	57	-1.8334
5	58	5.0894
8	58	5.3498
24	58	7.1386
25	58	7.3483
27	58	7.3684
30	58	1.0917
31	58	1.4649
32	58	2.6283
41	58	7.7072
43	58	7.738
48	58	0.61731
14	59	-1.7756
29	59	-1.2629
30	59	-0.84063
31	59	-0.74385
32	59	-0.53489
46	59	-1.1913
48	59	-1.1061
53	59	-1.246
54	59	-0.85622
55	59	-1.5466
14	60	-1.6407
29	60	-1.2839
30	60	-1.0309
31	60	-0.95268
32	60	-0.77535
46	60	-1.0395
48	60	-1.2932
53	60	-1.0694
54	60	-0.68505
55	60	-1.4624
5	61	-0.50982
8	61	-0.43429
24	61	-0.80308
25	61	-0.9702
27	61	-0.95631
30	61	-0.81257
31	61	-0.62281
32	61	-0.16818
41	61	-0.98005
43	61	-1.1919
48	61	-1.1765
5	62	-0.77801
8	62	-0.71225
24	62	-0.88295
25	62	-1.0366
27	62	-1.0147
30	62	-0.86453
31	62	-0.70113
32	62	-0.32244
41	62	-1.0137
43	62	-1.2232
48	62	-1.1714
6	63	0.81072
9	63	0.90349
26	63	-0.61618
28	63	-0.46191
30	63	-1.2603
31	63	-1.285
32	63	-1.2088
42	63	-0.16925
48	63	-1.5096
30	64	2.1646
31	64	2.1106
32	64	1.7124
47	64	-0.83336
48	64	2.1462
59	64	-0.99276
60	64	-0.84309
1	65	0.78804
2	65	0.51841
3	65	0.81742
4	65	0.53236
5	65	-0.2311
6	65	0.25456
7	65	-0.69325
8	65	-0.5471
9	65	-0.12261
10	65	3.6079
11	65	1.9361
12	65	0.53039
13	65	0.46294
14	65	0.37203
15	65	3.755
16	65	1.7543
17	65	-1.2922
18	65	3.8132
19	65	4.5975
20	65	-0.17284
21	65	0.12318
22	65	-1.316
23	65	-1.1747
24	65	-0.84093
25	65	-0.65987
26	65	-0.35546
27	65	-0.49461
28	65	-0.18924
29	65	-1.5395
33	65	-0.38168
34	65	-0.29104
35	65	-1.4641
36	65	-0.28098
37	65	-1.3767
38	65	-0.83071
39	65	-1.4702
40	65	-1.2398
41	65	-0.73647
42	65	-0.55723
43	65	-0.75197
44	65	-1.3536
45	65	-1.0489
46	65	-1.8639
47	65	-0.43151
49	65	-1.5977
50	65	-1.5696
51	65	-1.4145
52	65	-0.85747
53	65	0.06009
54	65	-1.7532
55	65	-0.60536
56	65	0.18591
57	65	0.17351
58	65	-0.46525
59	65	-0.7442
60	65	-0.54736
61	65	-1.7893
62	65	-1.8062
63	65	-0.99849
64	65	-1.5352
30	66	2.5549
31	66	2.518
32	66	2.1454
47	66	-0.016523
48	66	2.5743
59	66	-0.68762
60	66	-0.5473
65	66	-0.53952
1	67	-0.19694
2	67	-0.41339
3	67	-0.14398
4	67	-0.43833
5	67	-0.95973
6	67	-0.81359
7	67	-0.48183
8	67	-0.80763
9	67	-0.60458
10	67	-0.79633
11	67	3.8454
12	67	-0.87269
13	67	-0.87164
14	67	-0.19093
15	67	-1.4908
16	67	3.8477
17	67	-1.4107
18	67	-1.9595
19	67	-1.2865
20	67	-0.7733
21	67	-1.2934
22	67	-1.2065
23	67	-1.379
24	67	-1.2638
25	67	-1.0452
26	67	-1.2161
27	67	-0.85845
28	67	-1.0074
29	67	1.7969
33	67	-1.0867
34	67	-1.2012
35	67	-1.3517
36	67	-1.1437
37	67	-1.5261
38	67	-1.3325
39	67	-1.2972
40	67	-1.1797
41	67	-0.95977
42	67	-1.2463
43	67	-0.97719
44	67	-1.3137
45	67	-0.91989
46	67	2.106
47	67	4.959
49	67	-1.7327
50	67	-1.7716
51	67	-1.7174
52	67	-1.4852
53	67	2.5635
54	67	2.841
55	67	-1.3323
56	67	-1.2126
57	67	-1.3572
58	67	0.32577
59	67	-0.38482
60	67	-0.30003
61	67	-1.5828
62	67	-1.8163
63	67	-1.7093
64	67	3.1629
66	67	3.6546
30	68	-1.2128
31	68	-0.64518
32	68	0.076096
47	68	6.1348
48	68	-0.65854
59	68	-0.49008
60	68	-0.45885
65	68	-0.30252
67	68	-1.2543
1	69	-0.37283
2	69	-0.55967
3	69	-0.31533
4	69	-0.60865
5	69	-0.68812
6	69	-0.57362
7	69	-0.27196
8	69	-0.53827
9	69	-0.36379
10	69	-1.1086
11	69	4.3113
12	69	-0.65636
13	69	-0.71051
14	69	-0.20639
15	69	-1.7911
16	69	4.3865
17	69	-1.2841
18	69	-1.9556
19	69	-1.6834
20	69	-0.53848
21	69	-1.2001
22	69	-1.1343
23	69	-1.3689
24	69	-1.3354
25	69	-1.1176
26	69	-1.2859
27	69	-0.93005
28	69	-1.0758
29	69	2.1492
33	69	-0.92998
34	69	-1.0936
35	69	-1.2438
36	69	-1.0814
37	69	-1.5176
38	69	-1.3625
39	69	-1.1899
40	69	-1.1528
41	69	-1.0155
42	69	-1.3067
43	69	-1.0369
44	69	-1.2619
45	69	-0.8834
46	69	2.5379
47	69	6.1832
49	69	-1.6332
50	69	-1.7101
51	69	-1.7441
52	69	-1.544
53	69	2.8007
54	69	3.1242
55	69	-1.021
56	69	-1.1411
57	69	-1.4254
58	69	0.53649
59	69	-0.29044
60	69	-0.24619
61	69	-1.4842
62	69	-1.7295
63	69	-1.7736
64	69	3.3486
66	69	3.8414
68	69	1.3091
30	70	-1.5684
31	70	-1.2622
32	70	-0.33199
47	70	6.3344
48	70	-1.4637
59	70	-0.49904
60	70	-0.51627
65	70	-0.21229
67	70	-1.1449
69	70	-1.2247
30	71	-1.9663
31	71	-1.3861
32	71	-0.43186
48	71	-1.7183
65	71	0.70265
67	71	-1.059
69	71	-0.91902
30	72	-2.1575
31	72	-1.9387
32	72	-1.021
48	72	-2.271
65	72	0.42197
67	72	-1.3342
69	72	-1.1908
14	73	-1.3066
29	73	-1.5098
30	73	-0.66534
31	73	-0.53019
32	73	-0.24719
46	73	-1.4345
48	73	-0.8539
53	73	-1.381
54	73	-1.0697
55	73	-1.8466
64	73	-1.1432
65	73	-1.1062
66	73	-0.87553
67	73	-0.9625
68	73	-0.88456
69	73	-0.94479
70	73	-0.97734
14	74	-1.5887
29	74	-1.3232
30	74	-0.93524
31	74	-0.82064
32	74	-0.56052
46	74	-1.2477
48	74	-1.1417
53	74	-1.3998
54	74	-1.0851
55	74	-1.8672
64	74	-1.182
65	74	-0.82844
66	74	-0.92048
67	74	-0.72613
68	74	-1.0156
69	74	-0.72489
70	74	-1.1172
5	75	-0.76481
8	75	-0.72183
24	75	-1.6105
25	75	-1.6644
27	75	-1.6021
30	75	-0.75266
31	75	-0.57455
32	75	-0.16167
41	75	-1.5883
43	75	-1.3023
48	75	-1.0201
65	75	-1.6585
67	75	-1.8466
69	75	-1.7467
5	76	-0.27776
8	76	-0.26506
24	76	-1.9226
25	76	-1.5444
27	76	-1.4634
30	76	-0.82732
31	76	-0.71684
32	76	-0.4033
41	76	-1.3118
43	76	-1.0067
48	76	-1.0715
65	76	-1.3915
67	76	-1.7216
69	76	-1.6681
6	77	0.70569
9	77	0.73525
26	77	-1.3475
28	77	-1.198
30	77	-1.2532
31	77	-1.167
32	77	-0.88636
42	77	-0.932
48	77	-1.4772
65	77	-1.2774
67	77	-2.0757
69	77	-2.0487
6	78	0.93714
9	78	1.0011
26	78	-1.1653
28	78	-0.97054
30	78	-1.2022
31	78	-1.2026
32	78	-1.0307
42	78	-0.61479
48	78	-1.4206
65	78	-1.1914
67	78	-2.019
69	78	-1.9734
6	79	1.5674
9	79	1.6191
26	79	-0.14771
28	79	-0.14235
30	79	-0.69949
31	79	-0.6698
32	79	-0.47488
42	79	-0.37813
48	79	-0.85218
65	79	-1.1524
67	79	-1.1537
69	79	-1.0907
1	80	0.42955
2	80	0.1803
3	80	0.4582
4	80	0.16871
5	80	-0.65899
6	80	-0.22099
7	80	-0.70891
8	80	-0.98547
9	80	-0.61319
10	80	2.9452
11	80	2.4528
12	80	0.4285
13	80	0.36712
14	80	0.12163
15	80	2.9938
16	80	2.3344
17	80	-1.4255
18	80	2.9539
19	80	3.6479
20	80	0.1571
21	80	0.02073
22	80	-1.0328
23	80	-1.4609
24	80	-1.1741
25	80	-0.96772
26	80	-0.73126
27	80	-0.78053
28	80	-0.55156
29	80	-1.6002
33	80	0.072336
34	80	0.043747
35	80	-1.1655
36	80	0.14554
37	80	-1.1486
38	80	-0.58053
39	80	-1.4888
40	80	-1.4849
41	80	-0.95524
42	80	-0.9139
43	80	-0.95659
44	80	-1.2856
45	80	-0.9079
46	80	-2.0897
47	80	-0.51971
49	80	-1.4466
50	80	-1.373
51	80	-1.2335
52	80	-0.63705
53	80	-0.4741
54	80	-1.5142
55	80	-0.048425
56	80	0.74165
57	80	0.68572
58	80	0.060593
59	80	-0.37618
60	80	-0.22021
61	80	-1.4621
62	80	-1.5691
63	80	-0.79064
64	80	-0.11599
66	80	-0.9363
68	80	0.23474
70	80	0.31849
71	80	1.219
72	80	0.88007
73	80	-0.73107
74	80	-0.49168
75	80	-1.6522
76	80	-1.6651
77	80	-1.0519
78	80	-0.9981
79	80	-1.4016
30	81	1.8267
31	81	1.9919
32	81	1.922
47	81	1.3143
48	81	2.23
59	81	-0.33348
60	81	-0.23297
65	81	-0.30967
67	81	4.4278
69	81	4.629
73	81	-0.51591
74	81	-0.59864
80	81	-0.99111
14	82	1.9118
29	82	-2.1146
30	82	2.1795
31	82	2.8733
32	82	3.9761
46	82	-2.2105
48	82	3.0992
53	82	-1.4159
54	82	-1.6523
55	82	3.8186
64	82	-1.2564
65	82	-1.8062
66	82	-1.032
67	82	2.3195
68	82	2.8377
69	82	4.3443
70	82	3.7904
80	82	-1.5256
81	82	-0.21214
5	83	-0.29744
8	83	-0.238
24	83	-1.5715
25	83	-1.652
27	83	-1.6023
30	83	-0.39952
31	83	-0.12368
32	83	0.52868
41	83	-1.4662
43	83	-1.1789
48	83	-0.59892
65	83	-1.6818
67	83	-1.648
69	83	-1.4764
80	83	-1.4463
5	84	-0.5192
8	84	-0.47801
24	84	-2.1345
25	84	-1.8314
27	84	-1.7282
30	84	-0.60924
31	84	-0.3986
32	84	0.089915
41	84	-1.5707
43	84	-1.2882
48	84	-0.8158
65	84	-1.69
67	84	-1.6377
69	84	-1.495
80	84	-1.5421
6	85	1.1227
9	85	1.1351
26	85	-1.8956
28	85	-1.991
30	85	-0.75241
31	85	-0.54932
32	85	-0.1133
42	85	-1.9787
48	85	-0.96755
65	85	-1.6106
67	85	-1.8372
69	85	-1.6678
80	85	-1.3667
1	86	2.6745
3	86	2.7162
4	86	2.7031
30	86	0.03894
31	86	0.14205
32	86	0.39044
38	86	3.0128
48	86	-0.12629
52	86	2.9729
63	86	2.3675
65	86	-0.99374
67	86	-0.72036
69	86	-0.66132
77	86	0.81235
78	86	1.5102
79	86	-2.1077
80	86	-1.3287
85	86	-0.72808
5	87	1.8475
8	87	1.7772
24	87	1.5238
25	87	2.4102
27	87	2.8489
30	87	0.34072
31	87	0.41001
32	87	0.54012
41	87	2.9065
43	87	3.4634
48	87	0.17317
65	87	-0.64761
67	87	-0.13359
69	87	-0.076757
80	87	-0.69151
6	88	1.7362
9	88	1.7826
26	88	0.35995
28	88	0.42025
30	88	-0.52575
31	88	-0.48637
32	88	-0.2757
42	88	0.21511
48	88	-0.66655
65	88	-1.1502
67	88	-0.97636
69	88	-0.90344
80	88	-1.3464
86	88	-2.1459
30	89	1.6517
31	89	1.3411
32	89	0.81756
48	89	1.174
65	89	-1.9471
67	89	0.69274
69	89	0.60206
80	89	-2.0166
1	90	0.57572
2	90	0.39854
3	90	0.59632
4	90	0.30438
5	90	-0.40464
6	90	-0.015414
7	90	-0.62543
8	90	-0.74441
9	90	-0.41803
10	90	3.5589
11	90	2.1283
12	90	0.36552
13	90	0.29681
14	90	-0.070919
15	90	3.8895
16	90	2.0323
17	90	-1.2018
18	90	4.0156
19	90	4.5862
20	90	0.13488
21	90	-0.073844
22	90	-0.9669
23	90	-1.3721
24	90	-1.1236
25	90	-0.93129
26	90	-0.68072
27	90	-0.75906
28	90	-0.50443
29	90	-1.4661
33	90	0.1123
34	90	0.091574
35	90	-1.0675
36	90	0.19677
37	90	-1.0385
38	90	-0.49951
39	90	-1.2583
40	90	-1.4813
41	90	-1.0137
42	90	-0.87848
43	90	-1.0229
44	90	-1.1482
45	90	-0.78601
46	90	-2.0685
47	90	-1.3029
49	90	-1.3007
50	90	-1.2274
51	90	-1.0928
52	90	-0.52585
53	90	-1.4123
54	90	-2.1463
55	90	-0.14471
56	90	0.49504
57	90	0.4504
58	90	0.21645
59	90	-0.61058
60	90	-0.45612
61	90	-1.2697
62	90	-1.373
63	90	-0.64978
64	90	-1.5536
66	90	-2.2884
68	90	0.14113
70	90	0.22493
71	90	1.0327
72	90	0.69842
73	90	-0.87947
74	90	-0.65915
75	90	-1.3179
76	90	-1.3418
77	90	-0.86763
78	90	-0.8262
79	90	-1.4549
81	90	-1.5189
82	90	-1.3143
83	90	-1.0724
84	90	-1.1815
85	90	-1.1214
86	90	-1.3991
87	90	-0.9245
88	90	-1.4318
89	90	-2.3717
5	91	5.3191
8	91	5.5449
24	91	6.8008
25	91	7.0364
27	91	7.0716
30	91	3.419
31	91	3.9166
32	91	4.9698
41	91	7.3555
43	91	7.4031
48	91	3.6824
65	91	0.35375
67	91	2.1956
69	91	2.9141
80	91	0.066008
90	91	-0.69835
12	92	-0.86714
13	92	-1.0828
20	92	-0.90846
21	92	-1.7299
30	92	-1.8138
31	92	-1.3577
32	92	-0.50319
33	92	-1.4943
34	92	-1.7669
36	92	-2.0544
48	92	-1.7732
56	92	-1.4884
57	92	-0.892
65	92	0.24485
67	92	-1.2583
69	92	-1.4906
71	92	-2.4963
72	92	-1.4157
80	92	0.63288
90	92	0.8407
12	93	-1.909
13	93	-2.2568
20	93	-1.7883
21	93	-1.9612
30	93	-1.8747
31	93	-1.7158
32	93	-1.0682
33	93	-2.2897
34	93	-2.2343
36	93	-1.7389
48	93	-1.9493
56	93	-2.4919
57	93	-2.2673
65	93	0.03748
67	93	-1.3392
69	93	-1.4992
71	93	-2.0583
72	93	-2.2512
80	93	0.38173
90	93	0.55726
12	94	-1.8823
13	94	-2.203
20	94	-1.5767
21	94	-1.8096
30	94	-1.5688
31	94	-1.4632
32	94	-0.9295
33	94	-1.9702
34	94	-2.1379
36	94	-1.6231
48	94	-1.6962
56	94	-2.1442
57	94	-2.0747
65	94	-0.18257
67	94	-1.5175
69	94	-1.6446
71	94	-1.8597
72	94	-1.8638
80	94	0.14461
90	94	0.31325
6	95	1.2658
9	95	1.2757
26	95	-1.4982
28	95	-1.5838
30	95	-0.54922
31	95	-0.31986
32	95	0.17019
42	95	-1.7772
48	95	-0.70765
65	95	-1.7187
67	95	-1.5438
69	95	-1.3326
80	95	-1.5396
86	95	-1.3763
90	95	-1.2479
6	96	1.1363
9	96	1.1503
26	96	-1.6674
28	96	-1.7754
30	96	-0.68932
31	96	-0.48428
32	96	-0.04603
42	96	-1.9819
48	96	-0.85531
65	96	-1.6132
67	96	-1.6076
69	96	-1.4144
80	96	-1.5001
86	96	-1.157
90	96	-1.225
1	97	2.6794
3	97	2.7256
4	97	2.7194
30	97	-0.038033
31	97	0.076384
32	97	0.34734
38	97	2.9065
48	97	-0.17632
52	97	2.8623
63	97	2.3772
65	97	-1.2009
67	97	-0.75122
69	97	-0.6755
77	97	1.025
78	97	1.727
79	97	-2.2034
80	97	-1.4256
85	97	-0.44269
88	97	-2.2353
90	97	-1.5817
95	97	-1.0092
96	97	-0.72345
14	98	2.0084
29	98	-1.3646
30	98	1.2569
31	98	1.8297
32	98	2.8333
46	98	-2.1421
48	98	1.9591
53	98	-0.77451
54	98	-1.6605
55	98	2.5411
64	98	-0.82612
65	98	-1.863
66	98	-1.3104
67	98	1.3846
68	98	1.1475
69	98	2.4163
70	98	2.0424
80	98	-1.6531
81	98	-1.2082
90	98	-0.55994
14	99	2.3933
29	99	-1.6877
30	99	1.0741
31	99	1.6419
32	99	2.6883
46	99	-2.2172
48	99	1.6727
53	99	-1.0848
54	99	-1.9833
55	99	2.225
64	99	-1.1415
65	99	-2.281
66	99	-1.6822
67	99	0.70779
68	99	0.45694
69	99	1.7658
70	99	1.5033
80	99	-2.1495
81	99	-1.4358
90	99	-1.0701
12	100	-2.1798
13	100	-2.0341
20	100	-2.0928
21	100	-1.6841
30	100	-1.9086
31	100	-1.6058
32	100	-0.92259
33	100	-2.3916
34	100	-1.9789
36	100	-1.4926
48	100	-1.9651
56	100	-1.9557
57	100	-1.6933
65	100	-0.020818
67	100	-1.5177
69	100	-1.7175
71	100	-2.5856
72	100	-2.0763
80	100	0.28608
90	100	0.4998
6	101	1.279
9	101	1.2871
26	101	-1.2865
28	101	-1.3828
30	101	-0.33826
31	101	-0.096109
32	101	0.42277
42	101	-1.549
48	101	-0.45306
65	101	-1.7398
67	101	-1.2517
69	101	-1.008
80	101	-1.7007
86	101	-1.8453
90	101	-1.3645
97	101	-1.4142
6	102	1.2031
9	102	1.2149
26	102	-1.3549
28	102	-1.4733
30	102	-0.46187
31	102	-0.24409
32	102	0.22467
42	102	-1.6464
48	102	-0.58584
65	102	-1.6346
67	102	-1.3079
69	102	-1.0876
80	102	-1.6677
86	102	-1.7528
90	102	-1.3536
97	102	-1.2335
30	103	1.2032
31	103	1.3214
32	103	1.1657
48	103	1.499
65	103	-1.6209
67	103	2.2805
69	103	2.8621
80	103	-1.0622
90	103	-1.9824
92	103	1.022
93	103	0.88978
94	103	0.75504
100	103	0.74358
12	104	-2.0722
13	104	-1.7955
20	104	-2.3419
21	104	-1.483
30	104	-1.3681
31	104	-1.0098
32	104	-0.31069
33	104	-2.0997
34	104	-1.7499
36	104	-1.3093
48	104	-1.3084
56	104	-1.0186
57	104	-0.68664
65	104	-0.38071
67	104	-1.8528
69	104	-1.9364
71	104	-1.8243
72	104	-0.90045
80	104	-0.098684
90	104	0.19848
103	104	0.40462
6	105	1.148
9	105	1.1447
26	105	-1.3412
28	105	-1.4061
30	105	0.069359
31	105	0.38354
32	105	1.0515
42	105	-1.5417
48	105	0.04572
65	105	-1.9087
67	105	-0.85445
69	105	-0.51482
80	105	-1.7662
86	105	-1.8707
90	105	-1.2492
97	105	-1.5106
1	106	2.2287
3	106	2.2566
4	106	2.2478
30	106	0.075312
31	106	0.22855
32	106	0.58636
38	106	3.4617
48	106	-0.030483
52	106	3.595
63	106	3.3067
65	106	-1.5626
67	106	-0.67615
69	106	-0.55305
77	106	1.9148
78	106	2.914
79	106	-2.1296
80	106	-1.6085
85	106	0.36645
88	106	-2.031
90	106	-1.4431
95	106	-0.16332
96	106	0.24136
101	106	-0.60075
102	106	-0.29169
105	106	-0.86778
5	107	4.9713
8	107	5.2674
24	107	6.0266
25	107	6.2347
27	107	6.2595
30	107	7.0624
31	107	7.2999
32	107	7.6795
41	107	6.5133
43	107	6.5546
48	107	7.4667
65	107	5.7552
67	107	7.9283
69	107	8.192
80	107	6.6013
90	107	5.6732
30	108	1.0471
31	108	1.1762
32	108	1.0605
48	108	1.3199
65	108	-1.8685
67	108	1.9604
69	108	2.5653
80	108	-1.5925
90	108	-2.2662
92	108	1.1288
93	108	0.93583
94	108	0.7715
100	108	0.78132
104	108	0.44416
12	109	3.0804
13	109	3.1213
20	109	2.9885
21	109	2.9285
30	109	1.021
31	109	1.4336
32	109	2.0353
33	109	2.8715
34	109	2.8366
36	109	2.7782
48	109	1.3934
56	109	2.0861
57	109	2.3671
65	109	-1.9415
67	109	0.73609
69	109	1.3662
71	109	1.6906
72	109	2.5365
80	109	-1.9175
90	109	-1.323
103	109	-1.1768
108	109	-1.0906
30	110	0.81746
31	110	0.93156
32	110	0.81572
48	110	1.0431
65	110	-1.8111
67	110	1.5891
69	110	2.1673
80	110	-1.6534
90	110	-2.0683
92	110	0.62619
93	110	0.32731
94	110	0.11326
100	110	0.15569
104	110	-0.1568
109	110	-1.2164
12	111	2.5201
13	111	2.4588
20	111	2.4129
21	111	2.1719
30	111	1.5651
31	111	1.955
32	111	2.4446
33	111	2.1268
34	111	2.0813
36	111	2.0077
48	111	2.0341
56	111	2.7127
57	111	2.885
65	111	-1.8654
67	111	1.7889
69	111	2.3473
71	111	2.5379
72	111	3.0759
80	111	-1.6648
90	111	-1.4423
103	111	-2.4705
108	111	-2.3018
110	111	-1.6672
12	112	3.0219
13	112	2.9627
20	112	2.9093
21	112	2.6834
30	112	1.0904
31	112	1.4898
32	112	2.0374
33	112	2.6337
34	112	2.592
36	112	2.528
48	112	1.4943
56	112	2.1992
57	112	2.4167
65	112	-2.2901
67	112	1.0167
69	112	1.609
71	112	1.9112
72	112	2.5839
80	112	-2.2249
90	112	-1.4814
103	112	-1.7827
108	112	-1.8027
110	112	-1.7748
12	113	3.1524
13	113	3.1817
20	113	3.031
21	113	3.0742
30	113	0.90204
31	113	1.2636
32	113	1.7895
33	113	2.925
34	113	2.9804
36	113	2.9253
48	113	1.2346
56	113	1.883
57	113	2.0858
65	113	-2.0999
67	113	0.75058
69	113	1.2745
71	113	1.5662
72	113	2.2118
80	113	-2.0844
90	113	-1.6592
103	113	-2.0058
108	113	-2.135
110	113	-1.7751
12	114	2.4079
13	114	2.4521
20	114	2.2417
21	114	2.3858
30	114	0.61477
31	114	0.94441
32	114	1.4673
33	114	2.1543
34	114	2.2356
36	114	2.4676
48	114	0.8543
56	114	1.3792
57	114	1.5924
65	114	-1.7173
67	114	0.28297
69	114	0.75169
71	114	0.97764
72	114	1.6628
80	114	-1.7533
90	114	-1.597
103	114	-1.5994
108	114	-1.7216
110	114	-1.9426
30	115	1.2099
31	115	1.7356
32	115	2.4965
47	115	-0.50215
48	115	1.8315
59	115	2.5726
60	115	2.8658
65	115	-1.2846
67	115	0.9004
69	115	1.4807
73	115	1.8432
74	115	2.522
80	115	-1.0813
82	115	-1.2661
90	115	-0.97522
98	115	-1.4303
99	115	-1.8532
30	116	1.5377
31	116	1.9726
32	116	2.522
48	116	2.0742
65	116	-1.4669
67	116	1.732
69	116	2.187
80	116	-1.3008
90	116	-1.1223
92	116	2.6372
93	116	2.6722
94	116	2.5911
100	116	2.5242
104	116	2.3845
109	116	-2.0926
111	116	-1.6983
112	116	-2.195
113	116	-1.8943
114	116	-1.7807
30	117	1.3803
31	117	1.7852
32	117	2.3003
48	117	1.883
65	117	-1.3436
67	117	1.594
69	117	2.0005
80	117	-1.1806
90	117	-0.93178
92	117	2.7113
93	117	2.9295
94	117	2.8537
100	117	2.7925
104	117	2.6575
109	117	-1.5757
111	117	-1.5325
112	117	-2.4715
113	117	-1.8553
114	117	-0.94361
offset
60
