146
detection	body_part	cost
1	5	-3.9088
2	5	-4.8565
3	4	0.088252
4	4	-5.0271
5	14	0.20376
6	11	9.2102
7	3	-4.1627
8	3	-5.5564
9	14	1.3495
10	14	-2.4322
11	9	0.64442
12	13	-3.1657
13	1	1.2999
14	9	-2.8609
15	9	0.4526
16	10	-1.3034
17	13	-1.1126
18	2	-6.0131
19	1	-6.6734
20	10	-1.6955
21	13	-1.2559
22	12	0.13943
23	12	-0.64651
24	4	0.27899
25	10	0.11425
26	11	-3.1414
27	11	9.2102
28	12	-1.4971
29	4	-1.1694
30	12	-0.41571
31	11	1.1501
32	11	0.30143
33	6	-0.013906
34	4	-1.9342
35	4	-4.1999
36	12	-0.93632
37	11	0.2473
38	6	-4.3858
39	12	-0.32892
40	7	-1.0462
41	5	-1.069
42	5	-0.35311
43	5	-2.2934
44	3	-2.7143
45	3	-0.52483
46	9	0.76354
47	9	0.061269
48	11	-1.1624
49	3	-2.7443
50	3	-3.5374
51	9	-1.3005
52	9	0.34112
53	10	-2.8022
54	10	-3.0285
55	11	1.2113
56	5	0.041045
57	8	0.10811
58	9	-2.7479
59	9	-1.6826
60	10	-1.3299
61	10	0.26639
62	11	-3.9783
63	3	0.030532
64	3	0.14277
65	9	0.41501
66	2	1.0742
67	1	1.061
68	1	1.1706
69	13	-1.5603
70	14	-3.4332
71	11	9.2102
72	1	-2.9635
73	13	-1.6724
74	13	-0.26584
75	14	-1.0415
76	1	-1.5088
77	1	-4.6838
78	1	-1.8369
79	13	-3.2136
80	2	-3.3871
81	1	0.82238
82	11	9.2102
83	12	-1.1912
84	8	0.31593
85	8	-1.6838
86	8	-3.0701
87	8	-0.68408
88	12	-0.31364
89	12	-3.4564
90	8	-1.8889
91	6	-0.71538
92	11	9.2102
93	6	-2.5775
94	6	-2.5741
95	7	-0.48245
96	1	0.87433
97	6	-1.9865
98	7	-2.7311
99	7	-0.83157
100	2	-0.44049
101	5	-0.62263
102	6	-0.34219
103	7	-4.046
104	5	-1.3826
105	5	-0.94351
106	5	0.56723
107	7	-1.0858
108	6	-0.50037
109	5	0.39887
110	4	0.20092
111	7	-1.709
112	7	-0.47656
113	4	-1.3234
114	4	-2.8773
115	4	-0.038004
116	4	-0.27286
117	3	-2.3869
118	3	-1.9237
119	3	-5.4371
120	11	9.2102
121	11	9.2102
122	11	9.2102
123	10	-0.059008
124	13	-0.20689
125	11	-0.36216
126	14	0.19838
127	14	-2.87
128	9	-3.7977
129	13	-0.6167
130	13	-4.2615
131	10	0.072243
132	13	-0.054109
133	2	-5.8267
134	1	-7.1925
135	12	-2.2111
136	6	-2.6423
137	12	-3.5371
138	6	-0.90347
139	6	-5.6156
140	7	-0.43788
141	8	0.28433
142	7	-2.0811
143	8	-2.7116
144	8	-0.53505
145	7	-2.4235
146	8	-1.0557
detection1	detection2	cost
1	2	-5.6071
3	4	-3.2674
7	8	-5.6071
5	9	-2.1462
5	10	-3.2674
9	10	-1.8214
11	14	-1.5143
11	15	2.1517
14	15	-3.7143
12	17	-4.8231
13	19	-3.2674
16	20	-4.8231
12	21	-3.7143
17	21	-4.8231
22	23	-5.6071
3	24	10.3572
4	24	11.2383
16	25	-2.1462
20	25	-4.8231
6	26	61.0622
6	27	2.1517
26	27	58.777
22	28	-3.2674
23	28	-4.8231
3	29	12.9744
4	29	13.9152
24	29	-4.8231
22	30	-1.5143
23	30	-3.2674
28	30	-5.6071
6	31	55.6772
26	31	-1.5143
27	31	53.0714
6	32	65.0485
26	32	-3.2674
27	32	62.5357
31	32	1.9643
3	34	12.262
4	34	11.9882
24	34	-2.1462
29	34	-1.5143
3	35	12.8867
4	35	12.9744
24	35	-3.2674
29	35	-3.2674
34	35	-5.6071
22	36	-0.67521
23	36	-2.1462
28	36	-4.8231
30	36	-5.6071
6	37	61.5828
26	37	-3.7143
27	37	58.777
31	37	-1.5143
32	37	-3.2674
33	38	-3.2674
22	39	0.53071
23	39	-0.67521
28	39	-3.2674
30	39	-3.7143
36	39	-5.6071
1	41	22.8448
2	41	23.0214
1	42	25.1758
2	42	25.5573
41	42	-3.2674
1	43	24.9005
2	43	25.1758
41	43	-4.8231
42	43	-5.6071
7	44	16.7404
8	44	15.6053
7	45	19.269
8	45	17.9658
44	45	-3.7143
11	46	25.6115
14	46	19.7992
15	46	16.7404
11	47	28.9098
14	47	23.0214
15	47	19.7992
46	47	-3.7143
6	48	103.9055
26	48	35.6638
27	48	100.8072
31	48	40.7586
32	48	31.5222
37	48	34.8256
7	49	17.1798
8	49	16.2174
44	49	-4.8231
45	49	-1.5143
7	50	18.2456
8	50	17.1798
44	50	-5.6071
45	50	-3.2674
49	50	-5.6071
11	51	26.624
14	51	20.8929
15	51	17.9658
46	51	-5.6071
47	51	-3.2674
11	52	33.1414
14	52	27.2482
15	52	24.0034
46	52	0.30445
47	52	-3.2674
51	52	0.071429
16	53	32.295
20	53	33.2734
25	53	34.4002
16	54	34.0136
20	54	35.0367
25	54	36.2
53	54	-5.6071
6	55	107.9643
26	55	39.8214
27	55	104.7546
31	55	44.8538
32	55	35.6638
37	55	38.904
48	55	-3.2674
1	56	28.663
2	56	28.9098
41	56	-1.5143
42	56	-3.2674
43	56	-3.7143
11	58	29.2526
14	58	23.5452
15	58	20.6393
46	58	-3.2674
47	58	-3.2674
51	58	-4.8231
52	58	-1.5143
11	59	32.4299
14	59	26.624
15	59	23.5452
46	59	-0.67521
47	59	-3.2674
51	59	-1.5143
52	59	-4.8231
58	59	-3.7143
16	60	31.4763
20	60	32.295
25	60	33.2734
53	60	-4.8231
54	60	-3.2674
16	61	38.243
20	61	39.2501
25	61	40.3859
53	61	-1.5143
54	61	-3.2674
60	61	0.071429
6	62	102.7579
26	62	35.0367
27	62	99.3249
31	62	39.8214
32	62	30.8274
37	62	33.8406
48	62	-3.2674
55	62	-1.5143
7	63	20.4477
8	63	19.6016
44	63	-1.5143
45	63	0.53071
49	63	-3.7143
50	63	-3.2674
7	64	22.4287
8	64	21.3932
44	64	-1.5143
45	64	-1.5143
49	64	-2.1462
50	64	-3.2674
63	64	-3.7143
11	65	35.0367
14	65	29.2526
15	65	26.2014
46	65	1.9643
47	65	-0.67521
51	65	0.96511
52	65	-3.7143
58	65	-1.5143
59	65	-4.8231
18	66	15.3715
13	67	19.7992
19	67	16.2174
13	68	22.0674
19	68	18.2456
67	68	-3.7143
12	69	36.0768
17	69	33.4488
21	69	34.0567
5	70	50.2864
9	70	51.7558
10	70	46.7362
6	71	23.8324
26	71	51.2091
27	71	14.5743
31	71	45.2289
32	71	54.156
37	71	49.9756
48	71	89.4985
55	71	93.1067
62	71	87.3131
13	72	22.4287
19	72	18.7964
67	72	-4.8231
68	72	-4.8231
12	73	34.1859
17	73	31.5222
21	73	31.8878
69	73	-3.2674
12	74	41.8597
17	74	39.2501
21	74	39.9349
69	74	-1.5143
73	74	1.9643
5	75	54.5037
9	75	55.9884
10	75	50.9645
70	75	-3.2674
13	76	22.1279
19	76	18.8644
67	76	-3.2674
68	76	-0.67521
72	76	-3.2674
13	77	24.0034
19	77	20.4477
67	77	-3.2674
68	77	-3.2674
72	77	-5.6071
76	77	-3.7143
13	78	26.2014
19	78	22.4287
67	78	-0.67521
68	78	-3.2674
72	78	-3.2674
76	78	0.071429
77	78	-3.7143
12	79	36.8511
17	79	34.1859
21	79	34.5282
69	79	-3.2674
73	79	-4.8231
74	79	0.30445
18	80	20.0604
66	80	-1.5143
13	81	28.8606
19	81	25.0659
67	81	1.9643
68	81	-0.67521
72	81	-0.67521
76	81	2.1517
77	81	-1.5143
78	81	-4.8231
6	82	29.0571
26	82	53.4547
27	82	19.6016
31	82	47.5232
32	82	56.1293
37	82	51.9068
48	82	90.2162
55	82	93.6926
62	82	87.8219
71	82	-1.8214
22	83	34.1859
23	83	32.7427
28	83	30.0721
30	83	28.663
36	83	27.4026
39	83	26.2014
57	84	5.8845
57	85	5.75
84	85	-5.6071
57	86	5.8845
84	86	-3.7143
85	86	-5.6071
57	87	6.9156
84	87	0.071429
85	87	-1.8214
86	87	-3.7143
22	88	30.0721
23	88	28.8606
28	88	26.2014
30	88	25.0659
36	88	23.5452
39	88	22.0674
83	88	0.30445
22	89	34.0136
23	89	32.6536
28	89	29.9767
30	89	28.663
36	89	27.2998
39	89	25.9881
83	89	-4.8231
88	89	-1.8214
57	90	7.7607
84	90	-3.2674
85	90	-4.8231
86	90	-5.6071
87	90	-3.2674
33	91	22.1279
38	91	22.4287
6	92	33.8406
26	92	57.7693
27	92	24.2301
31	92	51.9068
32	92	60.2209
37	92	55.9884
48	92	93.1067
55	92	96.4522
62	92	90.5273
71	92	4.0138
82	92	-1.5143
33	93	22.4287
38	93	22.1279
91	93	-3.2674
33	94	23.08
38	94	23.0214
91	94	-4.8231
93	94	-5.6071
40	95	20.4477
13	96	32.024
19	96	29.2526
67	96	8.1089
68	96	9.4302
72	96	6.9156
76	96	4.0138
77	96	5.1977
78	96	7.2837
81	96	7.2837
33	97	24.8452
38	97	24.6786
91	97	-3.2674
93	97	-4.8231
94	97	-5.6071
40	98	22.1279
95	98	-5.6071
40	99	24.0034
95	99	-3.2674
98	99	-3.7143
18	100	31.5222
66	100	9.5357
80	100	4.0138
1	101	49.5689
2	101	49.4118
41	101	20.0604
42	101	19.6016
43	101	18.8644
56	101	15.3715
33	102	26.624
38	102	26.3605
91	102	-1.5143
93	102	-3.2674
94	102	-3.7143
97	102	-5.6071
40	103	24.6786
95	103	-3.2674
98	103	-4.8231
99	103	-4.8231
1	104	51.3006
2	104	51.2091
41	104	21.4551
42	104	20.6393
43	104	20.0604
56	104	16.443
101	104	-4.8231
1	105	51.4527
2	105	51.3006
41	105	21.885
42	105	21.3311
43	105	20.6393
56	105	17.1071
101	105	-5.6071
104	105	-5.6071
1	106	51.665
2	106	51.4527
41	106	22.4287
42	106	22.1279
43	106	21.3311
56	106	17.8953
101	106	-4.8231
104	106	-3.7143
105	106	-5.6071
40	107	24.8452
95	107	-1.5143
98	107	-3.2674
99	107	-0.67521
103	107	-3.2674
33	108	28.5141
38	108	27.0414
91	108	7.2837
93	108	3.2076
94	108	4.6202
97	108	3.5372
102	108	2.6933
1	109	53.101
2	109	53.0714
41	109	23.0214
42	109	21.885
43	109	21.4551
56	109	17.7539
101	109	-2.1462
104	109	-4.8231
105	109	-3.2674
106	109	-1.5143
3	110	47.3929
4	110	45.635
24	110	33.3612
29	110	32.024
34	110	28.9098
35	110	29.2526
40	111	27.2998
95	111	0.071429
98	111	-1.8214
99	111	-0.67521
103	111	-3.2674
107	111	-4.8231
40	112	28.9098
95	112	0.96511
98	112	-0.67521
99	112	-1.8214
103	112	-3.2674
107	112	-1.5143
111	112	-3.7143
3	113	49.2857
4	113	47.5232
24	113	35.2048
29	113	33.8406
34	113	30.7807
35	113	31.1069
110	113	-5.6071
3	114	51.1786
4	114	49.4118
24	114	37.0526
29	114	35.6638
34	114	32.6536
35	114	32.9647
110	114	-3.7143
113	114	-5.6071
3	115	54.993
4	115	53.101
24	115	41.1652
29	115	39.8214
34	115	36.6892
35	115	37.0526
110	115	0.30445
113	115	-1.5143
114	115	-3.2674
3	116	54.993
4	116	53.337
24	116	40.4233
29	116	38.904
34	116	36.2
35	116	36.4045
110	116	0.30445
113	116	-1.5143
114	116	-3.2674
115	116	-3.7143
7	117	51.9369
8	117	51.665
44	117	32.6536
45	117	33.3612
49	117	30.546
50	117	30.7807
63	117	26.7811
64	117	27.4026
7	118	53.1896
8	118	53.101
44	118	35.6638
45	118	36.8106
49	118	33.3612
50	118	33.8406
63	118	29.6887
64	118	30.8274
117	118	-1.5143
7	119	53.5428
8	119	53.337
44	119	34.8256
45	119	35.6638
49	119	32.6536
50	119	32.9647
63	119	28.9098
64	119	29.6887
117	119	-4.8231
118	119	-3.7143
6	120	86.3445
26	120	47.4255
27	120	78.8276
31	120	46.0381
32	120	45.5338
37	120	43.6422
48	120	51.4527
55	120	52.7452
62	120	47.3929
71	120	58.723
82	120	55.9884
92	120	55.4215
6	121	95.0991
26	121	48.9694
27	121	88.0471
31	121	48.7787
32	121	46.3384
37	121	45.2968
48	121	44.4761
55	121	45.1269
62	121	40.2736
71	121	68.686
82	121	66.3214
92	121	66.127
120	121	3.8571
6	122	56.9684
26	122	78.3281
27	122	47.4255
31	122	72.8517
32	122	80.0024
37	122	75.8717
48	122	107.8246
55	122	110.6028
62	122	104.6268
71	122	29.6887
82	122	24.2301
92	122	18.2456
120	122	58.777
121	122	70.1302
16	123	53.8064
20	123	52.2675
25	123	50.8111
53	123	43.4667
54	123	44.4761
60	123	40.8698
61	123	45.1269
12	124	55.9884
17	124	53.8064
21	124	52.2675
69	124	37.6517
73	124	34.0567
74	124	39.5176
79	124	33.4488
6	125	89.0172
26	125	49.4118
27	125	81.4844
31	125	48.2028
32	125	47.3929
37	125	45.635
48	125	51.6347
55	125	52.7452
62	125	47.5232
71	125	61.323
82	125	58.5333
92	125	57.879
120	125	-4.8231
121	125	2.1517
122	125	60.6429
5	126	61.0622
9	126	57.8516
10	126	57.1072
70	126	48.7787
75	126	50.4412
5	127	61.5828
9	127	58.6147
10	127	57.5493
70	127	46.0381
75	127	47.5232
126	127	-3.7143
11	128	58.207
14	128	55.4215
15	128	55.0789
46	128	42.1852
47	128	43.4667
51	128	40.3859
52	128	43.2907
58	128	39.2501
59	128	40.7586
65	128	39.9349
12	129	56.9684
17	129	54.993
21	129	53.1896
69	129	43.6422
73	129	39.8214
74	129	46.0381
79	129	39.5176
124	129	0.30445
12	130	57.301
17	130	55.2219
21	130	53.5428
69	130	41.3489
73	130	37.6517
74	130	43.4316
79	130	37.173
124	130	-3.2674
129	130	-3.7143
16	131	55.6772
20	131	54.127
25	131	52.6559
53	131	45.0928
54	131	46.0715
60	131	42.5087
61	131	46.637
123	131	-5.6071
12	132	57.8516
17	132	55.6772
21	132	54.127
69	132	39.2501
73	132	35.7053
74	132	40.9808
79	132	35.0367
124	132	-5.6071
129	132	0.071429
130	132	-3.7143
18	133	55.2219
66	133	34.3146
80	133	28.5141
100	133	17.3966
13	134	57.5493
19	134	55.2219
67	134	34.5282
68	134	35.2048
72	134	32.9647
76	134	30.546
77	134	31.1069
78	134	32.024
81	134	30.8274
96	134	19.0675
22	135	57.5493
23	135	57.301
28	135	55.2219
30	135	55.0789
36	135	53.1896
39	135	51.3006
83	135	36.6486
88	135	31.5222
89	135	34.0567
33	136	55.0789
38	136	53.5428
91	136	29.6887
93	136	27.0414
94	136	27.4026
97	136	25.5573
102	136	23.7178
108	136	19.0675
22	137	59.7164
23	137	59.4226
28	137	57.301
30	137	57.1072
36	137	55.2219
39	137	53.337
83	137	37.3731
88	137	32.6089
89	137	34.8256
135	137	-4.8231
33	138	56.885
38	138	54.993
91	138	33.2734
93	138	30.2149
94	138	30.8274
97	138	29.0571
102	138	27.2998
108	138	21.1441
136	138	-1.5143
33	139	56.885
38	139	55.2219
91	139	32.024
93	139	29.2526
94	139	29.6887
97	139	27.8615
102	139	26.0415
108	139	20.8929
136	139	-4.8231
138	139	-3.7143
40	140	53.101
95	140	30.2149
98	140	28.4144
99	140	29.785
103	140	27.2998
107	140	24.2301
111	140	23.08
112	140	24.6786
57	141	46.0381
84	141	33.3612
85	141	32.9647
86	141	32.6536
87	141	32.295
90	141	30.7807
40	142	55.2219
95	142	31.1069
98	142	29.2526
99	142	30.2149
103	142	27.8615
107	142	25.1758
111	142	23.7178
112	142	24.8452
140	142	-3.2674
57	143	48.2028
84	143	35.6638
85	143	35.2048
86	143	34.8256
87	143	34.3146
90	143	32.9647
141	143	-4.8231
57	144	48.9694
84	144	36.8106
85	144	36.2
86	144	35.6638
87	144	34.8256
90	144	33.8406
141	144	-1.5143
143	144	-3.7143
40	145	56.9684
95	145	33.3612
98	145	31.5222
99	145	32.6089
103	145	30.2149
107	145	27.4026
111	145	26.0415
112	145	27.2998
140	145	-3.2674
142	145	-4.8231
57	146	49.7883
84	146	37.0526
85	146	36.6892
86	146	36.4045
87	146	36.0768
90	146	34.5282
141	146	-3.7143
143	146	-4.8231
144	146	-1.5143
1	3	-1.0831
2	3	-1.4204
1	4	-2.1449
2	4	-2.2574
3	7	-2.0582
4	7	-2.2153
3	8	-1.8262
4	8	-2.0802
5	12	-1.4986
9	12	-2.0147
10	12	-2.3016
1	13	-1.2658
2	13	-1.4323
3	13	-1.3854
4	13	-1.1694
5	13	-0.91411
6	13	7.079
7	13	-1.2404
8	13	-1.3377
9	13	-1.3499
10	13	-1.319
11	13	-0.89876
12	13	-0.96972
13	14	-1.2181
13	15	-1.2565
6	16	7.9158
11	16	-1.2661
13	16	-0.95341
14	16	-1.4615
15	16	-1.3867
5	17	-1.3282
9	17	-1.5944
10	17	-1.9391
13	17	-0.9697
13	18	-1.8654
1	19	-2.0815
2	19	-2.1962
3	19	-1.9385
4	19	-1.9586
5	19	-1.0937
6	19	7.2877
7	19	-2.4669
8	19	-2.5333
9	19	-1.1687
10	19	-1.1492
11	19	-1.2534
12	19	-1.2139
14	19	-1.544
15	19	-1.5754
16	19	-1.1396
17	19	-1.1911
18	19	-2.6744
6	20	7.834
11	20	-1.295
13	20	-0.93012
14	20	-1.494
15	20	-1.0716
19	20	-1.1937
5	21	-1.0526
9	21	-1.2494
10	21	-1.5568
13	21	-1.284
19	21	-1.5076
12	22	-0.5445
13	22	-0.95778
17	22	-0.92552
19	22	-1.231
21	22	-1.2509
12	23	-0.56071
13	23	-0.93273
17	23	-0.97942
19	23	-1.2089
21	23	-1.3185
1	24	2.1398
2	24	2.5229
7	24	1.8413
8	24	2.0787
13	24	2.4284
19	24	2.4582
6	25	7.659
11	25	-0.57912
13	25	-0.43972
14	25	-0.53845
15	25	0.19984
19	25	-0.67885
13	26	-1.5567
16	26	-1.9148
19	26	-1.5336
20	26	-2.2642
25	26	-1.9207
13	27	6.7751
16	27	6.6186
19	27	7.9912
20	27	6.7625
25	27	6.8448
12	28	-1.3547
13	28	-1.6127
17	28	-1.9105
19	28	-1.8944
21	28	-2.1524
1	29	1.6704
2	29	2.0387
7	29	2.2388
8	29	2.4785
13	29	3.0055
19	29	3.0825
12	30	-1.2218
13	30	-1.5135
17	30	-1.8193
19	30	-1.7938
21	30	-2.0623
13	31	-1.2876
16	31	-1.4204
19	31	-1.5709
20	31	-2.013
25	31	-1.8168
13	32	-1.4677
16	32	-1.9471
19	32	-1.6313
20	32	-2.077
25	32	-1.8912
13	33	-1.8545
19	33	-1.9991
1	34	2.3748
2	34	2.8017
7	34	2.5806
8	34	2.8827
13	34	3.0903
19	34	3.1985
1	35	1.9541
2	35	2.3597
7	35	2.5423
8	35	2.8254
13	35	3.1234
19	35	3.2307
12	36	-0.8888
13	36	-1.5489
17	36	-1.5174
19	36	-1.8051
21	36	-1.5732
13	37	-1.5528
16	37	-1.8739
19	37	-1.5405
20	37	-1.8132
25	37	-1.6461
13	38	-1.807
19	38	-2.3216
12	39	-0.49814
13	39	-1.4059
17	39	-1.0367
19	39	-1.5977
21	39	-0.99312
13	40	-1.6803
19	40	-1.7958
33	40	-2.17
38	40	-1.91
3	41	4.3915
4	41	3.873
13	41	4.7043
19	41	5.0782
24	41	-1.8436
29	41	-1.699
34	41	-1.9821
35	41	-2.039
3	42	4.1258
4	42	4.1469
13	42	5.5201
19	42	6.0392
24	42	-1.5877
29	42	-1.6303
34	42	-1.8463
35	42	-1.9776
3	43	3.9729
4	43	3.7356
13	43	4.8473
19	43	5.3063
24	43	-1.7188
29	43	-1.3497
34	43	-1.6479
35	43	-1.7672
3	44	2.1514
4	44	2.4308
13	44	2.9502
19	44	3.2997
24	44	-1.238
29	44	-2.1721
34	44	-0.93578
35	44	-1.6079
3	45	1.8997
4	45	2.1661
13	45	2.692
19	45	3.0022
24	45	-0.92671
29	45	-1.3512
34	45	-0.08055
35	45	-0.83139
13	46	1.3311
16	46	5.0577
19	46	1.2274
20	46	5.6472
25	46	6.0006
13	47	1.3121
16	47	5.7268
19	47	1.2052
20	47	6.2781
25	47	6.5918
13	48	0.83401
16	48	0.57947
19	48	0.69509
20	48	0.4818
25	48	0.38299
3	49	1.975
4	49	2.2201
13	49	3.2381
19	49	3.629
24	49	-1.3583
29	49	-2.2374
34	49	-1.244
35	49	-1.7889
3	50	1.9974
4	50	2.2441
13	50	3.0488
19	50	3.4183
24	50	-1.1588
29	50	-2.0127
34	50	-0.85036
35	50	-1.4451
13	51	1.4784
16	51	5.071
19	51	1.3879
20	51	5.6264
25	51	5.939
13	52	1.4181
16	52	6.2421
19	52	1.321
20	52	6.7369
25	52	6.9925
6	53	9.2351
11	53	1.2025
13	53	1.3136
14	53	1.0146
15	53	1.0057
19	53	1.1676
26	53	6.0206
27	53	8.9748
31	53	6.8153
32	53	5.8555
37	53	6.5743
46	53	-1.4924
47	53	-1.5544
48	53	-2.1781
51	53	-1.9217
52	53	-1.808
6	54	9.3121
11	54	1.2014
13	54	1.3358
14	54	1.0091
15	54	0.99373
19	54	1.1885
26	54	6.2038
27	54	9.0416
31	54	6.9562
32	54	6.0721
37	54	6.7443
46	54	-1.4976
47	54	-1.5762
48	54	-2.1453
51	54	-1.9077
52	54	-1.8834
13	55	0.95705
16	55	0.60754
19	55	0.82134
20	55	0.51233
25	55	0.41498
53	55	-2.1527
54	55	-2.1336
3	56	4.1798
4	56	3.8583
13	56	5.7767
19	56	6.2446
24	56	-1.9204
29	56	-1.4108
34	56	-2.0382
35	56	-1.826
13	57	0.4298
19	57	0.10604
40	57	1.3015
13	58	1.5947
16	58	5.2467
19	58	1.514
20	58	5.7592
25	58	6.0222
53	58	-2.26
54	58	-2.2712
13	59	1.5694
16	59	5.7458
19	59	1.4849
20	59	6.232
25	59	6.4719
53	59	-2.1414
54	59	-2.2754
6	60	9.0519
11	60	1.2284
13	60	1.3934
14	60	1.059
15	60	1.0694
19	60	1.2546
26	60	5.6452
27	60	8.8287
31	60	6.4685
32	60	5.4203
37	60	6.1559
46	60	-1.2507
47	60	-1.2161
48	60	-2.1074
51	60	-1.6604
52	60	-1.4715
55	60	-2.1906
58	60	-1.92
59	60	-1.8033
6	61	9.2623
11	61	1.1821
13	61	1.4211
14	61	0.99109
15	61	0.97238
19	61	1.2748
26	61	6.2697
27	61	8.9925
31	61	6.9431
32	61	6.1636
37	61	6.7443
46	61	-1.4197
47	61	-1.5033
48	61	-1.8359
51	61	-1.7972
52	61	-1.8577
55	61	-2.0766
58	61	-2.1407
59	61	-2.1207
13	62	0.91435
16	62	0.4594
19	62	0.77863
20	62	0.34744
25	62	0.23187
53	62	-2.1132
54	62	-2.0631
60	62	-2.1862
61	62	-2.059
3	63	1.867
4	63	2.0557
13	63	3.4474
19	63	3.865
24	63	-1.0757
29	63	-1.7939
34	63	-0.96858
35	63	-1.4229
3	64	1.9234
4	64	2.112
13	64	2.9508
19	64	3.3301
24	64	-0.72761
29	64	-1.2779
34	64	-0.41798
35	64	-0.89681
13	65	1.6089
16	65	5.7816
19	65	1.5308
20	65	6.2346
25	65	6.4384
53	65	-1.9002
54	65	-1.955
60	65	-2.0592
61	65	-1.9582
13	66	4.4188
19	66	4.3966
1	67	1.1239
2	67	1.1465
3	67	1.6523
4	67	1.7666
5	67	1.5802
6	67	7.6131
7	67	1.1661
8	67	1.3084
9	67	2.0258
10	67	1.7526
11	67	3.191
12	67	2.4728
14	67	2.5485
15	67	2.1892
16	67	1.5873
17	67	2.185
18	67	2.516
20	67	1.7817
21	67	2.4705
22	67	3.5821
23	67	3.2623
24	67	-1.8982
25	67	1.6078
26	67	1.3235
27	67	7.4836
28	67	3.2985
29	67	-1.6575
30	67	3.0224
31	67	1.23
32	67	0.92983
33	67	4.9862
34	67	-1.74
35	67	-1.8924
36	67	2.8786
37	67	1.2126
38	67	5.4244
39	67	2.6576
40	67	6.2743
41	67	-0.61029
42	67	0.60532
43	67	0.66286
44	67	-1.5508
45	67	-1.3713
46	67	-1.7184
47	67	-1.6738
48	67	-1.7138
49	67	-1.332
50	67	-1.4258
51	67	-1.6663
52	67	-1.5532
53	67	-1.6114
54	67	-1.5716
55	67	-1.5393
56	67	0.44824
57	67	7.8917
58	67	-1.53
59	67	-1.4349
60	67	-1.4416
61	67	-1.4107
62	67	-1.5915
63	67	-0.44894
64	67	-0.63117
65	67	-1.3015
66	67	-0.82651
1	68	1.3021
2	68	1.3144
3	68	1.7895
4	68	1.9171
5	68	1.6913
6	68	7.7938
7	68	1.1914
8	68	1.3308
9	68	2.1271
10	68	1.8261
11	68	3.6714
12	68	2.7123
14	68	2.9832
15	68	2.5705
16	68	1.8192
17	68	2.3997
18	68	2.0052
20	68	2.0269
21	68	2.6949
22	68	4.1289
23	68	3.7768
24	68	-1.411
25	68	1.8905
26	68	1.3794
27	68	7.6902
28	68	3.7658
29	68	-2.0887
30	68	3.4471
31	68	1.3121
32	68	0.98319
33	68	5.0418
34	68	-1.1041
35	68	-1.5848
36	68	3.3044
37	68	1.2589
38	68	4.8387
39	68	3.0886
40	68	7.591
41	68	0.69232
42	68	1.6265
43	68	1.8184
44	68	-2.1843
45	68	-1.7554
46	68	-1.8349
47	68	-1.7942
48	68	-1.6124
49	68	-1.6617
50	68	-2.2729
51	68	-1.7447
52	68	-1.6193
53	68	-1.5472
54	68	-1.5181
55	68	-1.4589
56	68	2.0613
57	68	5.7198
58	68	-1.5464
59	68	-1.4466
60	68	-1.3961
61	68	-1.3932
62	68	-1.5066
63	68	-1.4392
64	68	-0.8403
65	68	-1.2965
66	68	-1.3074
5	69	4.5978
9	69	5.1176
10	69	4.9544
13	69	0.99996
19	69	0.88023
22	69	0.93644
23	69	1.0141
28	69	1.805
30	69	1.846
36	69	1.6295
39	69	1.3644
67	69	-1.5026
68	69	-1.4876
12	70	1.181
13	70	0.72645
17	70	1.1693
19	70	0.61359
21	70	1.0123
67	70	-1.5152
68	70	-1.4097
69	70	-2.0588
13	71	5.7878
16	71	3.5148
19	71	5.6225
20	71	3.49
25	71	3.3996
53	71	6.0486
54	71	6.0909
60	71	6.197
61	71	6.4692
67	71	5.3489
68	71	5.2864
1	72	1.3557
2	72	1.379
3	72	1.8228
4	72	1.929
5	72	1.8392
6	72	7.6931
7	72	1.1312
8	72	1.283
9	72	2.2883
10	72	1.9983
11	72	3.4956
12	72	2.8047
14	72	2.8789
15	72	2.5097
16	72	1.9136
17	72	2.518
18	72	2.1697
20	72	2.1217
21	72	2.8132
22	72	3.993
23	72	3.674
24	72	-1.4403
25	72	1.9823
26	72	1.5622
27	72	7.5267
28	72	3.7109
29	72	-2.0399
30	72	3.4242
31	72	1.4988
32	72	1.1664
33	72	5.395
34	72	-1.2263
35	72	-1.6608
36	72	3.302
37	72	1.4541
38	72	5.3668
39	72	3.1089
40	72	6.9647
41	72	0.036491
42	72	0.91901
43	72	1.1428
44	72	-2.0754
45	72	-1.805
46	72	-1.8361
47	72	-1.8265
48	72	-1.7234
49	72	-1.9607
50	72	-2.1148
51	72	-1.9399
52	72	-1.8089
53	72	-1.8013
54	72	-1.7701
55	72	-1.7024
56	72	0.90963
57	72	7.017
58	72	-1.8015
59	72	-1.682
60	72	-1.6101
61	72	-1.6072
62	72	-1.7391
63	72	-1.8021
64	72	-1.3379
65	72	-1.5313
66	72	-1.2561
69	72	-1.6087
70	72	-1.5607
71	72	4.7269
5	73	4.2198
9	73	4.7345
10	73	4.5349
13	73	1.0572
19	73	0.94296
22	73	1.1257
23	73	1.2107
28	73	1.9817
30	73	2.031
36	73	1.8141
39	73	1.5445
67	73	-1.4573
68	73	-1.479
70	73	-2.1396
72	73	-1.5641
5	74	4.9168
9	74	5.4158
10	74	5.3045
13	74	1.0478
19	74	0.92745
22	74	0.92663
23	74	0.99612
28	74	1.793
30	74	1.8255
36	74	1.6244
39	74	1.3779
67	74	-1.5634
68	74	-1.5153
70	74	-2.1423
72	74	-1.7143
12	75	1.146
13	75	0.7906
17	75	1.1378
19	75	0.68679
21	75	0.98845
67	75	-1.3794
68	75	-1.2525
69	75	-2.1589
72	75	-1.4545
73	75	-1.9359
74	75	-2.1794
1	76	1.1601
2	76	1.2
3	76	1.611
4	76	1.6851
5	76	1.9109
6	76	7.457
7	76	0.95385
8	76	1.1248
9	76	2.3682
10	76	2.1049
11	76	3.1911
12	76	2.8342
14	76	2.6576
15	76	2.3457
16	76	1.9251
17	76	2.5807
18	76	2.6596
20	76	2.1228
21	76	2.8671
22	76	3.694
23	76	3.4138
24	76	-1.7227
25	76	1.9613
26	76	1.6708
27	76	7.1981
28	76	3.5072
29	76	-1.8481
30	76	3.2619
31	76	1.5934
32	76	1.2739
33	76	4.5726
34	76	-1.7173
35	76	-2.0658
36	76	3.1568
37	76	1.5693
38	76	5.3486
39	76	2.9786
40	76	5.952
41	76	-1.0755
42	76	-0.3845
43	76	-0.010633
44	76	-1.7457
45	76	-1.5746
46	76	-1.6063
47	76	-1.6262
48	76	-1.6135
49	76	-1.542
50	76	-1.7255
51	76	-1.8567
52	76	-1.7805
53	76	-1.92
54	76	-1.8977
55	76	-1.6132
56	76	-1.2016
57	76	7.7795
58	76	-1.9023
59	76	-1.8165
60	76	-1.8128
61	76	-1.7462
62	76	-1.7341
63	76	-1.1536
64	76	-1.3122
65	76	-1.6943
66	76	-0.60704
69	76	-1.4821
70	76	-1.4127
71	76	3.025
73	76	-1.5531
74	76	-1.4792
75	76	-1.4306
1	77	1.4234
2	77	1.4533
3	77	1.8377
4	77	1.9278
5	77	1.9944
6	77	7.6525
7	77	1.054
8	77	1.2163
9	77	2.4505
10	77	2.1588
11	77	3.5482
12	77	2.9801
14	77	2.9773
15	77	2.6244
16	77	2.087
17	77	2.7067
18	77	2.2917
20	77	2.3005
21	77	3.0054
22	77	4.0941
23	77	3.791
24	77	-1.3026
25	77	2.1745
26	77	1.7363
27	77	7.4393
28	77	3.8507
29	77	-2.1848
30	77	3.5743
31	77	1.6876
32	77	1.3397
33	77	5.2948
34	77	-1.1131
35	77	-1.5377
36	77	3.4718
37	77	1.6342
38	77	5.6199
39	77	3.3022
40	77	6.8888
41	77	-0.02499
42	77	0.68066
43	77	0.99538
44	77	-2.29
45	77	-2.0075
46	77	-1.6011
47	77	-1.6345
48	77	-1.6224
49	77	-2.1746
50	77	-2.3687
51	77	-1.8834
52	77	-1.8088
53	77	-1.9602
54	77	-1.9266
55	77	-1.5868
56	77	0.51121
57	77	7.3136
58	77	-2.0712
59	77	-1.9147
60	77	-1.7733
61	77	-1.7015
62	77	-1.6769
63	77	-2.1108
64	77	-1.8558
65	77	-1.7499
66	77	-1.131
69	77	-1.5726
70	77	-1.4707
71	77	3.7018
73	77	-1.6615
74	77	-1.6195
75	77	-1.4178
1	78	1.6189
2	78	1.6395
3	78	1.9318
4	78	2.026
5	78	2.1835
6	78	7.8878
7	78	1.1226
8	78	1.2787
9	78	2.6345
10	78	2.3157
11	78	3.9794
12	78	3.2686
14	78	3.3878
15	78	2.9964
16	78	2.397
17	78	2.978
18	78	1.9471
20	78	2.6259
21	78	3.2883
22	78	4.5914
23	78	4.2701
24	78	-0.91213
25	78	2.538
26	78	1.879
27	78	7.7005
28	78	4.3056
29	78	-1.6878
30	78	3.9988
31	78	1.8597
32	78	1.4785
33	78	5.1669
34	78	-0.6062
35	78	-1.0397
36	78	3.9086
37	78	1.7694
38	78	5.0593
39	78	3.7583
40	78	8.2099
41	78	0.87935
42	78	1.4645
43	78	1.7955
44	78	-1.7889
45	78	-1.9045
46	78	-1.4534
47	78	-1.5486
48	78	-1.5159
49	78	-1.4439
50	78	-1.6949
51	78	-1.7274
52	78	-1.7312
53	78	-1.8591
54	78	-1.8091
55	78	-1.4981
56	78	1.5738
57	78	5.8862
58	78	-1.9769
59	78	-1.8846
60	78	-1.7548
61	78	-1.6891
62	78	-1.5954
63	78	-0.94634
64	78	-1.4227
65	78	-1.7566
66	78	-1.3634
69	78	-1.4969
70	78	-1.3868
71	78	4.0571
73	78	-1.5934
74	78	-1.5532
75	78	-1.3267
5	79	4.2934
9	79	4.7941
10	79	4.6182
13	79	1.1102
19	79	0.99961
22	79	1.2217
23	79	1.3056
28	79	2.0734
30	79	2.1218
36	79	1.9122
39	79	1.651
67	79	-1.5412
68	79	-1.5565
70	79	-2.2626
72	79	-1.6476
75	79	-1.9485
76	79	-1.6304
77	79	-1.7534
78	79	-1.6974
13	80	3.7446
19	80	3.8589
67	80	-2.1982
68	80	-2.1009
72	80	-2.3398
76	80	-2.2719
77	80	-2.5065
78	80	-2.4167
1	81	1.702
2	81	1.7272
3	81	2.095
4	81	2.172
5	81	2.3267
6	81	7.9098
7	81	1.1929
8	81	1.3551
9	81	2.7863
10	81	2.4531
11	81	4.1704
12	81	3.4591
14	81	3.6234
15	81	3.2411
16	81	2.6454
17	81	3.1781
18	81	1.7717
20	81	2.8846
21	81	3.499
22	81	4.8588
23	81	4.5514
24	81	-0.53139
25	81	2.8241
26	81	2.0842
27	81	7.6916
28	81	4.6065
29	81	-1.2865
30	81	4.3042
31	81	2.0918
32	81	1.6813
33	81	5.1379
34	81	-0.24358
35	81	-0.6402
36	81	4.24
37	81	1.9764
38	81	5.0402
39	81	4.1235
40	81	8.6866
41	81	1.0144
42	81	1.4587
43	81	1.8416
44	81	-1.4675
45	81	-1.5516
46	81	-1.1245
47	81	-1.2553
48	81	-1.2909
49	81	-1.2017
50	81	-1.3565
51	81	-1.3945
52	81	-1.4436
53	81	-1.6258
54	81	-1.5763
55	81	-1.3058
56	81	1.5253
57	81	4.8879
58	81	-1.6681
59	81	-1.5954
60	81	-1.6723
61	81	-1.4635
62	81	-1.4233
63	81	-0.71006
64	81	-1.0683
65	81	-1.544
66	81	-1.5151
69	81	-1.3873
70	81	-1.2745
71	81	3.4974
73	81	-1.4594
74	81	-1.431
75	81	-1.2049
79	81	-1.6111
80	81	-2.1609
13	82	6.1012
16	82	3.8767
19	82	5.9564
20	82	3.8502
25	82	3.7603
53	82	5.5795
54	82	5.6314
60	82	5.7099
61	82	6.0167
67	82	6.1242
68	82	6.0312
72	82	6.0663
76	82	6.0175
77	82	6.0185
78	82	6.0225
81	82	5.895
12	83	4.4177
13	83	1.4016
17	83	4.4212
19	83	1.3509
21	83	4.7259
67	83	-1.5298
68	83	-1.4924
69	83	-1.6102
72	83	-1.7544
73	83	-1.5978
74	83	-2.1695
76	83	-1.8927
77	83	-2.0041
78	83	-1.932
79	83	-2.0013
81	83	-1.8127
13	84	2.8396
19	84	2.6042
40	84	3.4577
67	84	0.34738
68	84	-0.49127
72	84	-0.45898
76	84	0.41496
77	84	-0.90889
78	84	-0.49758
81	84	-0.36329
13	85	2.8962
19	85	2.6667
40	85	3.7846
67	85	0.58477
68	85	-0.24179
72	85	-0.13396
76	85	0.76726
77	85	-0.47998
78	85	-1.012
81	85	-0.67059
13	86	3.2288
19	86	3.0166
40	86	4.1729
67	86	1.139
68	86	0.45114
72	86	0.58952
76	86	1.3064
77	86	0.38477
78	86	-0.58289
81	86	-1.5907
13	87	0.40606
19	87	0.49743
40	87	4.6899
67	87	-0.83706
68	87	0.094829
72	87	-0.43973
76	87	-1.4214
77	87	-0.51131
78	87	0.73441
81	87	1.5008
12	88	3.9901
13	88	1.5527
17	88	3.9538
19	88	1.5346
21	88	4.2411
67	88	-1.3236
68	88	-1.1562
69	88	-1.519
72	88	-1.4987
73	88	-1.5139
74	88	-1.7713
76	88	-1.8154
77	88	-1.7245
78	88	-1.5144
79	88	-1.7985
81	88	-1.6529
12	89	4.2227
13	89	1.53
17	89	4.2148
19	89	1.4915
21	89	4.5126
67	89	-1.4046
68	89	-1.304
69	89	-1.6103
72	89	-1.6193
73	89	-1.5927
74	89	-2.1215
76	89	-1.8874
77	89	-1.8583
78	89	-1.7475
79	89	-2.0293
81	89	-1.8755
13	90	2.1595
19	90	1.8983
40	90	4.0691
67	90	-0.31083
68	90	-1.2322
72	90	-1.009
76	90	-0.0094903
77	90	-1.2398
78	90	-0.82783
81	90	-0.46425
13	91	0.047756
19	91	-0.072846
40	91	5.7652
67	91	-1.9526
68	91	-1.6083
72	91	-1.9477
76	91	-1.4725
77	91	-1.9701
78	91	-1.6206
81	91	-1.3742
13	92	6.5363
16	92	3.718
19	92	6.6378
20	92	3.6885
25	92	3.5966
53	92	6.0865
54	92	6.1427
60	92	6.1877
61	92	6.5114
67	92	8.3421
68	92	8.3688
72	92	8.419
76	92	8.3207
77	92	8.4586
78	92	8.5551
81	92	8.6153
13	93	0.29221
19	93	-0.094297
40	93	5.1056
67	93	-2.4512
68	93	-2.1184
72	93	-2.4633
76	93	-1.6526
77	93	-2.3158
78	93	-1.7422
81	93	-1.1214
13	94	0.12305
19	94	-0.26606
40	94	5.2567
67	94	-2.1297
68	94	-2.0847
72	94	-2.3181
76	94	-1.5633
77	94	-2.1384
78	94	-2.0076
81	94	-1.5621
13	95	0.46231
19	95	0.35039
33	95	0.93339
38	95	1.1765
57	95	1.2922
67	95	-1.5101
68	95	-1.0757
72	95	-1.4746
76	95	-1.558
77	95	-1.7698
78	95	-1.0571
81	95	-0.95
84	95	-1.4499
85	95	-1.3519
86	95	-1.1927
87	95	-1.07
90	95	-1.5486
91	95	0.036916
93	95	-0.46109
94	95	-0.39651
1	96	1.614
2	96	1.6945
3	96	2.1258
4	96	2.0494
5	96	2.4773
6	96	6.8463
7	96	1.3113
8	96	1.557
9	96	2.9149
10	96	2.6908
11	96	3.6643
12	96	3.3418
14	96	3.3431
15	96	3.1439
16	96	2.5729
17	96	3.1494
18	96	3.1742
20	96	2.7409
21	96	3.4165
22	96	4.3312
23	96	4.1263
24	96	-0.55149
25	96	2.583
26	96	2.2215
27	96	6.3603
28	96	4.2986
29	96	-1.3163
30	96	4.1174
31	96	2.147
32	96	1.8412
33	96	5.0471
34	96	-0.78223
35	96	-1.0306
36	96	4.0607
37	96	2.1146
38	96	5.6208
39	96	3.9389
40	96	6.4785
41	96	-0.79473
42	96	-0.90591
43	96	-0.11544
44	96	-1.341
45	96	-1.4403
46	96	0.051929
47	96	0.01966
48	96	-0.35779
49	96	-1.2424
50	96	-1.4799
51	96	-0.14945
52	96	-0.16724
53	96	-0.44035
54	96	-0.39105
55	96	-0.38974
56	96	-1.5056
57	96	7.7853
58	96	-0.35635
59	96	-0.36994
60	96	-0.62929
61	96	-0.32683
62	96	-0.52889
63	96	-1.4261
64	96	-1.5402
65	96	-0.43446
66	96	1.4894
69	96	-0.24703
70	96	-0.26276
71	96	4.1473
73	96	-0.38279
74	96	-0.19407
75	96	-0.29922
79	96	-0.45611
80	96	0.66486
82	96	3.3645
83	96	-0.14448
84	96	6.3498
85	96	6.0607
86	96	5.6574
87	96	3.7492
88	96	-0.41757
89	96	-0.33646
90	96	5.4117
91	96	1.0634
92	96	6.7731
93	96	1.2328
94	96	1.0922
95	96	1.2545
13	97	0.24834
19	97	-0.13852
40	97	4.9737
67	97	-2.1664
68	97	-2.0231
72	97	-2.3956
76	97	-1.7536
77	97	-2.3201
78	97	-1.9653
81	97	-1.5764
95	97	-0.47039
96	97	0.73356
13	98	0.14365
19	98	0.043114
33	98	0.79269
38	98	1.0526
57	98	1.0819
67	98	-1.9549
68	98	-1.4866
72	98	-1.8994
76	98	-1.4711
77	98	-1.9108
78	98	-1.3966
81	98	-1.2415
84	98	-1.9003
85	98	-1.7907
86	98	-1.6084
87	98	-1.4274
90	98	-1.9733
91	98	-0.78493
93	98	-1.2095
94	98	-1.192
96	98	1.2264
97	98	-1.0959
13	99	0.50067
19	99	0.36775
33	99	0.65235
38	99	0.96807
57	99	0.57843
67	99	-1.5627
68	99	-1.1253
72	99	-1.5413
76	99	-1.6072
77	99	-1.7947
78	99	-1.1132
81	99	-1.0303
84	99	-1.8367
85	99	-1.9046
86	99	-1.916
87	99	-1.8595
90	99	-1.6897
91	99	-0.23606
93	99	-0.92568
94	99	-0.91566
96	99	0.89477
97	99	-1.1768
13	100	4.3732
19	100	4.6223
67	100	0.5866
68	100	0.56256
72	100	0.62899
76	100	0.73002
77	100	0.39954
78	100	0.24114
81	100	0.12079
96	100	-1.4452
3	101	8.4856
4	101	7.1846
13	101	7.2608
19	101	7.6691
24	101	3.4065
29	101	3.7087
34	101	3.2859
35	101	3.5293
67	101	6.739
68	101	7.6505
72	101	6.8846
76	101	5.9579
77	101	6.6881
78	101	7.7362
81	101	8.4192
96	101	3.4208
13	102	0.37118
19	102	-0.013356
40	102	4.761
67	102	-2.148
68	102	-1.9642
72	102	-2.3497
76	102	-1.8408
77	102	-2.3651
78	102	-1.9127
81	102	-1.5653
95	102	-0.22152
96	102	0.38441
98	102	-0.71993
99	102	-1.0627
13	103	0.12357
19	103	0.014136
33	103	0.6696
38	103	0.96496
57	103	0.5271
67	103	-2.0789
68	103	-1.5618
72	103	-2.0002
76	103	-1.5573
77	103	-1.8945
78	103	-1.4579
81	103	-1.3086
84	103	-1.9551
85	103	-2.0685
86	103	-2.1171
87	103	-2.1008
90	103	-1.8944
91	103	-1.0337
93	103	-1.515
94	103	-1.6499
96	103	0.96564
97	103	-1.7515
102	103	-1.5133
3	104	8.5518
4	104	7.2279
13	104	7.5477
19	104	7.9663
24	104	3.34
29	104	3.6437
34	104	3.1931
35	104	3.4409
67	104	7.2316
68	104	8.1566
72	104	7.4259
76	104	6.5187
77	104	7.2839
78	104	8.3312
81	104	8.5315
96	104	4.1631
3	105	8.7056
4	105	7.3796
13	105	7.3608
19	105	7.7718
24	105	3.6462
29	105	3.9581
34	105	3.513
35	105	3.7651
67	105	6.9013
68	105	7.7773
72	105	7.0491
76	105	6.1756
77	105	6.877
78	105	7.8547
81	105	8.4852
96	105	3.8861
3	106	8.3679
4	106	6.9785
13	106	6.9649
19	106	7.3691
24	106	3.7468
29	106	4.1467
34	106	3.4879
35	106	3.8224
67	106	6.376
68	106	7.2088
72	106	6.4836
76	106	5.6385
77	106	6.2864
78	106	7.2012
81	106	7.7345
96	106	3.3905
13	107	0.076895
19	107	0.0031189
33	107	0.86682
38	107	1.1177
57	107	0.40747
67	107	-1.955
68	107	-1.4476
72	107	-1.8916
76	107	-1.9194
77	107	-2.0821
78	107	-1.4189
81	107	-1.1902
84	107	-1.6866
85	107	-1.9021
86	107	-2.0362
87	107	-2.4112
90	107	-1.8563
91	107	-2.0654
93	107	-2.5923
94	107	-2.0632
96	107	0.65956
97	107	-1.8745
102	107	-1.9442
13	108	0.61259
19	108	0.23876
40	108	3.9862
67	108	-0.72772
68	108	-0.39794
72	108	-0.58925
76	108	-0.95901
77	108	-0.54124
78	108	-0.16374
81	108	0.09019
95	108	-0.29665
96	108	-1.9872
98	108	-0.37518
99	108	-0.58095
103	108	-0.6809
107	108	-0.92906
3	109	8.3902
4	109	7.2139
13	109	8.0241
19	109	8.4553
24	109	3.2267
29	109	3.5327
34	109	3.0569
35	109	3.3091
67	109	7.8974
68	109	8.8268
72	109	8.1263
76	109	7.2526
77	109	8.0288
78	109	9.0465
81	109	8.7524
96	109	5.2149
1	110	1.336
2	110	1.7284
7	110	7.2426
8	110	7.5774
13	110	7.8461
19	110	8.2729
41	110	2.0115
42	110	1.9332
43	110	2.1808
44	110	6.8691
45	110	8.3235
49	110	6.6698
50	110	7.1009
56	110	2.0984
63	110	6.8584
64	110	7.8373
67	110	7.2291
68	110	8.089
72	110	7.5377
76	110	6.814
77	110	7.5345
78	110	8.5979
81	110	9.1553
96	110	4.6105
101	110	0.10687
104	110	0.24132
105	110	0.66979
106	110	0.61794
109	110	-1.1031
13	111	-0.17502
19	111	-0.25761
33	111	0.73884
38	111	1.0223
57	111	-0.077978
67	111	-2.2508
68	111	-1.8004
72	111	-2.2933
76	111	-1.6865
77	111	-2.0757
78	111	-1.6622
81	111	-1.4415
84	111	-1.0087
85	111	-1.2669
86	111	-1.4861
87	111	-1.9107
90	111	-1.3166
91	111	-2.3111
93	111	-2.4515
94	111	-2.1452
96	111	0.63605
97	111	-1.6151
102	111	-1.4033
108	111	-1.2859
13	112	0.027437
19	112	-0.084942
33	112	0.65132
38	112	0.97837
57	112	-0.2291
67	112	-2.203
68	112	-1.6332
72	112	-2.0711
76	112	-1.6161
77	112	-1.8321
78	112	-1.497
81	112	-1.3309
84	112	-1.0688
85	112	-1.2546
86	112	-1.3706
87	112	-1.6464
90	112	-1.1966
91	112	-1.4445
93	112	-2.1751
94	112	-2.3039
96	112	0.62315
97	112	-2.2189
102	112	-1.8637
108	112	-1.3064
1	113	1.5575
2	113	1.9511
7	113	7.3423
8	113	7.6768
13	113	8.0127
19	113	8.4407
41	113	2.2384
42	113	2.1646
43	113	2.4095
44	113	6.9457
45	113	8.376
49	113	6.7553
50	113	7.1759
56	113	2.3271
63	113	6.9445
64	113	7.8889
67	113	7.4027
68	113	8.2272
72	113	7.6985
76	113	7.0244
77	113	7.7008
78	113	8.7026
81	113	9.2053
96	113	5.0972
101	113	-0.55837
104	113	-0.69471
105	113	-0.29171
106	113	-0.2372
109	113	-0.9977
1	114	1.5323
2	114	1.9286
7	114	7.3866
8	114	7.7198
13	114	8.068
19	114	8.4954
41	114	2.2122
42	114	2.1352
43	114	2.3811
44	114	6.9617
45	114	8.3697
49	114	6.7799
50	114	7.1904
56	114	2.2968
63	114	6.9694
64	114	7.8829
67	114	7.4557
68	114	8.2498
72	114	7.7399
76	114	7.1077
77	114	7.7463
78	114	8.6979
81	114	9.1577
96	114	5.3927
101	114	-0.77606
104	114	-0.97467
105	114	-0.70395
106	114	-0.6441
109	114	-1.1142
1	115	1.8717
2	115	2.2782
7	115	7.42
8	115	7.7565
13	115	8.2061
19	115	8.6436
41	115	2.629
42	115	2.5508
43	115	2.7946
44	115	7.034
45	115	8.4333
49	115	6.8693
50	115	7.2742
56	115	2.7089
63	115	7.0859
64	115	7.9754
67	115	7.7034
68	115	8.4655
72	115	7.9951
76	115	7.4219
77	115	8.0255
78	115	8.9226
81	115	9.3531
96	115	6.0941
101	115	-0.93016
104	115	-1.0597
105	115	-1.0532
106	115	-1.1183
109	115	-0.81318
1	116	1.5693
2	116	2.0235
7	116	6.8291
8	116	7.1606
13	116	7.8435
19	116	8.262
41	116	2.1284
42	116	2.0427
43	116	2.2938
44	116	6.325
45	116	7.6833
49	116	6.1377
50	116	6.5386
56	116	2.204
63	116	6.3024
64	116	7.1677
67	116	7.123
68	116	7.8543
72	116	7.3685
76	116	6.7979
77	116	7.3632
78	116	8.224
81	116	8.5885
96	116	5.2899
101	116	-1.2156
104	116	-1.5798
105	116	-1.4863
106	116	-1.4516
109	116	-1.6296
3	117	3.7301
4	117	3.6658
13	117	6.2257
19	117	6.736
24	117	1.8591
29	117	1.4891
34	117	1.6583
35	117	1.5409
67	117	5.4422
68	117	6.1742
72	117	5.8099
76	117	5.2673
77	117	5.8823
78	117	6.3192
81	117	5.9853
96	117	4.2147
110	117	-2.2502
113	117	-2.4543
114	117	-2.3939
115	117	-1.829
116	117	-1.3861
3	118	4.1181
4	118	4.0436
13	118	6.8697
19	118	7.4012
24	118	2.2106
29	118	1.8374
34	118	1.9749
35	118	1.8644
67	118	6.0215
68	118	6.6314
72	118	6.3359
76	118	5.9562
77	118	6.4209
78	118	6.1934
81	118	5.7803
96	118	5.1792
110	118	-1.1751
113	118	-1.3795
114	118	-1.4962
115	118	-1.5667
116	118	-2.0157
3	119	3.8687
4	119	3.7988
13	119	6.384
19	119	6.901
24	119	1.9976
29	119	1.63
34	119	1.7832
35	119	1.6704
67	119	5.6504
68	119	6.3815
72	119	6.0263
76	119	5.5016
77	119	6.1083
78	119	6.3833
81	119	6.0594
96	119	4.5442
110	119	-1.9012
113	119	-2.1475
114	119	-2.2414
115	119	-2.1406
116	119	-1.4617
13	120	4.0865
16	120	3.8981
19	120	4.0205
20	120	3.7538
25	120	3.5673
53	120	5.3919
54	120	5.496
60	120	5.2995
61	120	5.8112
67	120	3.2683
68	120	3.353
72	120	3.2242
76	120	2.9542
77	120	3.1097
78	120	3.2203
81	120	3.1215
96	120	1.6058
13	121	3.7394
16	121	3.5298
19	121	3.6671
20	121	3.3819
25	121	3.1979
53	121	4.5747
54	121	4.6885
60	121	4.4409
61	121	4.9952
67	121	2.662
68	121	2.7394
72	121	2.6049
76	121	2.3429
77	121	2.4875
78	121	2.5763
81	121	2.4693
96	121	1.0884
13	122	6.6986
16	122	7.0318
19	122	6.7871
20	122	6.9798
25	122	6.8673
53	122	9.3531
54	122	9.4054
60	122	9.3742
61	122	9.6814
67	122	8.0442
68	122	8.2235
72	122	8.2196
76	122	7.9819
77	122	8.2731
78	122	8.4992
81	122	8.623
96	122	7.5716
6	123	7.4062
11	123	4.8695
13	123	4.7715
14	123	4.9544
15	123	5.1272
19	123	4.7534
26	123	4.5394
27	123	8.0178
31	123	4.8986
32	123	4.4421
37	123	4.7169
46	123	5.4046
47	123	5.5864
48	123	2.3496
51	123	5.3302
52	123	5.7108
55	123	2.3229
58	123	5.4687
59	123	5.7343
62	123	2.4234
65	123	5.8521
67	123	3.8982
68	123	4.0501
71	123	5.6708
72	123	3.8848
76	123	3.5496
77	123	3.7826
78	123	3.9635
81	123	3.9445
82	123	5.455
92	123	5.876
96	123	2.0149
120	123	-1.6918
121	123	-2.0029
122	123	8.6553
5	124	3.9643
9	124	4.1752
10	124	4.1683
13	124	4.3727
19	124	4.3678
22	124	4.6385
23	124	4.7599
28	124	5.4071
30	124	5.5072
36	124	5.384
39	124	5.192
67	124	3.2728
68	124	3.465
70	124	1.3566
72	124	3.2622
75	124	1.3249
76	124	2.884
77	124	3.1524
78	124	3.3596
81	124	3.4416
83	124	5.7009
88	124	4.7646
89	124	5.5414
96	124	1.5863
13	125	3.9786
16	125	3.7053
19	125	3.9124
20	125	3.5604
25	125	3.3742
53	125	5.0974
54	125	5.2017
60	125	4.9975
61	125	5.5102
67	125	3.1242
68	125	3.2105
72	125	3.08
76	125	2.809
77	125	2.9662
78	125	3.0755
81	125	2.9788
96	125	1.4844
123	125	-1.9658
12	126	3.9305
13	126	3.4683
17	126	3.9664
19	126	3.4174
21	126	3.7845
67	126	2.5396
68	126	2.6728
69	126	4.5416
72	126	2.5066
73	126	4.4306
74	126	5.0107
76	126	2.1986
77	126	2.407
78	126	2.5493
79	126	4.6202
81	126	2.5763
96	126	0.93526
124	126	-2.0509
12	127	3.7887
13	127	3.3792
17	127	3.8212
19	127	3.3233
21	127	3.6381
67	127	2.3451
68	127	2.4709
69	127	4.2555
72	127	2.3043
73	127	4.1319
74	127	4.732
76	127	2.0038
77	127	2.2031
78	127	2.3325
79	127	4.3161
81	127	2.3549
96	127	0.77036
124	127	-2.1505
13	128	5.1654
16	128	5.2785
19	128	5.2655
20	128	5.5355
25	128	5.424
53	128	3.0208
54	128	3.0277
60	128	2.9581
61	128	3.0616
67	128	4.4554
68	128	4.7314
72	128	4.5399
76	128	4.1566
77	128	4.4929
78	128	4.8352
81	128	4.9797
96	128	2.7416
123	128	-2.1439
5	129	3.7471
9	129	3.9322
10	129	3.9329
13	129	4.5792
19	129	4.5914
22	129	5.3514
23	129	5.4773
28	129	6.1121
30	129	6.2198
36	129	6.1122
39	129	5.9327
67	129	3.7667
68	129	3.9806
70	129	1.3661
72	129	3.7838
75	129	1.3441
76	129	3.3936
77	129	3.6878
78	129	3.9271
81	129	4.0385
83	129	6.8064
88	129	5.9531
89	129	6.6869
96	129	2.0767
126	129	-2.2392
127	129	-2.2305
5	130	3.7798
9	130	3.9801
10	130	3.9737
13	130	4.4917
19	130	4.4959
22	130	5.1242
23	130	5.2472
28	130	5.8866
30	130	5.9899
36	130	5.8749
39	130	5.6897
67	130	3.5415
68	130	3.7449
70	130	1.2348
72	130	3.5457
75	130	1.2038
76	130	3.1613
77	130	3.4439
78	130	3.6671
81	130	3.7658
83	130	6.3508
88	130	5.4693
89	130	6.2133
96	130	1.8657
126	130	-2.1796
127	130	-2.1612
6	131	7.2932
11	131	4.8083
13	131	4.7337
14	131	4.8954
15	131	5.0687
19	131	4.7181
26	131	4.5234
27	131	7.9252
31	131	4.8734
32	131	4.4326
37	131	4.7023
46	131	5.3367
47	131	5.513
48	131	2.3766
51	131	5.2606
52	131	5.6297
55	131	2.3505
58	131	5.3949
59	131	5.6542
62	131	2.4522
65	131	5.7676
67	131	3.879
68	131	4.0342
71	131	5.5773
72	131	3.8693
76	131	3.5317
77	131	3.7698
78	131	3.9535
81	131	3.9403
82	131	5.3523
92	131	5.7508
96	131	2.0165
120	131	-1.2022
121	131	-1.7431
122	131	8.8726
125	131	-1.5105
128	131	-2.2995
5	132	3.8197
9	132	4.0327
10	132	4.0229
13	132	4.3839
19	132	4.3806
22	132	4.7357
23	132	4.8553
28	132	5.4997
30	132	5.5981
36	132	5.4768
39	132	5.2869
67	132	3.2988
68	132	3.4928
70	132	1.1397
72	132	3.2909
75	132	1.1001
76	132	2.9113
77	132	3.1838
78	132	3.392
81	132	3.48
83	132	5.726
88	132	4.8279
89	132	5.5731
96	132	1.6437
126	132	-2.0988
127	132	-2.0603
13	133	5.5663
19	133	5.9505
67	133	3.0772
68	133	3.1983
72	133	3.3045
76	133	3.3467
77	133	3.2389
78	133	3.1823
81	133	3.1969
96	133	3.2059
1	134	3.398
2	134	3.507
3	134	3.7385
4	134	3.5573
5	134	4.236
6	134	7.1619
7	134	2.8356
8	134	3.1496
9	134	4.6345
10	134	4.4821
11	134	5.3189
12	134	5.3438
14	134	5.2136
15	134	5.1268
16	134	4.7153
17	134	5.2283
18	134	5.4416
20	134	4.842
21	134	5.4583
22	134	6.286
23	134	6.1574
24	134	1.62
25	134	4.6748
26	134	4.3232
27	134	6.4964
28	134	6.4034
29	134	1.0053
30	134	6.2907
31	134	4.2074
32	134	4.0229
33	134	7.0295
34	134	1.361
35	134	1.2057
36	134	6.275
37	134	4.2453
38	134	7.4664
39	134	6.2017
40	134	8.2221
41	134	1.1554
42	134	0.71236
43	134	1.6972
44	134	0.36896
45	134	0.69404
46	134	2.924
47	134	2.8574
48	134	2.0987
49	134	0.34457
50	134	0.39953
51	134	2.7959
52	134	2.6786
53	134	2.4505
54	134	2.4639
55	134	2.0226
56	134	0.23338
57	134	8.6427
58	134	2.6368
59	134	2.5643
60	134	2.3244
61	134	2.4547
62	134	1.9593
63	134	0.14091
64	134	0.84498
65	134	2.4978
66	134	4.2599
69	134	2.6336
70	134	1.9671
71	134	5.0375
73	134	2.5815
74	134	2.5998
75	134	1.8965
79	134	2.502
80	134	4.3621
82	134	4.5215
83	134	3.1641
84	134	7.087
85	134	7.0007
86	134	6.7015
87	134	6.3791
88	134	3.1933
89	134	3.0696
90	134	7.3296
91	134	4.5551
92	134	3.7022
93	134	4.9543
94	134	4.7823
95	134	5.3322
97	134	4.6544
98	134	5.4237
99	134	4.9574
100	134	3.6916
101	134	-1.889
102	134	4.5305
103	134	5.2049
104	134	-1.7441
105	134	-2.0519
106	134	-1.5373
107	134	5.3982
108	134	4.639
109	134	-1.5146
110	134	-1.8054
111	134	5.2705
112	134	4.925
113	134	-1.9128
114	134	-1.9083
115	134	-2.005
116	134	-1.7908
117	134	-2.2199
118	134	-2.1252
119	134	-2.3077
120	134	-1.5476
121	134	-1.6443
122	134	8.4664
123	134	-1.8892
124	134	-1.5038
125	134	-1.7377
126	134	-1.3353
127	134	-1.322
128	134	-1.9274
129	134	-1.4391
130	134	-1.5632
131	134	-1.8904
132	134	-1.5908
133	134	-2.5318
12	135	4.1411
13	135	4.9662
17	135	4.1353
19	135	5.0636
21	135	4.2781
67	135	4.0111
68	135	4.2711
69	135	1.6871
72	135	4.0781
73	135	1.6369
74	135	1.6888
76	135	3.7295
77	135	4.0471
78	135	4.3563
79	135	1.5104
81	135	4.5012
96	135	2.4569
124	135	-1.8802
129	135	-1.2899
130	135	-1.7023
132	135	-2.1054
134	135	-2.0437
13	136	3.5236
19	136	3.3464
40	136	6.6787
67	136	1.8143
68	136	1.8555
72	136	1.742
76	136	1.7035
77	136	1.7345
78	136	1.7789
81	136	1.7627
95	136	4.2695
96	136	0.80218
98	136	4.4937
99	136	4.205
103	136	4.459
107	136	4.766
111	136	4.6984
112	136	4.3376
134	136	-2.1571
12	137	3.8405
13	137	4.9231
17	137	3.833
19	137	5.0171
21	137	3.9814
67	137	3.9112
68	137	4.164
69	137	1.2458
72	137	3.9718
73	137	1.2116
74	137	1.2139
76	137	3.629
77	137	3.9384
78	137	4.237
79	137	1.0717
81	137	4.3736
96	137	2.387
124	137	-2.2094
129	137	-1.4991
130	137	-2.1163
132	137	-2.0621
134	137	-2.071
13	138	2.9125
19	138	2.5793
40	138	5.848
67	138	0.95788
68	138	1.0409
72	138	0.9231
76	138	0.85498
77	138	0.92985
78	138	1.0119
81	138	1.0287
95	138	3.3381
96	138	0.0095906
98	138	3.545
99	138	3.2646
103	138	3.4958
107	138	3.7668
111	138	3.6853
112	138	3.3445
134	138	-2.2524
13	139	3.221
19	139	3.0559
40	139	6.1847
67	139	1.5952
68	139	1.6466
72	139	1.5332
76	139	1.4921
77	139	1.5295
78	139	1.5812
81	139	1.5721
95	139	3.7234
96	139	0.60742
98	139	3.9425
99	139	3.6479
103	139	3.8993
107	139	4.2038
111	139	4.1284
112	139	3.7636
134	139	-2.4524
13	140	3.6004
19	140	3.5177
33	140	4.1792
38	140	4.4351
57	140	5.743
67	140	2.3876
68	140	2.4955
72	140	2.3607
76	140	2.2477
77	140	2.3782
78	140	2.3858
81	140	2.4411
84	140	3.8457
85	140	3.714
86	140	3.5443
87	140	3.4218
90	140	3.6053
91	140	2.5279
93	140	3.0054
94	140	3.1427
96	140	1.3506
97	140	3.5883
102	140	3.8391
108	140	2.9704
134	140	-1.8885
136	140	-1.3227
138	140	-1.6751
139	140	-1.2656
13	141	3.6591
19	141	3.646
40	141	7.709
67	141	2.1622
68	141	2.2208
72	141	2.0068
76	141	1.8607
77	141	1.9165
78	141	2.3575
81	141	3.2151
95	141	4.6335
96	141	1.0688
98	141	4.8369
99	141	4.809
103	141	4.9944
107	141	5.4228
111	141	5.5144
112	141	5.1342
134	141	-1.6237
140	141	0.22031
13	142	3.7383
19	142	3.6421
33	142	4.025
38	142	4.2987
57	142	4.1787
67	142	2.3777
68	142	2.4803
72	142	2.3368
76	142	2.2237
77	142	2.3475
78	142	2.3558
81	142	2.3996
84	142	2.3366
85	142	2.174
86	142	1.9733
87	142	1.8037
90	142	2.0449
91	142	2.1621
93	142	2.6744
94	142	2.811
96	142	1.3063
97	142	3.2715
102	142	3.5287
108	142	2.705
134	142	-2.009
136	142	-1.4456
138	142	-2.2524
139	142	-2.0731
141	142	0.82677
13	143	3.6982
19	143	3.6782
40	143	5.81
67	143	2.1554
68	143	2.2069
72	143	1.995
76	143	1.8558
77	143	1.9765
78	143	2.4149
81	143	3.2771
95	143	3.6368
96	143	1.0548
98	143	3.8699
99	143	4.0958
103	143	4.1985
107	143	4.3689
111	143	4.6557
112	143	4.5755
134	143	-1.8954
140	143	-1.7638
142	143	2.3928
13	144	3.6973
19	144	3.6645
40	144	5.8128
67	144	2.0649
68	144	2.2347
72	144	2.0269
76	144	1.7609
77	144	2.0325
78	144	2.4658
81	144	3.3311
95	144	3.6502
96	144	0.91067
98	144	3.8725
99	144	4.074
103	144	4.1815
107	144	4.3456
111	144	4.6145
112	144	4.5268
134	144	-1.5413
140	144	-1.3026
142	144	-0.77849
13	145	3.5862
19	145	3.4983
33	145	4.0117
38	145	4.2837
57	145	4.9174
67	145	2.3022
68	145	2.4037
72	145	2.267
76	145	2.1587
77	145	2.2822
78	145	2.2898
81	145	2.3317
84	145	3.0413
85	145	2.8923
86	145	2.7053
87	145	2.5603
90	145	2.7723
91	145	2.2047
93	145	2.7217
94	145	2.848
96	145	1.2742
97	145	3.301
102	145	3.5549
108	145	2.7816
134	145	-2.3814
136	145	-2.2683
138	145	-2.2224
139	145	-2.287
141	145	-0.040745
143	145	-0.97457
144	145	-2.38
13	146	3.618
19	146	3.6057
40	146	4.6269
67	146	2.1262
68	146	2.1766
72	146	1.9674
76	146	1.8325
77	146	1.865
78	146	2.3091
81	146	3.168
95	146	2.0436
96	146	1.0737
98	146	2.2768
99	146	2.4788
103	146	2.5908
107	146	2.7962
111	146	3.065
112	146	2.9455
134	146	-1.886
140	146	-0.88079
142	146	2.169
145	146	0.67179
offset
60
