132
detection	body_part	cost
1	5	-0.20357
2	5	-2.1482
3	4	-0.7161
4	5	-3.1317
5	4	-4.4042
6	5	-1.2144
7	5	-1.0019
8	5	0.52013
9	11	0.33181
10	3	-3.9852
11	3	-0.98601
12	9	-3.1822
13	9	0.22351
14	4	0.29409
15	10	0.37239
16	11	-2.1911
17	3	0.7661
18	5	0.35485
19	9	-1.4188
20	9	-2.2244
21	9	-1.3816
22	4	-1.9302
23	10	-0.46341
24	2	-4.3967
25	1	-4.2908
26	5	-2.1161
27	7	0.015908
28	5	-1.5172
29	4	-4.4794
30	10	0.24256
31	13	0.2389
32	4	-2.0038
33	11	-0.43593
34	7	-0.99644
35	5	-2.9164
36	7	-0.34574
37	12	-1.8766
38	12	-1.8429
39	4	-3.1876
40	13	-0.051274
41	4	-1.7393
42	13	0.18484
43	4	0.11278
44	6	-3.122
45	5	-0.51616
46	7	-1.7607
47	12	0.46691
48	12	-1.9746
49	4	-0.3418
50	4	-1.1586
51	3	-0.30409
52	7	-0.37496
53	12	-1.2824
54	3	-1.0391
55	8	0.2357
56	8	0.38505
57	12	0.42709
58	13	-1.4083
59	13	-1.0151
60	11	9.2102
61	11	9.2102
62	11	9.2102
63	3	-3.9601
64	13	0.66502
65	11	9.2102
66	11	9.2102
67	11	9.2102
68	3	0.87647
69	3	0.13263
70	9	-1.9805
71	10	0.48418
72	10	-3.0189
73	11	-1.3119
74	2	-3.4709
75	9	-0.51053
76	9	-1.4122
77	9	0.43689
78	10	-4.2253
79	11	-3.3697
80	1	-0.66838
81	1	-1.8791
82	9	0.60891
83	11	9.2102
84	1	-4.4303
85	1	-3.1709
86	1	0.040055
87	1	1.2483
88	14	1.061
89	11	9.2102
90	11	9.2102
91	14	-4.4516
92	14	-2.1634
93	11	9.2102
94	14	0.7566
95	11	9.2102
96	6	1.2351
97	12	-2.5968
98	13	-4.2387
99	1	1.125
100	1	0.60817
101	11	9.2102
102	6	0.2506
103	12	-0.47367
104	12	-1.526
105	12	-2.3365
106	12	-1.6647
107	12	-0.51225
108	13	-3.802
109	6	0.48863
110	12	-0.41647
111	11	9.2102
112	13	-1.3051
113	2	-3.8146
114	1	-2.0509
115	6	-2.0708
116	6	-4.4575
117	6	-0.94624
118	6	1.1913
119	11	9.2102
120	1	1.0069
121	6	-1.4071
122	6	-3.0037
123	6	-0.78173
124	7	-1.8314
125	7	-5.4033
126	7	-3.2158
127	8	-3.4535
128	8	-1.5552
129	8	0.57313
130	7	0.32977
131	8	1.1659
132	8	-5.7905
detection1	detection2	cost
1	2	-5.6071
1	4	-3.2674
2	4	-4.8231
3	5	-3.2674
1	6	-1.5143
2	6	-3.2674
4	6	-5.6071
1	7	-1.8214
2	7	-3.7143
4	7	-4.8231
6	7	-5.6071
1	8	-1.5143
2	8	-3.2674
4	8	-3.2674
6	8	-3.7143
7	8	-5.6071
10	11	-3.7143
12	13	-3.7143
3	14	4.4715
5	14	7.7607
9	16	-4.8231
10	17	-3.2674
11	17	-5.6071
1	18	17.1071
2	18	16.443
4	18	14.0819
6	18	13.6628
7	18	15.5276
8	18	17.3966
12	19	-4.8231
13	19	-1.5143
12	20	-5.6071
13	20	-3.2674
19	20	-5.6071
12	21	-4.8231
13	21	-4.8231
19	21	-3.7143
20	21	-5.6071
3	22	1.9643
5	22	4.4715
14	22	-3.2674
15	23	-4.8231
1	26	17.8953
2	26	17.1071
4	26	14.6553
6	26	14.0819
7	26	15.9133
8	26	17.7539
18	26	-5.6071
1	28	16.2174
2	28	15.3715
4	28	12.8867
6	28	12.262
7	28	14.0819
8	28	15.9133
18	28	-4.8231
26	28	-5.6071
3	29	4.6202
5	29	6.9156
14	29	-3.2674
22	29	-4.8231
15	30	-2.1462
23	30	-4.8231
3	32	7.7607
5	32	10.4572
14	32	-3.2674
22	32	-1.5143
29	32	-3.7143
9	33	-0.67521
16	33	-3.2674
27	34	-3.2674
1	35	18.7964
2	35	17.8953
4	35	15.3715
6	35	14.6553
7	35	16.443
8	35	18.2456
18	35	-3.7143
26	35	-5.6071
28	35	-4.8231
27	36	-5.6071
34	36	-3.7143
37	38	-5.6071
3	39	7.2837
5	39	9.4302
14	39	-1.8214
22	39	-2.1462
29	39	-4.8231
32	39	-4.8231
31	40	-5.6071
3	41	8.783
5	41	11.1425
14	41	-1.5143
22	41	-0.67521
29	41	-3.2674
32	41	-5.6071
39	41	-5.6071
31	42	-4.8231
40	42	-5.6071
3	43	10.3572
5	43	12.8867
14	43	-0.67521
22	43	0.96511
29	43	-1.5143
32	43	-4.8231
39	43	-3.7143
41	43	-5.6071
1	45	21.3932
2	45	20.4477
4	45	17.8953
6	45	17.1071
7	45	18.8644
8	45	20.6393
18	45	-1.5143
26	45	-3.2674
28	45	-2.1462
35	45	-4.8231
27	46	-3.2674
34	46	-4.8231
36	46	-4.8231
37	47	-4.8231
38	47	-3.2674
37	48	-4.8231
38	48	-5.6071
47	48	-3.7143
3	49	6.1496
5	49	7.2837
14	49	0.96511
22	49	-1.8214
29	49	-3.2674
32	49	-0.67521
39	49	-3.2674
41	49	-1.5143
43	49	0.30445
3	50	7.2837
5	50	8.783
14	50	0.30445
22	50	-1.5143
29	50	-3.7143
32	50	-2.1462
39	50	-4.8231
41	50	-3.2674
43	50	-1.5143
49	50	-5.6071
10	51	3.5372
11	51	2.1517
17	51	0.30445
27	52	-0.67521
34	52	-3.7143
36	52	-2.1462
46	52	-4.8231
37	53	-3.2674
38	53	-3.7143
47	53	-3.2674
48	53	-5.6071
10	54	8.5614
11	54	6.1496
17	54	4.6202
51	54	-1.5143
55	56	-5.6071
37	57	-1.5143
38	57	-1.8214
47	57	-2.1462
48	57	-3.7143
53	57	-5.6071
31	58	0.30445
40	58	-1.5143
42	58	-0.67521
31	59	0.071429
40	59	-1.8214
42	59	-1.5143
58	59	-5.6071
9	60	6.2802
16	60	5.1977
33	60	3.2076
9	61	5.8845
16	61	4.4715
33	61	1.9643
60	61	-5.6071
9	62	5.8845
16	62	3.8571
33	62	0.30445
60	62	-1.8214
61	62	-3.7143
10	63	7.7607
11	63	6.2802
17	63	4.4715
51	63	-3.2674
54	63	-3.2674
31	64	2.6933
40	64	0.96511
42	64	1.9643
58	64	-4.8231
59	64	-3.2674
9	65	8.6726
16	65	7.7607
33	65	5.8845
60	65	-4.8231
61	65	-3.2674
62	65	0.30445
9	66	8.1089
16	66	6.9156
33	66	4.6202
60	66	-5.6071
61	66	-4.8231
62	66	-1.5143
65	66	-5.6071
9	67	44.5794
16	67	45.8033
33	67	46.7032
60	67	38.086
61	67	39.9726
62	67	43.7472
65	67	36.0768
66	67	37.968
10	68	8.1089
11	68	7.6429
17	68	5.75
51	68	-1.5143
54	68	0.96511
63	68	-3.2674
10	69	11.1425
11	69	9.9513
17	69	8.1089
51	69	0.30445
54	69	-0.67521
63	69	-3.7143
68	69	-3.2674
12	70	20.8929
13	70	17.9658
19	70	21.3932
20	70	19.7992
21	70	18.2456
15	71	28.9098
23	71	29.785
30	71	30.8274
15	72	35.7467
23	72	36.8106
30	72	38.0074
71	72	0.071429
9	73	55.9601
16	73	53.6015
33	73	50.8111
60	73	57.1072
61	73	55.2219
62	73	51.4527
65	73	58.8581
66	73	56.9684
67	73	102.302
24	74	8.1089
12	75	20.6393
13	75	17.9658
19	75	20.8929
20	75	19.4026
21	75	17.9658
70	75	-4.8231
12	76	23.5452
13	76	20.6393
19	76	24.0034
20	76	22.4287
21	76	20.8929
70	76	-4.8231
75	76	-3.7143
12	77	26.624
13	77	23.5452
19	77	27.2482
20	77	25.6115
21	77	24.0034
70	77	-1.5143
75	77	0.071429
76	77	-3.7143
15	78	34.8256
23	78	35.7467
30	78	36.8106
71	78	-1.5143
72	78	-4.8231
9	79	54.7632
16	79	52.3574
33	79	49.4432
60	79	55.4215
61	79	53.5428
62	79	49.7883
65	79	57.1072
66	79	55.2219
67	79	100.4593
73	79	-4.8231
25	80	9.9513
25	81	11.1425
80	81	-3.7143
12	82	26.2014
13	82	23.3135
19	82	26.624
20	82	25.0659
21	82	23.5452
70	82	-2.1462
75	82	-1.5143
76	82	-4.8231
77	82	-4.8231
9	83	50.1623
16	83	47.6858
33	83	44.5794
60	83	50.069
61	83	48.2028
62	83	44.4761
65	83	51.665
66	83	49.7883
67	83	94.8719
73	83	0.96511
79	83	-1.5143
25	84	12.8867
80	84	-3.2674
81	84	-5.6071
25	85	13.6628
80	85	-1.5143
81	85	-4.8231
84	85	-5.6071
25	86	13.4073
80	86	-3.2674
81	86	-0.67521
84	86	-1.5143
85	86	0.30445
25	87	17.1798
80	87	2.6933
81	87	-0.67521
84	87	-1.5143
85	87	-3.2674
86	87	3.8571
9	89	44.4761
16	89	45.0928
33	89	44.9905
60	89	35.0367
61	89	36.8106
62	89	40.3859
65	89	32.6089
66	89	34.4002
67	89	5.1977
73	89	97.0365
79	89	94.9943
83	89	89.2026
9	90	42.9012
16	90	43.4667
33	90	43.2907
60	90	33.2734
61	90	35.0367
62	90	38.5941
65	90	30.8274
66	90	32.6089
67	90	6.1496
73	90	95.1515
79	90	93.1067
83	90	87.3131
89	90	-5.6071
88	91	-3.2674
88	92	0.30445
91	92	-3.7143
9	93	53.5428
16	93	54.3011
33	93	54.388
60	93	44.5794
61	93	46.3717
62	93	49.9756
65	93	42.1852
66	93	43.9913
67	93	6.2802
73	93	106.6379
79	93	104.5789
83	93	98.7701
89	93	2.1517
90	93	4.0138
88	94	-3.7143
91	94	-3.2674
92	94	0.30445
9	95	46.637
16	95	47.0983
33	95	46.7362
60	95	36.5267
61	95	38.243
62	95	41.7143
65	95	34.0136
66	95	35.7467
67	95	8.6726
73	95	97.4469
79	95	95.3433
83	95	89.4985
89	95	-3.7143
90	95	-3.2674
93	95	2.1517
44	96	15.9133
37	97	28.663
38	97	27.2998
47	97	28.8606
48	97	25.9881
53	97	24.7342
57	97	23.5452
31	98	43.4667
40	98	42.5087
42	98	40.8698
58	98	41.7143
59	98	39.9726
64	98	42.7945
25	99	20.9559
80	99	5.1977
81	99	7.2837
84	99	5.8845
85	99	7.2837
86	99	0.96511
87	99	9.4302
25	100	20.8929
80	100	4.4715
81	100	6.1496
84	100	4.6202
85	100	5.8845
86	100	0.30445
87	100	7.7607
99	100	-5.6071
9	101	46.3051
16	101	46.637
33	101	46.0715
60	101	35.7053
61	101	37.3731
62	101	40.7586
65	101	33.1414
66	101	34.8256
67	101	11.1425
73	101	95.8299
79	101	93.6926
83	101	87.8219
89	101	-1.5143
90	101	-1.8214
93	101	4.4715
95	101	-4.8231
44	102	18.8644
96	102	-3.2674
37	103	26.2014
38	103	25.0659
47	103	25.9881
48	103	23.5452
53	103	22.0674
57	103	20.6393
97	103	-1.5143
37	104	27.4026
38	104	26.2014
47	104	27.2998
48	104	24.7342
53	104	23.3135
57	104	21.9459
97	104	-3.2674
103	104	-5.6071
37	105	29.9767
38	105	28.663
47	105	30.0721
48	105	27.2998
53	105	25.9881
57	105	24.7342
97	105	-5.6071
103	105	-1.8214
104	105	-3.7143
37	106	31.3382
38	106	29.9767
47	106	31.5222
48	106	28.663
53	106	27.4026
57	106	26.2014
97	106	-4.8231
103	106	0.071429
104	106	-1.8214
105	106	-5.6071
37	107	32.7427
38	107	31.3382
47	107	33.0089
48	107	30.0721
53	107	28.8606
57	107	27.7092
97	107	-3.2674
103	107	1.9643
104	107	0.071429
105	107	-3.7143
106	107	-5.6071
31	108	44.4761
40	108	43.4667
42	108	41.8597
58	108	42.4729
59	108	40.7586
64	108	43.4667
98	108	-5.6071
44	109	21.3311
96	109	-0.67521
102	109	-4.8231
37	110	27.7092
38	110	26.624
47	110	27.4026
48	110	25.0659
53	110	23.5452
57	110	22.0674
97	110	-0.67521
103	110	-5.6071
104	110	-4.8231
105	110	-1.5143
106	110	0.30445
107	110	2.1517
9	111	36.0768
16	111	33.4488
33	111	29.2526
60	111	28.8606
61	111	27.4026
62	111	24.6229
65	111	29.2526
66	111	27.7092
67	111	68.7095
73	111	32.295
79	111	29.785
83	111	23.8324
89	111	61.0622
90	111	59.1812
93	111	70.3146
95	111	60.7479
101	111	58.777
31	112	47.0983
40	112	46.0715
42	112	44.4761
58	112	44.9905
59	112	43.2907
64	112	45.9376
98	112	-3.2674
108	112	-4.8231
24	113	24.9005
74	113	9.5357
25	114	24.6786
80	114	8.1089
81	114	9.4302
84	114	7.7607
85	114	8.783
86	114	4.0138
87	114	9.9513
99	114	-3.2674
100	114	-3.7143
44	115	21.1441
96	115	-1.5143
102	115	-0.67521
109	115	0.30445
44	116	21.885
96	116	-1.5143
102	116	-3.2674
109	116	-3.2674
115	116	-3.7143
44	117	23.08
96	117	0.53071
102	117	-3.2674
109	117	-5.6071
115	117	0.071429
116	117	-3.7143
44	118	23.8324
96	118	1.9643
102	118	-2.1462
109	118	-4.8231
115	118	1.9643
116	118	-1.8214
117	118	-5.6071
9	119	38.7105
16	119	36.0768
33	119	31.8878
60	119	31.5222
61	119	30.0721
62	119	27.2998
65	119	31.8878
66	119	30.3571
67	119	71.0251
73	119	31.4763
79	119	28.9098
83	119	23.0214
89	119	63.1723
90	119	61.297
93	119	72.3597
95	119	62.7655
101	119	60.7479
111	119	-4.8231
25	120	26.624
80	120	9.6406
81	120	10.4572
84	120	8.6726
85	120	9.4302
86	120	5.75
87	120	9.9513
99	120	-0.67521
100	120	-1.5143
114	120	-4.8231
44	121	23.0214
96	121	0.30445
102	121	0.53071
109	121	0.96511
115	121	-5.6071
116	121	-3.2674
117	121	0.30445
118	121	2.1517
44	122	23.3135
96	122	0.071429
102	122	-0.67521
109	122	-0.67521
115	122	-4.8231
116	122	-4.8231
117	122	-1.5143
118	122	0.30445
121	122	-5.6071
44	123	26.624
96	123	6.1496
102	123	7.2837
109	123	7.7607
115	123	0.53071
116	123	3.5372
117	123	6.9156
118	123	8.6726
121	123	-0.67521
122	123	0.96511
27	124	33.2734
34	124	33.1414
36	124	31.5222
46	124	30.593
52	124	29.833
27	125	33.8406
34	125	33.2734
36	125	32.024
46	125	30.8274
52	125	29.785
124	125	-3.2674
27	126	35.0367
34	126	34.8256
36	126	33.2734
46	126	32.295
52	126	31.4763
124	126	-5.6071
125	126	-3.7143
55	127	33.0089
56	127	31.8878
55	128	35.414
56	128	34.1859
127	128	-3.7143
55	129	26.624
56	129	26.5714
127	129	15.293
128	129	19.0675
27	130	34.8256
34	130	33.8406
36	130	32.9647
46	130	31.5222
52	130	30.2149
124	130	0.96511
125	130	-3.2674
126	130	0.30445
55	131	32.4299
56	131	31.4763
127	131	-3.2674
128	131	0.30445
129	131	11.4286
55	132	35.6638
56	132	34.5282
127	132	-4.8231
128	132	-4.8231
129	132	17.1071
131	132	-1.8214
1	3	1.9945
2	3	1.8263
3	4	1.9081
1	5	1.2735
2	5	1.115
4	5	1.2249
3	6	1.4838
5	6	0.81375
3	7	1.1765
5	7	0.49319
3	8	1.0671
5	8	0.38346
3	10	-2.2184
5	10	-2.5611
3	11	-1.8596
5	11	-2.0805
1	14	-1.7512
2	14	-1.8468
4	14	-1.5846
6	14	-1.6539
7	14	-1.904
8	14	-2.0086
10	14	0.11568
11	14	0.13648
9	15	-1.5997
12	15	-0.76552
13	15	-0.77211
15	16	-1.5379
3	17	-1.4267
5	17	-1.2526
14	17	-0.058617
3	18	-1.1119
5	18	-1.7627
14	18	4.3139
15	19	-1.0565
15	20	-1.1822
15	21	-1.1701
1	22	-1.0291
2	22	-1.1798
4	22	-1.0039
6	22	-1.4836
7	22	-1.8979
8	22	-2.0196
10	22	-0.0010098
11	22	0.085557
17	22	-0.177
18	22	4.918
9	23	-1.9932
12	23	-0.26572
13	23	0.017137
16	23	-1.8369
19	23	-0.63411
20	23	-0.58363
21	23	-0.577
1	25	0.68619
2	25	0.63048
3	25	-2.1193
4	25	0.57872
5	25	-2.3181
6	25	0.42867
7	25	0.32632
8	25	0.21145
9	25	-1.0337
10	25	-2.2473
11	25	-2.2011
12	25	-1.8538
13	25	-1.3143
14	25	0.80216
15	25	-0.92235
16	25	-1.1884
17	25	-1.8743
18	25	-1.5992
19	25	-1.9146
20	25	-1.7926
21	25	-1.5892
22	25	0.73367
23	25	-0.63462
24	25	-2.4029
3	26	-1.6855
5	26	-1.5818
14	26	4.3369
22	26	4.2481
25	26	-1.8352
25	27	-1.7631
3	28	-2.0806
5	28	-1.6815
14	28	4.4748
22	28	4.2354
25	28	-1.5008
1	29	-1.8308
2	29	-1.9763
4	29	-1.7814
6	29	-2.1639
7	29	-2.0299
8	29	-2.0783
10	29	0.45784
11	29	0.58816
17	29	0.37087
18	29	4.067
25	29	1.2979
26	29	4.1043
28	29	4.1879
9	30	-2.1217
12	30	0.2264
13	30	0.80383
16	30	-2.3573
19	30	-0.24858
20	30	-0.11358
21	30	0.0072023
25	30	-0.76527
25	31	-1.7466
1	32	-1.5189
2	32	-1.6055
4	32	-1.5807
6	32	-1.4501
7	32	-1.6312
8	32	-1.5836
10	32	0.29246
11	32	0.39442
17	32	0.21112
18	32	3.5882
25	32	1.2063
26	32	3.5673
28	32	3.6508
15	33	-1.3656
23	33	-1.746
25	33	-1.1516
30	33	-1.8185
25	34	-1.7213
3	35	-2.0139
5	35	-1.4832
14	35	4.4394
22	35	3.7109
25	35	-1.9209
29	35	4.2348
32	35	3.6276
25	36	-1.8047
25	37	-1.7978
31	37	-1.2808
25	38	-2.0935
31	38	-1.1009
1	39	-1.6678
2	39	-1.7364
4	39	-1.8201
6	39	-1.5865
7	39	-1.6096
8	39	-1.6225
10	39	0.39096
11	39	0.54354
17	39	0.34722
18	39	3.5303
25	39	1.3931
26	39	3.5214
28	39	3.5873
35	39	3.5991
25	40	-1.7599
37	40	-1.5901
38	40	-1.4201
1	41	-1.3937
2	41	-1.4364
4	41	-1.412
6	41	-1.1719
7	41	-1.3108
8	41	-1.4436
10	41	0.2345
11	41	0.36979
17	41	0.1854
18	41	3.4435
25	41	1.2942
26	41	3.418
28	41	3.4873
35	41	3.4753
25	42	-1.5609
37	42	-1.627
38	42	-1.4482
1	43	-1.0853
2	43	-1.0937
4	43	-0.96885
6	43	-0.69045
7	43	-0.93849
8	43	-1.3955
10	43	0.25018
11	43	0.36268
17	43	0.19772
18	43	3.3477
25	43	1.2897
26	43	3.3077
28	43	3.3788
35	43	3.3477
25	44	-1.987
27	44	-1.6995
34	44	-1.7503
36	44	-2.4024
3	45	-2.0847
5	45	-1.1623
14	45	4.2699
22	45	3.1861
25	45	-0.65804
29	45	4.1138
32	45	3.4688
39	45	3.4611
41	45	3.3249
43	45	3.1872
25	46	-2.0662
44	46	-2.0671
25	47	-1.5464
31	47	-1.145
40	47	-1.5402
42	47	-1.6182
25	48	-1.6182
31	48	-0.74481
40	48	-1.3645
42	48	-1.4586
1	49	-1.8299
2	49	-1.9118
4	49	-2.0537
6	49	-1.86
7	49	-1.6858
8	49	-1.6451
10	49	0.66873
11	49	0.90789
17	49	0.6921
18	49	3.4179
25	49	1.726
26	49	3.4317
28	49	3.4626
35	49	3.5461
45	49	3.4568
1	50	-1.7468
2	50	-1.8122
4	50	-1.9668
6	50	-1.6831
7	50	-1.6249
8	50	-1.5408
10	50	0.56991
11	50	0.78187
17	50	0.58053
18	50	3.3598
25	50	1.6371
26	50	3.3562
28	50	3.4008
35	50	3.445
45	50	3.3297
3	51	0.54169
5	51	1.1815
14	51	-1.494
22	51	-1.9717
25	51	1.848
29	51	-1.4659
32	51	-1.4378
39	51	-1.414
41	51	-1.4971
43	51	-1.3758
49	51	-1.2498
50	51	-1.2577
25	52	-0.92804
44	52	-0.91235
25	53	-1.6422
31	53	-0.33811
40	53	-0.96504
42	53	-1.1971
3	54	1.7237
5	54	2.5106
14	54	-2.1454
22	54	-1.5368
25	54	1.9263
29	54	-2.2917
32	54	-2.4118
39	54	-2.3072
41	54	-2.2705
43	54	-2.1921
49	54	-2.0378
50	54	-1.9972
25	55	-0.78805
27	55	-2.5423
34	55	-1.252
36	55	-2.2754
46	55	-1.3875
52	55	-0.5217
25	56	-1.026
27	56	-1.9224
34	56	-1.6222
36	56	-2.0521
46	56	-1.9209
52	56	-0.82667
25	57	-1.6563
31	57	-0.25144
40	57	-0.80146
42	57	-1.1003
25	58	-1.4632
37	58	-0.81012
38	58	-0.59659
47	58	-1.3529
48	58	-1.0027
53	58	-1.5605
57	58	-1.638
25	59	-1.5901
37	59	-1.152
38	59	-1.0221
47	59	-1.5927
48	59	-1.3628
53	59	-1.787
57	59	-1.623
15	60	1.6854
23	60	1.3918
25	60	-0.0013259
30	60	0.68075
15	61	1.232
23	61	0.94695
25	61	-0.21629
30	61	0.28081
15	62	0.73422
23	62	0.50769
25	62	-0.31517
30	62	-0.046305
3	63	1.2686
5	63	1.9068
14	63	-1.9449
22	63	-1.6868
25	63	2.4272
29	63	-2.1757
32	63	-2.3074
39	63	-2.4023
41	63	-2.1895
43	63	-2.0542
49	63	-2.2712
50	63	-2.2629
25	64	-1.098
37	64	-0.088786
38	64	0.22042
47	64	-0.6765
48	64	-0.046882
53	64	-0.48262
57	64	-0.8683
15	65	2.1241
23	65	1.9044
25	65	0.33581
30	65	1.2245
15	66	1.6521
23	66	1.4116
25	66	0.2346
30	66	0.74341
15	67	6.9829
23	67	7.4494
25	67	6.5061
30	67	7.2988
3	68	0.95461
5	68	1.4573
14	68	-1.6356
22	68	-1.6607
25	68	3.1368
29	68	-1.9115
32	68	-2.0341
39	68	-2.2451
41	68	-2.0027
43	68	-1.8628
49	68	-2.3283
50	68	-2.306
3	69	1.3983
5	69	1.9415
14	69	-1.6068
22	69	-1.1818
25	69	2.7364
29	69	-1.9304
32	69	-1.9059
39	69	-1.9516
41	69	-1.735
43	69	-1.625
49	69	-1.8493
50	69	-1.9533
15	70	4.7259
23	70	4.9941
25	70	1.2484
30	70	5.5079
9	71	5.8736
12	71	0.85551
13	71	0.83364
16	71	5.985
19	71	0.84622
20	71	0.9086
21	71	0.81493
25	71	1.0795
33	71	6.3884
60	71	7.4171
61	71	7.3374
62	71	7.0568
65	71	7.7875
66	71	7.7507
67	71	8.991
70	71	-2.0369
9	72	6.5398
12	72	0.81722
13	72	0.76668
16	72	6.6743
19	72	0.83069
20	72	0.8806
21	72	0.77439
25	72	1.0259
33	72	7.0831
60	72	7.8773
61	72	7.8144
62	72	7.5815
65	72	8.1952
66	72	8.1685
67	72	9.327
70	72	-2.3042
15	73	1.2188
23	73	1.3028
25	73	0.99727
30	73	1.2175
71	73	-1.6902
72	73	-1.9763
25	74	1.9986
15	75	4.3178
23	75	4.541
25	75	1.288
30	75	5.0402
71	75	-2.2692
72	75	-2.1064
15	76	4.8985
23	76	5.1201
25	76	1.3544
30	76	5.5833
71	76	-2.0566
72	76	-2.1507
15	77	5.3174
23	77	5.5231
25	77	1.2788
30	77	5.9463
71	77	-1.8828
72	77	-2.0784
9	78	6.0821
12	78	0.77321
13	78	0.73778
16	78	6.2011
19	78	0.77841
20	78	0.83591
21	78	0.73668
25	78	1.1319
33	78	6.5836
60	78	7.3617
61	78	7.2908
62	78	7.034
65	78	7.6809
66	78	7.6465
67	78	9.1005
70	78	-2.2555
73	78	-2.1819
75	78	-2.0911
76	78	-2.1514
77	78	-2.0035
15	79	0.99265
23	79	1.0723
25	79	0.92885
30	79	0.9771
71	79	-1.9912
72	79	-2.2786
78	79	-2.0999
1	80	-1.1626
2	80	-1.3086
3	80	0.88344
4	80	-1.3621
5	80	1.3495
6	80	-1.5831
7	80	-1.68
8	80	-1.5109
9	80	0.68469
10	80	0.35024
11	80	0.4146
12	80	2.0825
13	80	1.3203
14	80	-1.3477
15	80	0.9308
16	80	0.72334
17	80	0.4865
18	80	1.8082
19	80	2.3656
20	80	2.0559
21	80	1.7232
22	80	-1.5396
23	80	0.66614
24	80	2.3456
26	80	1.9862
27	80	4.4046
28	80	1.412
29	80	-1.3036
30	80	1.0463
31	80	2.2123
32	80	-1.4825
33	80	0.66683
34	80	5.3054
35	80	2.2055
36	80	4.5004
37	80	3.2931
38	80	2.8312
39	80	-1.5247
40	80	2.0794
41	80	-1.5979
42	80	1.7902
43	80	-1.4481
44	80	4.4065
45	80	2.0855
46	80	4.8037
47	80	3.5677
48	80	3.0008
49	80	-1.2082
50	80	-1.3609
51	80	-1.691
52	80	5.6171
53	80	2.8044
54	80	-1.399
55	80	4.2707
56	80	3.838
57	80	2.5798
58	80	2.1357
59	80	2.0779
60	80	0.15877
61	80	0.22951
62	80	0.064542
63	80	-1.4439
64	80	2.0542
65	80	0.013555
66	80	-0.080683
67	80	7.9373
68	80	-1.0223
69	80	-0.78667
70	80	-1.5786
71	80	-1.4258
72	80	-1.6827
73	80	-1.3323
74	80	-1.6698
75	80	-1.4947
76	80	-1.4324
77	80	-1.4463
78	80	-1.5161
79	80	-1.4448
1	81	-1.5813
2	81	-1.6955
3	81	1.1375
4	81	-1.723
5	81	1.6522
6	81	-1.6983
7	81	-1.6547
8	81	-1.514
9	81	0.90355
10	81	0.51892
11	81	0.55456
12	81	2.4973
13	81	1.6966
14	81	-1.813
15	81	1.1664
16	81	0.91138
17	81	0.64723
18	81	2.27
19	81	2.8129
20	81	2.4744
21	81	2.1165
22	81	-1.9275
23	81	0.92826
24	81	1.9434
26	81	2.4696
27	81	5.2124
28	81	1.8854
29	81	-1.7539
30	81	1.3212
31	81	2.5206
32	81	-1.8535
33	81	0.80714
34	81	6.2342
35	81	2.7059
36	81	5.3241
37	81	3.846
38	81	3.3527
39	81	-1.8467
40	81	2.3802
41	81	-1.8247
42	81	2.0807
43	81	-1.6536
44	81	5.3323
45	81	2.7206
46	81	5.7395
47	81	4.1763
48	81	3.5029
49	81	-1.5955
50	81	-1.6285
51	81	-1.9558
52	81	6.6652
53	81	3.2972
54	81	-1.7553
55	81	4.9697
56	81	4.4561
57	81	3.0561
58	81	2.4095
59	81	2.3271
60	81	0.35331
61	81	0.4013
62	81	0.20516
63	81	-1.9716
64	81	2.3284
65	81	0.20998
66	81	0.10013
67	81	8.3619
68	81	-1.6823
69	81	-1.3108
70	81	-1.6799
71	81	-1.408
72	81	-1.5977
73	81	-1.4044
74	81	-1.6955
75	81	-1.5828
76	81	-1.4903
77	81	-1.4873
78	81	-1.4296
79	81	-1.4713
15	82	4.9581
23	82	5.1403
25	82	1.4383
30	82	5.5618
71	82	-1.6422
72	82	-1.8538
78	82	-1.8886
80	82	-1.2756
81	82	-1.2937
15	83	0.82151
23	83	0.89148
25	83	0.90483
30	83	0.77711
71	83	-2.0761
72	83	-2.1254
78	83	-1.9857
80	83	-1.431
81	83	-1.4772
1	84	-1.4871
2	84	-1.5875
3	84	1.19
4	84	-1.5944
5	84	1.6941
6	84	-1.552
7	84	-1.5212
8	84	-1.3965
9	84	1.1291
10	84	0.47235
11	84	0.53774
12	84	2.5778
13	84	1.8005
14	84	-1.9898
15	84	1.3834
16	84	1.141
17	84	0.63076
18	84	2.3559
19	84	2.899
20	84	2.5744
21	84	2.2279
22	84	-1.7443
23	84	1.1695
24	84	1.7351
26	84	2.569
27	84	5.2113
28	84	2.0124
29	84	-1.9577
30	84	1.57
31	84	2.7557
32	84	-2.0531
33	84	1.0486
34	84	6.1729
35	84	2.8217
36	84	5.3424
37	84	3.9707
38	84	3.493
39	84	-2.0062
40	84	2.6321
41	84	-2.0036
42	84	2.3321
43	84	-1.8179
44	84	5.2493
45	84	2.828
46	84	5.7418
47	84	4.3136
48	84	3.6653
49	84	-1.8038
50	84	-1.8184
51	84	-1.9158
52	84	6.6328
53	84	3.4951
54	84	-1.9849
55	84	5.1965
56	84	4.701
57	84	3.2955
58	84	2.7144
59	84	2.6201
60	84	0.64844
61	84	0.6878
62	84	0.48084
63	84	-2.1904
64	84	2.6709
65	84	0.52405
66	84	0.40634
67	84	8.102
68	84	-1.8078
69	84	-1.8141
70	84	-1.8532
71	84	-1.5081
72	84	-1.7531
73	84	-1.5621
74	84	-2.106
75	84	-1.7659
76	84	-1.6503
77	84	-1.6559
78	84	-1.5647
79	84	-1.6408
82	84	-1.4544
83	84	-1.6003
1	85	-1.3858
2	85	-1.4809
3	85	1.303
4	85	-1.4713
5	85	1.8201
6	85	-1.4228
7	85	-1.4058
8	85	-1.3089
9	85	1.2197
10	85	0.52009
11	85	0.58289
12	85	2.7938
13	85	2.0035
14	85	-2.0402
15	85	1.5249
16	85	1.2163
17	85	0.68339
18	85	2.6147
19	85	3.1308
20	85	2.7959
21	85	2.4398
22	85	-1.6265
23	85	1.3267
24	85	1.624
26	85	2.838
27	85	5.6518
28	85	2.2837
29	85	-2.2289
30	85	1.732
31	85	2.9163
32	85	-2.1919
33	85	1.1002
34	85	6.6597
35	85	3.1006
36	85	5.797
37	85	4.254
38	85	3.7636
39	85	-2.1651
40	85	2.7912
41	85	-2.1466
42	85	2.485
43	85	-1.9313
44	85	5.275
45	85	3.1592
46	85	6.2479
47	85	4.629
48	85	3.9332
49	85	-2.0137
50	85	-1.9956
51	85	-1.6279
52	85	7.1866
53	85	3.7679
54	85	-2.1992
55	85	5.6098
56	85	5.0756
57	85	3.571
58	85	2.8678
59	85	2.7573
60	85	0.72382
61	85	0.75101
62	85	0.52809
63	85	-2.0819
64	85	2.8323
65	85	0.60175
66	85	0.47408
67	85	8.2462
68	85	-1.2445
69	85	-1.9477
70	85	-1.898
71	85	-1.5309
72	85	-1.7195
73	85	-1.5715
74	85	-2.0025
75	85	-1.816
76	85	-1.6883
77	85	-1.6788
78	85	-1.5504
79	85	-1.5855
82	85	-1.4636
83	85	-1.64
1	86	-1.3123
2	86	-1.4689
3	86	0.84734
4	86	-1.5358
5	86	1.2595
6	86	-1.6149
7	86	-1.5268
8	86	-1.3433
9	86	0.81164
10	86	0.22808
11	86	0.3908
12	86	2.15
13	86	1.445
14	86	-1.4417
15	86	1.0944
16	86	0.86209
17	86	0.46165
18	86	1.7402
19	86	2.4273
20	86	2.1482
21	86	1.8431
22	86	-1.6713
23	86	0.85824
24	86	2.4861
26	86	1.9452
27	86	4.3323
28	86	1.4165
29	86	-1.5044
30	86	1.2364
31	86	2.397
32	86	-1.6033
33	86	0.83216
34	86	5.1371
35	86	2.1978
36	86	4.4615
37	86	3.3867
38	86	2.9579
39	86	-1.6712
40	86	2.2892
41	86	-1.6455
42	86	2.0054
43	86	-1.4804
44	86	4.0173
45	86	2.0644
46	86	4.7387
47	86	3.6652
48	86	3.1562
49	86	-1.5004
50	86	-1.5883
51	86	-1.6445
52	86	5.5172
53	86	3.0067
54	86	-1.4439
55	86	4.5921
56	86	4.1941
57	86	2.8351
58	86	2.4131
59	86	2.3456
60	86	0.38303
61	86	0.44979
62	86	0.28524
63	86	-1.6399
64	86	2.3789
65	86	0.25335
66	86	0.16678
67	86	6.8444
68	86	-1.2684
69	86	-1.2804
70	86	-1.9233
71	86	-1.8723
72	86	-1.7343
73	86	-1.3107
74	86	-1.2946
75	86	-1.892
76	86	-1.7538
77	86	-1.6864
78	86	-1.7935
79	86	-1.394
82	86	-1.5893
83	86	-1.4479
1	87	-1.0088
2	87	-1.0761
3	87	1.6982
4	87	-1.0279
5	87	2.2061
6	87	-0.96128
7	87	-0.97535
8	87	-0.93865
9	87	1.5379
10	87	0.70884
11	87	0.79596
12	87	3.3484
13	87	2.5717
14	87	-1.5152
15	87	1.9669
16	87	1.5118
17	87	0.9064
18	87	3.1144
19	87	3.7114
20	87	3.3807
21	87	3.0269
22	87	-1.0257
23	87	1.8245
24	87	1.4845
26	87	3.3636
27	87	6.3421
28	87	2.8493
29	87	-1.7861
30	87	2.2476
31	87	3.4067
32	87	-1.8285
33	87	1.3681
34	87	7.3445
35	87	3.6545
36	87	6.5328
37	87	4.946
38	87	4.459
39	87	-1.8293
40	87	3.3015
41	87	-1.7188
42	87	2.9836
43	87	-1.6922
44	87	5.0954
45	87	3.7641
46	87	7.0358
47	87	5.3818
48	87	4.6561
49	87	-1.6648
50	87	-1.7695
51	87	-1.0501
52	87	7.9906
53	87	4.5492
54	87	-1.698
55	87	6.5077
56	87	5.9548
57	87	4.4199
58	87	3.4462
59	87	3.2895
60	87	1.1079
61	87	1.0997
62	87	0.83123
63	87	-1.2876
64	87	3.4826
65	87	1.019
66	87	0.86008
67	87	8.1778
68	87	-0.65881
69	87	-0.7908
70	87	-1.7636
71	87	-1.6859
72	87	-1.4746
73	87	-1.4498
74	87	-1.7398
75	87	-1.6185
76	87	-1.8245
77	87	-1.7233
78	87	-1.5415
79	87	-1.3638
82	87	-1.6893
83	87	-1.5022
25	88	0.4789
31	88	1.7269
40	88	1.602
42	88	1.5057
58	88	1.4102
59	88	1.5619
64	88	1.0524
80	88	-1.4132
81	88	-1.4525
84	88	-1.4156
85	88	-1.45
86	88	-1.3543
87	88	-1.3221
15	89	6.2689
23	89	6.6466
25	89	5.5078
30	89	6.4756
71	89	8.9871
72	89	9.3674
78	89	9.6426
80	89	7.6028
81	89	8.5009
84	89	9.0367
85	89	9.2447
86	89	7.8829
87	89	9.7302
15	90	6.0558
23	90	6.4235
25	90	5.3549
30	90	6.2479
71	90	8.8314
72	90	9.2141
78	90	9.4906
80	90	7.0154
81	90	8.165
84	90	8.7212
85	90	9.0263
86	90	6.1072
87	90	9.6313
25	91	0.63105
31	91	1.7609
40	91	1.6419
42	91	1.5448
58	91	1.468
59	91	1.6181
64	91	1.119
80	91	-1.4387
81	91	-1.4261
84	91	-1.5088
85	91	-1.5083
86	91	-1.5591
87	91	-1.4915
25	92	0.5973
31	92	1.6067
40	92	1.493
42	92	1.3911
58	92	1.3415
59	92	1.4903
64	92	1.0003
80	92	-1.5292
81	92	-1.5536
84	92	-1.6172
85	92	-1.6121
86	92	-1.4386
87	92	-1.4458
15	93	5.9347
23	93	6.3436
25	93	6.1755
30	93	6.1859
71	93	8.5736
72	93	8.9539
78	93	9.2235
80	93	8.7353
81	93	9.108
84	93	9.4656
85	93	9.5398
86	93	9.1167
87	93	9.9604
25	94	0.60254
31	94	1.7447
40	94	1.6242
42	94	1.5345
58	94	1.4347
59	94	1.5842
64	94	1.0836
80	94	-1.442
81	94	-1.4137
84	94	-1.4806
85	94	-1.48
86	94	-1.5793
87	94	-1.4851
15	95	5.6072
23	95	5.9603
25	95	5.5215
30	95	5.776
71	95	8.3598
72	95	8.756
78	95	9.0191
80	95	7.105
81	95	7.8734
84	95	8.2073
85	95	8.464
86	95	6.7771
87	95	9.1846
25	96	-0.53013
27	96	4.3164
34	96	4.8084
36	96	4.375
46	96	4.681
52	96	5.2318
80	96	-1.8282
81	96	-1.9841
84	96	-2.0276
85	96	-1.44
86	96	-1.0497
87	96	-0.11719
25	97	1.1819
31	97	5.1414
40	97	5.1045
42	97	4.9618
58	97	6.0383
59	97	5.9356
64	97	6.5477
80	97	-1.8369
81	97	-1.7757
84	97	-1.9889
85	97	-2.0171
86	97	-1.8612
87	97	-2.0448
25	98	1.1123
37	98	0.92083
38	98	0.72989
47	98	1.0442
48	98	0.86491
53	98	0.87443
57	98	1.1353
80	98	-1.5664
81	98	-1.4777
84	98	-1.6781
85	98	-1.586
86	98	-1.7507
87	98	-1.5579
88	98	-1.2304
91	98	-1.9907
92	98	-2.095
94	98	-2.1296
97	98	-2.1459
1	99	-0.35054
2	99	-0.41753
3	99	1.4088
4	99	-0.45391
5	99	1.6677
6	99	-0.38265
7	99	-0.2872
8	99	-0.11365
9	99	0.92915
10	99	0.59953
11	99	0.91671
12	99	2.4581
13	99	1.8679
14	99	-0.84955
15	99	1.3246
16	99	0.99352
17	99	0.99507
18	99	2.3088
19	99	2.6964
20	99	2.4751
21	99	2.2261
22	99	-0.9199
23	99	1.0842
24	99	4.2505
26	99	2.5018
27	99	4.3798
28	99	2.0433
29	99	-0.97865
30	99	1.4195
31	99	2.6189
32	99	-1.0823
33	99	0.98592
34	99	5.0564
35	99	2.7445
36	99	4.5421
37	99	3.729
38	99	3.3617
39	99	-1.1928
40	99	2.5327
41	99	-1.2573
42	99	2.2769
43	99	-1.1754
44	99	4.2548
45	99	2.5406
46	99	4.773
47	99	3.9751
48	99	3.5798
49	99	-1.1727
50	99	-1.2399
51	99	-0.94735
52	99	5.4996
53	99	3.4712
54	99	-1.0805
55	99	4.8981
56	99	4.5555
57	99	3.345
58	99	2.6869
59	99	2.6265
60	99	0.57823
61	99	0.63671
62	99	0.47989
63	99	-1.1028
64	99	2.6797
65	99	0.47233
66	99	0.40069
67	99	5.2013
68	99	-0.87479
69	99	-1.2996
70	99	-0.81867
71	99	-0.94055
72	99	-0.56738
73	99	-0.41781
74	99	1.9852
75	99	-0.80111
76	99	-0.90663
77	99	-0.8135
78	99	-0.76777
79	99	-0.48614
82	99	-0.99195
83	99	-0.56193
88	99	-0.58405
89	99	3.6086
90	99	2.6732
91	99	-0.68639
92	99	-0.53372
93	99	7.9363
94	99	-0.75639
95	99	2.3735
96	99	1.0129
97	99	-0.59378
98	99	-0.69154
1	100	-0.36747
2	100	-0.43496
3	100	1.4579
4	100	-0.46398
5	100	1.7327
6	100	-0.39413
7	100	-0.30694
8	100	-0.14236
9	100	1.1221
10	100	0.63265
11	100	0.92838
12	100	2.6268
13	100	2.0235
14	100	-1.0583
15	100	1.5704
16	100	1.1786
17	100	1.007
18	100	2.4008
19	100	2.874
20	100	2.6448
21	100	2.3883
22	100	-0.8903
23	100	1.3448
24	100	3.9996
26	100	2.5957
27	100	4.6297
28	100	2.1337
29	100	-1.1936
30	100	1.6915
31	100	2.7679
32	100	-1.2916
33	100	1.1613
34	100	5.3258
35	100	2.8391
36	100	4.7912
37	100	3.8921
38	100	3.5173
39	100	-1.4065
40	100	2.6853
41	100	-1.3734
42	100	2.4222
43	100	-1.2961
44	100	4.4439
45	100	2.662
46	100	5.0396
47	100	4.1527
48	100	3.7343
49	100	-1.3941
50	100	-1.4581
51	100	-1.1606
52	100	5.7749
53	100	3.6283
54	100	-1.2192
55	100	5.2413
56	100	4.8874
57	100	3.5056
58	100	2.8608
59	100	2.7898
60	100	0.78959
61	100	0.83987
62	100	0.6679
63	100	-1.3304
64	100	2.8676
65	100	0.69185
66	100	0.60847
67	100	5.6374
68	100	-1.1008
69	100	-1.4765
70	100	-0.81523
71	100	-1.0109
72	100	-0.6649
73	100	-0.55685
74	100	1.6041
75	100	-0.8009
76	100	-0.92229
77	100	-0.8391
78	100	-0.86846
79	100	-0.64132
82	100	-1.0226
83	100	-0.72462
88	100	-0.71606
89	100	4.6568
90	100	3.6669
91	100	-0.82917
92	100	-0.67915
93	100	8.3327
94	100	-0.90027
95	100	4.7996
96	100	1.066
97	100	-0.6771
98	100	-0.87195
15	101	5.5687
23	101	5.9003
25	101	5.1647
30	101	5.7046
71	101	8.3125
72	101	8.7177
78	101	8.973
80	101	6.4355
81	101	7.2266
84	101	7.4772
85	101	7.7858
86	101	5.8522
87	101	8.5722
99	101	0.25453
100	101	0.41136
25	102	-0.29292
27	102	4.7994
34	102	5.2954
36	102	4.8849
46	102	5.2135
52	102	5.7959
80	102	-1.8541
81	102	-2.0474
84	102	-2.2588
85	102	-1.8959
86	102	-1.2811
87	102	-1.2335
99	102	0.49691
100	102	0.46363
25	103	1.3538
31	103	4.5381
40	103	4.4685
42	103	4.3043
58	103	5.2778
59	103	5.1406
64	103	5.7635
80	103	-1.4296
81	103	-1.3419
84	103	-1.5042
85	103	-1.4284
86	103	-1.8292
87	103	-1.449
98	103	-2.0256
99	103	-0.8397
100	103	-0.92502
25	104	1.3256
31	104	4.7141
40	104	4.6542
42	104	4.4973
58	104	5.4969
59	104	5.3717
64	104	5.9857
80	104	-1.5217
81	104	-1.4547
84	104	-1.605
85	104	-1.5376
86	104	-1.8736
87	104	-1.5634
98	104	-2.0794
99	104	-0.81011
100	104	-0.8994
25	105	1.1814
31	105	5.0362
40	105	4.991
42	105	4.8505
58	105	5.8814
59	105	5.7806
64	105	6.3698
80	105	-1.776
81	105	-1.7438
84	105	-1.8852
85	105	-1.8174
86	105	-1.7661
87	105	-1.8386
98	105	-2.1562
99	105	-0.62901
100	105	-0.71994
25	106	1.135
31	106	5.1795
40	106	5.14
42	106	5.0077
58	106	6.0478
59	106	5.9584
64	106	6.5344
80	106	-1.8191
81	106	-1.7973
84	106	-1.9704
85	106	-1.89
86	106	-1.671
87	106	-1.902
98	106	-2.0981
99	106	-0.54153
100	106	-0.63434
25	107	1.1432
31	107	5.3621
40	107	5.3265
42	107	5.2031
58	107	6.2441
59	107	6.1662
64	107	6.7264
80	107	-1.7716
81	107	-1.7763
84	107	-1.9817
85	107	-1.8998
86	107	-1.5999
87	107	-1.8812
98	107	-2.1314
99	107	-0.48868
100	107	-0.58493
25	108	1.1589
37	108	0.97334
38	108	0.78689
47	108	1.0941
48	108	0.92052
53	108	0.93053
57	108	1.1884
80	108	-1.5495
81	108	-1.5099
84	108	-1.7249
85	108	-1.6382
86	108	-1.7203
87	108	-1.598
88	108	-1.1454
91	108	-1.9756
92	108	-2.1295
94	108	-1.9303
97	108	-1.9156
99	108	-0.70495
100	108	-0.89202
103	108	-1.8157
104	108	-1.8512
105	108	-1.8917
106	108	-1.8315
107	108	-1.8529
25	109	-0.10138
27	109	5.0259
34	109	5.5093
36	109	5.122
46	109	5.45
52	109	6.0349
80	109	-1.9253
81	109	-1.9598
84	109	-2.1936
85	109	-1.8876
86	109	-1.4431
87	109	-1.4542
99	109	0.18517
100	109	0.10774
25	110	1.4366
31	110	4.3965
40	110	4.3219
42	110	4.1609
58	110	5.0984
59	110	4.9671
64	110	5.5632
80	110	-1.2921
81	110	-1.1928
84	110	-1.342
85	110	-1.2577
86	110	-1.788
87	110	-1.2415
98	110	-1.804
99	110	-0.95581
100	110	-1.059
108	110	-1.5923
15	111	1.3648
23	111	1.4004
25	111	1.894
30	111	1.1571
71	111	2.1882
72	111	3.488
78	111	3.3903
80	111	0.41516
81	111	0.48247
84	111	0.38527
85	111	0.36796
86	111	-0.02595
87	111	0.22164
99	111	-0.94277
100	111	-0.97971
25	112	1.1631
37	112	1.0001
38	112	0.81273
47	112	1.1267
48	112	0.95067
53	112	0.96596
57	112	1.227
80	112	-1.5115
81	112	-1.5133
84	112	-1.7081
85	112	-1.657
86	112	-1.6118
87	112	-1.6095
88	112	-0.84753
91	112	-1.7943
92	112	-2.0407
94	112	-1.5238
97	112	-1.6914
99	112	-0.60378
100	112	-0.794
103	112	-1.5289
104	112	-1.5569
105	112	-1.5865
106	112	-1.5499
107	112	-1.5822
110	112	-1.299
25	113	3.3907
80	113	0.95814
81	113	0.56051
84	113	0.77577
85	113	0.56279
86	113	1.145
87	113	0.14706
99	113	-1.4264
100	113	-1.6055
1	114	0.17477
2	114	0.11675
3	114	1.8083
4	114	0.094033
5	114	2.0509
6	114	0.1722
7	114	0.26072
8	114	0.42185
9	114	1.3231
10	114	0.82504
11	114	1.1459
12	114	2.8296
13	114	2.2667
14	114	-0.59751
15	114	1.8026
16	114	1.3815
17	114	1.2279
18	114	2.774
19	114	3.0649
20	114	2.8553
21	114	2.6185
22	114	-0.41438
23	114	1.5796
24	114	3.9979
26	114	2.9647
27	114	4.5395
28	114	2.532
29	114	-1.0281
30	114	1.9111
31	114	2.9417
32	114	-0.87733
33	114	1.3656
34	114	5.1963
35	114	3.2026
36	114	4.711
37	114	4.0477
38	114	3.695
39	114	-1.0088
40	114	2.8673
41	114	-0.86663
42	114	2.6168
43	114	-0.79814
44	114	4.4347
45	114	3.0092
46	114	4.9504
47	114	4.3
48	114	3.9174
49	114	-1.2312
50	114	-1.1551
51	114	-1.0639
52	114	5.6682
53	114	3.8267
54	114	-1.1414
55	114	5.2298
56	114	4.8928
57	114	3.7213
58	114	3.0536
59	114	2.9856
60	114	1.0101
61	114	1.054
62	114	0.88132
63	114	-1.2799
64	114	3.0688
65	114	0.9244
66	114	0.83889
67	114	5.3805
68	114	-1.0267
69	114	-1.4657
70	114	-0.33889
71	114	-0.51277
72	114	-0.19025
73	114	-0.18774
74	114	1.8409
75	114	-0.30888
76	114	-0.44739
77	114	-0.38656
78	114	-0.3817
79	114	-0.25889
82	114	-0.5519
83	114	-0.35449
88	114	-0.35029
89	114	4.4958
90	114	3.8515
91	114	-0.45719
92	114	-0.31527
93	114	7.456
94	114	-0.51757
95	114	4.6198
96	114	1.6434
97	114	-0.18191
98	114	-0.42221
101	114	3.7129
102	114	0.98596
103	114	-0.37972
104	114	-0.3665
105	114	-0.21798
106	114	-0.14848
107	114	-0.1151
108	114	-0.44654
109	114	0.60593
110	114	-0.50367
111	114	-1.3457
112	114	-0.36038
113	114	-2.5011
25	115	0.11075
27	115	4.1226
34	115	4.566
36	115	4.1781
46	115	4.4512
52	115	4.9566
80	115	-1.8127
81	115	-1.297
84	115	-1.2611
85	115	-0.97612
86	115	-2.0279
87	115	-0.23938
99	115	-0.48253
100	115	-0.64954
114	115	0.25381
25	116	-0.0049807
27	116	4.6311
34	116	5.0886
36	116	4.7064
46	116	5.0009
52	116	5.5419
80	116	-2.4118
81	116	-1.945
84	116	-1.9957
85	116	-1.6908
86	116	-1.9987
87	116	-0.93181
99	116	-0.23172
100	116	-0.35532
114	116	0.29818
25	117	-0.046686
27	117	5.033
34	117	5.5016
36	117	5.1279
46	117	5.4458
52	117	6.0167
80	117	-2.0566
81	117	-2.0012
84	117	-2.2012
85	117	-1.914
86	117	-1.6135
87	117	-1.5188
99	117	-0.042376
100	117	-0.15182
114	117	0.35761
25	118	-0.058783
27	118	5.1374
34	118	5.6164
36	118	5.2426
46	118	5.5739
52	118	6.1635
80	118	-1.7905
81	118	-1.9661
84	118	-2.1169
85	118	-1.9514
86	118	-1.3848
87	118	-1.5755
99	118	0.062358
100	118	-0.044817
114	118	0.40795
15	119	1.2384
23	119	1.2752
25	119	1.803
30	119	1.0348
71	119	1.8498
72	119	3.0931
78	119	2.9631
80	119	0.27133
81	119	0.33701
84	119	0.2391
85	119	0.22265
86	119	-0.15577
87	119	0.087404
99	119	-0.99305
100	119	-1.0529
114	119	-1.3695
1	120	0.29099
2	120	0.23923
3	120	1.9006
4	120	0.21969
5	120	2.1316
6	120	0.30187
7	120	0.39206
8	120	0.55092
9	120	1.482
10	120	0.82854
11	120	1.1488
12	120	2.9851
13	120	2.4347
14	120	-0.44595
15	120	2.0098
16	120	1.535
17	120	1.2323
18	120	2.8259
19	120	3.2204
20	120	3.0156
21	120	2.7841
22	120	-0.2518
23	120	1.8
24	120	3.6836
26	120	3.015
27	120	4.7662
28	120	2.5968
29	120	-0.84991
30	120	2.1329
31	120	3.14
32	120	-0.71169
33	120	1.5121
34	120	5.4152
35	120	3.2501
36	120	4.9411
37	120	4.2361
38	120	3.8897
39	120	-0.82708
40	120	3.0723
41	120	-0.69367
42	120	2.8236
43	120	-0.62185
44	120	4.7962
45	120	3.0665
46	120	5.1871
47	120	4.4943
48	120	4.1143
49	120	-1.0241
50	120	-0.95583
51	120	-1.2122
52	120	5.9
53	120	4.0337
54	120	-1.1086
55	120	5.4664
56	120	5.1312
57	120	3.9406
58	120	3.2796
59	120	3.2058
60	120	1.2023
61	120	1.2354
62	120	1.0485
63	120	-1.2809
64	120	3.3094
65	120	1.1325
66	120	1.0361
67	120	5.5073
68	120	-1.2149
69	120	-1.4666
70	120	-0.13568
71	120	-0.32865
72	120	-0.029559
73	120	-0.086177
74	120	1.5075
75	120	-0.099597
76	120	-0.25436
77	120	-0.21051
78	120	-0.21275
79	120	-0.1294
82	120	-0.36674
83	120	-0.21729
88	120	-0.21946
89	120	4.8991
90	120	4.3672
91	120	-0.32644
92	120	-0.1913
93	120	7.3838
94	120	-0.38165
95	120	5.2001
96	120	2.2456
97	120	0.012592
98	120	-0.3009
101	120	4.8701
102	120	1.4952
103	120	-0.15762
104	120	-0.15416
105	120	-0.025376
106	120	0.033293
107	120	0.054975
108	120	-0.33261
109	120	1.0623
110	120	-0.2876
111	120	-1.4897
112	120	-0.2568
113	120	-2.282
115	120	1.0272
116	120	0.84784
117	120	0.7947
118	120	0.80311
119	120	-1.3333
25	121	0.26388
27	121	4.0122
34	121	4.4492
36	121	4.0696
46	121	4.3403
52	121	4.8419
80	121	-1.6626
81	121	-1.2372
84	121	-1.2018
85	121	-0.96042
86	121	-2.0901
87	121	-0.30694
99	121	-0.93405
100	121	-1.1614
114	121	-0.32234
120	121	0.34273
25	122	0.15259
27	122	4.239
34	122	4.6835
36	122	4.3059
46	122	4.5893
52	122	5.1058
80	122	-1.9855
81	122	-1.5787
84	122	-1.5726
85	122	-1.312
86	122	-2.0519
87	122	-0.63382
99	122	-0.70541
100	122	-0.90018
114	122	-0.16942
120	122	0.39701
25	123	0.87466
27	123	3.2884
34	123	3.6629
36	123	3.3234
46	123	3.5429
52	123	3.9792
80	123	-0.56095
81	123	-0.2939
84	123	-0.21678
85	123	-0.083436
86	123	-0.72893
87	123	0.34723
99	123	-1.8456
100	123	-1.7712
114	123	-1.7819
120	123	-1.147
25	124	1.0495
44	124	2.6506
55	124	6.4181
56	124	6.2433
80	124	-2.0042
81	124	-1.6544
84	124	-1.8915
85	124	-1.6566
86	124	-1.9692
87	124	-1.4695
96	124	-2.0546
99	124	-0.60292
100	124	-0.71159
102	124	-1.7904
109	124	-1.6296
114	124	-0.29769
115	124	-2.2356
116	124	-1.8242
117	124	-1.5281
118	124	-1.7029
120	124	-0.081187
121	124	-2.3532
122	124	-2.2993
123	124	-1.8457
25	125	0.9299
44	125	2.651
55	125	6.1764
56	125	5.5427
80	125	-2.0513
81	125	-1.6947
84	125	-1.7662
85	125	-1.5736
86	125	-1.7856
87	125	-1.0779
96	125	-1.9836
99	125	-0.69075
100	125	-0.81646
102	125	-2.0337
109	125	-2.031
114	125	-0.37909
115	125	-2.3648
116	125	-2.6045
117	125	-2.2797
118	125	-1.6678
120	125	-0.17308
121	125	-2.198
122	125	-2.2728
123	125	-1.4614
25	126	1.1846
44	126	2.6857
55	126	6.349
56	126	6.101
80	126	-2.0295
81	126	-1.6136
84	126	-1.7947
85	126	-1.5998
86	126	-2.3538
87	126	-1.279
96	126	-2.3388
99	126	-0.85483
100	126	-0.9869
102	126	-2.1312
109	126	-2.0059
114	126	-0.54785
115	126	-2.61
116	126	-2.1882
117	126	-1.9262
118	126	-2.1534
120	126	-0.34426
121	126	-2.5695
122	126	-2.6913
123	126	-1.5828
25	127	1.1826
27	127	1.4056
34	127	1.5477
36	127	0.97889
46	127	1.3592
52	127	2.3577
80	127	-1.8473
81	127	-1.6376
84	127	-1.6951
85	127	-1.5925
86	127	-2.0382
87	127	-1.3648
99	127	-0.96255
100	127	-0.95576
114	127	-0.65277
120	127	-0.48054
124	127	-1.8226
125	127	-2.5418
126	127	-1.9243
25	128	1.2051
27	128	1.5763
34	128	1.4604
36	128	1.1669
46	128	1.2577
52	128	2.3054
80	128	-1.7017
81	128	-1.5149
84	128	-1.761
85	128	-1.5681
86	128	-1.9265
87	128	-1.5409
99	128	-0.90087
100	128	-0.92403
114	128	-0.61051
120	128	-0.44874
124	128	-1.7698
125	128	-2.5796
126	128	-1.9613
25	129	1.675
27	129	-0.074142
34	129	1.3903
36	129	0.21636
46	129	1.2627
52	129	2.0701
80	129	-0.036138
81	129	0.49707
84	129	0.51025
85	129	0.74016
86	129	-0.72246
87	129	1.4097
99	129	-0.69648
100	129	-0.76595
114	129	-0.33413
120	129	-0.17871
124	129	3.1883
125	129	3.5391
126	129	3.6101
25	130	1.1912
44	130	2.8384
55	130	5.4494
56	130	4.8091
80	130	-1.4738
81	130	-1.0897
84	130	-1.1244
85	130	-0.9242
86	130	-1.7907
87	130	-0.34911
96	130	-1.0945
99	130	-1.1423
100	130	-1.1818
102	130	-0.89098
109	130	-0.68468
114	130	-0.71039
115	130	-1.6986
116	130	-1.4351
117	130	-0.78575
118	130	-0.10323
120	130	-0.58659
121	130	-1.4963
122	130	-1.4499
123	130	-1.1872
127	130	-2.1321
128	130	-1.9698
129	130	3.5515
25	131	1.117
27	131	1.1033
34	131	1.6336
36	131	0.6488
46	131	1.4629
52	131	2.4072
80	131	-1.8079
81	131	-1.5576
84	131	-1.6158
85	131	-1.5104
86	131	-1.9545
87	131	-1.1938
99	131	-0.97501
100	131	-0.95011
114	131	-0.68875
120	131	-0.53479
124	131	-1.9078
125	131	-2.1097
126	131	-2.277
130	131	-1.8133
25	132	1.212
27	132	1.3658
34	132	1.478
36	132	0.94061
46	132	1.287
52	132	2.2984
80	132	-1.7761
81	132	-1.6169
84	132	-1.7442
85	132	-1.6679
86	132	-2.0108
87	132	-1.4281
99	132	-0.98622
100	132	-1.0285
114	132	-0.69972
120	132	-0.54482
124	132	-2.2244
125	132	-2.4517
126	132	-2.38
130	132	-1.7643
offset
60
