132
detection	body_part	cost
1	14	-3.2831
2	14	-1.4844
3	14	-4.0872
4	11	9.2102
5	12	-2.1385
6	13	-4.831
7	12	-3.0341
8	12	-1.162
9	12	-1.6833
10	13	0.85178
11	13	-0.51013
12	7	0.13643
13	9	-0.063746
14	7	-0.60545
15	7	0.10392
16	9	-1.139
17	11	0.79472
18	11	0.64074
19	6	0.57051
20	6	-3.2083
21	7	0.57184
22	7	-0.24064
23	9	-1.2906
24	9	-1.5468
25	6	-2.0178
26	7	1.0945
27	7	-0.022473
28	9	-0.85215
29	11	0.39766
30	11	-1.3753
31	6	-1.0255
32	7	0.25566
33	11	-0.58591
34	1	-1.4508
35	7	0.6478
36	7	0.45349
37	8	0.59949
38	11	9.2102
39	11	9.2102
40	11	1.2173
41	1	-3.0734
42	1	-0.067264
43	10	0.41594
44	1	0.36142
45	1	0.52945
46	7	0.89808
47	7	0.56225
48	8	0.9546
49	11	9.2102
50	10	-0.45781
51	13	0.73561
52	2	1.0384
53	7	-1.4581
54	1	0.54669
55	3	0.4438
56	4	0.17006
57	4	0.11404
58	8	0.71537
59	8	0.91664
60	13	-0.39971
61	7	-0.33703
62	2	-0.72711
63	7	-2.5642
64	3	-0.077418
65	3	-0.87505
66	3	-0.15621
67	4	1.1038
68	8	0.93939
69	8	0.97554
70	8	1.1624
71	13	-2.2699
72	11	9.2102
73	7	-0.049319
74	2	-1.9209
75	7	-1.6717
76	2	0.035807
77	7	-1.4503
78	3	-0.86815
79	4	1.2263
80	4	0.77379
81	8	1.0474
82	8	0.76153
83	13	-0.97753
84	13	0.12193
85	11	9.2102
86	14	-0.63033
87	14	-0.56098
88	2	-0.88289
89	3	0.35866
90	8	0.95869
91	2	-0.0063615
92	2	1.0786
93	12	-1.3118
94	12	-1.0944
95	2	1.3384
96	12	-1.5821
97	12	-1.8965
98	6	-2.6656
99	6	-4.1939
100	12	-1.2271
101	12	-1.4396
102	12	-1.2113
103	6	-2.307
104	9	0.36964
105	9	-1.0371
106	9	-2.2706
107	1	-4.6956
108	9	0.079468
109	1	-0.91354
110	9	0.15038
111	9	-0.44033
112	5	0.11378
113	2	-5.4119
114	1	0.3489
115	11	9.2102
116	5	-1.0765
117	5	0.60886
118	10	-0.71506
119	5	1.3626
120	5	-3.5455
121	10	-0.13975
122	2	-1.4251
123	3	0.60591
124	10	-3.8701
125	3	-1.8871
126	3	-3.8614
127	4	-0.046273
128	10	0.42155
129	3	-2.6113
130	4	-4.3761
131	11	-4.3316
132	11	-0.6143
detection1	detection2	cost
1	2	-3.7143
1	3	-5.6071
2	3	-3.2674
5	7	-4.8231
5	8	-4.8231
7	8	-3.7143
5	9	-2.1462
7	9	-4.8231
8	9	-1.5143
6	10	-2.1462
6	11	-3.7143
10	11	-3.7143
12	14	-4.8231
12	15	-5.6071
14	15	-5.6071
13	16	-4.8231
4	17	13.6628
4	18	14.5743
17	18	-5.6071
19	20	-3.7143
12	21	-0.67521
14	21	-3.2674
15	21	-1.5143
12	22	-3.7143
14	22	-4.8231
15	22	-5.6071
21	22	-1.8214
13	23	-3.7143
16	23	-4.8231
13	24	-3.2674
16	24	-5.6071
23	24	-5.6071
19	25	-4.8231
20	25	-4.8231
12	26	0.53071
14	26	-2.1462
15	26	-0.67521
21	26	-5.6071
22	26	-1.5143
12	27	-1.5143
14	27	-3.7143
15	27	-3.2674
21	27	-3.2674
22	27	-4.8231
26	27	-3.7143
13	28	-1.5143
16	28	-3.7143
23	28	-4.8231
24	28	-5.6071
4	29	15.293
17	29	0.96511
18	29	2.6933
4	30	15.9133
17	30	-2.1462
18	30	-0.67521
29	30	-3.7143
19	31	-2.1462
20	31	-3.7143
25	31	-4.8231
12	32	0.071429
14	32	-1.5143
15	32	-1.8214
21	32	-0.67521
22	32	-3.7143
26	32	-1.5143
27	32	-4.8231
4	33	18.2456
17	33	-1.5143
18	33	-0.67521
29	33	-1.5143
30	33	-4.8231
12	35	1.9643
14	35	0.30445
15	35	0.071429
21	35	0.53071
22	35	-1.8214
26	35	-0.67521
27	35	-3.2674
32	35	-5.6071
12	36	2.1517
14	36	0.96511
15	36	0.30445
21	36	1.9643
22	36	-1.5143
26	36	0.96511
27	36	-2.1462
32	36	-4.8231
35	36	-5.6071
4	38	25.0659
17	38	21.885
18	38	23.7178
29	38	13.6628
30	38	17.3966
33	38	19.0675
4	39	22.1279
17	39	16.443
18	39	18.2456
29	39	8.1089
30	39	11.8034
33	39	13.4073
38	39	-1.8214
4	40	19.0675
17	40	3.2076
18	40	4.6202
29	40	-3.7143
30	40	-2.1462
33	40	-1.5143
38	40	13.3214
39	40	7.6429
34	41	-4.8231
34	42	-4.8231
41	42	-3.7143
34	44	-0.67521
41	44	-3.2674
42	44	0.30445
34	45	-3.2674
41	45	-3.2674
42	45	-5.6071
44	45	0.071429
12	46	5.75
14	46	4.0138
15	46	3.8571
21	46	3.5372
22	46	1.9643
26	46	1.9643
27	46	0.30445
32	46	-1.8214
35	46	-3.7143
36	46	-3.2674
12	47	5.8845
14	47	4.4715
15	47	4.0138
21	47	4.6202
22	47	2.1517
26	47	3.2076
27	47	0.96511
32	47	-1.5143
35	47	-3.2674
36	47	-3.7143
46	47	-5.6071
37	48	-3.7143
4	49	29.2526
17	49	24.8452
18	49	26.624
29	49	16.443
30	49	20.0604
33	49	21.4551
38	49	-3.2674
39	49	0.96511
40	49	15.5276
43	50	-4.8231
6	51	15.293
10	51	12.262
11	51	11.523
12	53	13.9152
14	53	11.2383
15	53	12.6213
21	53	7.2837
22	53	11.4286
26	53	5.8845
27	53	8.783
32	53	9.4302
35	53	8.6726
36	53	10.4572
46	53	7.7607
47	53	9.6406
34	54	-0.67521
41	54	-3.2674
42	54	-0.67521
44	54	-4.8231
45	54	-1.5143
56	57	-5.6071
37	58	-1.8214
48	58	-5.6071
37	59	0.53071
48	59	-1.5143
58	59	-1.8214
6	60	17.1798
10	60	14.0819
11	60	13.4073
51	60	-5.6071
12	61	19.4026
14	61	16.7404
15	61	18.2456
21	61	12.6213
22	61	17.1798
26	61	11.4286
27	61	14.5743
32	61	15.3715
35	61	14.6553
36	61	16.443
46	61	13.6628
47	61	15.5276
53	61	-1.5143
52	62	-4.8231
12	63	16.5921
14	63	13.9152
15	63	15.293
21	63	9.9513
22	63	14.0819
26	63	8.5614
27	63	11.4286
32	63	11.9882
35	63	11.1425
36	63	12.8867
46	63	9.9513
47	63	11.8034
53	63	-4.8231
61	63	-3.7143
55	64	-1.5143
55	65	-3.2674
64	65	-5.6071
55	66	-4.8231
64	66	-3.7143
65	66	-5.6071
56	67	-3.2674
57	67	-1.5143
37	68	0.071429
48	68	-3.7143
58	68	-5.6071
59	68	-1.5143
37	69	0.30445
48	69	-3.2674
58	69	-4.8231
59	69	-3.2674
68	69	-5.6071
37	70	0.96511
48	70	-2.1462
58	70	-3.2674
59	70	-4.8231
68	70	-3.7143
69	70	-5.6071
6	71	19.0675
10	71	15.293
11	71	15.293
51	71	-2.1462
60	71	-3.2674
4	72	26.624
17	72	9.4302
18	72	10.3572
29	72	3.8571
30	72	4.4715
33	72	3.5372
38	72	14.6553
39	72	9.4302
40	72	0.071429
49	72	15.5276
12	73	20.6393
14	73	17.9658
15	73	19.4026
21	73	13.9152
22	73	18.2456
26	73	12.6213
27	73	15.6053
32	73	16.2174
35	73	15.3715
36	73	17.1071
46	73	14.0819
47	73	15.9133
53	73	-0.67521
61	73	-5.6071
63	73	-3.2674
52	74	-3.2674
62	74	-5.6071
12	75	17.9658
14	75	15.293
15	75	16.5921
21	75	11.4286
22	75	15.293
26	75	9.9513
27	75	12.6213
32	75	12.9744
35	75	11.9882
36	75	13.6628
46	75	10.4572
47	75	12.262
53	75	-3.2674
61	75	-3.2674
63	75	-5.6071
73	75	-3.7143
52	76	-0.67521
62	76	-3.2674
74	76	-3.7143
12	77	16.7404
14	77	14.0819
15	77	15.293
21	77	10.3572
22	77	13.9152
26	77	8.783
27	77	11.2383
32	77	11.4286
35	77	10.3572
36	77	11.9882
46	77	8.6726
47	77	10.4572
53	77	-3.7143
61	77	-1.5143
63	77	-4.8231
73	77	-1.8214
75	77	-5.6071
55	78	-2.1462
64	78	-4.8231
65	78	-5.6071
66	78	-4.8231
56	79	-2.1462
57	79	-0.67521
67	79	-5.6071
56	80	-3.2674
57	80	-3.7143
67	80	-1.5143
79	80	-1.8214
37	81	1.9643
48	81	-1.8214
58	81	-3.7143
59	81	-0.67521
68	81	-5.6071
69	81	-4.8231
70	81	-3.2674
37	82	3.5372
48	82	0.53071
58	82	-0.67521
59	82	-3.7143
68	82	-1.5143
69	82	-3.2674
70	82	-4.8231
81	82	-1.8214
6	83	21.1441
10	83	17.1071
11	83	17.3966
51	83	0.53071
60	83	-0.67521
71	83	-4.8231
6	84	21.1441
10	84	18.2456
11	84	17.3966
51	84	-1.5143
60	84	-3.2674
71	84	-1.5143
83	84	0.071429
4	85	29.2526
17	85	16.5921
18	85	17.9658
29	85	8.783
30	85	11.2383
33	85	11.4286
38	85	7.2837
39	85	3.5372
40	85	5.8845
49	85	6.9156
72	85	2.1517
1	86	32.25
2	86	32.4299
3	86	30.3571
1	87	32.295
2	87	32.295
3	87	30.4044
86	87	-5.6071
52	88	0.53071
62	88	-2.1462
74	88	-3.2674
76	88	-5.6071
55	89	-0.67521
64	89	-3.2674
65	89	-3.7143
66	89	-3.2674
78	89	-5.6071
37	90	4.0138
48	90	0.30445
58	90	-1.5143
59	90	-0.67521
68	90	-3.2674
69	90	-3.7143
70	90	-3.2674
81	90	-4.8231
82	90	-3.2674
52	91	3.2076
62	91	0.53071
74	91	-0.67521
76	91	-3.2674
88	91	-4.8231
52	92	4.6202
62	92	1.9643
74	92	0.96511
76	92	-2.1462
88	92	-3.2674
91	92	-5.6071
5	93	26.0415
7	93	23.7178
8	93	24.8452
9	93	21.4551
5	94	25.5573
7	94	23.3135
8	94	24.2301
9	94	21.1441
93	94	-5.6071
52	95	2.1517
62	95	0.071429
74	95	-1.8214
76	95	-0.67521
88	95	-2.1462
91	95	-1.5143
92	95	0.30445
5	96	28.4144
7	96	26.0415
8	96	27.2998
9	96	23.7178
93	96	-4.8231
94	96	-3.2674
5	97	27.8615
7	97	25.5573
8	97	26.624
9	97	23.3135
93	97	-5.6071
94	97	-4.8231
96	97	-5.6071
19	98	20.8929
20	98	23.3135
25	98	20.6393
31	98	20.6393
19	99	19.7992
20	99	22.0674
25	99	19.4026
31	99	19.269
98	99	-5.6071
5	100	30.2149
7	100	27.8615
8	100	29.0571
9	100	25.5573
93	100	-3.2674
94	100	-2.1462
96	100	-5.6071
97	100	-4.8231
5	101	29.6887
7	101	27.4026
8	101	28.4144
9	101	25.1758
93	101	-3.7143
94	101	-3.2674
96	101	-4.8231
97	101	-5.6071
100	101	-5.6071
5	102	29.2526
7	102	27.0414
8	102	27.8615
9	102	24.9005
93	102	-3.2674
94	102	-3.7143
96	102	-3.2674
97	102	-4.8231
100	102	-3.7143
101	102	-5.6071
19	103	20.4477
20	103	22.4287
25	103	19.7992
31	103	19.4026
98	103	-3.2674
99	103	-4.8231
13	104	32.024
16	104	30.8274
23	104	28.4144
24	104	29.0571
28	104	27.2998
13	105	31.5222
16	105	30.2149
23	105	27.8615
24	105	28.4144
28	105	26.624
104	105	-5.6071
13	106	30.7807
16	106	29.2526
23	106	27.0414
24	106	27.4026
28	106	25.5573
104	106	-1.8214
105	106	-3.7143
34	107	30.3571
41	107	27.7092
42	107	30.0721
44	107	24.0034
45	107	28.663
54	107	23.5452
13	108	32.295
16	108	30.546
23	108	28.5141
24	108	28.663
28	108	26.7811
104	108	2.1517
105	108	0.30445
106	108	-3.2674
34	109	30.8274
41	109	28.2144
42	109	30.3571
44	109	24.6786
45	109	28.8606
54	109	24.0034
107	109	-4.8231
13	110	35.2048
16	110	33.8406
23	110	31.5222
24	110	32.024
28	110	30.2149
104	110	-3.2674
105	110	-3.7143
106	110	-2.1462
108	110	0.30445
13	111	34.5282
16	111	32.9647
23	111	30.7807
24	111	31.1069
28	111	29.2526
104	111	-0.67521
105	111	-2.1462
106	111	-3.7143
108	111	-3.2674
110	111	-3.7143
52	113	28.8606
62	113	28.663
74	113	27.2998
76	113	30.0721
88	113	28.8606
91	113	29.2526
92	113	30.8274
95	113	23.5452
34	114	33.4488
41	114	30.8274
42	114	33.0089
44	114	27.2482
45	114	31.5222
54	114	26.624
107	114	-3.7143
109	114	-4.8231
4	115	79.5097
17	115	75.6135
18	115	77.2569
29	115	67.166
30	115	70.4526
33	115	71.2301
38	115	47.7831
39	115	52.3574
40	115	65.3197
49	115	43.9913
72	115	62.0995
85	115	52.6559
112	116	-3.2674
112	117	-1.5143
116	117	-5.6071
43	118	24.6786
50	118	22.8448
112	119	-2.1462
116	119	0.30445
117	119	2.1517
112	120	-3.7143
116	120	-3.2674
117	120	-1.5143
119	120	-3.7143
43	121	26.7811
50	121	25.1758
118	121	-3.2674
52	122	30.8274
62	122	30.3571
74	122	28.8606
76	122	31.3382
88	122	29.9767
91	122	30.0721
92	122	31.5222
95	122	24.6229
113	122	-3.2674
55	123	34.1859
64	123	29.2526
65	123	30.3571
66	123	31.5222
78	123	28.8606
89	123	27.4026
43	124	28.4643
50	124	26.624
118	124	-3.7143
121	124	-3.2674
55	125	34.5282
64	125	29.833
65	125	30.8274
66	125	31.8878
78	125	29.2526
89	125	27.7092
123	125	-4.8231
55	126	32.4299
64	126	28.0636
65	126	28.9098
66	126	29.833
78	126	27.2482
89	126	25.6115
123	126	-1.5143
125	126	-3.7143
56	127	29.785
57	127	30.593
67	127	26.624
79	127	24.8452
80	127	27.2482
43	128	30.546
50	128	28.5141
118	128	-0.67521
121	128	0.96511
124	128	-3.2674
55	129	34.0567
64	129	29.785
65	129	30.593
66	129	31.4763
78	129	28.9098
89	129	27.2482
123	129	-0.67521
125	129	-3.2674
126	129	-5.6071
56	130	30.2149
57	130	30.8274
67	130	27.4026
79	130	25.5573
80	130	27.2998
127	130	-3.2674
4	131	61.297
17	131	41.7143
18	131	41.7507
29	131	38.5552
30	131	38.086
33	131	36.0768
38	131	42.9012
39	131	39.9349
40	131	34.8256
49	131	40.9808
72	131	27.4026
85	131	28.9098
115	131	64.826
4	132	61.9191
17	132	41.8597
18	132	41.7507
29	132	39.3267
30	132	38.5552
33	132	36.4045
38	132	45.1269
39	132	41.8597
40	132	35.6638
49	132	43.4316
72	132	28.4144
85	132	30.8274
115	132	68.5919
131	132	-3.7143
1	6	-2.03
2	6	-1.6773
3	6	-1.7838
5	6	-2.2746
6	7	-2.0979
6	8	-1.7719
6	9	-2.327
1	10	-2.0684
2	10	-1.7245
3	10	-1.8738
5	10	-0.94576
7	10	-1.0877
8	10	-0.5578
9	10	-1.6569
1	11	-1.862
2	11	-1.4967
3	11	-1.6603
5	11	-1.2523
7	11	-1.2244
8	11	-0.7747
9	11	-1.6394
12	19	-1.7227
14	19	-2.1482
15	19	-2.1505
12	20	-2.0169
14	20	-2.4577
15	20	-2.4011
19	21	-1.9579
20	21	-1.5311
19	22	-1.9602
20	22	-1.6873
12	25	-2.1486
14	25	-2.5354
15	25	-2.4373
21	25	-2.2715
22	25	-1.8929
19	26	-1.2342
20	26	-0.41303
25	26	-1.3479
19	27	-1.4216
20	27	-0.89624
25	27	-1.3535
12	31	-2.3444
14	31	-2.6182
15	31	-2.47
21	31	-2.2624
22	31	-2.1203
26	31	-1.8261
27	31	-1.4789
19	32	-0.95879
20	32	-0.42424
25	32	-0.7777
31	32	-0.74024
1	34	-0.63916
2	34	-0.75219
3	34	-0.85036
4	34	-0.004325
5	34	-1.7096
6	34	-1.2795
7	34	-1.7762
8	34	-1.7018
9	34	-1.5611
10	34	-1.224
11	34	-1.388
12	34	-1.7995
13	34	-1.3135
14	34	-1.9081
15	34	-1.4703
16	34	-1.6196
17	34	-0.81197
18	34	-0.8695
19	34	-0.99048
20	34	-1.5554
21	34	-1.4759
22	34	-0.89514
23	34	-1.7537
24	34	-1.6673
25	34	-0.81629
26	34	-1.7048
27	34	-0.57748
28	34	-1.3925
29	34	-0.84137
30	34	-0.75772
31	34	-0.31373
32	34	0.57669
33	34	-1.1725
19	35	-0.4239
20	35	0.17088
25	35	-0.18947
31	35	-0.081124
34	35	1.4751
19	36	-0.48577
20	36	0.025592
25	36	-0.23871
31	36	-0.1045
34	36	1.3246
12	37	-0.46161
14	37	-1.3986
15	37	-0.98682
21	37	-1.8904
22	37	-1.5624
26	37	-2.4561
27	37	-2.6904
32	37	-1.9593
34	37	0.26702
35	37	-0.98083
36	37	-0.865
34	38	-0.063346
34	39	-0.5167
34	40	-1.0846
1	41	-0.58875
2	41	-0.688
3	41	-0.7958
4	41	-0.051141
5	41	-1.7965
6	41	-1.2621
7	41	-1.8841
8	41	-1.8228
9	41	-1.709
10	41	-1.2037
11	41	-1.3549
12	41	-1.8556
13	41	-1.3239
14	41	-1.9073
15	41	-1.6117
16	41	-1.836
17	41	-1.0143
18	41	-1.0591
19	41	-1.4933
20	41	-2.2601
21	41	-1.812
22	41	-1.1603
23	41	-1.5673
24	41	-1.9372
25	41	-1.5912
26	41	-1.7351
27	41	-0.93747
28	41	-1.7953
29	41	-1.1115
30	41	-1.0044
31	41	-1.6179
32	41	-0.052876
33	41	-1.3822
35	41	0.66844
36	41	0.60862
37	41	-0.066714
38	41	-0.41672
39	41	-0.85527
40	41	-1.3316
1	42	-0.34217
2	42	-0.46789
3	42	-0.54893
4	42	0.3486
5	42	-1.2581
6	42	-0.86386
7	42	-1.2661
8	42	-1.2369
9	42	-1.0001
10	42	-0.76661
11	42	-0.97474
12	42	-1.7604
13	42	-0.4688
14	42	-1.4988
15	42	-1.6387
16	42	-1.1271
17	42	-0.87036
18	42	-0.9243
19	42	-1.0628
20	42	-1.4668
21	42	-0.37641
22	42	-1.6764
23	42	-0.78137
24	42	-1.4021
25	42	-0.99976
26	42	-0.061235
27	42	-1.4193
28	42	-1.8384
29	42	-0.95409
30	42	-0.82719
31	42	-0.64124
32	42	-0.56065
33	42	-1.2182
35	42	0.53064
36	42	0.62919
37	42	-0.23143
38	42	-0.34498
39	42	-0.72963
40	42	-1.2242
4	43	1.173
13	43	-0.98972
16	43	-1.0854
17	43	-1.6326
18	43	-1.5521
23	43	-1.4509
24	43	-1.3204
28	43	-1.5948
29	43	-1.4209
30	43	-1.6564
33	43	-1.9066
34	43	-1.2288
38	43	5.3299
39	43	2.1408
40	43	-1.6271
41	43	-1.5982
42	43	-1.3636
1	44	-0.45162
2	44	-0.55517
3	44	-0.65611
4	44	-0.043214
5	44	-1.5151
6	44	-1.1468
7	44	-1.4681
8	44	-1.8071
9	44	-1.5464
10	44	-1.129
11	44	-1.2141
12	44	-1.5673
13	44	-1.3026
14	44	-1.6115
15	44	-1.6349
16	44	-1.53
17	44	-1.1485
18	44	-1.2148
19	44	-1.4315
20	44	-1.5669
21	44	-1.1713
22	44	-1.2761
23	44	-1.3955
24	44	-1.6757
25	44	-1.3496
26	44	-1.1875
27	44	-1.0806
28	44	-1.745
29	44	-1.1744
30	44	-1.0988
31	44	-1.4025
32	44	-0.50884
33	44	-1.5472
35	44	0.0048057
36	44	-0.063623
37	44	-0.53685
38	44	-0.49805
39	44	-1.0126
40	44	-1.4372
43	44	-1.7797
1	45	-0.10593
2	45	-0.23507
3	45	-0.30799
4	45	0.51065
5	45	-0.99758
6	45	-0.56994
7	45	-0.99977
8	45	-1.0449
9	45	-0.7761
10	45	-0.48872
11	45	-0.67993
12	45	-1.6791
13	45	-0.10757
14	45	-1.3076
15	45	-1.5278
16	45	-0.68074
17	45	-0.99968
18	45	-1.0499
19	45	-1.2255
20	45	-1.6231
21	45	-0.40854
22	45	-1.5048
23	45	-0.27613
24	45	-0.87668
25	45	-1.2881
26	45	-0.10394
27	45	-1.2171
28	45	-1.2017
29	45	-1.1174
30	45	-0.96876
31	45	-1.0635
32	45	-1.4661
33	45	-1.3515
35	45	-0.56497
36	45	-0.27671
37	45	-0.75497
38	45	-0.66558
39	45	-0.99223
40	45	-1.3992
43	45	-1.4832
19	46	0.50708
20	46	1.1471
25	46	0.82447
31	46	1.0586
34	46	3.153
37	46	0.56913
41	46	2.2028
42	46	2.917
44	46	1.1791
45	46	1.8376
19	47	0.29225
20	47	0.86118
25	47	0.60382
31	47	0.83289
34	47	2.6887
37	47	1.0216
41	47	1.8591
42	47	2.4469
44	47	0.91055
45	47	1.5724
12	48	0.075406
14	48	-0.61852
15	48	-0.31512
21	48	-1.008
22	48	-0.68986
26	48	-1.5798
27	48	-1.3923
32	48	-1.6399
34	48	1.4341
35	48	-2.2824
36	48	-1.6321
41	48	1.0522
42	48	1.1599
44	48	0.41553
45	48	0.69119
46	48	-1.1673
47	48	-1.1537
34	49	0.67102
41	49	0.25518
42	49	0.32462
43	49	6.4477
44	49	-0.035965
45	49	-0.095928
4	50	1.0652
13	50	-0.9195
16	50	-0.91712
17	50	-1.7412
18	50	-1.6657
23	50	-1.351
24	50	-1.1582
28	50	-1.4094
29	50	-1.6039
30	50	-1.8705
33	50	-2.1454
34	50	-1.0018
38	50	3.9686
39	50	0.85546
40	50	-1.8774
41	50	-1.3694
42	50	-1.2351
44	50	-1.7192
45	50	-1.5243
49	50	6.2662
1	51	1.0884
2	51	0.94603
3	51	1.0481
5	51	1.6098
7	51	1.6832
8	51	2.1459
9	51	1.383
34	51	0.81601
41	51	0.48233
42	51	0.55848
44	51	-0.09906
45	51	0.12966
34	52	-0.29409
41	52	-0.32299
42	52	-0.7249
44	52	0.1767
45	52	-0.83465
19	53	3.8402
20	53	4.8781
25	53	4.5978
31	53	5.4631
34	53	7.7141
37	53	0.2021
41	53	7.6197
42	53	6.5949
44	53	8.4592
45	53	6.0293
48	53	-0.37363
1	54	-0.44982
2	54	-0.54088
3	54	-0.64896
4	54	0.17481
5	54	-1.741
6	54	-1.141
7	54	-1.7712
8	54	-1.6298
9	54	-1.5955
10	54	-1.0182
11	54	-1.1715
12	54	-2.0866
13	54	-0.94383
14	54	-2.1086
15	54	-2.0974
16	54	-1.3644
17	54	-1.2787
18	54	-1.324
19	54	-1.6243
20	54	-1.8696
21	54	-1.7509
22	54	-1.8024
23	54	-0.999
24	54	-1.469
25	54	-1.6555
26	54	-1.8281
27	54	-1.7095
28	54	-1.6857
29	54	-1.4308
30	54	-1.2845
31	54	-1.7858
32	54	-1.0573
33	54	-1.6684
35	54	-0.51112
36	54	-0.50483
37	54	-0.86232
38	54	-0.92043
39	54	-1.3325
40	54	-1.7415
43	54	-1.5826
46	54	0.81601
47	54	0.59672
48	54	0.1771
49	54	-0.46843
50	54	-1.7125
51	54	-0.022747
52	54	-0.87579
53	54	5.9191
34	55	-1.448
41	55	-1.2472
42	55	-1.0383
44	55	-0.45316
45	55	-1.3379
54	55	0.15936
34	56	-1.2282
41	56	-1.3623
42	56	-1.156
44	56	-0.56387
45	56	-0.69845
54	56	0.0069177
55	56	-1.6079
34	57	-1.4981
41	57	-1.0772
42	57	-1.2451
44	57	-0.38833
45	57	-0.42502
54	57	0.11752
55	57	-1.4973
12	58	0.32893
14	58	-0.28821
15	58	-0.023802
21	58	-0.62228
22	58	-0.34454
26	58	-1.1319
27	58	-0.92202
32	58	-1.0812
34	58	1.944
35	58	-1.5349
36	58	-0.95875
41	58	1.5614
42	58	1.7763
44	58	0.86271
45	58	1.3656
46	58	-2.3111
47	58	-2.3481
53	58	-0.70643
54	58	0.67705
12	59	-0.14279
14	59	-0.71471
15	59	-0.5837
21	59	-0.78412
22	59	-0.98923
26	59	-1.2842
27	59	-1.4046
32	59	-1.8414
34	59	1.6686
35	59	-2.0968
36	59	-2.117
41	59	1.4005
42	59	1.5049
44	59	0.8251
45	59	1.2304
46	59	-1.8661
47	59	-1.9627
53	59	-0.71544
54	59	0.66363
1	60	1.1531
2	60	1.0166
3	60	1.1178
5	60	2.0963
7	60	2.1764
8	60	2.6279
9	60	1.887
34	60	1.4206
41	60	1.0955
42	60	1.1931
44	60	0.50786
45	60	0.78309
54	60	0.61242
19	61	5.0686
20	61	5.8676
25	61	5.7825
31	61	6.5122
34	61	7.5093
37	61	0.060955
41	61	7.4126
42	61	6.7316
44	61	7.7767
45	61	6.3676
48	61	-0.42146
54	61	6.6973
58	61	-0.70701
59	61	-0.75721
34	62	-0.90905
41	62	-0.97531
42	62	-1.3177
44	62	-0.54478
45	62	-1.4081
54	62	-1.5665
19	63	4.1289
20	63	5.0096
25	63	4.8259
31	63	5.5681
34	63	7.9807
37	63	-0.21622
41	63	7.9662
42	63	7.0042
44	63	8.6211
45	63	6.5491
48	63	-0.78985
54	63	7.0454
58	63	-1.1274
59	63	-1.1963
34	64	-1.1691
41	64	-1.667
42	64	-0.54958
44	64	-1.4276
45	64	-0.1229
54	64	-1.2299
56	64	-0.96927
57	64	-0.85998
34	65	-1.6438
41	65	-2.1401
42	65	-1.0517
44	65	-0.99614
45	65	-0.70347
54	65	-0.52604
56	65	-0.9786
57	65	-0.9302
34	66	-1.3269
41	66	-1.8713
42	66	-0.91249
44	66	-1.1166
45	66	-0.89428
54	66	-0.61039
56	66	-0.77475
57	66	-0.80414
34	67	-0.33123
41	67	-1.025
42	67	-0.13798
44	67	-1.4532
45	67	-0.46052
54	67	-0.82918
55	67	0.091071
64	67	-1.5735
65	67	-1.6133
66	67	-1.5262
12	68	0.39071
14	68	-0.16656
15	68	0.066127
21	68	-0.44533
22	68	-0.21603
26	68	-0.90213
27	68	-0.70056
32	68	-0.80884
34	68	2.1937
35	68	-1.1301
36	68	-0.64133
41	68	1.8085
42	68	2.1149
44	68	1.0475
45	68	1.7594
46	68	-2.0962
47	68	-1.3808
53	68	-0.91846
54	68	0.90815
61	68	-0.87163
63	68	-1.3441
12	69	0.33305
14	69	-0.22466
15	69	-0.025006
21	69	-0.43614
22	69	-0.34351
26	69	-0.90231
27	69	-0.80321
32	69	-1.0179
34	69	2.1755
35	69	-1.3793
36	69	-0.99964
41	69	1.8441
42	69	2.0783
44	69	1.1507
45	69	1.7682
46	69	-2.42
47	69	-1.9088
53	69	-0.97511
54	69	1.0225
61	69	-0.95468
63	69	-1.4293
12	70	0.15135
14	70	-0.39787
15	70	-0.23271
21	70	-0.53879
22	70	-0.57684
26	70	-1.0072
27	70	-1.0001
32	70	-1.2936
34	70	2.0298
35	70	-1.6612
36	70	-1.3795
41	70	1.7304
42	70	1.9224
44	70	1.0778
45	70	1.6436
46	70	-2.4527
47	70	-2.2738
53	70	-0.9373
54	70	0.95142
61	70	-0.93687
63	70	-1.4116
1	71	1.1518
2	71	1.0442
3	71	1.1141
5	71	2.7154
7	71	2.7805
8	71	3.247
9	71	2.4876
34	71	1.9106
41	71	1.5515
42	71	1.7014
44	71	0.92772
45	71	1.275
54	71	1.0205
34	72	-0.30903
41	72	-0.52986
42	72	-0.51809
43	72	-0.31801
44	72	-0.81564
45	72	-0.74115
50	72	-0.69471
54	72	-1.0085
19	73	4.9346
20	73	5.6793
25	73	5.5835
31	73	6.2409
34	73	7.9511
37	73	0.065009
41	73	7.931
42	73	7.1551
44	73	8.5245
45	73	6.8079
48	73	-0.42616
54	73	7.3776
58	73	-0.7199
59	73	-0.82192
68	73	-0.88982
69	73	-0.99525
70	73	-0.99312
34	74	-1.5328
41	74	-1.6513
42	74	-1.9482
44	74	-1.3076
45	74	-1.852
54	74	-2.241
19	75	4.0879
20	75	4.8928
25	75	4.7222
31	75	5.3817
34	75	8.4769
37	75	-0.11679
41	75	8.5745
42	75	7.5016
44	75	8.3712
45	75	7.0853
48	75	-0.68545
54	75	8.022
58	75	-1.0258
59	75	-1.1622
68	75	-1.2431
69	75	-1.3582
70	75	-1.3617
34	76	-2.1285
41	76	-2.223
42	76	-1.9543
44	76	-2.4282
45	76	-1.8446
54	76	-1.5924
19	77	3.7698
20	77	4.6017
25	77	4.3888
31	77	5.0399
34	77	8.8748
37	77	0.15278
41	77	9.0688
42	77	7.7792
44	77	7.4862
45	77	7.3232
48	77	-0.43447
54	77	8.7125
58	77	-0.78777
59	77	-0.94328
68	77	-1.0171
69	77	-1.1384
70	77	-1.145
34	78	-1.9078
41	78	-2.3093
42	78	-1.4026
44	78	-1.3461
45	78	-1.2054
54	78	-1.1706
56	78	-0.32135
57	78	-0.36591
67	78	-0.47238
34	79	-0.11412
41	79	-0.95624
42	79	0.13041
44	79	-1.6881
45	79	-0.21681
54	79	-1.4691
55	79	0.84035
64	79	-1.8141
65	79	-1.731
66	79	-1.1773
78	79	-1.3314
34	80	-1.1584
41	80	-1.5593
42	80	-0.98769
44	80	-1.4045
45	80	-1.2091
54	80	-0.97123
55	80	-1.4964
64	80	-1.787
65	80	-2.0008
66	80	-2.0773
78	80	-1.3732
12	81	0.66989
14	81	0.15563
15	81	0.3654
21	81	-0.087011
22	81	0.10977
26	81	-0.50522
27	81	-0.3086
32	81	-0.39093
34	81	2.4989
35	81	-0.63355
36	81	-0.22202
41	81	2.1315
42	81	2.4929
44	81	1.3389
45	81	2.2023
46	81	-1.3251
47	81	-0.67094
53	81	-1.3216
54	81	1.2506
61	81	-1.2362
63	81	-1.7396
73	81	-1.2684
75	81	-1.6754
77	81	-1.4662
12	82	0.18616
14	82	-0.31073
15	82	-0.18793
21	82	-0.37107
22	82	-0.51389
26	82	-0.80703
27	82	-0.85625
32	82	-1.1533
34	82	2.0661
35	82	-1.4526
36	82	-1.2489
41	82	1.7912
42	82	1.999
44	82	1.1415
45	82	1.7715
46	82	-2.2004
47	82	-1.8967
53	82	-1.0915
54	82	1.0442
61	82	-1.0893
63	82	-1.6024
73	82	-1.1704
75	82	-1.5795
77	82	-1.3726
1	83	1.0731
2	83	0.97579
3	83	1.0355
5	83	3.0102
7	83	3.0769
8	83	3.5404
9	83	2.7931
34	83	2.2416
41	83	1.8597
42	83	2.0638
44	83	1.1941
45	83	1.6375
54	83	1.2988
1	84	1.2548
2	84	1.118
3	84	1.2314
5	84	2.3909
7	84	2.4957
8	84	2.9152
9	84	2.2363
34	84	1.7635
41	84	1.443
42	84	1.587
44	84	0.82187
45	84	1.208
54	84	0.98012
34	85	0.13877
41	85	-0.16157
42	85	-0.059277
43	85	1.3635
44	85	-0.48955
45	85	-0.31639
50	85	0.6857
54	85	-0.71376
6	86	2.7883
10	86	2.2954
11	86	2.6893
34	86	0.81265
41	86	0.54083
42	86	0.64205
44	86	0.037483
45	86	0.3399
51	86	-0.27036
54	86	0.136
60	86	-0.54783
71	86	-1.1701
83	86	-1.2256
84	86	-0.84176
6	87	2.7463
10	87	2.2617
11	87	2.6466
34	87	0.81329
41	87	0.55079
42	87	0.64545
44	87	0.05032
45	87	0.34934
51	87	-0.32847
54	87	0.15756
60	87	-0.58755
71	87	-1.153
83	87	-1.254
84	87	-0.879
34	88	-1.8436
41	88	-1.7219
42	88	-1.4425
44	88	-1.8818
45	88	-1.3624
54	88	-0.94154
34	89	-1.5166
41	89	-1.9603
42	89	-1.204
44	89	-1.9789
45	89	-1.2295
54	89	-2.0053
56	89	0.11311
57	89	0.014696
67	89	0.26673
79	89	-0.3549
80	89	-0.88703
12	90	0.5346
14	90	0.055837
15	90	0.22229
21	90	-0.098256
22	90	-0.03822
26	90	-0.49555
27	90	-0.39202
32	90	-0.52976
34	90	2.4319
35	90	-0.75013
36	90	-0.44055
41	90	2.1089
42	90	2.4483
44	90	1.3421
45	90	2.2208
46	90	-1.3206
47	90	-0.83165
53	90	-1.4331
54	90	1.2901
61	90	-1.3492
63	90	-1.4871
73	90	-1.4081
75	90	-1.4132
77	90	-1.664
34	91	-1.1544
41	91	-0.98078
42	91	-0.75535
44	91	-1.1003
45	91	-0.63584
54	91	-0.09521
34	92	-0.8001
41	92	-0.59852
42	92	-0.45077
44	92	-0.31689
45	92	-0.34083
54	92	0.25367
6	93	1.7112
10	93	1.7045
11	93	1.462
34	93	6.6253
41	93	5.9138
42	93	7.1395
44	93	4.4737
45	93	6.8802
51	93	-0.93942
54	93	4.8568
60	93	-1.5085
71	93	-1.8853
83	93	-2.1512
84	93	-2.1148
6	94	1.6515
10	94	1.6673
11	94	1.4024
34	94	6.0129
41	94	5.3016
42	94	6.4225
44	94	3.9389
45	94	6.0818
51	94	-1.093
54	94	4.2536
60	94	-1.6958
71	94	-2.0759
83	94	-2.3143
84	94	-2.0012
34	95	-1.7617
41	95	-1.6556
42	95	-1.5258
44	95	-1.7979
45	95	-1.5287
54	95	-0.98712
6	96	1.7303
10	96	1.7164
11	96	1.4897
34	96	7.0748
41	96	6.4408
42	96	7.6596
44	96	5.0091
45	96	7.501
51	96	-0.777
54	96	5.5592
60	96	-1.3235
71	96	-1.662
83	96	-1.9333
84	96	-1.9626
6	97	1.681
10	97	1.6886
11	97	1.4404
34	97	6.6838
41	97	6.0392
42	97	7.1753
44	97	4.6738
45	97	6.9428
51	97	-0.90593
54	97	5.13
60	97	-1.4809
71	97	-1.8018
83	97	-2.0529
84	97	-2.0335
12	98	-0.68205
14	98	-0.75396
15	98	-0.82297
21	98	-0.79408
22	98	-0.99257
26	98	-0.9147
27	98	-1.1107
32	98	-1.0127
34	98	3.8993
35	98	-0.94617
36	98	-0.82777
41	98	4.0653
42	98	3.6948
44	98	4.4405
45	98	3.616
46	98	-0.82777
47	98	-0.64033
53	98	-2.3794
54	98	4.107
61	98	-1.9893
63	98	-2.388
73	98	-2.4371
75	98	-2.0155
77	98	-1.8615
12	99	-0.93382
14	99	-0.99815
15	99	-1.0827
21	99	-1.0122
22	99	-1.0925
26	99	-1.1403
27	99	-1.1205
32	99	-0.84238
34	99	4.0219
35	99	-0.78088
36	99	-0.66092
41	99	4.1939
42	99	3.8076
44	99	4.5923
45	99	3.7237
46	99	-0.66973
47	99	-0.47944
53	99	-2.3617
54	99	4.2387
61	99	-1.9284
63	99	-2.2484
73	99	-2.3862
75	99	-1.8865
77	99	-1.7254
6	100	1.7082
10	100	1.7044
11	100	1.4753
34	100	7.1826
41	100	6.6054
42	100	7.7251
44	100	5.27
45	100	7.5656
51	100	-0.73777
54	100	5.8535
60	100	-1.2864
71	100	-1.5952
83	100	-1.8357
84	100	-1.9432
6	101	1.5966
10	101	1.6132
11	101	1.3627
34	101	6.8306
41	101	6.2422
42	101	7.2984
44	101	4.9528
45	101	7.0828
51	101	-0.93051
54	101	5.4557
60	101	-1.5043
71	101	-1.7995
83	101	-2.0085
84	101	-1.8354
6	102	1.5655
10	102	1.6019
11	102	1.3338
34	102	6.3159
41	102	5.7185
42	102	6.719
44	102	4.4656
45	102	6.4543
51	102	-1.0119
54	102	4.9075
60	102	-1.6072
71	102	-1.8863
83	102	-2.0747
84	102	-1.7498
12	103	-0.65701
14	103	-0.69928
15	103	-0.54189
21	103	-0.9713
22	103	-0.43801
26	103	-0.78548
27	103	-0.48391
32	103	-0.23329
34	103	4.3134
35	103	-0.19809
36	103	-0.081426
41	103	4.5056
42	103	4.0941
44	103	4.9567
45	103	4.0119
46	103	-0.138
47	103	0.055827
53	103	-1.8982
54	103	4.5869
61	103	-1.8997
63	103	-1.86
73	103	-2.2368
75	103	-1.5453
77	103	-1.3333
34	104	5.9552
41	104	5.7384
42	104	6.2688
43	104	2.5326
44	104	4.9272
45	104	6.2535
50	104	2.6064
54	104	5.4411
34	105	5.7321
41	105	5.5034
42	105	6.0322
43	105	2.6565
44	105	4.689
45	105	5.9973
50	105	2.7371
54	105	5.1718
34	106	5.2774
41	106	5.0248
42	106	5.5328
43	106	3.0536
44	106	4.2134
45	106	5.4599
50	106	3.1485
54	106	4.6388
1	107	1.0751
2	107	1.0535
3	107	0.9411
4	107	1.8619
5	107	0.1532
6	107	0.84573
7	107	0.069086
8	107	0.45693
9	107	0.10032
10	107	0.94476
11	107	0.9498
12	107	-0.40911
13	107	1.3841
14	107	-0.57942
15	107	-0.58912
16	107	1.322
17	107	0.5303
18	107	0.57811
19	107	1.1471
20	107	1.1268
21	107	-0.35932
22	107	-0.64489
23	107	1.7037
24	107	1.4225
25	107	1.2012
26	107	-0.6212
27	107	-0.83001
28	107	1.4427
29	107	0.63255
30	107	0.41638
31	107	1.1376
32	107	-0.71325
33	107	0.71558
35	107	-0.7811
36	107	-0.52209
37	107	-0.71341
38	107	1.1625
39	107	1.1619
40	107	0.81157
43	107	1.5592
46	107	-0.70777
47	107	-0.64355
48	107	-1.0773
49	107	0.96819
50	107	1.5424
51	107	-0.36579
52	107	5.8242
53	107	-1.9723
55	107	3.8713
56	107	3.7735
57	107	3.8036
58	107	-1.0721
59	107	-0.69985
60	107	-0.89462
61	107	-1.5144
62	107	6.4018
63	107	-2.0464
64	107	4.1421
65	107	4.0956
66	107	3.7792
67	107	3.6174
68	107	-1.0491
69	107	-0.96468
70	107	-0.89266
71	107	-1.106
72	107	0.28655
73	107	-1.5307
74	107	7.0351
75	107	-1.862
76	107	8.8174
77	107	-1.9184
78	107	4.0396
79	107	3.4977
80	107	3.3752
81	107	-1.0122
82	107	-0.94273
83	107	-1.1813
84	107	-1.058
85	107	0.57636
86	107	-0.7765
87	107	-0.79245
88	107	8.2842
89	107	3.6933
90	107	-0.72525
91	107	7.7565
92	107	7.6184
93	107	-1.9967
94	107	-1.7436
95	107	7.5447
96	107	-1.8349
97	107	-1.9663
98	107	-2.1725
99	107	-2.3872
100	107	-1.896
101	107	-1.8961
102	107	-1.6814
103	107	-2.2144
104	107	-1.5685
105	107	-1.6713
106	107	-1.8032
34	108	4.9356
41	108	4.6856
42	108	5.1469
43	108	3.5314
44	108	3.9135
45	108	5.0488
50	108	3.6469
54	108	4.2984
107	108	-1.7495
1	109	1.2985
2	109	1.2712
3	109	1.165
4	109	2.082
5	109	0.41846
6	109	1.1089
7	109	0.34543
8	109	0.71432
9	109	0.38563
10	109	1.2153
11	109	1.2134
12	109	-0.50328
13	109	1.6516
14	109	-0.64387
15	109	-0.47108
16	109	1.5865
17	109	0.74884
18	109	0.79263
19	109	1.2032
20	109	1.1677
21	109	-0.46469
22	109	-0.48175
23	109	1.9666
24	109	1.6861
25	109	1.2412
26	109	-0.75079
27	109	-0.59424
28	109	1.7074
29	109	0.856
30	109	0.64208
31	109	1.163
32	109	-0.45619
33	109	0.93475
35	109	-0.52635
36	109	-0.28076
37	109	-0.55193
38	109	1.4106
39	109	1.402
40	109	1.0288
43	109	1.7913
46	109	-0.80387
47	109	-0.40888
48	109	-0.91819
49	109	1.2238
50	109	1.7786
51	109	-0.099766
52	109	5.3551
53	109	-1.9024
55	109	4.1126
56	109	3.8828
57	109	3.9045
58	109	-1.0855
59	109	-0.95741
60	109	-0.62681
61	109	-1.1699
62	109	5.9038
63	109	-1.788
64	109	4.4024
65	109	4.3502
66	109	4.0304
67	109	3.7533
68	109	-0.90434
69	109	-1.1159
70	109	-1.0607
71	109	-0.81345
72	109	0.5166
73	109	-1.1774
74	109	6.4902
75	109	-1.605
76	109	8.2661
77	109	-1.6389
78	109	4.298
79	109	3.6411
80	109	3.4882
81	109	-0.87425
82	109	-0.82673
83	109	-0.8756
84	109	-0.81213
85	109	0.81616
86	109	-0.55998
87	109	-0.59995
88	109	8.216
89	109	3.9576
90	109	-0.60274
91	109	7.6534
92	109	7.4976
93	109	-1.6317
94	109	-1.3649
95	109	6.8594
96	109	-1.4119
97	109	-1.6407
98	109	-1.8994
99	109	-2.0507
100	109	-1.6169
101	109	-1.7778
102	109	-1.4573
103	109	-1.9061
104	109	-1.0738
105	109	-1.2266
106	109	-1.4161
108	109	-1.5233
34	110	5.6533
41	110	5.4497
42	110	5.9331
43	110	2.7488
44	110	4.685
45	110	5.8973
50	110	2.8344
54	110	5.1639
107	110	-1.5635
109	110	-1.3211
34	111	5.2664
41	111	5.0427
42	111	5.5092
43	111	3.1522
44	111	4.2786
45	111	5.4434
50	111	3.2531
54	111	4.7108
107	111	-1.6285
109	111	-1.4393
34	112	3.0249
41	112	2.784
42	112	3.0654
44	112	2.0983
45	112	2.9305
54	112	2.2887
56	112	4.2185
57	112	4.4158
67	112	4.256
79	112	4.1932
80	112	4.7171
107	112	-1.1445
109	112	-0.94134
34	113	-0.014635
41	113	-0.20858
42	113	0.051684
44	113	0.2306
45	113	0.26138
54	113	0.37046
107	113	-2.439
109	113	-2.3701
1	114	1.3792
2	114	1.356
3	114	1.2489
4	114	2.0804
5	114	0.54225
6	114	1.1719
7	114	0.46619
8	114	0.84629
9	114	0.50334
10	114	1.2785
11	114	1.2819
12	114	-0.41992
13	114	1.668
14	114	-0.59906
15	114	-0.45325
16	114	1.6146
17	114	0.78436
18	114	0.82874
19	114	1.2911
20	114	1.2419
21	114	-0.35991
22	114	-0.46538
23	114	1.9938
24	114	1.7196
25	114	1.3194
26	114	-0.6515
27	114	-0.58053
28	114	1.7465
29	114	0.89639
30	114	0.68245
31	114	1.2303
32	114	-0.4438
33	114	0.97599
35	114	-0.51686
36	114	-0.27023
37	114	-0.45139
38	114	1.4486
39	114	1.4421
40	114	1.0752
43	114	1.8191
46	114	-0.80112
47	114	-0.40456
48	114	-0.81851
49	114	1.274
50	114	1.8104
51	114	0.021226
52	114	5.4471
53	114	-1.9042
55	114	3.9043
56	114	3.8814
57	114	3.9096
58	114	-0.98755
59	114	-0.93277
60	114	-0.49623
61	114	-1.1801
62	114	5.9895
63	114	-1.7263
64	114	4.1741
65	114	4.1319
66	114	3.8212
67	114	3.7433
68	114	-0.81065
69	114	-1.0199
70	114	-0.96389
71	114	-0.67575
72	114	0.57638
73	114	-1.235
74	114	6.5894
75	114	-1.7194
76	114	8.3446
77	114	-1.7349
78	114	4.0875
79	114	3.6394
80	114	3.5095
81	114	-0.78502
82	114	-0.7322
83	114	-0.73153
84	114	-0.67279
85	114	0.88166
86	114	-0.4208
87	114	-0.46541
88	114	8.1408
89	114	3.7565
90	114	-0.51718
91	114	7.6014
92	114	7.4551
93	114	-1.4165
94	114	-1.1499
95	114	6.9713
96	114	-1.2109
97	114	-1.4079
98	114	-2.0712
99	114	-2.1725
100	114	-1.4368
101	114	-1.6408
102	114	-1.3805
103	114	-2.1224
104	114	-0.77859
105	114	-0.93705
106	114	-1.1275
108	114	-1.3229
110	114	-1.0822
111	114	-1.2247
112	114	-0.65774
113	114	-2.1375
34	115	7.3506
41	115	7.2914
42	115	7.4667
43	115	7.5806
44	115	7.0837
45	115	7.5193
50	115	7.7096
54	115	7.245
107	115	3.8555
109	115	5.1171
114	115	0.81352
34	116	2.8269
41	116	2.5888
42	116	2.8294
44	116	1.9036
45	116	2.6715
54	116	2.0691
56	116	3.6391
57	116	3.8259
67	116	3.6505
79	116	3.5579
80	116	4.0487
107	116	-1.4827
109	116	-1.3227
114	116	-1.0353
34	117	2.7073
41	117	2.4679
42	117	2.6923
44	117	1.7822
45	117	2.5229
54	117	1.9327
56	117	3.3543
57	117	3.5437
67	117	3.3533
79	117	3.2468
80	117	3.7326
107	117	-1.5106
109	117	-1.3745
114	117	-1.086
4	118	4.1144
13	118	2.445
16	118	2.4891
17	118	2.3549
18	118	2.2488
23	118	2.4007
24	118	2.4671
28	118	2.4707
29	118	2.451
30	118	2.4065
33	118	2.4392
34	118	2.4474
38	118	4.2613
39	118	3.8682
40	118	2.61
41	118	2.2763
42	118	2.3816
44	118	1.7903
45	118	2.2569
49	118	4.5169
54	118	1.8657
72	118	2.2455
85	118	3.1408
104	118	-2.0397
105	118	-2.0319
106	118	-1.8101
107	118	-1.2247
108	118	-1.7297
109	118	-1.1292
110	118	-2.043
111	118	-1.9421
114	118	-0.93016
115	118	7.9411
34	119	3.2936
41	119	3.0835
42	119	3.35
44	119	2.4362
45	119	3.2385
54	119	2.6558
56	119	4.4959
57	119	4.675
67	119	4.6008
79	119	4.5627
80	119	5.0071
107	119	-1.3583
109	119	-1.1162
114	119	-0.79277
34	120	3.1317
41	120	2.9118
42	120	3.1558
44	120	2.2522
45	120	3.0209
54	120	2.4426
56	120	4.1305
57	120	4.3098
67	120	4.2014
79	120	4.1368
80	120	4.5855
107	120	-1.6572
109	120	-1.4593
114	120	-1.1533
4	121	4.198
13	121	2.3589
16	121	2.3866
17	121	2.5212
18	121	2.4107
23	121	2.3016
24	121	2.3579
28	121	2.3519
29	121	2.6581
30	121	2.6051
33	121	2.634
34	121	2.4178
38	121	4.4355
39	121	4.0709
40	121	2.8298
41	121	2.2662
42	121	2.3407
44	121	1.8031
45	121	2.2201
49	121	4.6948
54	121	1.8845
72	121	2.5374
85	121	3.4675
104	121	-1.8966
105	121	-1.9238
106	121	-1.7985
107	121	-1.2379
108	121	-1.7533
109	121	-1.1393
110	121	-2.0616
111	121	-2.1526
114	121	-0.94764
115	121	8.3292
34	122	-0.59599
41	122	-0.53143
42	122	0.029933
44	122	-0.40017
45	122	0.237
54	122	0.37003
107	122	-1.5699
109	122	-1.3003
114	122	-1.1962
34	123	1.6426
41	123	1.6451
42	123	1.5501
44	123	1.6982
45	123	1.5527
54	123	1.6799
56	123	2.8277
57	123	2.9075
67	123	2.6744
79	123	2.6459
80	123	2.6692
107	123	-1.6092
109	123	-0.75035
114	123	-1.2988
4	124	3.925
13	124	2.3679
16	124	2.412
17	124	2.2515
18	124	2.1521
23	124	2.3316
24	124	2.3939
28	124	2.402
29	124	2.3318
30	124	2.3032
33	124	2.3493
34	124	2.581
38	124	3.967
39	124	3.632
40	124	2.5034
41	124	2.4237
42	124	2.5223
44	124	1.9496
45	124	2.41
49	124	4.1883
54	124	2.0379
72	124	2.1892
85	124	2.9949
104	124	-2.0911
105	124	-2.1111
106	124	-2.1317
107	124	-1.0943
108	124	-2.0249
109	124	-1.0158
110	124	-1.8615
111	124	-2.1998
114	124	-0.8005
115	124	8.6856
34	125	1.7011
41	125	1.6964
42	125	1.6006
44	125	1.7449
45	125	1.5947
54	125	1.7155
56	125	2.9466
57	125	3.0178
67	125	2.8173
79	125	2.7925
80	125	2.7851
107	125	-2.0045
109	125	-1.4311
114	125	-1.8954
34	126	1.8341
41	126	1.8199
42	126	1.7262
44	126	1.8594
45	126	1.7107
54	126	1.8196
56	126	2.9922
57	126	3.0514
67	126	2.8948
79	126	2.8714
80	126	2.8192
107	126	-2.4355
109	126	-2.1774
114	126	-1.944
34	127	3.4302
41	127	3.2416
42	127	3.4262
44	127	2.8557
45	127	3.3973
54	127	2.9635
55	127	4.645
64	127	3.7698
65	127	4.1351
66	127	4.3543
78	127	4.1343
89	127	4.2487
107	127	-2.0142
109	127	-1.821
112	127	-1.3265
114	127	-1.3259
116	127	-1.9876
117	127	-2.0974
119	127	-1.4202
120	127	-1.6549
123	127	-2.1643
125	127	-2.1097
126	127	-2.1494
4	128	3.7087
13	128	2.4466
16	128	2.5068
17	128	2.0525
18	128	1.9647
23	128	2.4332
24	128	2.5002
28	128	2.523
29	128	2.0767
30	128	2.0739
33	128	2.1378
34	128	2.9183
38	128	3.5595
39	128	3.2594
40	128	2.2505
41	128	2.7627
42	128	2.8794
44	128	2.2868
45	128	2.7801
49	128	3.7442
54	128	2.3866
72	128	1.9243
85	128	2.6115
104	128	-1.913
105	128	-1.9237
106	128	-1.8273
107	128	-1.0759
108	128	-1.7669
109	128	-0.97946
110	128	-1.6444
111	128	-1.9588
114	128	-0.7532
115	128	8.5774
34	129	1.7768
41	129	1.7612
42	129	1.6652
44	129	1.8023
45	129	1.6464
54	129	1.7572
56	129	2.9772
57	129	3.0377
67	129	2.881
79	129	2.8628
80	129	2.8159
107	129	-2.4254
109	129	-2.1643
114	129	-2.0744
127	129	-1.6571
34	130	3.1384
41	130	2.9429
42	130	3.1179
44	130	2.5371
45	130	3.0713
54	130	2.6297
55	130	4.191
64	130	3.321
65	130	3.6739
66	130	3.887
78	130	3.6459
89	130	3.7327
107	130	-2.1032
109	130	-1.9637
112	130	-1.7541
114	130	-1.5553
116	130	-2.013
117	130	-1.9723
119	130	-1.2175
120	130	-2.1129
123	130	-2.295
125	130	-2.1758
126	130	-2.3756
129	130	-2.0497
34	131	1.8777
41	131	1.7415
42	131	1.793
43	131	2.3424
44	131	1.3892
45	131	1.6655
50	131	2.2334
54	131	1.3808
107	131	-1.0347
109	131	-0.9737
114	131	-0.79855
118	131	-1.8756
121	131	-2.0791
124	131	-2.3706
128	131	-1.9497
34	132	1.6559
41	132	1.5264
42	132	1.5685
43	132	2.0901
44	132	1.1739
45	132	1.4412
50	132	1.9813
54	132	1.1697
107	132	-0.87913
109	132	-0.82129
114	132	-0.64825
118	132	-1.9593
121	132	-2.1629
124	132	-2.0482
128	132	-1.6929
offset
60
