136
detection	body_part	cost
1	11	0.55865
2	4	-2.0322
3	9	-2.1718
4	9	-0.52662
5	11	9.2102
6	11	9.2102
7	3	-4.8174
8	4	-4.9614
9	10	-2.0187
10	3	-2.6353
11	4	-0.39336
12	12	0.45
13	11	9.2102
14	11	-1.1833
15	3	0.87558
16	4	-1.6186
17	14	0.87907
18	11	9.2102
19	12	-0.96557
20	12	-0.58092
21	13	-1.3783
22	14	0.35635
23	14	-0.41429
24	1	-5.212
25	5	-1.4282
26	12	-0.36587
27	11	9.2102
28	1	-5.1499
29	5	-2.8393
30	12	0.32625
31	9	-0.08339
32	9	0.70162
33	10	0.43792
34	11	1.2103
35	2	-5.7802
36	1	0.11231
37	3	-1.6506
38	9	-0.78201
39	11	9.2102
40	10	1.2755
41	11	0.46719
42	3	-1.5362
43	5	-0.28486
44	4	-0.13194
45	4	-2.7423
46	9	-0.84046
47	4	0.22078
48	9	-0.91212
49	9	-0.1086
50	10	-0.78898
51	14	1.1757
52	6	-2.5272
53	6	-1.947
54	3	-5.161
55	4	-1.3986
56	4	-2.2266
57	4	-1.5915
58	5	-0.64111
59	10	0.31226
60	10	1.3664
61	11	9.2102
62	6	-0.072222
63	11	9.2102
64	3	0.94413
65	3	-3.3947
66	3	0.69569
67	5	-0.93392
68	5	-3.8231
69	5	-2.6167
70	14	1.0359
71	14	1.1935
72	11	9.2102
73	1	-0.82395
74	3	0.40175
75	1	-3.0215
76	1	0.72737
77	12	-0.21393
78	12	-1.0207
79	12	-1.3586
80	5	-2.0931
81	13	0.70726
82	2	-1.982
83	2	-1.2642
84	6	0.69901
85	1	-5.8595
86	12	-0.77433
87	12	-1.5767
88	12	-0.90162
89	12	0.20356
90	5	-0.36695
91	5	0.071065
92	13	0.56846
93	13	-0.59966
94	2	-3.6964
95	7	0.8179
96	12	-0.22795
97	12	-0.70899
98	13	-0.71137
99	14	0.44183
100	14	0.26302
101	6	0.28355
102	6	-1.1372
103	6	-2.1791
104	6	-1.9996
105	7	0.69023
106	7	-1.357
107	7	0.48425
108	8	-0.31466
109	8	0.74424
110	13	0.070219
111	13	-0.32969
112	13	-0.47088
113	14	0.81011
114	2	-0.82307
115	6	-2.6391
116	6	-2.9713
117	6	0.096206
118	8	-2.0229
119	8	0.66604
120	6	-1.0216
121	7	-1.1065
122	7	-2.3159
123	7	-1.0517
124	8	-0.63244
125	8	-0.59411
126	13	0.51077
127	14	0.871
128	7	-0.42969
129	7	0.20312
130	13	0.73198
131	14	1.2303
132	7	-2.1185
133	7	-0.42332
134	8	-2.8775
135	8	-0.68307
136	11	9.2102
detection1	detection2	cost
3	4	-3.7143
1	5	7.7607
1	6	0.30445
5	6	0.071429
2	8	-4.8231
7	10	-5.6071
2	11	-3.2674
8	11	-3.2674
1	13	19.6016
5	13	4.4715
6	13	11.8034
1	14	-1.5143
5	14	6.2802
6	14	-0.67521
13	14	17.1071
7	15	-3.7143
10	15	-5.6071
2	16	-1.5143
8	16	-3.7143
11	16	-3.2674
1	18	0.96511
5	18	12.262
6	18	5.1977
13	18	22.8448
14	18	-1.5143
12	19	-3.2674
12	20	-3.7143
19	20	-5.6071
17	22	-4.8231
17	23	-1.5143
22	23	-3.7143
12	26	-1.5143
19	26	-5.6071
20	26	-4.8231
1	27	8.5614
5	27	2.6933
6	27	2.6933
13	27	8.6726
14	27	3.5372
18	27	8.1089
24	28	-5.6071
25	29	-5.6071
12	30	0.30445
19	30	-3.7143
20	30	-3.2674
26	30	-5.6071
3	31	4.0138
4	31	4.0138
3	32	5.1977
4	32	4.0138
31	32	-3.7143
9	33	2.6933
1	34	11.2383
5	34	4.0138
6	34	5.1977
13	34	7.7607
14	34	6.1496
18	34	10.4572
27	34	-4.8231
24	36	-3.2674
28	36	-4.8231
7	37	9.9513
10	37	8.783
15	37	7.7607
3	38	5.8845
4	38	5.8845
31	38	-5.6071
32	38	-3.2674
1	39	24.6786
5	39	11.2383
6	39	17.1798
13	39	2.1517
14	39	20.6393
18	39	25.5573
27	39	9.9513
34	39	7.7607
9	40	4.0138
33	40	-1.5143
1	41	10.3572
5	41	6.9156
6	41	5.8845
13	41	11.9882
14	41	4.6202
18	41	7.7607
27	41	-3.2674
34	41	-3.2674
39	41	11.4286
7	42	8.783
10	42	7.2837
15	42	5.8845
37	42	-3.2674
25	43	-1.8214
29	43	-3.7143
2	44	8.1089
8	44	6.9156
11	44	4.0138
16	44	3.5372
2	45	9.4302
8	45	8.783
11	45	5.1977
16	45	5.8845
44	45	-3.7143
3	46	7.7607
4	46	7.7607
31	46	-3.7143
32	46	-2.1462
38	46	-5.6071
2	47	11.4286
8	47	11.2383
11	47	7.2837
16	47	8.783
44	47	0.071429
45	47	-3.7143
3	48	8.1089
4	48	7.6429
31	48	-3.2674
32	48	-3.2674
38	48	-4.8231
46	48	-5.6071
3	49	8.6726
4	49	7.7607
31	49	-2.1462
32	49	-3.7143
38	49	-3.2674
46	49	-3.7143
48	49	-5.6071
9	50	6.2802
33	50	-3.7143
40	50	-1.5143
17	51	3.5372
22	51	0.96511
23	51	0.071429
52	53	-5.6071
7	54	12.6213
10	54	11.2383
15	54	9.9513
37	54	-3.7143
42	54	-3.2674
2	55	10.4572
8	55	9.4302
11	55	6.2802
16	55	6.1496
44	55	-4.8231
45	55	-4.8231
47	55	-1.5143
2	56	11.1425
8	56	10.3572
11	56	6.9156
16	56	7.2837
44	56	-3.2674
45	56	-5.6071
47	56	-3.2674
55	56	-5.6071
2	57	11.9882
8	57	11.4286
11	57	7.7607
16	57	8.5614
44	57	-1.5143
45	57	-4.8231
47	57	-4.8231
55	57	-3.7143
56	57	-5.6071
25	58	9.4302
29	58	8.6726
43	58	7.7607
9	59	7.6429
33	59	-0.67521
40	59	-3.2674
50	59	-3.2674
9	60	7.7607
33	60	0.53071
40	60	-3.7143
50	60	-1.5143
59	60	-5.6071
1	61	72.8517
5	61	57.7693
6	61	65.0485
13	61	45.8033
14	61	69.7137
18	61	74.9643
27	61	59.4226
34	61	57.301
39	61	42.0408
41	61	60.8791
52	62	-3.2674
53	62	-4.8231
1	63	54.7632
5	63	39.9726
6	63	46.9998
13	63	28.0636
14	63	51.2701
18	63	56.3541
27	63	40.7586
34	63	38.5552
39	63	23.3135
41	63	42.0408
61	63	11.4286
7	64	11.1425
10	64	9.4302
15	64	7.7607
37	64	0.53071
42	64	-3.2674
54	64	-1.5143
7	65	14.0819
10	65	12.6213
15	65	11.2383
37	65	-1.8214
42	65	-2.1462
54	65	-5.6071
64	65	-1.8214
7	66	16.5921
10	66	15.293
15	66	14.0819
37	66	-0.67521
42	66	0.96511
54	66	-3.2674
64	66	1.9643
65	66	-3.7143
25	67	5.8845
29	67	4.6202
43	67	2.6933
58	67	-1.5143
25	68	8.783
29	68	7.7607
43	68	6.2802
58	68	-4.8231
67	68	-3.7143
25	69	10.3572
29	69	9.4302
43	69	8.1089
58	69	-5.6071
67	69	-1.8214
68	69	-5.6071
17	70	5.8845
22	70	4.4715
23	70	6.1496
51	70	0.96511
17	71	5.75
22	71	4.0138
23	71	5.1977
51	71	-0.67521
70	71	-5.6071
1	72	67.9298
5	72	52.9826
6	72	60.1415
13	72	41.0177
14	72	64.5779
18	72	69.7137
27	72	54.127
34	72	51.9369
39	72	36.6892
41	72	55.4215
61	72	-1.5143
63	72	5.8845
24	73	7.2837
28	73	5.8845
36	73	3.2076
7	74	15.6053
10	74	14.0819
15	74	12.6213
37	74	0.071429
42	74	-0.67521
54	74	-3.7143
64	74	-1.5143
65	74	-5.6071
66	74	-3.2674
24	75	11.4286
28	75	10.3572
36	75	7.7607
73	75	-1.8214
24	76	12.9744
28	76	11.9882
36	76	9.4302
73	76	0.071429
75	76	-5.6071
12	77	9.9513
19	77	5.8845
20	77	6.2802
26	77	4.0138
30	77	2.1517
12	78	9.6406
19	78	5.75
20	78	5.8845
26	78	3.8571
30	78	1.9643
77	78	-5.6071
12	79	9.5357
19	79	5.8845
20	79	5.75
26	79	4.0138
30	79	2.1517
77	79	-3.7143
78	79	-5.6071
25	80	11.4286
29	80	10.3572
43	80	8.6726
58	80	-3.7143
67	80	-1.5143
68	80	-4.8231
69	80	-5.6071
21	81	5.75
35	82	10.3572
35	83	11.9882
82	83	-5.6071
52	84	-1.5143
53	84	-1.8214
62	84	-3.2674
24	85	11.2383
28	85	9.9513
36	85	7.2837
73	85	-3.2674
75	85	-4.8231
76	85	-3.2674
12	86	11.8034
19	86	7.7607
20	86	8.1089
26	86	5.8845
30	86	4.0138
77	86	-5.6071
78	86	-4.8231
79	86	-3.2674
12	87	11.4286
19	87	7.7607
20	87	7.6429
26	87	5.8845
30	87	4.0138
77	87	-3.2674
78	87	-4.8231
79	87	-5.6071
86	87	-3.7143
12	88	11.523
19	88	8.1089
20	88	7.7607
26	88	6.2802
30	88	4.4715
77	88	-1.5143
78	88	-3.2674
79	88	-4.8231
86	88	-1.8214
87	88	-5.6071
12	89	11.8034
19	89	8.6726
20	89	8.1089
26	89	6.9156
30	89	5.1977
77	89	0.30445
78	89	-1.5143
79	89	-3.2674
86	89	0.071429
87	89	-3.7143
88	89	-5.6071
25	90	11.2383
29	90	9.9513
43	90	7.7607
58	90	-1.5143
67	90	-2.1462
68	90	-3.7143
69	90	-3.2674
80	90	-4.8231
25	91	12.6213
29	91	11.4286
43	91	9.4302
58	91	-1.8214
67	91	-0.67521
68	91	-3.2674
69	91	-3.7143
80	91	-5.6071
90	91	-5.6071
21	92	9.4302
81	92	0.30445
21	93	8.1089
81	93	-3.2674
92	93	-3.7143
35	94	11.4286
82	94	-5.6071
83	94	-4.8231
12	96	13.6628
19	96	9.6406
20	96	9.9513
26	96	7.7607
30	96	5.8845
77	96	-3.7143
78	96	-3.2674
79	96	-2.1462
86	96	-5.6071
87	96	-3.2674
88	96	-1.5143
89	96	0.30445
12	97	13.3214
19	97	9.6406
20	97	9.5357
26	97	7.7607
30	97	5.8845
77	97	-2.1462
78	97	-3.2674
79	97	-3.7143
86	97	-3.2674
87	97	-5.6071
88	97	-4.8231
89	97	-3.2674
96	97	-3.7143
21	98	9.9513
81	98	-2.1462
92	98	-3.2674
93	98	-5.6071
17	99	12.262
22	99	11.1425
23	99	12.9744
51	99	7.2837
70	99	-0.67521
71	99	0.53071
17	100	11.523
22	100	9.9513
23	100	11.1425
51	100	4.6202
70	100	-1.8214
71	100	-1.5143
99	100	-3.7143
52	101	3.5372
53	101	2.6933
62	101	0.30445
84	101	-2.1462
52	102	4.6202
53	102	3.5372
62	102	0.96511
84	102	-0.67521
101	102	-5.6071
52	103	5.8845
53	103	4.6202
62	103	1.9643
84	103	0.96511
101	103	-3.7143
102	103	-5.6071
52	104	7.2837
53	104	5.8845
62	104	3.2076
84	104	2.6933
101	104	-1.8214
102	104	-3.7143
103	104	-5.6071
95	105	-3.2674
95	106	-5.6071
105	106	-3.7143
95	107	-4.8231
105	107	-1.8214
106	107	-5.6071
108	109	-1.8214
21	110	13.6628
81	110	3.5372
92	110	-3.2674
93	110	-0.67521
98	110	-1.5143
21	111	12.8867
81	111	1.9643
92	111	-3.7143
93	111	-2.1462
98	111	-3.2674
110	111	-5.6071
21	112	12.262
81	112	0.53071
92	112	-3.2674
93	112	-3.2674
98	112	-4.8231
110	112	-3.7143
111	112	-5.6071
17	113	14.6553
22	113	13.6628
23	113	15.6053
51	113	9.9513
70	113	1.9643
71	113	3.2076
99	113	-4.8231
100	113	-1.5143
35	114	15.293
82	114	-1.5143
83	114	-1.8214
94	114	-3.2674
52	115	7.2837
53	115	6.1496
62	115	3.5372
84	115	1.9643
101	115	-3.2674
102	115	-4.8231
103	115	-5.6071
104	115	-4.8231
52	116	8.5614
53	116	7.2837
62	116	4.6202
84	116	3.5372
101	116	-1.5143
102	116	-3.2674
103	116	-4.8231
104	116	-5.6071
115	116	-5.6071
52	117	11.4286
53	117	9.9513
62	117	7.2837
84	117	6.9156
101	117	2.1517
102	117	0.30445
103	117	-1.5143
104	117	-3.2674
115	117	-1.8214
116	117	-3.7143
108	118	-4.8231
109	118	-3.2674
108	119	-1.5143
109	119	-5.6071
118	119	-3.7143
52	120	9.9513
53	120	8.783
62	120	6.1496
84	120	4.6202
101	120	-0.67521
102	120	-2.1462
103	120	-3.2674
104	120	-3.7143
115	120	-4.8231
116	120	-5.6071
117	120	-3.2674
95	121	-1.5143
105	121	-3.2674
106	121	-3.2674
107	121	-2.1462
95	122	-1.8214
105	122	-2.1462
106	122	-3.7143
107	122	-3.2674
121	122	-5.6071
95	123	-1.5143
105	123	-0.67521
106	123	-3.2674
107	123	-3.7143
121	123	-3.7143
122	123	-5.6071
108	124	-3.7143
109	124	-0.67521
118	124	-4.8231
119	124	-1.5143
108	125	-2.1462
109	125	-3.2674
118	125	-4.8231
119	125	-4.8231
124	125	-3.7143
21	126	16.443
81	126	4.6202
92	126	0.071429
93	126	0.96511
98	126	-0.67521
110	126	-3.2674
111	126	-3.7143
112	126	-3.2674
17	127	17.7539
22	127	16.443
23	127	17.8953
51	127	11.4286
70	127	4.4715
71	127	5.1977
99	127	-1.8214
100	127	-0.67521
113	127	-3.2674
95	128	4.6202
105	128	0.53071
106	128	3.5372
107	128	5.1977
121	128	0.30445
122	128	2.1517
123	128	4.0138
95	129	0.30445
105	129	0.53071
106	129	-1.5143
107	129	-1.8214
121	129	-3.2674
122	129	-4.8231
123	129	-5.6071
128	129	3.8571
21	130	18.8644
81	130	7.2837
92	130	2.1517
93	130	3.5372
98	130	1.9643
110	130	-1.8214
111	130	-1.5143
112	130	-0.67521
126	130	-4.8231
17	131	21.885
22	131	20.6393
23	131	22.1279
51	131	15.6053
70	131	8.6726
71	131	9.4302
99	131	2.1517
100	131	3.5372
113	131	0.071429
127	131	-3.2674
95	132	6.1496
105	132	2.6933
106	132	4.6202
107	132	5.8845
121	132	0.53071
122	132	1.9643
123	132	3.5372
128	132	-3.2674
129	132	2.6933
95	133	7.7607
105	133	4.4715
106	133	6.1496
107	133	7.2837
121	133	1.9643
122	133	3.2076
123	133	4.6202
128	133	-1.5143
129	133	3.5372
132	133	-5.6071
108	134	12.9744
109	134	16.5921
118	134	12.6213
119	134	15.293
124	134	9.9513
125	134	12.6213
108	135	13.6628
109	135	16.7404
118	135	12.9744
119	135	15.293
124	135	10.3572
125	135	12.6213
134	135	-4.8231
1	136	63.5515
5	136	52.8937
6	136	57.2457
13	136	44.1996
14	136	58.0978
18	136	60.8791
27	136	47.5232
34	136	44.8538
39	136	34.8256
41	136	46.0381
61	136	36.6892
63	136	26.624
72	136	31.5222
2	7	-2.2746
7	8	-2.3831
1	9	-1.8471
3	9	-2.297
4	9	-2.1431
5	9	-0.68809
6	9	-1.872
2	10	-2.008
8	10	-2.0616
7	11	-2.4149
10	11	-1.9261
9	13	6.1154
9	14	-2.0502
2	15	-1.7137
8	15	-1.6867
11	15	-1.5586
7	16	-2.2217
10	16	-1.7432
15	16	-1.3534
9	18	-1.9342
12	21	-2.2454
17	21	-2.1597
19	21	-1.7455
20	21	-1.6183
21	22	-1.8075
21	23	-1.924
1	24	-1.538
2	24	-2.0432
3	24	-2.0182
4	24	-1.8963
5	24	-1.5041
6	24	-1.5248
7	24	-2.4659
8	24	-2.1306
9	24	-1.8
10	24	-2.3224
11	24	-1.8863
12	24	-1.4938
13	24	-0.80292
14	24	-1.506
15	24	-1.9998
16	24	-1.598
17	24	-1.3939
18	24	-1.4152
19	24	-1.7008
20	24	-1.4407
21	24	-1.3065
22	24	-1.5266
23	24	-1.4425
2	25	-1.8373
8	25	-2.0991
11	25	-1.8321
16	25	-1.2807
24	25	-1.0227
21	26	-1.2869
24	26	-1.7946
9	27	0.75241
24	27	-0.7229
1	28	-1.3632
2	28	-2.3181
3	28	-1.8437
4	28	-1.6172
5	28	-1.3494
6	28	-1.372
7	28	-2.3828
8	28	-2.3102
9	28	-1.6005
10	28	-2.2225
11	28	-2.0997
12	28	-1.2425
13	28	-1.051
14	28	-1.3394
15	28	-2.1404
16	28	-1.9914
17	28	-1.2336
18	28	-1.2397
19	28	-1.6004
20	28	-1.7185
21	28	-1.0876
22	28	-1.3719
23	28	-1.2848
25	28	-1.3267
26	28	-1.7481
27	28	-0.89059
2	29	-2.2052
8	29	-2.0809
11	29	-2.0844
16	29	-1.555
24	29	-1.2354
28	29	-1.5437
21	30	-0.5544
24	30	-1.6486
28	30	-1.9429
9	31	0.049582
24	31	0.35588
28	31	0.15696
9	32	0.50476
24	32	0.65035
28	32	0.49241
1	33	-0.43036
3	33	0.1931
4	33	0.49325
5	33	0.70516
6	33	-0.22432
13	33	3.3361
14	33	-0.83215
18	33	-1.0221
24	33	-0.034096
27	33	-2.1828
28	33	-0.21427
31	33	-2.0964
32	33	-1.8131
9	34	1.5772
24	34	-0.22455
28	34	-0.39419
33	34	-1.4865
24	35	-2.2624
28	35	-2.0952
1	36	-1.161
2	36	-1.7419
3	36	-1.3985
4	36	-1.3017
5	36	-1.1506
6	36	-1.1451
7	36	-1.9395
8	36	-1.6991
9	36	-1.3852
10	36	-1.7478
11	36	-1.6477
12	36	-0.83293
13	36	-1.2882
14	36	-1.1458
15	36	-1.5912
16	36	-1.6957
17	36	-1.0059
18	36	-1.0331
19	36	-1.1872
20	36	-1.4378
21	36	-0.86614
22	36	-1.1564
23	36	-1.0906
25	36	-1.7097
26	36	-1.3624
27	36	-1.0596
29	36	-1.9245
30	36	-1.7575
31	36	-0.16574
32	36	0.2239
33	36	-0.37712
34	36	-0.55274
35	36	-2.0051
2	37	2.7496
8	37	3.2938
11	37	2.2989
16	37	3.4164
24	37	2.2584
28	37	2.0442
36	37	1.76
9	38	0.28411
24	38	0.71948
28	38	0.53228
33	38	-2.0615
36	38	0.23973
9	39	5.1305
24	39	0.93151
28	39	0.71936
33	39	5.4717
36	39	0.52803
1	40	0.20285
3	40	0.21311
4	40	0.41127
5	40	2.0183
6	40	0.75105
13	40	4.3627
14	40	-0.16806
18	40	-0.6064
24	40	0.040657
27	40	-0.52923
28	40	-0.11748
31	40	-1.662
32	40	-1.6227
34	40	-1.0517
36	40	-0.26058
38	40	-1.9788
39	40	5.8227
9	41	0.91979
24	41	-0.35465
28	41	-0.51125
33	41	-1.5252
36	41	-0.65408
40	41	-1.8449
2	42	2.019
8	42	2.4247
11	42	1.6157
16	42	2.3182
24	42	2.667
28	42	2.4205
36	42	2.1502
2	43	-2.1368
8	43	-1.7618
11	43	-2.2632
16	43	-1.5026
24	43	-1.0652
28	43	-1.3979
36	43	-1.7153
7	44	-0.026665
10	44	-0.056599
15	44	-0.17207
24	44	1.1068
25	44	3.7144
28	44	0.94672
29	44	3.803
36	44	0.67639
37	44	-1.6612
42	44	-1.9871
43	44	3.8229
7	45	0.2286
10	45	0.2287
15	45	0.14979
24	45	1.0035
25	45	5.4668
28	45	0.87595
29	45	5.5747
36	45	0.63604
37	45	-1.7792
42	45	-2.4578
43	45	3.6033
9	46	0.4568
24	46	0.92194
28	46	0.74254
33	46	-1.6618
36	46	0.47454
40	46	-2.2565
7	47	0.39207
10	47	0.41636
15	47	0.36631
24	47	1.2083
25	47	5.9186
28	47	1.1198
29	47	5.1965
36	47	0.91136
37	47	-1.7462
42	47	-1.968
43	47	3.5508
9	48	0.52188
24	48	0.89795
28	48	0.73248
33	48	-1.5601
36	48	0.47967
40	48	-2.2641
9	49	0.70285
24	49	0.89212
28	49	0.74005
33	49	-1.3469
36	49	0.50114
40	49	-2.2065
1	50	-0.024565
3	50	0.51848
4	50	0.84178
5	50	1.0803
6	50	0.24747
13	50	2.9886
14	50	-0.32896
18	50	-0.58149
24	50	0.17301
27	50	-1.1488
28	50	-0.0054905
31	50	-1.5813
32	50	-1.292
34	50	-1.6412
36	50	-0.14979
38	50	-2.0095
39	50	4.4209
41	50	-2.0924
46	50	-2.0622
48	50	-1.9176
49	50	-1.8588
21	51	-0.12784
24	51	-1.4303
28	51	-1.5469
36	51	-1.6982
24	52	-2.5288
28	52	-2.3576
36	52	-1.72
24	53	-2.3644
28	53	-1.9127
36	53	-2.0562
2	54	2.4619
8	54	2.9192
11	54	2.2022
16	54	3.0437
24	54	2.7093
28	54	2.5304
36	54	2.337
44	54	-1.0088
45	54	-1.9488
47	54	-2.3733
7	55	-0.032096
10	55	-0.039346
15	55	-0.12851
24	55	1.0174
25	55	3.9612
28	55	0.8819
29	55	4.2236
36	55	0.65155
37	55	-1.483
42	55	-2.0536
43	55	4.4344
54	55	-1.3944
7	56	0.11445
10	56	0.12049
15	56	0.047429
24	56	0.93701
25	56	4.5462
28	56	0.8141
29	56	4.6602
36	56	0.59257
37	56	-1.5843
42	56	-2.2668
43	56	4.9396
54	56	-1.7125
7	57	0.17494
10	57	0.19124
15	57	0.13061
24	57	0.93696
25	57	5.2063
28	57	0.8304
29	57	5.2059
36	57	0.61922
37	57	-1.6921
42	57	-2.2627
43	57	5.1375
54	57	-1.8912
2	58	0.0050499
8	58	-0.30224
11	58	-0.1446
16	58	-0.63424
24	58	0.28988
28	58	0.13049
36	58	-0.080371
44	58	-1.7506
45	58	-1.7956
47	58	-1.5776
55	58	-1.8242
56	58	-1.8529
57	58	-1.7175
1	59	0.45603
3	59	0.50623
4	59	0.75125
5	59	1.853
6	59	0.8991
13	59	3.6528
14	59	0.19818
18	59	-0.19426
24	59	0.29062
27	59	-0.011729
28	59	0.1295
31	59	-1.3118
32	59	-1.215
34	59	-0.17457
36	59	0.0021691
38	59	-1.6529
39	59	4.4448
41	59	-1.119
46	59	-1.9785
48	59	-1.8585
49	59	-1.7687
1	60	0.58972
3	60	0.49147
4	60	0.70144
5	60	2.1485
6	60	1.1203
13	60	3.9555
14	60	0.3473
18	60	-0.11738
24	60	0.25435
27	60	0.43187
28	60	0.099179
31	60	-1.236
32	60	-1.2295
34	60	0.44636
36	60	-0.027051
38	60	-1.539
39	60	4.6935
41	60	-0.78681
46	60	-1.8121
48	60	-1.7608
49	60	-1.7113
9	61	7.5487
24	61	7.8203
28	61	8.1212
33	61	7.9415
36	61	8.7629
40	61	8.3099
50	61	7.9627
59	61	8.1082
60	61	8.1855
24	62	-1.5914
28	62	-1.4053
36	62	-1.4776
9	63	6.4119
24	63	3.3105
28	63	2.966
33	63	6.902
36	63	3.0351
40	63	7.3527
50	63	7.1978
59	63	7.3077
60	63	7.383
2	64	1.7006
8	64	2.0409
11	64	1.4463
16	64	1.9778
24	64	3.5579
28	64	3.377
36	64	3.2933
44	64	-1.1771
45	64	-1.7692
47	64	-1.8815
55	64	-1.287
56	64	-1.4612
57	64	-1.5042
2	65	2.2567
8	65	2.68
11	65	2.0553
16	65	2.8017
24	65	2.7725
28	65	2.6091
36	65	2.4573
44	65	-0.46074
45	65	-1.5142
47	65	-1.85
55	65	-0.92619
56	65	-1.2363
57	65	-1.4023
2	66	2.7219
8	66	3.1701
11	66	2.6103
16	66	3.4088
24	66	2.1802
28	66	2.0215
36	66	1.8532
44	66	0.87371
45	66	-0.96587
47	66	-1.6061
55	66	-0.57927
56	66	-0.92904
57	66	-1.1583
2	67	-1.0395
8	67	-1.385
11	67	-1.1715
16	67	-1.7584
24	67	-0.39983
28	67	-0.56435
36	67	-0.7627
44	67	-1.6188
45	67	-2.1579
47	67	-1.1969
55	67	-1.5753
56	67	-1.6336
57	67	-1.7941
2	68	-0.7342
8	68	-1.0659
11	68	-0.88475
16	68	-1.4277
24	68	-0.31623
28	68	-0.4582
36	68	-0.6424
44	68	-1.4181
45	68	-1.7832
47	68	-2.2225
55	68	-1.5405
56	68	-1.6463
57	68	-1.6524
2	69	-0.43449
8	69	-0.75493
11	69	-0.58541
16	69	-1.1026
24	69	-0.16581
28	69	-0.29846
36	69	-0.47375
44	69	-1.5556
45	69	-1.87
47	69	-2.0167
55	69	-1.6984
56	69	-1.7846
57	69	-1.7676
21	70	1.4431
24	70	-0.67588
28	70	-0.85713
36	70	-1.0552
21	71	1.157
24	71	-0.84407
28	71	-1.0189
36	71	-1.2216
9	72	7.3618
24	72	6.9495
28	72	7.1328
33	72	7.7286
36	72	7.8329
40	72	8.1154
50	72	7.9794
59	72	8.1056
60	72	8.1801
1	73	-0.030333
2	73	1.1372
3	73	0.99362
4	73	0.79346
5	73	0.087293
6	73	0.020485
7	73	0.43859
8	73	1.3828
9	73	0.17863
10	73	0.56023
11	73	0.90948
12	73	1.3921
13	73	0.093152
14	73	-0.33802
15	73	0.67547
16	73	1.3219
17	73	0.081628
18	73	-0.37222
19	73	1.2419
20	73	0.8567
21	73	0.49127
22	73	-0.098834
23	73	-0.11023
25	73	1.1069
26	73	1.0669
27	73	-1.1668
29	73	0.99518
30	73	0.67614
31	73	-1.4797
32	73	-1.6693
33	73	-1.569
34	73	-1.5472
35	73	0.9161
37	73	-1.5717
38	73	-1.9436
39	73	-0.7521
40	73	-1.56
41	73	-1.6061
42	73	-1.8638
43	73	0.16242
44	73	-2.2098
45	73	-2.084
46	73	-1.8204
47	73	-1.4555
48	73	-1.718
49	73	-1.5878
50	73	-1.634
51	73	-0.89269
52	73	3.2522
53	73	3.5418
54	73	-0.89145
55	73	-2.3319
56	73	-2.1747
57	73	-1.9188
58	73	-0.91258
59	73	-1.5641
60	73	-1.532
61	73	8.8928
62	73	3.0065
63	73	6.5571
64	73	-1.5577
65	73	-0.50927
66	73	-0.83455
67	73	-1.763
68	73	-1.7201
69	73	-1.5056
70	73	-1.4907
71	73	-1.4104
72	73	8.8256
2	74	2.1605
8	74	2.5538
11	74	2.0021
16	74	2.6683
24	74	2.8233
28	74	2.6773
36	74	2.564
44	74	-0.0841
45	74	-1.2696
47	74	-1.4615
55	74	-0.63051
56	74	-0.91129
57	74	-1.0474
73	74	0.0010384
1	75	0.21066
2	75	1.9944
3	75	1.9329
4	75	1.6192
5	75	0.35885
6	75	0.26438
7	75	0.55575
8	75	2.311
9	75	0.50073
10	75	0.68895
11	75	1.8412
12	75	2.4139
13	75	0.51376
14	75	-0.13206
15	75	0.81193
16	75	2.4225
17	75	0.28402
18	75	-0.16125
19	75	2.3425
20	75	1.8873
21	75	0.82015
22	75	0.085465
23	75	0.059768
25	75	2.4078
26	75	2.1508
27	75	-0.9689
29	75	2.3256
30	75	1.7443
31	75	-0.4861
32	75	-1.3466
33	75	-1.4653
34	75	-1.3364
35	75	0.73974
37	75	-1.6791
38	75	-1.0342
39	75	-0.91471
40	75	-1.5948
41	75	-1.434
42	75	-0.62962
43	75	1.5128
44	75	-0.81091
45	75	-1.8499
46	75	-1.4727
47	75	-1.8559
48	75	-1.7412
49	75	-1.7991
50	75	-1.6472
51	75	-0.76199
52	75	2.5274
53	75	2.662
54	75	-1.684
55	75	-1.5109
56	75	-1.6558
57	75	-1.8102
58	75	-0.99905
59	75	-1.5429
60	75	-1.5134
61	75	8.9801
62	75	2.1296
63	75	7.9007
64	75	0.47722
65	75	-1.334
66	75	-0.99883
67	75	-1.5061
68	75	-1.6787
69	75	-1.5426
70	75	-1.4048
71	75	-1.3308
72	75	8.8573
74	75	-1.0167
1	76	0.22302
2	76	2.241
3	76	2.0692
4	76	1.719
5	76	0.4491
6	76	0.30629
7	76	0.53723
8	76	2.5713
9	76	0.54585
10	76	0.6704
11	76	2.1304
12	76	2.5681
13	76	0.69509
14	76	-0.13091
15	76	0.79183
16	76	2.7389
17	76	0.37421
18	76	-0.16803
19	76	2.5478
20	76	2.0657
21	76	0.89589
22	76	0.1636
23	76	0.12093
25	76	2.8041
26	76	2.3659
27	76	-0.87218
29	76	2.7684
30	76	1.972
31	76	-0.25989
32	76	-1.2072
33	76	-1.3791
34	76	-1.2216
35	76	0.67641
37	76	-1.2151
38	76	-0.80609
39	76	-0.95141
40	76	-1.694
41	76	-1.2861
42	76	-0.36192
43	76	2.0961
44	76	-0.12256
45	76	-1.4277
46	76	-1.264
47	76	-1.9931
48	76	-1.5982
49	76	-1.8863
50	76	-1.6734
51	76	-0.72374
52	76	2.3252
53	76	2.4393
54	76	-1.0118
55	76	-1.1602
56	76	-1.3684
57	76	-1.563
58	76	-1.0721
59	76	-1.454
60	76	-1.4532
61	76	9.0129
62	76	1.9255
63	76	8.0498
64	76	0.46797
65	76	-0.10041
66	76	-0.87785
67	76	-1.4565
68	76	-1.6471
69	76	-1.5784
70	76	-1.3348
71	76	-1.2693
72	76	8.8754
74	76	1.4515
21	77	0.9404
24	77	0.094157
28	77	-0.1238
36	77	-0.37537
73	77	-1.7197
75	77	-1.3495
76	77	-1.3974
21	78	1.1127
24	78	-0.021877
28	78	-0.22499
36	78	-0.47498
73	78	-1.7862
75	78	-1.4099
76	78	-1.464
21	79	1.2836
24	79	-0.057723
28	79	-0.24524
36	79	-0.48876
73	79	-1.9124
75	79	-1.5238
76	79	-1.5878
2	80	-0.87608
8	80	-1.2086
11	80	-1.0251
16	80	-1.2998
24	80	-0.2761
28	80	-0.40843
36	80	-0.57508
44	80	-1.3565
45	80	-1.7379
47	80	-2.248
55	80	-1.4953
56	80	-1.6005
57	80	-1.7828
73	80	-1.7389
75	80	-1.809
76	80	-1.8129
12	81	0.51474
17	81	1.1129
19	81	-0.074969
20	81	-0.026267
22	81	0.73736
23	81	0.50433
24	81	-0.55552
26	81	-0.39424
28	81	-0.72335
30	81	-1.0726
36	81	-0.91293
51	81	-0.85965
70	81	-1.1777
71	81	-1.3113
73	81	-1.6629
75	81	-1.5317
76	81	-1.5393
77	81	-1.4518
78	81	-1.4342
79	81	-1.47
24	82	3.1327
28	82	3.2899
36	82	2.881
73	82	-1.7598
75	82	-1.7058
76	82	-1.6861
24	83	3.565
28	83	3.778
36	83	3.4588
73	83	-1.8872
75	83	-1.7409
76	83	-1.7236
24	84	-1.7628
28	84	-1.7635
36	84	-2.1063
73	84	1.2741
75	84	1.234
76	84	1.1508
1	85	0.26187
2	85	1.6327
3	85	1.6967
4	85	1.433
5	85	0.44601
6	85	0.33955
7	85	0.52411
8	85	1.9105
9	85	0.5382
10	85	0.64601
11	85	1.4915
12	85	2.1615
13	85	0.58377
14	85	-0.053643
15	85	0.75866
16	85	1.9735
17	85	0.39854
18	85	-0.10607
19	85	2.1066
20	85	1.6874
21	85	0.89162
22	85	0.20598
23	85	0.17323
25	85	1.7439
26	85	1.9546
27	85	-0.82385
29	85	1.6975
30	85	1.6007
31	85	-0.52136
32	85	-1.3585
33	85	-1.3614
34	85	-1.189
35	85	0.46145
37	85	-2.2496
38	85	-0.98636
39	85	-1.0582
40	85	-1.6698
41	85	-1.2996
42	85	-1.2804
43	85	1.0512
44	85	-0.9776
45	85	-1.7048
46	85	-1.314
47	85	-2.0812
48	85	-1.585
49	85	-1.8342
50	85	-1.6443
51	85	-0.62092
52	85	3.0875
53	85	3.2796
54	85	-2.3303
55	85	-1.3185
56	85	-1.4315
57	85	-1.5636
58	85	-1.5791
59	85	-1.7925
60	85	-1.7447
61	85	8.738
62	85	2.8315
63	85	7.0448
64	85	-0.32384
65	85	-2.0812
66	85	-1.6894
67	85	-1.5492
68	85	-1.6992
69	85	-1.8727
70	85	-1.1982
71	85	-1.1313
72	85	8.5496
74	85	-1.6764
77	85	-0.7652
78	85	-0.93346
79	85	-1.1285
80	85	-1.8355
81	85	-1.4639
82	85	-1.8803
83	85	-1.8262
84	85	1.744
21	86	0.84579
24	86	0.23737
28	86	0.035249
36	86	-0.18267
73	86	-1.7873
75	86	-1.3502
76	86	-1.0816
81	86	-1.568
85	86	-1.3403
21	87	1.2347
24	87	0.035213
28	87	-0.14295
36	87	-0.36248
73	87	-2.2627
75	87	-1.6824
76	87	-1.6485
81	87	-1.4191
85	87	-1.5069
21	88	1.49
24	88	0.030822
28	88	-0.13538
36	88	-0.34997
73	88	-2.136
75	88	-1.6945
76	88	-1.707
81	88	-1.2297
85	88	-1.6509
21	89	1.7913
24	89	0.048507
28	89	-0.10584
36	89	-0.31468
73	89	-1.9931
75	89	-1.6869
76	89	-1.7326
81	89	-0.96179
85	89	-1.7749
2	90	-1.0331
8	90	-0.9966
11	90	-1.0392
16	90	-0.95704
24	90	-0.26064
28	90	-0.39791
36	90	-0.55509
44	90	-1.2364
45	90	-1.6398
47	90	-2.056
55	90	-1.0364
56	90	-1.1472
57	90	-1.4048
73	90	-1.8856
75	90	-2.018
76	90	-1.9816
85	90	-1.7806
2	91	-1.1087
8	91	-1.0744
11	91	-1.0931
16	91	-1.0269
24	91	-0.23749
28	91	-0.36728
36	91	-0.52137
44	91	-1.2638
45	91	-1.6941
47	91	-2.2154
55	91	-1.192
56	91	-1.3067
57	91	-1.5666
73	91	-1.7956
75	91	-1.8845
76	91	-1.8567
85	91	-1.796
12	92	1.4274
17	92	0.6586
19	92	0.84113
20	92	0.99781
22	92	0.36924
23	92	0.26805
24	92	-0.41496
26	92	0.55405
28	92	-0.62441
30	92	-0.044403
36	92	-0.79409
51	92	-0.86426
70	92	-1.338
71	92	-1.389
73	92	-1.6793
75	92	-1.6074
76	92	-1.5482
77	92	-2.0028
78	92	-1.9842
79	92	-1.9598
85	92	-1.3429
86	92	-1.9489
87	92	-1.7535
88	92	-1.5466
89	92	-1.2828
12	93	1.0639
17	93	0.9855
19	93	0.48235
20	93	0.58585
22	93	0.66886
23	93	0.51419
24	93	-0.50609
26	93	0.18261
28	93	-0.69603
30	93	-0.45202
36	93	-0.87112
51	93	-0.69442
70	93	-1.1305
71	93	-1.2353
73	93	-1.778
75	93	-1.632
76	93	-1.588
77	93	-1.8571
78	93	-1.8487
79	93	-1.8328
85	93	-1.518
86	93	-1.9984
87	93	-1.8822
88	93	-1.6815
89	93	-1.4222
24	94	3.0287
28	94	3.1864
36	94	2.881
73	94	-2.3921
75	94	-2.2047
76	94	-2.1176
85	94	-2.6461
24	95	-1.0088
28	95	-1.2302
36	95	-1.3066
52	95	-0.91735
53	95	-0.73202
62	95	-1.2894
73	95	-0.93882
75	95	-1.0731
76	95	-0.77368
84	95	-0.55446
85	95	-0.40438
21	96	0.99604
24	96	0.40006
28	96	0.21504
36	96	0.028763
73	96	-1.4107
75	96	-0.81698
76	96	-0.31735
81	96	-1.3182
85	96	-1.6904
92	96	-1.5244
93	96	-1.6642
21	97	1.4878
24	97	0.064358
28	97	-0.10602
36	97	-0.30295
73	97	-1.9386
75	97	-1.5537
76	97	-1.2048
81	97	-0.95889
85	97	-1.7022
92	97	-0.99544
93	97	-1.2812
12	98	1.1101
17	98	1.3072
19	98	0.58328
20	98	0.67839
22	98	1.0214
23	98	0.87567
24	98	-0.59636
26	98	0.31306
28	98	-0.7844
30	98	-0.27382
36	98	-0.95081
51	98	-0.23207
70	98	-0.61568
71	98	-0.71327
73	98	-1.7482
75	98	-1.8159
76	98	-1.7051
77	98	-2.2101
78	98	-2.2453
79	98	-2.3147
85	98	-1.5043
86	98	-2.1036
87	98	-2.4007
88	98	-2.2608
89	98	-2.0921
96	98	-1.9814
97	98	-1.7236
21	99	2.4919
24	99	-0.16245
28	99	-0.33962
36	99	-0.52341
73	99	-1.3789
75	99	-1.2613
76	99	-1.1649
81	99	-0.14387
85	99	-1.5284
92	99	-1.8112
93	99	-1.6326
98	99	-1.5008
21	100	1.9661
24	100	-0.46549
28	100	-0.63278
36	100	-0.82219
73	100	-1.675
75	100	-1.5379
76	100	-1.4458
81	100	-0.96548
85	100	-1.5016
92	100	-1.9808
93	100	-1.9994
98	100	-1.6193
24	101	-0.53806
28	101	-0.54585
36	101	-0.69477
73	101	-1.5797
75	101	-0.44354
76	101	-0.33434
85	101	-0.12074
95	101	0.38121
24	102	-0.24237
28	102	-0.23989
36	102	-0.34499
73	102	-1.6983
75	102	-0.87985
76	102	-0.67929
85	102	-0.67411
95	102	0.58779
24	103	-0.25347
28	103	-0.23863
36	103	-0.31194
73	103	-1.8018
75	103	-1.1174
76	103	-0.80942
85	103	-1.2015
95	103	0.60517
24	104	-0.39853
28	104	-0.36947
36	104	-0.41563
73	104	-1.6236
75	104	-1.3729
76	104	-0.94949
85	104	-1.9362
95	104	0.62759
24	105	-1.6683
28	105	-1.7128
36	105	-1.6801
52	105	-1.6241
53	105	-1.4662
62	105	-2.1211
73	105	-1.2859
75	105	-0.96621
76	105	-0.4753
84	105	-1.1747
85	105	-1.2805
101	105	0.05584
102	105	0.24254
103	105	0.22109
104	105	0.20272
24	106	-1.1213
28	106	-1.3394
36	106	-1.4084
52	106	-1.1723
53	106	-0.98739
62	106	-1.6045
73	106	-1.2776
75	106	-1.0537
76	106	-0.74754
84	106	-0.84304
85	106	-0.99161
101	106	0.064447
102	106	0.23796
103	106	0.19197
104	106	0.12171
24	107	-0.7707
28	107	-0.97701
36	107	-1.0454
52	107	-0.96404
53	107	-0.77095
62	107	-1.3743
73	107	-1.3629
75	107	-0.93529
76	107	-0.69752
84	107	-0.68384
85	107	-1.0851
101	107	0.095797
102	107	0.26584
103	107	0.21907
104	107	-0.014283
24	108	-0.75107
28	108	-0.92896
36	108	-0.94713
73	108	-1.5234
75	108	-1.1332
76	108	-0.97176
85	108	-1.2277
95	108	-0.98699
105	108	-1.1388
106	108	-0.8773
107	108	-0.43708
24	109	-0.47893
28	109	-0.64427
36	109	-0.66687
73	109	-1.2385
75	109	-1.2657
76	109	-1.1882
85	109	-1.034
95	109	-0.6846
105	109	-1.0695
106	109	-0.9739
107	109	-0.5489
12	110	1.5838
17	110	0.93915
19	110	1.1214
20	110	1.2607
22	110	0.69177
23	110	0.60386
24	110	-0.46881
26	110	0.90565
28	110	-0.67822
30	110	0.42545
36	110	-0.82609
51	110	-0.40088
70	110	-0.8565
71	110	-0.89116
73	110	-1.4315
75	110	-1.5728
76	110	-1.356
77	110	-1.5271
78	110	-1.4572
79	110	-1.174
85	110	-1.2658
86	110	-1.3583
87	110	-1.3104
88	110	-1.0449
89	110	-0.50863
96	110	-1.5432
97	110	-1.7059
99	110	-1.672
100	110	-1.7247
12	111	1.369
17	111	1.1565
19	111	0.89638
20	111	1.0174
22	111	0.90335
23	111	0.7993
24	111	-0.63644
26	111	0.66727
28	111	-0.83985
30	111	0.15928
36	111	-0.99171
51	111	-0.2169
70	111	-0.63377
71	111	-0.68695
73	111	-1.3685
75	111	-1.5672
76	111	-1.5475
77	111	-1.6734
78	111	-1.6862
79	111	-1.5895
85	111	-1.213
86	111	-1.4606
87	111	-1.4964
88	111	-1.4382
89	111	-1.1896
96	111	-1.6077
97	111	-1.8491
99	111	-1.4511
100	111	-1.5706
12	112	1.193
17	112	1.2321
19	112	0.7129
20	112	0.81785
22	112	0.96654
23	112	0.83813
24	112	-0.64382
26	112	0.4737
28	112	-0.83861
30	112	-0.056853
36	112	-0.99251
51	112	-0.20703
70	112	-0.5681
71	112	-0.65011
73	112	-1.5249
75	112	-1.6615
76	112	-1.6098
77	112	-1.827
78	112	-1.8819
79	112	-2.0224
85	112	-1.3442
86	112	-1.5764
87	112	-1.666
88	112	-1.6586
89	112	-1.6192
96	112	-1.6689
97	112	-1.9885
99	112	-1.4073
100	112	-1.5908
21	113	2.6983
24	113	-0.072788
28	113	-0.25089
36	113	-0.42928
73	113	-1.2829
75	113	-1.1356
76	113	-1.0234
81	113	0.91572
85	113	-1.4327
92	113	-1.1986
93	113	-0.73585
98	113	-1.7412
110	113	-2.0962
111	113	-1.8575
112	113	-1.8425
24	114	2.8367
28	114	3.0183
36	114	2.8804
73	114	-1.0564
75	114	-1.6495
76	114	-1.6452
85	114	-1.0992
24	115	-0.21621
28	115	-0.21896
36	115	-0.30638
73	115	-1.8182
75	115	-1.5191
76	115	-1.1937
85	115	-1.6829
95	115	1.0407
105	115	0.9088
106	115	0.66518
107	115	0.59457
24	116	-0.39393
28	116	-0.38305
36	116	-0.44772
73	116	-1.8917
75	116	-1.8553
76	116	-1.2724
85	116	-2.1436
95	116	1.2414
105	116	1.1821
106	116	0.81465
107	116	0.70445
24	117	-0.56831
28	117	-0.53674
36	117	-0.55863
73	117	-1.5379
75	117	-1.3736
76	117	-0.97988
85	117	-1.8777
95	117	1.0643
105	117	1.6734
106	117	0.38802
107	117	0.13301
24	118	-0.98292
28	118	-1.1606
36	118	-1.1771
73	118	-1.4202
75	118	-1.453
76	118	-1.3053
85	118	-1.2658
95	118	-1.4159
105	118	-1.6016
106	118	-1.5816
107	118	-1.2581
24	119	-0.93391
28	119	-1.1062
36	119	-1.1276
73	119	-1.0491
75	119	-1.4062
76	119	-1.5637
85	119	-0.90735
95	119	-1.1783
105	119	-1.5159
106	119	-1.5056
107	119	-1.0802
24	120	-0.46578
28	120	-0.46906
36	120	-0.54803
73	120	-2.0868
75	120	-1.6205
76	120	-1.2337
85	120	-2.026
95	120	1.747
105	120	1.9259
106	120	1.3999
107	120	1.2336
24	121	-1.0423
28	121	-0.90785
36	121	-0.97434
52	121	-1.9957
53	121	-1.9607
62	121	-1.7493
73	121	-1.1757
75	121	-1.8585
76	121	-1.5048
84	121	-1.5571
85	121	-1.3987
101	121	-0.49017
102	121	-0.40823
103	121	-0.62373
104	121	-0.98308
108	121	-1.0123
109	121	-1.6772
115	121	-0.010125
116	121	-0.062316
117	121	-1.9716
118	121	-1.9988
119	121	-1.9989
120	121	0.79583
24	122	-1.1817
28	122	-1.0789
36	122	-1.0717
52	122	-1.8587
53	122	-1.6763
62	122	-1.8625
73	122	-1.1889
75	122	-1.7417
76	122	-1.4216
84	122	-1.4059
85	122	-1.2883
101	122	-0.39678
102	122	-0.29189
103	122	-0.45802
104	122	-0.73861
108	122	-0.58848
109	122	-1.686
115	122	0.053882
116	122	0.038709
117	122	-1.4509
118	122	-1.849
119	122	-2.0791
120	122	0.75086
24	123	-1.3384
28	123	-1.2305
36	123	-1.206
52	123	-1.6125
53	123	-1.4198
62	123	-1.9504
73	123	-1.254
75	123	-1.5457
76	123	-1.2653
84	123	-1.2999
85	123	-1.269
101	123	-0.34429
102	123	-0.22445
103	123	-0.35841
104	123	-0.58969
108	123	-0.087797
109	123	-1.8525
115	123	0.079712
116	123	0.088775
117	123	-1.1952
118	123	-1.8294
119	123	-2.3608
120	123	0.70327
24	124	-1.5413
28	124	-1.4015
36	124	-1.3068
73	124	-1.3499
75	124	-1.8138
76	124	-1.6039
85	124	-1.3235
95	124	-1.3888
105	124	-2.426
106	124	-1.4728
107	124	-0.94212
121	124	-2.4995
122	124	-2.3271
123	124	-1.7787
24	125	-1.1923
28	125	-1.3686
36	125	-1.2692
73	125	-1.2848
75	125	-1.7286
76	125	-1.5894
85	125	-1.2093
95	125	-1.7344
105	125	-1.9989
106	125	-2.1
107	125	-1.7164
121	125	-2.6077
122	125	-2.4063
123	125	-1.8318
12	126	1.5561
17	126	1.5215
19	126	1.1532
20	126	1.2521
22	126	1.2978
23	126	1.1985
24	126	-0.35647
26	126	0.95914
28	126	-0.5453
30	126	0.50644
36	126	-0.66927
51	126	0.28011
70	126	0.004467
71	126	-0.067345
73	126	-1.5404
75	126	-1.221
76	126	-0.97038
77	126	-1.0824
78	126	-0.95711
79	126	-0.73419
85	126	-1.4611
86	126	-0.88549
87	126	-0.77812
88	126	-0.50914
89	126	-0.17944
96	126	-0.97629
97	126	-1.1118
99	126	-0.68396
100	126	-0.85057
113	126	-0.85742
21	127	2.6722
24	127	0.10592
28	127	-0.055702
36	127	-0.22105
73	127	-1.0078
75	127	-0.85326
76	127	-0.73736
81	127	1.0437
85	127	-1.1601
92	127	-0.46286
93	127	-0.058103
98	127	-0.70899
110	127	-1.4823
111	127	-1.5631
112	127	-1.3291
126	127	-1.9087
24	128	-0.59155
28	128	-0.49413
36	128	-0.70272
52	128	-0.97873
53	128	-1.1281
62	128	-0.54103
73	128	-1.5773
75	128	-0.17311
76	128	0.41577
84	128	-1.5269
85	128	-0.55611
101	128	-2.4296
102	128	-2.4585
103	128	-1.3475
104	128	-0.14989
108	128	1.0412
109	128	1.1127
115	128	-1.8259
116	128	-0.26505
117	128	2.6257
118	128	0.90574
119	128	1.0835
120	128	-0.3069
124	128	0.92896
125	128	0.87724
24	129	-1.1286
28	129	-1.042
36	129	-1.0423
52	129	-1.8085
53	129	-1.6106
62	129	-1.6423
73	129	-1.2947
75	129	-1.7239
76	129	-1.4303
84	129	-1.5271
85	129	-1.4326
101	129	-0.63456
102	129	-0.53947
103	129	-0.71647
104	129	-1.0318
108	129	0.0043654
109	129	-1.6595
115	129	-0.30329
116	129	-0.36008
117	129	-2.0142
118	129	-1.1982
119	129	-2.0915
120	129	0.26529
124	129	-0.95643
125	129	-1.8883
12	130	1.745
17	130	1.5477
19	130	1.3784
20	130	1.4775
22	130	1.3413
23	130	1.2596
24	130	-0.21818
26	130	1.2071
28	130	-0.40573
30	130	0.7952
36	130	-0.51171
51	130	0.3882
70	130	0.11238
71	130	0.054178
73	130	-1.3217
75	130	-0.88139
76	130	-0.59505
77	130	-0.60027
78	130	-0.42146
79	130	-0.15564
85	130	-1.3972
86	130	-0.48617
87	130	-0.13979
88	130	0.16968
89	130	0.52238
96	130	-0.57052
97	130	-0.52093
99	130	-0.49244
100	130	-0.63125
113	130	-0.61258
127	130	-1.5799
21	131	2.8684
24	131	-0.089736
28	131	-0.25095
36	131	-0.40628
73	131	-1.1505
75	131	-0.97229
76	131	-0.82814
81	131	1.6497
85	131	-1.3149
92	131	0.3036
93	131	0.77129
98	131	0.33338
110	131	-0.58327
111	131	-0.5297
112	131	-0.20915
126	131	-1.5826
130	131	-2.2295
24	132	-0.61007
28	132	-0.51906
36	132	-0.72523
52	132	-0.74907
53	132	-0.9378
62	132	-0.39097
73	132	-1.6869
75	132	-0.68252
76	132	-0.16697
84	132	-1.1802
85	132	-1.0315
101	132	-2.2022
102	132	-2.2715
103	132	-1.6302
104	132	-0.84032
108	132	1.6671
109	132	1.5716
115	132	-1.9257
116	132	-1.1845
117	132	1.3605
118	132	1.5078
119	132	1.594
120	132	-1.5888
124	132	1.6434
125	132	1.4512
24	133	-0.55149
28	133	-0.46645
36	133	-0.67679
52	133	-0.54363
53	133	-0.73552
62	133	-0.241
73	133	-1.6734
75	133	-0.68175
76	133	-0.2103
84	133	-0.92049
85	133	-0.96788
101	133	-1.8505
102	133	-1.9498
103	133	-1.4104
104	133	-0.73767
108	133	1.8066
109	133	1.6869
115	133	-1.6054
116	133	-1.0229
117	133	1.2242
118	133	1.6641
119	133	1.7274
120	133	-1.3117
124	133	1.8459
125	133	1.617
24	134	-0.30967
28	134	-0.26024
36	134	-0.45568
73	134	-1.1171
75	134	-0.14291
76	134	0.2897
85	134	-0.44258
95	134	1.0086
105	134	0.96254
106	134	1.371
107	134	1.3169
121	134	1.8372
122	134	2.1482
123	134	2.5524
128	134	-2.3659
129	134	2.7824
132	134	-1.98
133	134	-1.7793
24	135	-0.52988
28	135	-0.47951
36	135	-0.66578
73	135	-1.0405
75	135	-0.1362
76	135	0.27718
85	135	-0.42624
95	135	0.95664
105	135	0.92195
106	135	1.3048
107	135	1.2389
121	135	1.7299
122	135	2.0475
123	135	2.4693
128	135	-2.3183
129	135	2.6644
132	135	-2.2936
133	135	-2.3456
9	136	4.5061
24	136	2.1405
28	136	2.0442
33	136	4.2878
36	136	2.1511
40	136	4.7414
50	136	4.4342
59	136	4.7422
60	136	4.9139
73	136	2.1321
75	136	2.8467
76	136	3.1845
85	136	2.5496
offset
60
