118
detection	body_part	cost
1	8	-3.3357
2	8	-4.2388
3	8	-1.0407
4	7	-4.0488
5	7	-2.489
6	7	1.3416
7	6	-4.5664
8	12	1.3354
9	12	1.3813
10	6	-2.9534
11	12	-1.0948
12	11	9.2102
13	11	9.2102
14	12	-0.46907
15	11	9.2102
16	12	-2.151
17	13	0.8976
18	11	9.2102
19	11	9.2102
20	11	9.2102
21	1	-5.4449
22	11	9.2102
23	2	-4.8232
24	1	-0.64865
25	11	9.2102
26	11	9.2102
27	11	9.2102
28	10	1.1691
29	2	0.34836
30	11	9.2102
31	9	-0.028856
32	9	-1.7182
33	3	-2.7855
34	9	-1.0186
35	11	9.2102
36	11	9.2102
37	11	9.2102
38	11	9.2102
39	3	-4.4401
40	3	0.79522
41	11	9.2102
42	5	0.027859
43	5	-0.36839
44	9	1.3765
45	11	9.2102
46	4	0.58871
47	11	9.2102
48	11	9.2102
49	11	9.2102
50	8	-0.26781
51	5	0.25073
52	7	-0.67592
53	7	-2.4623
54	7	-0.98658
55	8	-1.128
56	8	-0.35649
57	5	0.4913
58	4	-0.9339
59	4	-4.8741
60	6	-3.1536
61	7	-2.2051
62	7	-4.1814
63	8	-1.6143
64	4	-3.8491
65	14	0.53644
66	11	9.2102
67	6	-4.0081
68	7	-3.2008
69	8	-1.1523
70	12	-0.12004
71	8	-0.26835
72	8	0.77668
73	11	9.2102
74	4	0.30083
75	13	0.79643
76	13	-1.3668
77	13	-0.31849
78	11	9.2102
79	11	9.2102
80	11	9.2102
81	12	-2.2275
82	13	-2.1237
83	13	-3.9668
84	14	-2.3196
85	14	-2.2937
86	11	9.2102
87	11	9.2102
88	12	-3.1736
89	11	-0.64845
90	14	-0.83932
91	1	-4.6452
92	11	9.2102
93	13	0.72521
94	10	0.43758
95	11	-2.1257
96	2	-4.4817
97	9	-0.40797
98	11	9.2102
99	10	-3.0591
100	1	0.5811
101	9	-2.6963
102	9	-1.7302
103	10	-1.7338
104	11	9.2102
105	3	-4.862
106	4	-1.0467
107	4	-1.0943
108	9	-1.7412
109	3	-3.6456
110	4	-2.0994
111	4	-3.1183
112	5	-2.9344
113	11	9.2102
114	5	-3.2497
115	11	9.2102
116	11	9.2102
117	11	9.2102
118	11	9.2102
detection1	detection2	cost
1	2	-5.6071
1	3	-2.1462
2	3	-3.2674
4	5	-5.6071
4	6	-3.2674
5	6	-3.7143
8	9	-1.8214
7	10	-4.8231
8	11	-3.2674
9	11	-4.8231
12	13	-5.6071
8	14	-3.2674
9	14	0.96511
11	14	-1.5143
12	15	47.5232
13	15	49.4118
8	16	-1.5143
9	16	-0.67521
11	16	-3.2674
14	16	-3.2674
12	18	55.2219
13	18	57.1072
15	18	0.30445
12	19	43.9217
13	19	45.8033
15	19	-3.2674
18	19	3.8571
12	20	61.0622
13	20	62.9438
15	20	6.2802
18	20	-1.5143
19	20	9.6406
12	22	11.4286
13	22	12.9744
15	22	32.9647
18	22	40.1609
19	22	28.9098
20	22	45.635
21	24	-3.2674
12	25	58.6147
13	25	60.4586
15	25	7.2837
18	25	2.1517
19	25	8.783
20	25	0.96511
22	25	41.8597
12	26	43.9913
13	26	45.8033
15	26	5.1977
18	26	8.783
19	26	2.1517
20	26	12.8867
22	26	26.7811
25	26	7.6429
12	27	42.1852
13	27	43.9913
15	27	6.1496
18	27	10.3572
19	27	2.6933
20	27	14.6553
22	27	24.9005
25	27	9.5357
26	27	-5.6071
23	29	-3.2674
12	30	39.2501
13	30	41.0177
15	30	9.9513
18	30	14.5743
19	30	6.1496
20	30	18.8644
22	30	21.4551
25	30	13.4073
26	30	-1.5143
27	30	-3.2674
31	32	-3.7143
31	34	-1.5143
32	34	-4.8231
12	35	14.5743
13	35	15.6053
15	35	38.5941
18	35	45.2968
19	35	34.4002
20	35	50.4103
22	35	0.96511
25	35	45.635
26	35	30.546
27	35	28.663
30	35	24.7342
12	36	12.8867
13	36	13.6628
15	36	42.1852
18	36	48.9694
19	36	38.0074
20	36	54.127
22	36	3.2076
25	36	49.4118
26	36	34.3146
27	36	32.4299
30	36	28.5141
35	36	-3.7143
12	37	11.4286
13	37	11.523
15	37	49.4432
18	37	56.3541
19	37	45.2968
20	37	61.5828
22	37	9.4302
25	37	56.9684
26	37	41.8597
27	37	39.9726
30	37	36.0768
35	37	3.8571
36	37	0.071429
12	38	61.9449
13	38	63.7529
15	38	12.9744
18	38	8.1089
19	38	13.9152
20	38	5.8845
22	38	44.4761
25	38	-1.5143
26	38	10.4572
27	38	12.262
30	38	15.5276
35	38	47.4255
36	38	51.2091
37	38	58.777
33	39	-4.8231
33	40	-1.5143
39	40	-3.7143
12	41	39.0581
13	41	40.7586
15	41	14.0819
18	41	18.2456
19	41	10.3572
20	41	22.1279
22	41	20.6393
25	41	15.9133
26	41	1.9643
27	41	0.53071
30	41	-3.2674
35	41	22.8448
36	41	26.624
37	41	34.1859
38	41	17.1071
42	43	-5.6071
31	44	0.96511
32	44	-2.1462
34	44	-4.8231
12	45	15.3715
13	45	16.2174
15	45	41.0177
18	45	47.6208
19	45	36.8106
20	45	52.6559
22	45	3.5372
25	45	47.6858
26	45	32.6536
27	45	30.7807
30	45	26.7811
35	45	-4.8231
36	45	-4.8231
37	45	2.1517
38	45	49.2857
41	45	24.6786
12	47	28.8606
13	47	30.3571
15	47	25.0659
18	47	30.593
19	47	20.8929
20	47	35.0367
22	47	9.9513
25	47	29.2526
26	47	14.6553
27	47	12.8867
30	47	8.6726
35	47	9.9513
36	47	13.6628
37	47	21.1441
38	47	30.4044
41	47	5.8845
45	47	11.523
12	48	20.8929
13	48	22.0674
15	48	34.8256
18	48	41.0177
19	48	30.593
20	48	45.8033
22	48	4.0138
25	48	40.4233
26	48	25.5573
27	48	23.7178
30	48	19.6016
35	48	-0.67521
36	48	2.6933
37	48	9.9513
38	48	41.7507
41	48	17.1798
45	48	0.30445
47	48	3.8571
12	49	50.9338
13	49	52.6559
15	49	13.4073
18	49	13.6628
19	49	11.523
20	49	15.293
22	49	32.6089
25	49	7.2837
26	49	2.6933
27	49	3.5372
30	49	4.6202
35	49	34.5282
36	49	38.2821
37	49	45.8033
38	49	6.2802
41	49	4.4715
45	49	36.2
47	49	17.1798
48	49	28.5141
1	50	37.173
2	50	35.6638
3	50	31.8878
42	51	-3.7143
43	51	-3.2674
4	52	29.833
5	52	28.2144
6	52	30.3571
4	53	28.9098
5	53	27.2482
6	53	29.2526
52	53	-5.6071
4	54	27.2998
5	54	25.5573
6	54	27.2482
52	54	-1.8214
53	54	-3.7143
1	55	38.7105
2	55	37.173
3	55	33.4488
50	55	-5.6071
1	56	36.6486
2	56	35.0367
3	56	31.4763
50	56	-3.2674
55	56	-3.7143
42	57	-1.8214
43	57	-1.5143
51	57	-5.6071
46	58	-2.1462
46	59	-3.7143
58	59	-3.7143
7	60	23.3135
10	60	21.885
4	61	31.4763
5	61	29.833
6	61	31.8878
52	61	-5.6071
53	61	-4.8231
54	61	-1.5143
4	62	30.593
5	62	28.9098
6	62	30.8274
52	62	-4.8231
53	62	-5.6071
54	62	-3.2674
61	62	-5.6071
1	63	39.2501
2	63	37.6517
3	63	34.0567
50	63	-3.2674
55	63	-4.8231
56	63	-4.8231
46	64	-1.8214
58	64	-3.2674
59	64	-5.6071
12	66	21.4551
13	66	21.885
15	66	47.5232
18	66	53.6601
19	66	43.2907
20	66	58.3431
22	66	11.9882
25	66	52.6559
26	66	38.0074
27	66	36.2
30	66	32.024
35	66	3.5372
36	66	2.1517
37	66	3.5372
38	66	53.5428
41	66	29.2526
45	66	0.96511
47	66	15.9133
48	66	5.1977
49	66	39.9726
7	67	25.1758
10	67	23.7178
60	67	-5.6071
4	68	32.295
5	68	30.593
6	68	32.4299
52	68	-3.2674
53	68	-3.7143
54	68	-2.1462
61	68	-4.8231
62	68	-5.6071
1	69	41.8597
2	69	40.2736
3	69	36.6486
50	69	-1.8214
55	69	-3.7143
56	69	-2.1462
63	69	-4.8231
8	70	29.833
9	70	33.0089
11	70	30.3571
14	70	25.6115
16	70	26.2014
1	71	39.9349
2	71	38.2821
3	71	34.8256
50	71	-0.67521
55	71	-2.1462
56	71	-3.7143
63	71	-4.8231
69	71	-3.7143
1	72	39.0581
2	72	37.3731
3	72	34.0136
50	72	0.53071
55	72	-0.67521
56	72	-3.2674
63	72	-3.2674
69	72	-1.8214
71	72	-5.6071
12	73	38.086
13	73	39.5176
15	73	26.2014
18	73	30.0721
19	73	22.4287
20	73	33.4488
22	73	19.269
25	73	26.3605
26	73	13.9152
27	73	12.6213
30	73	8.783
35	73	17.8953
36	73	21.3311
37	73	28.4144
38	73	26.0415
41	73	4.6202
45	73	18.8644
47	73	1.9643
48	73	11.1425
49	73	12.262
66	73	20.9559
46	74	0.071429
58	74	-2.1462
59	74	-3.7143
64	74	-5.6071
17	75	32.7427
17	76	29.9767
75	76	-3.7143
17	77	27.4026
75	77	0.071429
76	77	-3.7143
12	78	28.2144
13	78	29.2526
15	78	37.173
18	78	42.5087
19	78	33.0089
20	78	46.7032
22	78	11.8034
25	78	40.3859
26	78	26.3605
27	78	24.6786
30	78	20.4477
35	78	6.1496
36	78	8.5614
37	78	14.5743
38	78	40.7586
41	78	17.1071
45	78	5.8845
47	78	4.6202
48	78	0.30445
49	78	27.0414
66	78	5.8845
73	78	7.6429
12	79	64.4535
13	79	66.1514
15	79	22.4287
18	79	19.0675
19	79	22.1279
20	79	17.3966
22	79	45.9376
25	79	9.5357
26	79	15.293
27	79	16.5921
30	79	18.2456
35	79	47.1311
36	79	50.8111
37	79	58.207
38	79	4.0138
41	79	17.8953
45	79	48.5554
47	79	29.6887
48	79	40.7586
49	79	6.1496
66	79	51.3006
73	79	22.8448
78	79	37.968
12	80	61.0883
13	80	62.7655
15	80	21.4551
18	80	19.0675
19	80	20.6393
20	80	18.2456
22	80	42.4729
25	80	9.9513
26	80	12.9744
27	80	14.0819
30	80	15.293
35	80	43.4667
36	80	47.1311
37	80	54.5037
38	80	5.1977
41	80	14.5743
45	80	44.8538
47	80	26.0415
48	80	37.0526
49	80	3.2076
66	80	47.5232
73	80	19.0675
78	80	34.1859
79	80	-3.7143
8	81	33.4488
9	81	36.8511
11	81	34.1859
14	81	29.2526
16	81	30.0721
70	81	-3.2674
17	82	32.6536
75	82	-4.8231
76	82	-4.8231
77	82	-1.5143
17	83	30.0721
75	83	-1.5143
76	83	-4.8231
77	83	-4.8231
82	83	-3.7143
65	84	-2.1462
65	85	-3.2674
84	85	-5.6071
12	86	24.7342
13	86	24.9005
15	86	52.6262
18	86	58.6147
19	86	48.3954
20	86	63.1723
22	86	17.1798
25	86	57.2457
26	86	42.7945
27	86	41.0177
30	86	36.8106
35	86	8.783
36	86	6.9156
37	86	5.8845
38	86	57.8516
41	86	33.8406
45	86	6.1496
47	86	20.6393
48	86	10.3572
49	86	44.1649
66	86	-2.1462
73	86	24.7342
78	86	9.6406
79	86	54.9643
80	86	51.1786
12	87	49.2857
13	87	50.8111
15	87	24.2301
18	87	25.6115
19	87	21.4551
20	87	27.4026
22	87	30.3571
25	87	19.269
26	87	11.8034
27	87	11.523
30	87	9.6406
35	87	29.785
36	87	33.2734
37	87	40.3859
38	87	17.1798
41	87	6.2802
45	87	30.8274
47	87	12.9744
48	87	23.08
49	87	4.6202
66	87	32.6536
73	87	4.4715
78	87	19.269
79	87	11.523
80	87	7.7607
86	87	36.0768
8	88	34.0567
9	88	37.173
11	88	34.5282
14	88	29.833
16	88	30.3571
70	88	-3.2674
81	88	-4.8231
12	89	28.4144
13	89	29.0571
15	89	45.5338
18	89	50.9645
19	89	41.3489
20	89	55.1647
22	89	15.5276
25	89	48.7787
26	89	34.8256
27	89	33.1414
30	89	28.9098
35	89	7.6429
36	89	8.1089
37	89	11.4286
38	89	48.9694
41	89	25.5573
45	89	5.8845
47	89	12.9744
48	89	5.1977
49	89	35.2048
66	89	0.53071
73	89	15.5276
78	89	0.96511
79	89	45.5338
80	89	41.7507
86	89	2.1517
87	89	26.5714
65	90	-1.5143
84	90	-4.8231
85	90	-5.6071
21	91	17.1798
24	91	15.9133
12	92	51.9369
13	92	53.4547
15	92	25.5573
18	92	26.3605
19	92	23.0214
20	92	27.7092
22	92	33.0089
25	92	19.4026
26	92	13.4073
27	92	13.3214
30	92	11.8034
35	92	32.295
36	92	35.7467
37	92	42.7945
38	92	16.7404
41	92	8.6726
45	92	33.2734
47	92	15.6053
48	92	25.5573
49	92	5.1977
66	92	34.8256
73	92	6.9156
78	92	21.4551
79	92	9.9513
80	92	6.2802
86	92	38.086
87	92	-4.8231
89	92	28.5141
17	93	35.414
75	93	-1.5143
76	93	-1.5143
77	93	0.53071
82	93	-3.7143
83	93	-2.1462
28	94	23.3135
12	95	30.8274
13	95	31.5222
15	95	45.1269
18	95	50.2864
19	95	40.9808
20	95	54.3011
22	95	17.1798
25	95	47.6858
26	95	34.0567
27	95	32.4299
30	95	28.2144
35	95	9.6406
36	95	10.4572
37	95	14.0819
38	95	47.6208
41	95	24.6786
45	95	8.1089
47	95	12.6213
48	95	6.2802
49	95	33.8406
66	95	3.2076
73	95	14.0819
78	95	0.53071
79	95	43.7472
80	95	39.9726
86	95	4.4715
87	95	24.7342
89	95	-4.8231
92	95	26.5714
23	96	17.3966
29	96	13.4073
31	97	19.4026
32	97	21.9459
34	97	22.0674
44	97	22.4287
12	98	42.1852
13	98	43.4316
15	98	33.4488
18	98	36.6892
19	98	29.833
20	98	39.5176
22	98	24.0034
25	98	31.8878
26	98	20.8929
27	98	19.7992
30	98	16.2174
35	98	20.6393
36	98	23.5452
37	98	29.833
38	98	30.593
41	98	11.9882
45	98	20.8929
47	98	8.1089
48	98	13.9152
49	98	17.1798
66	98	20.6393
73	98	0.30445
78	98	7.7607
79	98	25.1758
80	98	21.4551
86	98	23.3135
87	98	6.2802
89	98	13.6628
92	98	7.7607
95	98	11.523
28	99	25.9881
94	99	-4.8231
21	100	21.1441
24	100	20.0604
91	100	-3.2674
31	101	22.0674
32	101	24.6229
34	101	24.7342
44	101	25.0659
97	101	-4.8231
31	102	20.8929
32	102	23.3135
34	102	23.3135
44	102	23.5452
97	102	-5.6071
101	102	-5.6071
28	103	30.0721
94	103	-0.67521
99	103	-3.2674
12	104	33.3612
13	104	33.8406
15	104	50.4412
18	104	55.5068
19	104	46.3051
20	104	59.4226
22	104	21.4551
25	104	52.6559
26	104	39.2501
27	104	37.6517
30	104	33.4488
35	104	13.4073
36	104	13.4073
37	104	15.3715
38	104	52.3574
41	104	29.833
45	104	11.4286
47	104	17.9658
48	104	11.1425
49	104	38.5941
66	104	4.4715
73	104	18.8644
78	104	5.8845
79	104	47.9126
80	104	44.1649
86	104	3.2076
87	104	28.9098
89	104	-1.5143
92	104	30.546
95	104	-2.1462
98	104	15.293
33	105	15.5276
39	105	14.0819
40	105	15.3715
46	106	17.9658
58	106	12.6213
59	106	15.293
64	106	14.0819
74	106	12.9744
46	107	16.7404
58	107	11.4286
59	107	13.9152
64	107	12.6213
74	107	11.4286
106	107	-5.6071
31	108	23.5452
32	108	25.9881
34	108	25.9881
44	108	26.2014
97	108	-3.2674
101	108	-5.6071
102	108	-4.8231
33	109	17.7539
39	109	16.443
40	109	17.8953
105	109	-4.8231
46	110	20.8929
58	110	15.6053
59	110	17.9658
64	110	16.5921
74	110	15.293
106	110	-3.7143
107	110	-3.2674
46	111	19.7992
58	111	14.5743
59	111	16.7404
64	111	15.293
74	111	13.9152
106	111	-3.2674
107	111	-3.7143
110	111	-5.6071
42	112	17.7539
43	112	18.2456
51	112	14.0819
57	112	12.262
12	113	62.151
13	113	63.5515
15	113	36.2
18	113	35.6638
19	113	34.1429
20	113	35.7467
22	113	43.3612
25	113	27.2998
26	113	24.7342
27	113	24.9005
30	113	23.7178
35	113	41.3489
36	113	44.4761
37	113	50.9645
38	113	23.0214
41	113	20.6393
45	113	41.8597
47	113	25.9881
48	113	34.5282
49	113	15.293
66	113	41.7143
73	113	16.5921
78	113	28.9098
79	113	12.6213
80	113	10.3572
86	113	43.9913
87	113	6.9156
89	113	34.4002
92	113	4.4715
95	113	32.024
98	113	13.6628
104	113	34.8256
42	114	19.6016
43	114	20.0604
51	114	15.9133
57	114	14.0819
112	114	-5.6071
12	115	53.101
13	115	54.3011
15	115	39.2501
18	115	40.8698
19	115	36.2
20	115	42.4729
22	115	35.0367
25	115	34.1859
26	115	26.624
27	115	26.0415
30	115	23.3135
35	115	31.3382
36	115	34.0136
37	115	39.8214
38	115	31.3382
41	115	19.269
45	115	31.3382
47	115	18.8644
48	115	24.7342
49	115	19.7992
66	115	29.833
73	115	9.9513
78	115	17.9658
79	115	23.0214
80	115	19.7992
86	115	31.5222
87	115	7.7607
89	115	22.1279
92	115	7.2837
95	115	19.6016
98	115	3.5372
104	115	21.885
113	115	5.75
12	116	72.9854
13	116	74.4194
15	116	42.0408
18	116	39.8593
19	116	40.7586
20	116	38.5552
22	116	54.127
25	116	30.546
26	116	32.024
27	116	32.6089
30	116	32.295
35	116	52.3574
36	116	55.5068
37	116	61.9965
38	116	25.1758
41	116	29.833
45	116	52.8937
47	116	36.6892
48	116	45.5338
49	116	21.885
66	116	52.6559
73	116	27.4026
78	116	39.9349
79	116	13.6628
80	116	13.3214
86	116	54.7632
87	116	16.7404
89	116	45.2289
92	116	14.0819
95	116	42.7945
98	116	24.6786
104	116	45.2968
113	116	3.5372
115	116	15.9133
12	117	67.4533
13	117	68.8035
15	117	41.7507
18	117	40.7586
19	117	39.8593
20	117	40.3859
22	117	48.7787
25	117	32.024
26	117	30.546
27	117	30.7807
30	117	29.6887
35	117	46.3051
36	117	49.2857
37	117	55.5068
38	117	27.2998
41	117	26.624
45	117	46.637
47	117	31.5222
48	117	39.5176
49	117	20.8929
66	117	45.8369
73	117	22.0674
78	117	33.4488
79	117	16.2174
80	117	14.6553
86	117	47.6858
87	117	12.8867
89	117	38.243
92	117	10.4572
95	117	35.7467
98	117	18.2456
104	117	38.0074
113	117	-1.5143
115	117	8.6726
116	117	0.071429
12	118	70.1302
13	118	71.48
15	118	43.6071
18	118	42.2933
19	118	41.8597
20	118	41.6414
22	118	51.4527
25	118	33.3612
26	118	32.6536
27	118	32.9647
30	118	32.024
35	118	48.9694
36	118	51.9369
37	118	58.1251
38	118	28.4144
41	118	29.0571
45	118	49.2857
47	118	34.1859
48	118	42.1852
49	118	22.8448
66	118	48.3954
73	118	24.7342
78	118	36.0768
79	118	17.1071
80	118	15.9133
86	118	50.1623
87	118	15.3715
89	118	40.7586
92	118	12.8867
95	118	38.243
98	118	20.8929
104	118	40.3859
113	118	0.96511
115	118	11.1425
116	118	-1.5143
117	118	-4.8231
1	4	-2.4737
2	4	-2.7112
3	4	-2.2528
1	5	-2.2301
2	5	-2.5362
3	5	-2.2703
1	6	-1.6404
2	6	-1.988
3	6	-1.7808
4	7	-2.4571
5	7	-2.0262
6	7	-1.9367
4	10	-2.1266
5	10	-1.7545
6	10	-1.5945
8	17	-1.7607
9	17	-1.6004
11	17	-1.937
14	17	-2.0601
16	17	-2.1959
1	21	-1.8016
2	21	-1.8627
3	21	-1.9795
4	21	-2.1795
5	21	-2.112
6	21	-1.9657
7	21	-2.5058
8	21	-1.7204
9	21	-1.8716
10	21	-2.3131
11	21	-1.9746
12	21	-0.41265
13	21	-0.36279
14	21	-1.9109
15	21	5.3863
16	21	-1.887
17	21	-1.721
18	21	7.9631
19	21	3.861
20	21	9.223
21	22	-0.77932
21	23	-2.5415
1	24	-1.3737
2	24	-1.3821
3	24	-1.4711
4	24	-1.6912
5	24	-1.6432
6	24	-1.5056
7	24	-1.801
8	24	-1.244
9	24	-1.48
10	24	-1.6734
11	24	-1.6624
12	24	-0.20888
13	24	-0.18507
14	24	-1.4335
15	24	6.2954
16	24	-1.5256
17	24	-1.5201
18	24	8.0782
19	24	5.3919
20	24	9.0711
22	24	-0.54892
23	24	-2.4799
21	25	8.8777
24	25	9.5205
21	26	2.8658
24	26	3.465
21	27	2.4615
24	27	2.4393
12	28	2.823
13	28	2.4694
15	28	8.1592
18	28	8.5608
19	28	7.9594
20	28	8.9851
21	28	-1.6665
22	28	6.3106
24	28	-1.4879
25	28	9.2092
26	28	8.3866
27	28	8.4371
21	29	-1.3974
24	29	-1.3661
21	30	2.5758
24	30	2.5356
28	30	8.1965
21	31	-1.7838
24	31	-1.4913
28	31	-2.3381
21	32	-1.8113
24	32	-1.5305
28	32	-2.2715
21	33	-1.9998
24	33	-2.0518
21	34	-1.8155
24	34	-1.5594
28	34	-1.8831
21	35	0.023933
24	35	-0.17885
28	35	6.3532
21	36	-0.17087
24	36	-0.38315
28	36	5.8449
21	37	-0.87632
24	37	-1.1364
28	37	3.7138
21	38	7.7099
24	38	8.2809
28	38	8.905
21	39	-2.0024
24	39	-2.2323
21	40	-1.7828
24	40	-1.823
21	41	2.9896
24	41	3.103
28	41	7.7324
21	42	-1.5574
24	42	-1.4621
21	43	-1.8853
24	43	-1.7994
21	44	-1.6529
24	44	-1.4372
28	44	-1.4846
21	45	0.36182
24	45	0.15666
28	45	5.7409
21	46	-1.7836
24	46	-1.8129
33	46	-2.1117
39	46	-2.1038
40	46	-1.8628
42	46	-0.75911
43	46	-0.56716
21	47	1.3711
24	47	1.2524
28	47	7.3035
21	48	0.68463
24	48	0.50615
28	48	6.2779
21	49	5.6725
24	49	6.3078
28	49	8.3761
4	50	5.4366
5	50	5.4462
6	50	5.3849
21	50	3.8009
24	50	4.1432
21	51	-1.5033
24	51	-1.2079
46	51	0.12961
1	52	2.3962
2	52	2.3942
3	52	2.5363
7	52	4.8218
10	52	5.1637
21	52	5.6348
24	52	6.3302
50	52	0.23649
1	53	2.4885
2	53	2.4887
3	53	2.6397
7	53	4.7309
10	53	5.0689
21	53	5.4045
24	53	5.9966
50	53	0.35585
1	54	3.0428
2	54	3.0519
3	54	3.2151
7	54	4.2275
10	54	4.553
21	54	4.6056
24	54	5.0294
50	54	1.0917
4	55	5.3975
5	55	5.4646
6	55	5.7036
21	55	4.2034
24	55	4.5642
52	55	-1.1503
53	55	-1.0793
54	55	-0.36443
4	56	3.8591
5	56	3.9095
6	56	4.1068
21	56	2.8697
24	56	3.1528
52	56	-1.211
53	56	-1.1618
54	56	-0.49608
21	57	-1.3312
24	57	-1.0054
46	57	1.7081
21	58	-2.0657
24	58	-1.9678
33	58	-2.2854
39	58	-2.2878
40	58	-1.9882
42	58	-1.6327
43	58	-1.8123
51	58	-0.83592
57	58	2.6867
21	59	-1.9199
24	59	-1.8196
33	59	-2.4463
39	59	-2.3784
40	59	-2.2658
42	59	-2.0629
43	59	-1.658
51	59	-0.51043
57	59	1.7444
4	60	2.5612
5	60	2.4785
6	60	2.3669
21	60	4.9423
24	60	5.5846
52	60	-1.1577
53	60	-1.3151
54	60	-1.6379
1	61	2.2601
2	61	2.2586
3	61	2.4094
7	61	4.9623
10	61	5.2925
21	61	5.8711
24	61	6.5058
50	61	0.15547
55	61	-1.1498
56	61	-1.0681
60	61	-1.9303
1	62	2.2016
2	62	2.2012
3	62	2.3623
7	62	4.7871
10	62	5.1133
21	62	5.5527
24	62	6.1116
50	62	0.10937
55	62	-1.2242
56	62	-1.1564
60	62	-1.9831
4	63	4.7246
5	63	4.7797
6	63	4.9846
21	63	4.1484
24	63	4.4665
52	63	-1.9005
53	63	-1.9074
54	63	-1.3413
61	63	-1.9738
62	63	-2.1848
21	64	-1.7694
24	64	-1.7024
33	64	-2.2635
39	64	-2.2359
40	64	-2.3753
42	64	-1.9774
43	64	-2.0697
51	64	-0.85858
57	64	1.4422
17	65	4.495
21	65	2.1868
24	65	2.0462
21	66	1.4485
24	66	1.2904
28	66	4.7383
4	67	2.1177
5	67	2.0324
6	67	1.9016
21	67	4.9511
24	67	5.615
52	67	-1.0626
53	67	-1.6348
54	67	-2.0931
61	67	-2.0473
62	67	-2.3277
1	68	1.7022
2	68	1.6984
3	68	1.8739
7	68	4.5877
10	68	4.9006
21	68	5.5746
24	68	6.1072
50	68	-0.35824
55	68	-1.6117
56	68	-1.4147
60	68	-1.8493
63	68	-2.6385
67	68	-1.9719
4	69	3.9642
5	69	4.0167
6	69	4.1845
21	69	4.7138
24	69	5.0793
52	69	-2.0148
53	69	-1.95
54	69	-1.4958
61	69	-1.9779
62	69	-1.7373
68	69	-1.3668
17	70	1.8581
21	70	3.8797
24	70	4.1372
4	71	3.7696
5	71	3.8168
6	71	3.9942
21	71	3.9563
24	71	4.2483
52	71	-2.2394
53	71	-2.3791
54	71	-2.149
61	71	-2.1509
62	71	-2.0064
68	71	-1.4021
4	72	3.6038
5	72	3.6473
6	72	3.8245
21	72	3.4709
24	72	3.734
52	72	-1.9683
53	72	-2.0532
54	72	-1.6397
61	72	-1.95
62	72	-1.9605
68	72	-1.301
21	73	2.7127
24	73	2.7626
28	73	6.9173
21	74	-1.9468
24	74	-1.8297
33	74	-1.7246
39	74	-1.9153
40	74	-1.7701
42	74	-1.6594
43	74	-1.7812
51	74	-0.79277
57	74	1.4939
8	75	4.2584
9	75	4.6078
11	75	4.5743
14	75	4.2827
16	75	4.7225
21	75	2.5099
24	75	2.54
65	75	-1.6957
70	75	-1.4848
8	76	4.3645
9	76	4.7445
11	76	4.6905
14	76	4.3533
16	76	4.8063
21	76	2.6361
24	76	2.6272
65	76	-1.4716
70	76	-1.7339
8	77	4.1374
9	77	4.5296
11	77	4.4565
14	77	4.0922
16	77	4.5374
21	77	2.5661
24	77	2.5265
65	77	-1.3959
70	77	-1.5638
21	78	2.0156
24	78	1.8955
28	78	6.1678
21	79	6.8676
24	79	7.2499
28	79	8.8821
21	80	6.4053
24	80	6.8096
28	80	8.1519
17	81	1.9424
21	81	4.6528
24	81	4.9956
75	81	-0.939
76	81	-1.3804
77	81	-1.3635
8	82	4.5077
9	82	4.8543
11	82	4.8111
14	82	4.514
16	82	4.9395
21	82	3.0193
24	82	3.0389
65	82	-1.3086
70	82	-2.1565
81	82	-1.7972
8	83	4.295
9	83	4.6584
11	83	4.5984
14	83	4.272
16	83	4.6985
21	83	2.8292
24	83	2.8184
65	83	-1.4332
70	83	-1.912
81	83	-1.6997
17	84	4.3415
21	84	2.3361
24	84	2.2246
75	84	-1.9364
76	84	-2.1642
77	84	-1.7782
82	84	-1.9737
83	84	-2.1626
17	85	4.281
21	85	2.2981
24	85	2.1808
75	85	-1.9021
76	85	-2.2339
77	85	-1.9509
82	85	-2.0291
83	85	-2.2632
21	86	1.4165
24	86	1.2753
28	86	3.9335
21	87	4.6465
24	87	4.8906
28	87	7.7944
17	88	1.8568
21	88	4.2023
24	88	4.5206
75	88	-0.54989
76	88	-1.2059
77	88	-1.4203
82	88	-1.5913
83	88	-1.7892
21	89	1.5689
24	89	1.4481
28	89	5.0561
17	90	4.1655
21	90	2.2214
24	90	2.1199
75	90	-1.5583
76	90	-1.7659
77	90	-1.349
82	90	-2.2466
83	90	-1.9878
1	91	1.4233
2	91	1.3628
3	91	1.3921
4	91	1.1878
5	91	1.1444
6	91	1.1586
7	91	0.14418
8	91	1.8082
9	91	1.6624
10	91	0.33612
11	91	1.5695
12	91	1.9165
13	91	1.9825
14	91	1.7217
15	91	4.9887
16	91	1.6685
17	91	1.3424
18	91	5.8791
19	91	4.6715
20	91	6.4726
22	91	1.6063
23	91	3.2704
25	91	6.1573
26	91	3.9551
27	91	3.5743
28	91	1.7624
29	91	3.5377
30	91	2.6316
31	91	2.024
32	91	1.9553
33	91	4.1233
34	91	1.7945
35	91	0.58688
36	91	0.5344
37	91	0.84178
38	91	6.7793
39	91	3.837
40	91	3.3605
41	91	2.0033
42	91	2.7904
43	91	2.7574
44	91	1.7446
45	91	0.11084
46	91	3.0392
47	91	0.8772
48	91	0.30597
49	91	3.4357
50	91	-1.2555
51	91	2.5982
52	91	-1.3983
53	91	-2.0034
54	91	-2.1173
55	91	-1.9009
56	91	-0.82802
57	91	2.3721
58	91	2.8465
59	91	2.8261
60	91	-2.264
61	91	-2.0623
62	91	-2.1202
63	91	-1.9325
64	91	2.6968
65	91	-1.234
66	91	-1.2677
67	91	-2.5057
68	91	-1.9384
69	91	-1.4088
70	91	-2.2012
71	91	-1.7987
72	91	-1.808
73	91	0.1088
74	91	2.1049
75	91	-1.0702
76	91	-1.6662
77	91	-1.6377
78	91	-1.1973
79	91	7.7337
80	91	6.7303
81	91	-1.6518
82	91	-1.8518
83	91	-1.5753
84	91	-1.5136
85	91	-1.3888
86	91	-1.2138
87	91	-0.25518
88	91	-1.7946
89	91	-1.3432
90	91	-1.5076
21	92	5.0337
24	92	5.2787
28	92	7.8822
91	92	-0.51279
8	93	4.4957
9	93	4.8012
11	93	4.7619
14	93	4.5051
16	93	4.8874
21	93	3.3329
24	93	3.3783
65	93	-1.4566
70	93	-1.1265
81	93	-1.9483
84	93	-1.7807
85	93	-1.9761
88	93	-2.0786
90	93	-1.8981
91	93	-1.2668
12	94	1.9263
13	94	1.8656
15	94	6.5001
18	94	6.4066
19	94	6.4024
20	94	6.8689
21	94	2.2783
22	94	2.1947
24	94	2.3436
25	94	7.0662
26	94	6.1014
27	94	5.8226
30	94	5.1111
31	94	4.544
32	94	5.0659
34	94	5.4171
35	94	1.2291
36	94	0.90136
37	94	0.42444
38	94	7.3662
41	94	4.8063
44	94	6.0221
45	94	0.90038
47	94	3.6381
48	94	1.7485
49	94	6.2064
66	94	-1.7647
73	94	5.5239
78	94	0.80187
79	94	7.6162
80	94	7.279
86	94	-1.8874
87	94	6.4825
89	94	-2.1445
91	94	-1.384
92	94	6.8097
21	95	1.7365
24	95	1.6443
28	95	5.1584
91	95	-1.4912
94	95	-1.6825
21	96	2.8042
24	96	2.5288
91	96	-2.5392
21	97	3.0963
24	97	3.4291
28	97	1.2804
91	97	-1.8856
94	97	-1.3926
21	98	3.1284
24	98	3.1829
28	98	6.9028
91	98	-1.304
94	98	6.4299
12	99	1.9884
13	99	1.9347
15	99	6.42
18	99	6.3176
19	99	6.3141
20	99	6.7807
21	99	2.3821
22	99	2.1651
24	99	2.4755
25	99	6.955
26	99	5.9582
27	99	5.671
30	99	4.9216
31	99	4.7665
32	99	5.2457
34	99	5.5796
35	99	1.2423
36	99	0.9695
37	99	0.54997
38	99	7.3228
41	99	4.5659
44	99	6.1575
45	99	0.95258
47	99	3.3121
48	99	1.6435
49	99	6.0189
66	99	-1.505
73	99	5.0773
78	99	0.44094
79	99	7.4703
80	99	7.2017
86	99	-1.9265
87	99	6.212
89	99	-1.8654
91	99	-1.5795
92	99	6.5628
95	99	-2.1507
97	99	-1.4959
98	99	6.1702
1	100	1.4693
2	100	1.4134
3	100	1.4416
4	100	1.2037
5	100	1.1672
6	100	1.1977
7	100	0.27297
8	100	1.9276
9	100	1.7893
10	100	0.48073
11	100	1.7024
12	100	2.025
13	100	2.0927
14	100	1.8559
15	100	4.8306
16	100	1.8123
17	100	1.5178
18	100	5.6511
19	100	4.5469
20	100	6.1687
22	100	1.7542
23	100	2.8904
25	100	5.7734
26	100	3.8503
27	100	3.5081
28	100	1.8244
29	100	3.2437
30	100	2.6544
31	100	2.0996
32	100	2.0275
33	100	3.5425
34	100	1.8793
35	100	0.79365
36	100	0.74038
37	100	1.0346
38	100	6.2805
39	100	3.3252
40	100	2.9206
41	100	2.1234
42	100	2.9266
43	100	2.8968
44	100	1.8371
45	100	0.34037
46	100	2.985
47	100	1.1431
48	100	0.56066
49	100	3.2405
50	100	-0.90221
51	100	2.7944
52	100	-1.2204
53	100	-1.7662
54	100	-1.7557
55	100	-1.4774
56	100	-0.45967
57	100	2.6067
58	100	2.8531
59	100	2.8219
60	100	-2.1054
61	100	-1.7095
62	100	-2.0466
63	100	-1.9221
64	100	2.7185
65	100	-1.56
66	100	-1.1515
67	100	-2.1373
68	100	-1.9928
69	100	-1.8895
70	100	-1.4001
71	100	-1.8516
72	100	-1.3433
73	100	0.57409
74	100	2.1707
75	100	-0.52764
76	100	-1.2087
77	100	-1.5058
78	100	-0.79866
79	100	6.4267
80	100	5.3285
81	100	-1.6829
82	100	-1.5316
83	100	-1.68
84	100	-1.6626
85	100	-1.7096
86	100	-1.3107
87	100	0.6454
88	100	-1.4815
89	100	-0.97887
90	100	-1.5479
92	100	0.29822
93	100	-1.8085
94	100	-1.4511
95	100	-1.1075
96	100	-2.2299
97	100	-1.3264
98	100	-0.67292
99	100	-1.4567
21	101	3.3407
24	101	3.6985
28	101	1.0896
91	101	-1.6369
94	101	-1.8962
99	101	-2.0139
100	101	-1.5106
21	102	3.2309
24	102	3.5615
28	102	1.1827
91	102	-1.5599
94	102	-1.8664
99	102	-1.9866
100	102	-1.728
12	103	1.8606
13	103	1.8223
15	103	6.0275
18	103	5.9073
19	103	5.9105
20	103	6.369
21	103	2.7704
22	103	1.8616
24	103	2.9024
25	103	6.5095
26	103	5.4711
27	103	5.1716
30	103	4.3648
31	103	5.2065
32	103	5.6313
34	103	5.953
35	103	0.9857
36	103	0.80186
37	103	0.49961
38	103	6.9696
41	103	3.9304
44	103	6.5133
45	103	0.74752
47	103	2.5763
48	103	1.2156
49	103	5.4636
66	103	-1.4913
73	103	4.1173
78	103	-0.30191
79	103	6.9736
80	103	6.7935
86	103	-1.7478
87	103	5.5376
89	103	-1.7434
91	103	-1.6058
92	103	5.9287
95	103	-1.9653
97	103	-1.547
98	103	4.91
100	103	-1.6557
101	103	-1.8393
102	103	-1.8864
21	104	1.7547
24	104	1.677
28	104	4.4974
91	104	-1.6749
94	104	-1.1294
99	104	-1.852
100	104	-1.4041
103	104	-1.9146
21	105	0.46171
24	105	0.57376
46	105	1.7091
58	105	1.8863
59	105	1.6726
64	105	1.6081
74	105	1.212
91	105	-2.1806
100	105	-1.1454
21	106	2.1315
24	106	2.5331
33	106	2.8529
39	106	3.0349
40	106	3.2713
42	106	2.1498
43	106	1.9105
51	106	1.9402
57	106	1.1599
91	106	-1.9231
100	106	-1.1019
105	106	-2.1474
21	107	2.0369
24	107	2.4182
33	107	2.6896
39	107	2.8472
40	107	3.087
42	107	2.0957
43	107	1.849
51	107	1.8931
57	107	1.3362
91	107	-1.8729
100	107	-1.2155
105	107	-2.0278
21	108	3.1504
24	108	3.5139
28	108	1.0798
91	108	-1.6211
94	108	-2.2458
99	108	-2.3239
100	108	-1.2153
103	108	-2.3472
21	109	0.036003
24	109	0.17813
46	109	1.53
58	109	1.7144
59	109	1.5217
64	109	1.4731
74	109	1.1016
91	109	-2.4241
100	109	-1.2923
106	109	-1.767
107	109	-2.1116
21	110	2.0329
24	110	2.4204
33	110	2.6058
39	110	2.7698
40	110	2.9574
42	110	1.7929
43	110	1.5543
51	110	1.6034
57	110	1.0996
91	110	-1.7471
100	110	-1.6672
105	110	-1.285
109	110	-1.9824
21	111	1.9733
24	111	2.3428
33	111	2.553
39	111	2.6948
40	111	2.8792
42	111	1.6297
43	111	1.3877
51	111	1.4484
57	111	1.1463
91	111	-1.8885
100	111	-1.8241
105	111	-1.4367
109	111	-2.1849
21	112	2.114
24	112	2.4624
46	112	2.6248
58	112	5.0277
59	112	3.4857
64	112	3.8068
74	112	4.4367
91	112	-1.8877
100	112	-1.5702
106	112	-1.6561
107	112	-1.0991
110	112	-2.0207
111	112	-2.1506
21	113	5.4481
24	113	5.6261
28	113	7.3842
91	113	2.7771
94	113	6.6287
99	113	6.6621
100	113	1.7911
103	113	6.7953
21	114	1.8069
24	114	2.1658
46	114	2.0739
58	114	4.4898
59	114	2.9625
64	114	3.2994
74	114	3.9551
91	114	-1.9436
100	114	-1.1936
106	114	-2.1191
107	114	-1.5214
110	114	-1.5132
111	114	-1.4843
21	115	4.3745
24	115	4.4498
28	115	6.5473
91	115	0.73089
94	115	5.4436
99	115	5.4394
100	115	-0.011392
103	115	5.388
21	116	6.4001
24	116	6.5594
28	116	7.8746
91	116	4.8886
94	116	6.9624
99	116	6.952
100	116	4.7212
103	116	7.0325
21	117	6.1378
24	117	6.2634
28	117	7.6924
91	117	3.9472
94	117	6.6738
99	117	6.6536
100	117	3.4692
103	117	6.6949
21	118	6.1967
24	118	6.3092
28	118	7.7358
91	118	4.1532
94	118	6.6759
99	118	6.6457
100	118	3.7858
103	118	6.6758
offset
60
