146
detection	body_part	cost
1	12	0.073202
2	12	0.19389
3	12	0.19328
4	12	0.41921
5	13	-0.73538
6	13	0.26829
7	13	-0.12356
8	13	-1.4701
9	14	0.17528
10	11	0.1001
11	12	0.51911
12	13	0.2219
13	13	-1.6046
14	14	0.70511
15	11	-1.2643
16	11	0.328
17	10	-0.53442
18	10	-1.0384
19	9	0.18283
20	11	9.2102
21	9	-0.67464
22	9	-0.097349
23	11	9.2102
24	11	9.2102
25	5	1.3802
26	10	0.40615
27	10	0.019865
28	10	0.086576
29	9	-0.0015271
30	9	-0.4008
31	9	-0.39899
32	9	-0.087551
33	10	0.4522
34	9	0.1602
35	9	0.17438
36	10	0.19671
37	10	0.4072
38	11	1.0659
39	11	1.0104
40	4	0.26426
41	4	-1.0977
42	4	-1.7034
43	4	-1.9031
44	4	0.22412
45	10	0.11382
46	10	0.31778
47	11	1.0858
48	4	-0.26853
49	4	-2.0158
50	4	-1.6069
51	10	0.13402
52	11	0.60889
53	3	-0.17862
54	3	-1.2257
55	9	0.087114
56	11	1.1525
57	11	0.75906
58	3	-1.5175
59	3	-2.6992
60	3	-2.3172
61	11	0.94312
62	9	-0.11503
63	11	0.78046
64	5	0.64112
65	5	0.29725
66	1	-0.20875
67	5	-0.18315
68	1	-2.8409
69	1	-2.6848
70	1	-1.6566
71	12	0.14212
72	13	-0.20513
73	2	-0.038821
74	2	0.38941
75	12	-0.30219
76	12	-0.80777
77	12	-0.60467
78	13	-1.4819
79	6	-0.35085
80	2	-0.7902
81	6	-0.4238
82	12	-0.28973
83	12	-0.15029
84	13	-1.2998
85	13	-0.044819
86	14	0.4228
87	6	-1.2557
88	6	-1.0083
89	2	-1.8571
90	6	-0.44228
91	6	-3.1218
92	13	-0.31579
93	14	0.081996
94	14	-0.59585
95	2	0.24396
96	6	-1.6053
97	14	0.52919
98	6	0.32653
99	6	-1.8141
100	6	-1.2031
101	1	-1.0448
102	7	0.74621
103	1	-1.6632
104	11	9.2102
105	11	9.2102
106	7	-0.36869
107	7	-0.69235
108	6	-0.001838
109	1	-1.7974
110	1	-3.5123
111	1	-2.0392
112	7	1.0358
113	7	-0.7633
114	7	0.66312
115	1	-0.14305
116	1	-0.93884
117	7	-1.5587
118	8	-0.91079
119	7	-1.3842
120	11	9.2102
121	11	9.2102
122	8	-0.13147
123	8	-3.2958
124	3	-0.99395
125	11	9.2102
126	8	-0.17571
127	7	0.69681
128	2	-0.20673
129	3	0.70951
130	3	-3.2344
131	3	-0.70684
132	8	0.59944
133	11	9.2102
134	3	-2.466
135	2	-1.9901
136	3	-0.35204
137	3	-0.11794
138	4	0.20855
139	5	-0.68267
140	11	9.2102
141	2	0.42481
142	5	-0.86681
143	2	-0.5035
144	4	-1.8634
145	11	9.2102
146	4	-0.99593
detection1	detection2	cost
1	2	-5.6071
1	3	-3.2674
2	3	-4.8231
1	4	-3.7143
2	4	-5.6071
3	4	-5.6071
5	6	-3.7143
5	7	-1.5143
6	7	2.1517
5	8	-4.8231
6	8	-1.5143
7	8	-3.7143
1	11	0.30445
2	11	-1.5143
3	11	-3.7143
4	11	-3.2674
5	12	-0.67521
6	12	2.6933
7	12	-5.6071
8	12	-3.2674
5	13	-3.7143
6	13	-2.1462
7	13	-1.5143
8	13	-4.8231
12	13	-1.8214
9	14	-3.2674
10	15	-5.6071
10	16	0.53071
15	16	-0.67521
17	18	-5.6071
10	20	39.0581
15	20	38.243
16	20	31.5222
19	21	-2.1462
19	22	-3.2674
21	22	-1.8214
10	23	50.1623
15	23	49.4432
16	23	42.7945
20	23	4.0138
10	24	46.7032
15	24	45.9376
16	24	39.2501
20	24	0.30445
23	24	-3.7143
17	26	0.53071
18	26	1.9643
17	27	-0.67521
18	27	0.53071
26	27	-5.6071
17	28	-1.8214
18	28	-1.5143
26	28	-1.8214
27	28	-3.7143
19	29	0.53071
21	29	-4.8231
22	29	0.30445
19	30	-1.5143
21	30	-4.8231
22	30	-3.2674
29	30	-3.7143
19	31	-1.8214
21	31	-3.2674
22	31	-4.8231
29	31	-1.8214
30	31	-5.6071
19	32	-1.5143
21	32	-1.5143
22	32	-5.6071
29	32	0.071429
30	32	-3.7143
31	32	-5.6071
17	33	3.2076
18	33	4.6202
26	33	-4.8231
27	33	-3.2674
28	33	0.30445
19	34	1.9643
21	34	-3.2674
22	34	0.96511
29	34	-5.6071
30	34	-3.2674
31	34	-1.5143
32	34	0.30445
19	35	0.30445
21	35	-3.2674
22	35	-2.1462
29	35	-3.2674
30	35	-5.6071
31	35	-4.8231
32	35	-3.2674
34	35	-3.7143
17	36	4.6202
18	36	5.8845
26	36	-3.2674
27	36	-2.1462
28	36	0.96511
33	36	-5.6071
17	37	2.6933
18	37	3.5372
26	37	-3.2674
27	37	-3.7143
28	37	-2.1462
33	37	-3.2674
36	37	-3.7143
10	38	25.0659
15	38	23.5452
16	38	17.1798
20	38	15.9133
23	38	26.7811
24	38	23.0214
10	39	24.0034
15	39	22.4287
16	39	16.2174
20	39	17.7539
23	39	28.663
24	39	24.9005
38	39	-5.6071
40	41	-5.6071
40	42	-3.7143
41	42	-5.6071
40	43	-1.8214
41	43	-3.7143
42	43	-5.6071
40	44	1.9643
41	44	0.071429
42	44	-1.8214
43	44	-3.7143
17	45	7.2837
18	45	8.5614
26	45	-0.67521
27	45	0.53071
28	45	3.5372
33	45	-3.2674
36	45	-4.8231
37	45	-1.5143
17	46	5.1977
18	46	6.1496
26	46	-1.8214
27	46	-1.5143
28	46	0.53071
33	46	-3.2674
36	46	-4.8231
37	46	-4.8231
45	46	-3.7143
10	47	26.624
15	47	25.0659
16	47	18.7964
20	47	16.443
23	47	27.0414
24	47	23.3135
38	47	-5.6071
39	47	-4.8231
40	48	-5.6071
41	48	-4.8231
42	48	-3.2674
43	48	-1.5143
44	48	2.1517
40	49	-3.2674
41	49	-4.8231
42	49	-5.6071
43	49	-4.8231
44	49	-1.5143
48	49	-3.7143
40	50	-1.5143
41	50	-3.2674
42	50	-4.8231
43	50	-5.6071
44	50	-3.2674
48	50	-1.8214
49	50	-5.6071
17	51	8.783
18	51	9.9513
26	51	0.96511
27	51	1.9643
28	51	4.6202
33	51	-1.5143
36	51	-3.2674
37	51	-0.67521
45	51	-5.6071
46	51	-3.2674
10	52	28.0636
15	52	26.3605
16	52	20.6393
20	52	21.3311
23	52	31.5222
24	52	27.8615
38	52	-0.67521
39	52	-1.5143
47	52	-2.1462
53	54	-5.6071
19	55	23.0214
21	55	24.8452
22	55	19.6016
29	55	26.0415
30	55	22.4287
31	55	20.6393
32	55	18.8644
34	55	25.5573
35	55	21.885
10	56	30.593
15	56	28.9098
16	56	23.08
20	56	20.4477
23	56	30.2149
24	56	26.624
38	56	0.30445
39	56	0.071429
47	56	-1.5143
52	56	-4.8231
10	57	29.785
15	57	28.0636
16	57	22.4287
20	57	22.1279
23	57	32.024
24	57	28.4144
38	57	0.96511
39	57	0.30445
47	57	-0.67521
52	57	-5.6071
56	57	-5.6071
53	58	-5.6071
54	58	-4.8231
53	59	-4.8231
54	59	-5.6071
58	59	-5.6071
53	60	-3.2674
54	60	-4.8231
58	60	-3.7143
59	60	-5.6071
10	61	34.0567
15	61	32.4299
16	61	26.3605
20	61	18.2456
23	61	27.2998
24	61	23.8324
38	61	2.1517
39	61	2.6933
47	61	0.30445
52	61	-0.67521
56	61	-3.2674
57	61	-1.5143
19	62	23.5452
21	62	24.6786
22	62	19.7992
29	62	25.5573
30	62	22.1279
31	62	20.4477
32	62	18.7964
34	62	24.8452
35	62	21.3311
55	62	-3.2674
10	63	37.6517
15	63	36.0768
16	63	29.833
20	63	16.5921
23	63	24.6786
24	63	21.3932
38	63	5.1977
39	63	6.1496
47	63	3.5372
52	63	3.5372
56	63	0.96511
57	63	2.6933
61	63	-3.2674
25	64	14.0819
25	65	12.9744
64	65	-5.6071
25	67	15.6053
64	67	-5.6071
65	67	-4.8231
66	68	-4.8231
66	69	-3.2674
68	69	-5.6071
66	70	-1.5143
68	70	-3.7143
69	70	-5.6071
1	71	45.8369
2	71	44.1649
3	71	43.4667
4	71	42.5087
11	71	40.2736
5	72	36.0768
6	72	36.4045
7	72	34.3146
8	72	34.1429
12	72	32.4299
13	72	32.295
73	74	-5.6071
1	75	46.7032
2	75	44.9905
3	75	44.1649
4	75	43.2907
11	75	40.8698
71	75	-4.8231
1	76	47.5232
2	76	45.8369
3	76	45.0928
4	76	44.1649
11	76	41.8597
71	76	-5.6071
75	76	-5.6071
1	77	48.3954
2	77	46.7362
3	77	46.0715
4	77	45.0928
11	77	42.9012
71	77	-4.8231
75	77	-3.7143
76	77	-5.6071
5	78	37.9286
6	78	38.086
7	78	36.4045
8	78	36.0768
12	78	34.5282
13	78	34.1429
72	78	-4.8231
73	80	-4.8231
74	80	-5.6071
79	81	26.5714
1	82	49.2226
2	82	47.5232
3	82	46.7362
4	82	45.8369
11	82	43.4667
71	82	-3.7143
75	82	-4.8231
76	82	-5.6071
77	82	-4.8231
1	83	50.069
2	83	48.3954
3	83	47.6858
4	83	46.7362
11	83	44.4761
71	83	-3.2674
75	83	-3.2674
76	83	-4.8231
77	83	-5.6071
82	83	-5.6071
5	84	39.8593
6	84	40.1609
7	84	38.086
8	84	37.9286
12	84	36.2
13	84	36.0768
72	84	-3.7143
78	84	-4.8231
5	85	39.9726
6	85	39.8214
7	85	38.904
8	85	38.2821
12	85	37.0526
13	85	36.2
72	85	-0.67521
78	85	-3.2674
84	85	-1.8214
9	86	40.3859
14	86	37.4927
79	87	-4.8231
81	87	28.5141
79	88	-5.6071
81	88	26.624
87	88	-5.6071
73	89	-3.7143
74	89	-3.2674
80	89	-4.8231
79	90	20.9559
81	90	-1.5143
87	90	22.7857
88	90	20.8929
79	91	24.7342
81	91	-4.8231
87	91	26.5714
88	91	24.6786
90	91	-3.7143
5	92	41.7143
6	92	41.8597
7	92	40.1609
8	92	39.8593
12	92	38.2821
13	92	37.9286
72	92	-1.5143
78	92	-3.7143
84	92	-4.8231
85	92	-3.2674
9	93	40.7586
14	93	38.2821
86	93	-1.5143
9	94	40.1609
14	94	37.968
86	94	2.1517
93	94	-3.7143
73	95	-0.67521
74	95	0.53071
80	95	-0.67521
89	95	-3.2674
79	96	26.7811
81	96	-3.7143
87	96	28.5141
88	96	26.624
90	96	-1.5143
91	96	-4.8231
9	97	42.6161
14	97	40.1609
86	97	-0.67521
93	97	-5.6071
94	97	-3.2674
79	98	0.53071
81	98	32.6536
87	98	-2.1462
88	98	-0.67521
90	98	26.7811
91	98	30.546
96	98	32.295
79	99	-1.5143
81	99	28.9098
87	99	-3.7143
88	99	-3.2674
90	99	23.0214
91	99	26.7811
96	99	28.5141
98	99	-3.7143
79	100	-1.8214
81	100	27.0414
87	100	-3.2674
88	100	-3.7143
90	100	21.1441
91	100	24.9005
96	100	26.624
98	100	-1.8214
99	100	-5.6071
66	101	19.6016
68	101	20.6393
69	101	22.4287
70	101	24.2301
66	103	18.7964
68	103	19.6016
69	103	21.3311
70	103	23.08
101	103	-4.8231
10	104	81.8461
15	104	80.7364
16	104	73.9149
20	104	36.6892
23	104	28.2144
24	104	30.3571
38	104	51.7558
39	104	53.4547
47	104	50.9338
52	104	52.9826
56	104	50.5648
57	104	52.3574
61	104	46.3717
63	104	42.1852
10	105	80.3294
15	105	79.2003
16	105	72.3822
20	105	35.414
23	105	27.2482
24	105	29.2526
38	105	50.069
39	105	51.7558
47	105	49.2226
52	105	51.2091
56	105	48.7787
57	105	50.5648
61	105	44.5794
63	105	40.3859
104	105	-5.6071
102	106	-3.2674
102	107	-5.6071
106	107	-3.7143
79	108	2.1517
81	108	29.6887
87	108	0.071429
88	108	0.30445
90	108	23.7178
91	108	27.4026
96	108	28.9098
98	108	-2.1462
99	108	-3.7143
100	108	-3.2674
66	109	24.6786
68	109	25.5573
69	109	27.2998
70	109	29.0571
101	109	-2.1462
103	109	-1.5143
66	110	21.3932
68	110	22.1279
69	110	23.8324
70	110	25.5573
101	110	-3.7143
103	110	-4.8231
109	110	-3.7143
66	111	19.7992
68	111	20.4477
69	111	22.1279
70	111	23.8324
101	111	-3.2674
103	111	-5.6071
109	111	-1.8214
110	111	-5.6071
102	112	19.269
106	112	15.293
107	112	19.0675
102	113	-3.2674
106	113	-1.5143
107	113	-4.8231
112	113	20.8929
102	114	-2.1462
106	114	0.30445
107	114	-3.2674
112	114	22.7857
113	114	-5.6071
66	115	25.6115
68	115	26.3605
69	115	28.0636
70	115	29.785
101	115	-0.67521
103	115	-0.67521
109	115	-5.6071
110	115	-3.2674
111	115	-1.5143
66	116	20.8929
68	116	21.3932
69	116	23.0214
70	116	24.6786
101	116	-1.5143
103	116	-3.7143
109	116	-1.5143
110	116	-4.8231
111	116	-5.6071
115	116	-1.8214
102	117	-1.8214
106	117	-2.1462
107	117	-3.7143
112	117	19.0675
113	117	-4.8231
114	117	-3.2674
102	119	-1.5143
106	119	-0.67521
107	119	-3.2674
112	119	20.9559
113	119	-5.6071
114	119	-4.8231
117	119	-5.6071
10	120	82.4257
15	120	81.2021
16	120	74.4194
20	120	38.7105
23	120	31.5222
24	120	33.1414
38	120	51.3006
39	120	52.8937
47	120	50.2864
52	120	51.7558
56	120	49.2226
57	120	50.9338
61	120	44.9905
63	120	40.7586
104	120	-0.67521
105	120	-1.5143
10	121	76.8331
15	121	75.5272
16	121	68.8035
20	121	34.8256
23	121	29.2526
24	121	30.2149
38	121	45.1269
39	121	46.637
47	121	43.9913
52	121	45.0928
56	121	42.5087
57	121	44.1649
61	121	38.2821
63	121	34.0567
104	121	5.1977
105	121	3.5372
120	121	0.071429
118	122	-1.5143
118	123	-4.8231
122	123	-3.7143
53	124	31.3382
54	124	32.7427
58	124	30.0721
59	124	31.5222
60	124	33.0089
10	125	71.7517
15	125	70.3146
16	125	63.7529
20	125	33.3612
23	125	30.4044
24	125	30.4044
38	125	39.3649
39	125	40.6843
47	125	38.0074
52	125	38.3212
56	125	35.6638
57	125	37.173
61	125	31.5222
63	125	27.4026
104	125	14.6553
105	125	12.8867
120	125	9.6406
121	125	2.1517
118	126	-0.67521
122	126	-5.6071
123	126	-3.2674
102	127	2.6933
106	127	3.2076
107	127	0.96511
112	127	23.3135
113	127	-1.5143
114	127	-1.8214
117	127	-2.1462
119	127	-3.2674
73	128	25.0659
74	128	26.624
80	128	25.6115
89	128	23.0214
95	128	18.7964
53	129	34.0136
54	129	35.414
58	129	32.7427
59	129	34.1859
60	129	35.6638
124	129	-4.8231
53	130	31.3382
54	130	32.6536
58	130	29.9767
59	130	31.3382
60	130	32.7427
124	130	-4.8231
129	130	-3.7143
53	131	28.8606
54	131	30.0721
58	131	27.4026
59	131	28.663
60	131	29.9767
124	131	-1.5143
129	131	0.071429
130	131	-3.7143
118	132	0.53071
122	132	-3.7143
123	132	-2.1462
126	132	-5.6071
10	133	66.5395
15	133	64.9497
16	133	58.723
20	133	34.1859
23	133	34.4002
24	133	33.3612
38	133	34.0567
39	133	35.0367
47	133	32.4299
52	133	31.5222
56	133	28.8606
57	133	30.0721
61	133	25.0659
63	133	21.3932
104	133	26.0415
105	133	24.2301
120	133	21.1441
121	133	13.6628
125	133	4.0138
53	134	32.7427
54	134	34.0136
58	134	31.3382
59	134	32.6536
60	134	34.0136
124	134	-3.2674
129	134	-3.2674
130	134	-5.6071
131	134	-3.2674
73	135	25.9881
74	135	27.4026
80	135	26.2014
89	135	23.5452
95	135	19.4026
128	135	-3.2674
53	136	34.1859
54	136	35.414
58	136	32.7427
59	136	34.0136
60	136	35.3305
124	136	-1.5143
129	136	-2.1462
130	136	-3.7143
131	136	-2.1462
134	136	-5.6071
53	137	33.0089
54	137	34.1859
58	137	31.5222
59	137	32.7427
60	137	34.0136
124	137	-0.67521
129	137	-0.67521
130	137	-3.2674
131	137	-3.2674
134	137	-4.8231
136	137	-5.6071
40	138	32.6089
41	138	33.2734
42	138	34.0136
43	138	34.8256
44	138	36.6486
48	138	30.8274
49	138	32.295
50	138	33.1414
25	139	37.4927
64	139	19.0675
65	139	19
67	139	17.1798
10	140	66.9978
15	140	65.3197
16	140	59.3958
20	140	38.5552
23	140	39.9726
24	140	38.5941
38	140	35.0367
39	140	35.7467
47	140	33.2734
52	140	31.4763
56	140	28.9098
57	140	29.833
61	140	25.5573
63	140	22.4287
104	140	32.6089
105	140	30.8274
120	140	27.4026
121	140	20.0604
125	140	10.4572
133	140	-0.67521
73	141	23.5452
74	141	24.7342
80	141	23.3135
89	141	20.6393
95	141	16.7404
128	141	1.9643
135	141	-1.5143
25	142	39.3267
64	142	20.9559
65	142	20.8929
67	142	19.0675
139	142	-5.6071
73	143	28.663
74	143	29.9767
80	143	28.663
89	143	25.9881
95	143	21.9459
128	143	0.30445
135	143	-3.7143
141	143	-1.5143
40	144	35.6638
41	144	36.2
42	144	36.8106
43	144	37.4927
44	144	39.0581
48	144	33.8406
49	144	35.0367
50	144	35.7467
138	144	-3.2674
10	145	83.8684
15	145	82.4257
16	145	75.8717
20	145	44.5794
23	145	40.1609
24	145	40.7586
38	145	51.4527
39	145	52.7452
47	145	50.069
52	145	50.1933
56	145	47.5232
57	145	48.9694
61	145	43.4316
63	145	39.3649
104	145	14.0819
105	145	12.9744
120	145	7.2837
121	145	4.0138
125	145	4.6202
133	145	12.8867
140	145	17.3966
40	146	37.4927
41	146	38.0074
42	146	38.5941
43	146	39.2501
44	146	40.7586
48	146	35.6638
49	146	36.8106
50	146	37.4927
138	146	-1.5143
144	146	-5.6071
1	5	-1.523
2	5	-1.4793
3	5	-1.3974
4	5	-1.3969
1	6	-1.4105
2	6	-1.3877
3	6	-1.3153
4	6	-1.3239
1	7	-1.9427
2	7	-1.8385
3	7	-1.7384
4	7	-1.7192
1	8	-1.8061
2	8	-1.7599
3	8	-1.6698
4	8	-1.6691
5	9	-1.8527
6	9	-1.6969
7	9	-2.1117
8	9	-1.9089
5	11	-1.3036
6	11	-1.2512
7	11	-1.4804
8	11	-1.5317
1	12	-1.9388
2	12	-2.0729
3	12	-1.9816
4	12	-1.9624
9	12	-2.4018
11	12	-1.7289
1	13	-1.8945
2	13	-1.8764
3	13	-1.7871
4	13	-1.8063
9	13	-2.0706
11	13	-1.67
5	14	-1.731
6	14	-1.5589
7	14	-2.0176
8	14	-2.0021
12	14	-2.0326
13	14	-1.9489
10	17	-1.6839
15	17	-1.8005
16	17	-1.5059
10	18	-1.7168
15	18	-1.8253
16	18	-1.5088
17	19	-1.7215
18	19	-1.622
17	20	6.9203
18	20	6.6531
17	21	-1.1819
18	21	-1.0944
17	22	-1.3899
18	22	-1.3156
17	23	6.8405
18	23	6.6107
17	24	6.95
18	24	6.7025
10	26	-1.3125
15	26	-1.4096
16	26	-1.1585
19	26	-1.9315
20	26	5.0741
21	26	-1.2905
22	26	-1.5756
23	26	5.5707
24	26	5.5824
10	27	-1.3474
15	27	-1.4435
16	27	-1.1625
19	27	-1.8992
20	27	5.0936
21	27	-1.284
22	27	-1.5849
23	27	5.4949
24	27	5.5073
10	28	-1.1922
15	28	-1.1943
16	28	-0.88349
19	28	-1.8538
20	28	4.9058
21	28	-1.3031
22	28	-1.614
23	28	5.1728
24	28	5.1883
17	29	-0.88762
18	29	-0.80347
26	29	-0.95127
27	29	-0.95306
28	29	-0.98651
17	30	-1.0647
18	30	-0.98953
26	30	-1.1713
27	30	-1.1831
28	30	-1.2264
17	31	-1.14
18	31	-1.0688
26	31	-1.2636
27	31	-1.2809
28	31	-1.3294
17	32	-1.1623
18	32	-1.0986
26	32	-1.3085
27	32	-1.3384
28	32	-1.3979
10	33	-1.1188
15	33	-1.2071
16	33	-0.96206
19	33	-1.9365
20	33	4.3182
21	33	-1.4816
22	33	-1.7158
23	33	5.1844
24	33	5.1345
29	33	-1.1315
30	33	-1.3829
31	33	-1.4642
32	33	-1.565
17	34	-0.76252
18	34	-0.68513
26	34	-0.80509
27	34	-0.81692
28	34	-0.8657
33	34	-0.98168
17	35	-0.90498
18	35	-0.83785
26	35	-0.98299
27	35	-1.0078
28	35	-1.0712
33	35	-1.1905
10	36	-0.98806
15	36	-1.0687
16	36	-0.8074
19	36	-1.8818
20	36	3.732
21	36	-1.4662
22	36	-1.6826
23	36	4.7227
24	36	4.6235
29	36	-1.181
30	36	-1.4004
31	36	-1.4536
32	36	-1.5467
34	36	-1.0211
35	36	-1.2283
10	37	-1.0178
15	37	-1.0371
16	37	-0.76465
19	37	-1.8214
20	37	4.0836
21	37	-1.3556
22	37	-1.6314
23	37	4.7182
24	37	4.6593
29	37	-1.0721
30	37	-1.2984
31	37	-1.3653
32	37	-1.4723
34	37	-0.92078
35	37	-1.135
17	38	1.7373
18	38	2.3097
26	38	-0.17212
27	38	0.11283
28	38	0.98636
33	38	-0.80578
36	38	-1.2086
37	38	-0.94297
17	39	1.3396
18	39	1.8602
26	39	-0.40559
27	39	-0.15099
28	39	0.61665
33	39	-0.98281
36	39	-1.345
37	39	-1.0848
25	40	-1.4911
25	41	-1.6431
25	42	-1.4505
25	43	-0.88436
25	44	0.39667
10	45	-0.85324
15	45	-0.92601
16	45	-0.67168
19	45	-1.6446
20	45	2.9375
21	45	-1.4941
22	45	-1.669
23	45	4.2265
24	45	4.0514
29	45	-1.246
30	45	-1.4349
31	45	-1.4674
32	45	-1.5481
34	45	-1.0885
35	45	-1.2767
38	45	-1.6764
39	45	-1.6351
10	46	-0.82894
15	46	-0.9038
16	46	-0.60767
19	46	-1.6499
20	46	3.554
21	46	-1.3912
22	46	-1.6421
23	46	4.4042
24	46	4.2945
29	46	-1.1208
30	46	-1.3421
31	46	-1.4012
32	46	-1.508
34	46	-0.97033
35	46	-1.1839
38	46	-1.5074
39	46	-1.448
17	47	2.0516
18	47	2.5944
26	47	0.32483
27	47	0.64145
28	47	1.5982
33	47	-0.29338
36	47	-0.66204
37	47	-0.28071
45	47	-1.143
46	47	-1.0067
25	48	-1.4254
25	49	-0.72875
25	50	0.11357
10	51	-0.64514
15	51	-0.71531
16	51	-0.44776
19	51	-1.5006
20	51	2.7621
21	51	-1.2021
22	51	-1.3937
23	51	4.0349
24	51	3.8232
29	51	-0.98085
30	51	-1.1573
31	51	-1.1941
32	51	-1.2844
34	51	-0.83501
35	51	-1.0133
38	51	-1.6151
39	51	-1.5143
47	51	-1.675
17	52	1.8806
18	52	2.321
26	52	0.6205
27	52	0.89246
28	52	1.7025
33	52	0.14216
36	52	-0.10563
37	52	0.28225
45	52	-0.46956
46	52	-0.30763
51	52	-0.89303
40	53	1.296
41	53	0.15234
42	53	-0.71258
43	53	-1.2338
44	53	-1.7372
48	53	1.2652
49	53	-1.4245
50	53	-1.6838
40	54	2.277
41	54	1.2133
42	54	0.24172
43	54	-0.47589
44	54	-1.2956
48	54	2.6306
49	54	-0.23148
50	54	-1.0812
17	55	1.5065
18	55	1.3154
26	55	2.12
27	55	1.6796
28	55	0.94329
33	55	2.259
36	55	2.0285
37	55	1.0194
45	55	2.3658
46	55	1.0453
51	55	2.0208
17	56	2.4406
18	56	2.8874
26	56	1.233
27	56	1.538
28	56	2.4201
33	56	0.74298
36	56	0.51112
37	56	0.99683
45	56	0.10633
46	56	0.37372
51	56	-0.31958
17	57	2.1814
18	57	2.6071
26	57	1.0328
27	57	1.3096
28	57	2.1217
33	57	0.57709
36	57	0.36061
37	57	0.78562
45	57	0.00027325
46	57	0.21641
51	57	-0.40348
40	58	1.3866
41	58	0.49341
42	58	-0.1787
43	58	-0.60848
44	58	-1.1149
48	58	1.3403
49	58	-0.61561
50	58	-1.0224
40	59	1.872
41	59	1.04
42	59	0.33419
43	59	-0.19087
44	59	-0.89481
48	59	2.0316
49	59	0.069054
50	59	-0.53354
40	60	2.0337
41	60	1.3273
42	60	0.67162
43	60	0.10819
44	60	-0.78527
48	60	2.2979
49	60	0.6322
50	60	-0.083803
17	61	3.2302
18	61	3.6911
26	61	2.0827
27	61	2.4402
28	61	3.4392
33	61	1.5698
36	61	1.3581
37	61	2.0025
45	61	0.8891
46	61	1.317
51	61	0.45998
17	62	1.8065
18	62	1.6553
26	62	2.3204
27	62	1.9721
28	62	1.3679
33	62	2.3726
36	62	2.1813
37	62	1.4585
45	62	2.3351
46	62	1.4816
51	62	2.1056
17	63	3.5964
18	63	4.0723
26	63	2.5249
27	63	2.9385
28	63	4.0429
33	63	1.9917
36	63	1.8156
37	63	2.6581
45	63	1.2675
46	63	1.9251
51	63	0.83518
40	64	0.82373
41	64	1.4192
42	64	2.0643
43	64	2.3181
44	64	3.0904
48	64	0.8676
49	64	1.8671
50	64	1.8067
40	65	0.17752
41	65	0.80421
42	65	1.4888
43	65	1.7998
44	65	2.6594
48	65	0.1218
49	65	1.2516
50	65	1.2831
1	66	2.5098
2	66	2.458
3	66	2.5385
4	66	2.4932
5	66	2.5717
6	66	2.8218
7	66	2.2818
8	66	2.3701
9	66	2.1668
10	66	1.5796
11	66	2.6154
12	66	2.2346
13	66	2.3033
14	66	2.2219
15	66	1.5202
16	66	1.6945
17	66	0.84651
18	66	0.86685
19	66	2.5064
20	66	0.051767
21	66	3.187
22	66	2.6353
23	66	1.8052
24	66	0.88879
25	66	0.97391
26	66	0.13298
27	66	0.15753
28	66	0.034228
29	66	3.6471
30	66	3.299
31	66	3.1288
32	66	2.8292
33	66	-0.2528
34	66	4.0465
35	66	3.6921
36	66	-0.69662
37	66	-0.69516
38	66	-0.3953
39	66	-0.29664
40	66	0.69045
41	66	-0.00030201
42	66	-0.60992
43	66	-0.98296
44	66	-1.5535
45	66	-1.1253
46	66	-1.2666
47	66	-0.81227
48	66	0.54678
49	66	-1.0554
50	66	-1.583
51	66	-1.539
52	66	-0.79821
53	66	-1.8729
54	66	-1.6753
55	66	-0.0029448
56	66	-0.19579
57	66	-0.41218
58	66	-1.7286
59	66	-1.5712
60	66	-1.1507
61	66	0.34712
62	66	1.0376
63	66	0.28253
64	66	6.4855
65	66	2.5981
40	67	0.77446
41	67	1.3197
42	67	1.9234
43	67	2.1557
44	67	2.9034
48	67	0.79254
49	67	1.6844
50	67	1.6129
66	67	5.2936
1	68	2.5293
2	68	2.4739
3	68	2.5422
4	68	2.5068
5	68	2.6549
6	68	2.8931
7	68	2.3869
8	68	2.467
9	68	2.2605
10	68	1.722
11	68	2.6103
12	68	2.3489
13	68	2.4049
14	68	2.3242
15	68	1.6647
16	68	1.85
17	68	1.0402
18	68	1.0471
19	68	2.4567
20	68	0.49992
21	68	3.0389
22	68	2.5928
23	68	2.122
24	68	1.3135
25	68	0.55625
26	68	0.43711
27	68	0.43104
28	68	0.27071
29	68	3.4493
30	68	3.1557
31	68	3.0246
32	68	2.7687
33	68	0.12546
34	68	3.8186
35	68	3.5164
36	68	-0.27174
37	68	-0.36862
38	68	-0.11252
39	68	-0.025289
40	68	0.42834
41	68	-0.14164
42	68	-0.64753
43	68	-0.87631
44	68	-0.90177
45	68	-0.55122
46	68	-0.88347
47	68	-0.51346
48	68	0.35887
49	68	-0.93724
50	68	-1.2118
51	68	-0.93444
52	68	-0.88428
53	68	-1.8165
54	68	-2.2369
55	68	-0.62057
56	68	-0.41564
57	68	-0.61584
58	68	-1.7592
59	68	-2.3207
60	68	-1.9234
61	68	0.10317
62	68	0.42205
63	68	0.0056847
64	68	4.8622
65	68	3.7709
67	68	6.3464
1	69	2.7715
2	69	2.7238
3	69	2.7963
4	69	2.762
5	69	2.8362
6	69	3.0567
7	69	2.5984
8	69	2.6631
9	69	2.3678
10	69	1.7672
11	69	2.8747
12	69	2.5655
13	69	2.597
14	69	2.4419
15	69	1.7091
16	69	1.9002
17	69	1.1495
18	69	1.1406
19	69	2.7744
20	69	0.87719
21	69	3.3306
22	69	2.9424
23	69	2.5238
24	69	1.7501
25	69	0.31878
26	69	0.62892
27	69	0.58386
28	69	0.37675
29	69	3.72
30	69	3.4643
31	69	3.3549
32	69	3.1255
33	69	0.38178
34	69	4.0808
35	69	3.8193
36	69	0.018941
37	69	-0.23292
38	69	-0.021823
39	69	0.048219
40	69	0.67624
41	69	0.14815
42	69	-0.33448
43	69	-0.40682
44	69	-0.43825
45	69	-0.19279
46	69	-0.64967
47	69	-0.40847
48	69	0.66792
49	69	-0.53389
50	69	-0.69363
51	69	-0.56898
52	69	-0.80501
53	69	-1.4374
54	69	-1.7099
55	69	-0.99575
56	69	-0.4331
57	69	-0.63261
58	69	-1.2821
59	69	-1.742
60	69	-1.6688
61	69	0.094797
62	69	0.14078
63	69	0.013078
64	69	4.5264
65	69	3.9429
67	69	5.536
1	70	2.9379
2	70	2.897
3	70	2.9723
4	70	2.9399
5	70	2.9048
6	70	3.1082
7	70	2.697
8	70	2.7467
9	70	2.4073
10	70	1.8262
11	70	3.0595
12	70	2.67
13	70	2.6777
14	70	2.4944
15	70	1.7662
16	70	1.966
17	70	1.3199
18	70	1.2917
19	70	2.9945
20	70	1.2981
21	70	3.5168
22	70	3.1842
23	70	2.9418
24	70	2.2095
25	70	1.0741
26	70	0.90101
27	70	0.81691
28	70	0.54357
29	70	3.8833
30	70	3.6622
31	70	3.573
32	70	3.3682
33	70	0.71023
34	70	4.2332
35	70	4.0079
36	70	0.37044
37	70	0.024481
38	70	0.089148
39	70	0.11753
40	70	0.77004
41	70	0.3038
42	70	0.15139
43	70	0.15368
44	70	0.14328
45	70	0.2085
46	70	-0.31749
47	70	-0.29391
48	70	0.79801
49	70	-0.017928
50	70	-0.089529
51	70	-0.16003
52	70	-0.73959
53	70	-1.1869
54	70	-1.2422
55	70	-1.3922
56	70	-0.47078
57	70	-0.67395
58	70	-1.0384
59	70	-1.2673
60	70	-1.1059
61	70	0.072947
62	70	-0.18735
63	70	0.0098872
64	70	3.7536
65	70	3.3444
67	70	4.5119
5	71	4.1062
6	71	3.929
7	71	4.4746
8	71	4.2164
12	71	4.4746
13	71	4.0906
66	71	0.22723
68	71	-0.30001
69	71	-0.33272
70	71	-0.26384
1	72	2.5
2	72	2.3912
3	72	2.2769
4	72	2.2715
9	72	2.7008
11	72	2.1184
14	72	2.7968
66	72	-0.81237
68	72	-1.1511
69	72	-1.1671
70	72	-1.0284
71	72	-1.6036
66	73	-0.76201
68	73	-0.79523
69	73	-0.8852
70	73	-1.1991
66	74	-1.48
68	74	-0.98032
69	74	-0.95221
70	74	-1.197
5	75	3.8001
6	75	3.6272
7	75	4.1572
8	75	3.9027
12	75	4.1511
13	75	3.7767
66	75	-0.32514
68	75	-0.85677
69	75	-0.5964
70	75	-0.12868
72	75	-1.3712
5	76	3.9433
6	76	3.7655
7	76	4.3112
8	76	4.0537
12	76	4.3113
13	76	3.9296
66	76	-0.098383
68	76	-0.53796
69	76	-0.39781
70	76	-0.094067
72	76	-1.1531
5	77	4.114
6	77	3.9319
7	77	4.4919
8	77	4.2321
12	77	4.4984
13	77	4.1105
66	77	-0.27307
68	77	-0.66362
69	77	-0.55896
70	77	-0.33111
72	77	-0.76999
1	78	2.3981
2	78	2.2909
3	78	2.1846
4	78	2.1735
9	78	2.5874
11	78	2.0313
14	78	2.7005
66	78	-1.0054
68	78	-1.2785
69	78	-1.2282
70	78	-1.0396
71	78	-2.0234
75	78	-1.8374
76	78	-1.9018
77	78	-1.8797
66	79	3.1205
68	79	2.9995
69	79	2.7887
70	79	2.6572
66	80	-2.2034
68	80	-2.1952
69	80	-1.9476
70	80	-1.7383
66	81	-1.9554
68	81	-1.9165
69	81	-1.3266
70	81	-0.82272
5	82	3.9045
6	82	3.73
7	82	4.2666
8	82	4.0135
12	82	4.2668
13	82	3.8933
66	82	0.26554
68	82	-0.023615
69	82	0.21405
70	82	0.65331
72	82	-0.57622
78	82	-1.4612
5	83	4.045
6	83	3.8657
7	83	4.4176
8	83	4.1617
12	83	4.4239
13	83	4.0433
66	83	-0.08549
68	83	-0.38057
69	83	-0.19165
70	83	0.15661
72	83	-0.1101
78	83	-1.2121
1	84	2.2856
2	84	2.1834
3	84	2.0798
4	84	2.0709
9	84	2.338
11	84	1.9355
14	84	2.4452
66	84	-0.87833
68	84	-1.1216
69	84	-1.0113
70	84	-0.74052
71	84	-1.144
75	84	-1.0722
76	84	-1.0465
77	84	-0.98039
82	84	-1.2431
83	84	-1.2626
1	85	2.3993
2	85	2.2916
3	85	2.1941
4	85	2.175
9	85	2.6979
11	85	2.0431
14	85	2.8288
66	85	-0.89029
68	85	-1.0651
69	85	-1.0089
70	85	-0.82553
71	85	-1.8083
75	85	-1.4743
76	85	-1.553
77	85	-1.6503
82	85	-1.5385
83	85	-1.631
5	86	3.2733
6	86	3.3941
7	86	3.1224
8	86	3.2344
12	86	3.2261
13	86	3.4706
66	86	-0.52508
68	86	-0.7041
69	86	-0.64347
70	86	-0.47786
72	86	-1.2226
78	86	-1.1947
84	86	-1.8296
85	86	-1.8453
66	87	3.1031
68	87	2.9741
69	87	2.7625
70	87	2.6302
66	88	3.1332
68	88	3.0109
69	88	2.8011
70	88	2.6702
66	89	-1.9933
68	89	-2.044
69	89	-1.8708
70	89	-1.4503
66	90	-2.0326
68	90	-1.4032
69	90	-0.96017
70	90	-0.6515
66	91	-2.1098
68	91	-2.4361
69	91	-1.8627
70	91	-1.4909
1	92	2.3064
2	92	2.2047
3	92	2.1068
4	92	2.0934
9	92	2.386
11	92	1.9653
14	92	2.503
66	92	-1.2404
68	92	-0.98426
69	92	-1.0611
70	92	-0.96057
71	92	-1.0083
75	92	-0.82418
76	92	-0.80436
77	92	-0.75534
82	92	-0.85615
83	92	-0.80744
86	92	-1.5997
5	93	3.0883
6	93	3.1963
7	93	2.9618
8	93	3.0503
12	93	3.0682
13	93	3.2809
66	93	-0.45202
68	93	-0.56729
69	93	-0.51317
70	93	-0.37102
72	93	-1.4311
78	93	-1.2387
84	93	-1.4894
85	93	-1.1835
92	93	-1.6574
5	94	2.8854
6	94	2.9851
7	94	2.7749
8	94	2.8482
12	94	2.8833
13	94	3.0756
66	94	-0.7494
68	94	-0.84129
69	94	-0.79375
70	94	-0.67294
72	94	-1.7134
78	94	-1.5397
84	94	-1.5726
85	94	-1.5058
92	94	-1.6439
66	95	-0.83783
68	95	-1.6529
69	95	-1.4119
70	95	-0.95913
66	96	-2.1908
68	96	-2.0969
69	96	-1.6148
70	96	-1.1973
5	97	2.9831
6	97	3.083
7	97	2.8695
8	97	2.9502
12	97	2.9773
13	97	3.1776
66	97	-0.6194
68	97	-0.72294
69	97	-0.64759
70	97	-0.48328
72	97	-1.1471
78	97	-0.89047
84	97	-1.1882
85	97	-0.60532
92	97	-1.1545
66	98	2.7264
68	98	2.5873
69	98	2.3762
70	98	2.2441
66	99	2.8629
68	99	2.7283
69	99	2.5178
70	99	2.3862
66	100	3.0008
68	100	2.8755
69	100	2.6676
70	100	2.5381
1	101	-0.65702
2	101	-0.71484
3	101	-0.77833
4	101	-0.80887
5	101	0.63355
6	101	1.1199
7	101	0.024649
8	101	0.30653
9	101	1.1678
10	101	1.0737
11	101	-0.94719
12	101	-0.01768
13	101	0.41226
14	101	1.1493
15	101	1.0546
16	101	1.237
17	101	0.38223
18	101	0.52048
19	101	-1.0291
20	101	-0.86267
21	101	-1.1287
22	101	-0.75926
23	101	-0.35553
24	101	-0.22746
25	101	0.91305
26	101	-0.26899
27	101	-0.10417
28	101	-0.036135
29	101	-1.1584
30	101	-0.95237
31	101	-0.9002
32	101	-0.66555
33	101	-0.58948
34	101	-1.2634
35	101	-0.97201
36	101	-0.76474
37	101	-0.48858
38	101	-0.22497
39	101	-0.10099
40	101	1.4524
41	101	1.6129
42	101	1.6878
43	101	1.5817
44	101	1.4215
45	101	-1.0952
46	101	-0.89479
47	101	-0.5844
48	101	1.5581
49	101	1.8302
50	101	1.7884
51	101	-1.1042
52	101	-0.7342
53	101	3.3675
54	101	3.3643
55	101	1.3451
56	101	-0.33528
57	101	-0.72889
58	101	3.4132
59	101	3.3396
60	101	3.1953
61	101	0.3863
62	101	1.733
63	101	0.2914
64	101	0.36684
65	101	0.71331
67	101	-0.063328
71	101	1.0077
72	101	0.43003
73	101	7.3618
74	101	7.0134
75	101	2.2437
76	101	1.8966
77	101	1.9437
78	101	0.91058
79	101	-1.6582
80	101	6.5546
81	101	3.0693
82	101	2.1295
83	101	2.285
84	101	1.2067
85	101	1.0414
86	101	0.51908
87	101	-1.2504
88	101	-1.6018
89	101	6.1209
90	101	3.5822
91	101	3.4932
92	101	1.7051
93	101	0.50051
94	101	0.70695
95	101	5.2201
96	101	3.3688
97	101	0.87031
98	101	-0.53033
99	101	-0.23199
100	101	-0.01441
66	102	-1.8422
68	102	-1.6324
69	102	-1.1606
70	102	-0.79276
79	102	0.063843
81	102	-0.72532
87	102	-0.026012
88	102	-0.038134
90	102	-1.6031
91	102	-0.70809
96	102	-0.48763
98	102	0.24102
99	102	0.22579
100	102	0.086524
101	102	1.8755
1	103	-0.74238
2	103	-0.81125
3	103	-0.87093
4	103	-0.91494
5	103	0.82855
6	103	1.3137
7	103	0.18388
8	103	0.50862
9	103	1.3308
10	103	1.2584
11	103	-1.07
12	103	0.17649
13	103	0.61987
14	103	1.3166
15	103	1.2404
16	103	1.4232
17	103	0.633
18	103	0.76834
19	103	-1.2991
20	103	-1.1214
21	103	-1.4354
22	103	-1.1052
23	103	-0.66669
24	103	-0.51319
25	103	1.0682
26	103	-0.0011736
27	103	0.16121
28	103	0.22838
29	103	-1.5043
30	103	-1.3476
31	103	-1.2875
32	103	-1.0417
33	103	-0.31856
34	103	-1.644
35	103	-1.4143
36	103	-0.49432
37	103	-0.22582
38	103	-0.022596
39	103	0.098321
40	103	1.289
41	103	1.4572
42	103	1.5389
43	103	1.4336
44	103	1.2774
45	103	-0.82049
46	103	-0.63258
47	103	-0.38317
48	103	1.3964
49	103	1.6868
50	103	1.6484
51	103	-0.83226
52	103	-0.56241
53	103	3.8344
54	103	3.8174
55	103	1.106
56	103	-0.52136
57	103	-0.80945
58	103	3.8673
59	103	3.7807
60	103	3.6201
61	103	0.19753
62	103	1.4854
63	103	0.088318
64	103	0.058591
65	103	0.44349
67	103	0.32404
71	103	1.0373
72	103	0.65982
73	103	8.1244
74	103	7.7129
75	103	2.334
76	103	1.9959
77	103	2.0379
78	103	1.1214
79	103	-1.5091
80	103	7.2419
81	103	3.0495
82	103	2.2177
83	103	2.3654
84	103	1.4115
85	103	1.2408
86	103	0.69933
87	103	-1.3875
88	103	-1.4545
89	103	6.8362
90	103	3.5332
91	103	3.4514
92	103	1.895
93	103	0.66603
94	103	0.86515
95	103	6.0047
96	103	3.3325
97	103	1.0287
98	103	-0.94992
99	103	-0.85821
100	103	-0.79049
102	103	1.8512
17	104	7.1034
18	104	7.5311
26	104	7.0582
27	104	7.4016
28	104	7.11
33	104	6.9161
36	104	7.1533
37	104	7.0714
45	104	7.0917
46	104	6.9928
51	104	7.0817
66	104	7.0568
68	104	7.4222
69	104	7.472
70	104	7.5863
101	104	2.2292
103	104	2.8575
17	105	7.1869
18	105	7.6126
26	105	7.1267
27	105	7.4693
28	105	7.2737
33	105	6.9799
36	105	7.2115
37	105	7.2364
45	105	7.1838
46	105	7.1579
51	105	7.1802
66	105	6.9835
68	105	7.5335
69	105	7.5754
70	105	7.6843
101	105	2.0375
103	105	2.5582
66	106	-1.4578
68	106	-1.2039
69	106	-0.68701
70	106	-0.1049
79	106	0.30188
81	106	-1.4621
87	106	0.1975
88	106	0.19217
90	106	-2.1158
91	106	-1.9852
96	106	-0.39134
98	106	0.42543
99	106	0.41847
100	106	0.28779
101	106	1.9711
103	106	1.9347
66	107	-2.0499
68	107	-1.8064
69	107	-1.3538
70	107	-1.0118
79	107	0.29327
81	107	-1.1413
87	107	0.20323
88	107	0.19451
90	107	-2.1977
91	107	-1.2494
96	107	-1.3949
98	107	0.45629
99	107	0.44684
100	107	0.31472
101	107	2.0333
103	107	1.9982
66	108	2.3247
68	108	2.1759
69	108	1.9632
70	108	1.829
101	108	0.44324
102	108	0.21878
103	108	-0.41646
106	108	0.38813
107	108	0.43768
1	109	-0.17246
2	109	-0.244
3	109	-0.24744
4	109	-0.35307
5	109	0.87591
6	109	1.3651
7	109	0.21924
8	109	0.55126
9	109	1.4701
10	109	1.3807
11	109	-0.43945
12	109	0.21779
13	109	0.67056
14	109	1.4528
15	109	1.3615
16	109	1.5434
17	109	0.74197
18	109	0.88027
19	109	-0.67006
20	109	-0.9092
21	109	-0.57988
22	109	-0.62533
23	109	-0.46254
24	109	-0.35013
25	109	1.0816
26	109	0.1342
27	109	0.29418
28	109	0.35964
29	109	-0.67447
30	109	-0.74616
31	109	-0.75969
32	109	-0.58596
33	109	-0.16944
34	109	-0.90158
35	109	-0.90809
36	109	-0.33579
37	109	-0.057357
38	109	0.1039
39	109	0.23356
40	109	1.757
41	109	1.9082
42	109	1.9773
43	109	1.8655
44	109	1.6949
45	109	-0.66731
46	109	-0.45538
47	109	-0.22601
48	109	1.8529
49	109	2.1129
50	109	2.0667
51	109	-0.67826
52	109	-0.33556
53	109	2.9889
54	109	2.9862
55	109	1.0017
56	109	-0.28413
57	109	-0.55138
58	109	3.0361
59	109	2.9641
60	109	2.8168
61	109	0.40192
62	109	1.3233
63	109	0.26718
64	109	0.40217
65	109	0.76074
67	109	0.40159
71	109	0.93432
72	109	0.85796
73	109	7.5282
74	109	7.16
75	109	2.2301
76	109	1.8997
77	109	1.9462
78	109	1.3324
79	109	-1.6242
80	109	6.7381
81	109	2.724
82	109	2.1293
83	109	2.2792
84	109	1.6221
85	109	1.4694
86	109	0.96605
87	109	-2.0109
88	109	-1.6655
89	109	6.3664
90	109	3.2014
91	109	3.1174
92	109	2.1119
93	109	0.95924
94	109	1.1643
95	109	5.5678
96	109	2.9897
97	109	1.3238
98	109	-1.695
99	109	-1.7392
100	109	-1.376
102	109	2.2939
104	109	3.037
105	109	2.7295
106	109	2.385
107	109	2.4477
108	109	-0.50052
1	110	-0.52059
2	110	-0.60034
3	110	-0.61042
4	110	-0.71606
5	110	0.94344
6	110	1.4303
7	110	0.29425
8	110	0.62388
9	110	1.4919
10	110	1.4119
11	110	-0.81904
12	110	0.2917
13	110	0.74125
14	110	1.4771
15	110	1.3943
16	110	1.5775
17	110	0.77117
18	110	0.90741
19	110	-1.1158
20	110	-1.1525
21	110	-1.121
22	110	-1.0021
23	110	-0.70289
24	110	-0.5632
25	110	1.23
26	110	0.16092
27	110	0.32129
28	110	0.38749
29	110	-1.2348
30	110	-1.2093
31	110	-1.1739
32	110	-0.96324
33	110	-0.14458
34	110	-1.4656
35	110	-1.3607
36	110	-0.31135
37	110	-0.04242
38	110	0.13852
39	110	0.2635
40	110	1.5398
41	110	1.7007
42	110	1.7771
43	110	1.6672
44	110	1.502
45	110	-0.6323
46	110	-0.43927
47	110	-0.20956
48	110	1.6409
49	110	1.9199
50	110	1.8771
51	110	-0.64023
52	110	-0.36149
53	110	3.5453
54	110	3.533
55	110	0.94347
56	110	-0.48432
57	110	-0.60306
58	110	3.5841
59	110	3.5024
60	110	3.3439
61	110	0.21423
62	110	1.2886
63	110	0.08436
64	110	0.13275
65	110	0.52106
67	110	0.57161
71	110	1.0693
72	110	0.86026
73	110	8.2292
74	110	7.8156
75	110	2.3426
76	110	2.0131
77	110	2.0554
78	110	1.3202
79	110	-2.0003
80	110	7.3693
81	110	2.9883
82	110	2.2341
83	110	2.3797
84	110	1.6073
85	110	1.4442
86	110	0.9014
87	110	-1.9944
88	110	-1.9715
89	110	6.9976
90	110	3.4567
91	110	3.3768
92	110	2.0874
93	110	0.87743
94	110	1.0775
95	110	6.2174
96	110	3.257
97	110	1.2375
98	110	-1.459
99	110	-1.6177
100	110	-1.7676
102	110	2.1851
104	110	3.2638
105	110	2.909
106	110	2.2701
107	110	2.3328
108	110	-0.94057
1	111	-0.62341
2	111	-0.70771
3	111	-0.71842
4	111	-0.82744
5	111	0.99639
6	111	1.4792
7	111	0.35433
8	111	0.67978
9	111	1.5064
10	111	1.4421
11	111	-0.93657
12	111	0.34981
13	111	0.79319
14	111	1.4921
15	111	1.4241
16	111	1.6063
17	111	0.82623
18	111	0.96032
19	111	-1.3487
20	111	-1.2968
21	111	-1.3673
22	111	-1.2476
23	111	-0.8481
24	111	-0.69469
25	111	1.2225
26	111	0.20883
27	111	0.36872
28	111	0.4347
29	111	-1.4791
30	111	-1.4869
31	111	-1.4408
32	111	-1.2142
33	111	-0.10235
34	111	-1.7009
35	111	-1.6431
36	111	-0.27527
37	111	-0.0096627
38	111	0.1474
39	111	0.27056
40	111	1.1966
41	111	1.3656
42	111	1.4488
43	111	1.3426
44	111	1.1857
45	111	-0.59911
46	111	-0.41285
47	111	-0.20849
48	111	1.3017
49	111	1.5971
50	111	1.5591
51	111	-0.61265
52	111	-0.38282
53	111	4.0414
54	111	4.0169
55	111	0.85522
56	111	-0.61067
57	111	-0.64559
58	111	4.0687
59	111	3.9752
60	111	3.8049
61	111	0.090612
62	111	1.211
63	111	-0.040337
64	111	0.13818
65	111	0.29224
67	111	0.58764
71	111	1.0487
72	111	0.8286
73	111	8.5854
74	111	8.1403
75	111	2.3086
76	111	1.9797
77	111	2.02
78	111	1.2809
79	111	-1.6523
80	111	7.6785
81	111	2.9866
82	111	2.1952
83	111	2.3385
84	111	1.565
85	111	1.3988
86	111	0.85628
87	111	-1.6636
88	111	-1.635
89	111	7.3084
90	111	3.4483
91	111	3.3704
92	111	2.0399
93	111	0.82352
94	111	1.0217
95	111	6.5463
96	111	3.253
97	111	1.181
98	111	-1.2889
99	111	-1.344
100	111	-1.3643
102	111	2.0723
104	111	3.4335
105	111	3.0203
106	111	2.1535
107	111	2.216
108	111	-0.98662
66	112	5.3727
68	112	5.5079
69	112	5.4951
70	112	5.585
79	112	0.36006
81	112	4.3512
87	112	-0.30647
88	112	-0.045822
90	112	5.2081
91	112	4.8001
96	112	5.2686
98	112	-0.97207
99	112	-0.81665
100	112	-0.78631
101	112	0.87063
103	112	0.24104
108	112	-1.3011
109	112	-0.89073
110	112	-0.94817
111	112	-0.96009
66	113	-1.8364
68	113	-1.7156
69	113	-1.3409
70	113	-1.062
79	113	0.4677
81	113	-0.92105
87	113	0.38063
88	113	0.37339
90	113	-2.3183
91	113	-1.2127
96	113	-1.4447
98	113	0.62677
99	113	0.62056
100	113	0.49364
101	113	1.9941
103	113	1.9494
108	113	0.61224
109	113	2.4113
110	113	2.2878
111	113	2.1656
66	114	-1.7347
68	114	-1.6488
69	114	-1.3068
70	114	-1.0451
79	114	0.45877
81	114	-0.5423
87	114	0.37738
88	114	0.36873
90	114	-2.0035
91	114	-0.86727
96	114	-1.0433
98	114	0.63419
99	114	0.62666
100	114	0.49885
101	114	1.9506
103	114	1.9076
108	114	0.6269
109	114	2.3706
110	114	2.2471
111	114	2.1247
1	115	-0.13522
2	115	-0.20933
3	115	-0.21325
4	115	-0.32014
5	115	0.98457
6	115	1.4714
7	115	0.33121
8	115	0.66321
9	115	1.5571
10	115	1.4898
11	115	-0.41001
12	115	0.3318
13	115	0.7843
14	115	1.5402
15	115	1.4704
16	115	1.6514
17	115	0.87362
18	115	1.0097
19	115	-0.6668
20	115	-1.0126
21	115	-0.58253
22	115	-0.66928
23	115	-0.56273
24	115	-0.44927
25	115	1.1486
26	115	0.27196
27	115	0.42975
28	115	0.49397
29	115	-0.68516
30	115	-0.76053
31	115	-0.80255
32	115	-0.6417
33	115	-0.030185
34	115	-0.93367
35	115	-0.96634
36	115	-0.19721
37	115	0.0779
38	115	0.23272
39	115	0.36083
40	115	1.6225
41	115	1.7739
42	115	1.8434
43	115	1.7297
44	115	1.5564
45	115	-0.52731
46	115	-0.31879
47	115	-0.093505
48	115	1.7173
49	115	1.9797
50	115	1.9327
51	115	-0.54012
52	115	-0.20704
53	115	2.9336
54	115	2.9291
55	115	0.87707
56	115	-0.3871
57	115	-0.43126
58	115	2.98
59	115	2.9065
60	115	2.7548
61	115	0.29289
62	115	1.1806
63	115	0.14755
64	115	0.21079
65	115	0.58166
67	115	0.57222
71	115	1.0856
72	115	1.0058
73	115	7.8633
74	115	7.4718
75	115	2.3484
76	115	2.0265
77	115	2.072
78	115	1.4708
79	115	-1.582
80	115	7.0551
81	115	2.7523
82	115	2.2504
83	115	2.3971
84	115	1.7577
85	115	1.604
86	115	1.0835
87	115	-1.9273
88	115	-1.6542
89	115	6.7053
90	115	3.2136
91	115	3.1325
92	115	2.2391
93	115	1.0712
94	115	1.2712
95	115	5.942
96	115	3.0078
97	115	1.4316
98	115	-1.5336
99	115	-1.6726
100	115	-1.4379
102	115	2.3266
104	115	3.2948
105	115	2.9809
106	115	2.411
107	115	2.4747
108	115	-1.0666
112	115	-1.4768
113	115	2.435
114	115	2.3959
1	116	-0.59498
2	116	-0.67018
3	116	-0.69134
4	116	-0.77865
5	116	1.1155
6	116	1.595
7	116	0.47782
8	116	0.80188
9	116	1.6362
10	116	1.5808
11	116	-0.91177
12	116	0.47475
13	116	0.91583
14	116	1.6219
15	116	1.5642
16	116	1.7474
17	116	0.96928
18	116	1.1019
19	116	-1.3158
20	116	-1.2593
21	116	-1.3795
22	116	-1.26
23	116	-0.97103
24	116	-0.81842
25	116	1.2926
26	116	0.36454
27	116	0.52215
28	116	0.58716
29	116	-1.5142
30	116	-1.48
31	116	-1.4448
32	116	-1.2397
33	116	0.058638
34	116	-1.8013
35	116	-1.6886
36	116	-0.11126
37	116	0.15149
38	116	0.32735
39	116	0.44898
40	116	1.1068
41	116	1.2751
42	116	1.3577
43	116	1.2489
44	116	1.088
45	116	-0.43128
46	116	-0.24713
47	116	-0.020453
48	116	1.2088
49	116	1.5052
50	116	1.4656
51	116	-0.44496
52	116	-0.18988
53	116	3.9137
54	116	4.0084
55	116	0.73937
56	116	-0.6703
57	116	-0.45984
58	116	4.0736
59	116	4.0986
60	116	4.0332
61	116	0.020212
62	116	1.0735
63	116	-0.12446
64	116	0.3312
65	116	0.095406
67	116	0.78026
71	116	1.2295
72	116	0.96892
73	116	8.9846
74	116	8.5097
75	116	2.4556
76	116	2.136
77	116	2.1753
78	116	1.4123
79	116	-1.6449
80	116	8.056
81	116	3.0518
82	116	2.3467
83	116	2.4865
84	116	1.6928
85	116	1.5276
86	116	0.99708
87	116	-1.7615
88	116	-1.6731
89	116	7.718
90	116	3.4941
91	116	3.4195
92	116	2.1594
93	116	0.96231
94	116	1.1574
95	116	7.0134
96	116	3.3045
97	116	1.3152
98	116	-1.6803
99	116	-1.8412
100	116	-1.8749
102	116	2.1676
104	116	3.7847
105	116	3.3806
106	116	2.2452
107	116	2.3071
108	116	-1.6942
112	116	-1.1471
113	116	2.2545
114	116	2.2147
66	117	-1.9268
68	117	-1.7643
69	117	-1.3939
70	117	-1.1043
79	117	0.69102
81	117	-1.6795
87	117	0.60256
88	117	0.59948
90	117	-2.0306
91	117	-2.0262
96	117	-2.4196
98	117	0.83384
99	117	0.83454
100	117	0.71492
101	117	2.1059
103	117	2.0572
108	117	0.82412
109	117	2.5232
110	117	2.3983
111	117	2.275
115	117	2.5448
116	117	2.3645
66	118	-1.4605
68	118	-1.1883
69	118	-0.86257
70	118	-0.49551
101	118	0.94492
102	118	-2.1756
103	118	0.93204
106	118	-1.3152
107	118	-2.053
109	118	1.459
110	118	1.2659
111	118	1.1554
112	118	0.67198
113	118	-0.43166
114	118	0.18852
115	118	1.5377
116	118	1.3005
117	118	-1.1063
66	119	-1.7572
68	119	-1.5994
69	119	-1.2431
70	119	-0.97913
79	119	0.58768
81	119	-1.1181
87	119	0.50157
88	119	0.49673
90	119	-2.3799
91	119	-1.4904
96	119	-1.808
98	119	0.73837
99	119	0.73657
100	119	0.61527
101	119	1.9587
103	119	1.9112
108	119	0.72882
109	119	2.3824
110	119	2.2553
111	119	2.1307
115	119	2.4063
116	119	2.2221
118	119	1.081
17	120	6.8409
18	120	7.257
26	120	6.7161
27	120	7.0506
28	120	7.3489
33	120	6.5481
36	120	6.7457
37	120	7.3383
45	120	6.6844
46	120	7.171
51	120	6.6577
66	120	6.2121
68	120	6.7387
69	120	7.0356
70	120	7.2826
101	120	1.0437
103	120	1.2065
109	120	2.0296
110	120	1.8639
111	120	1.6772
115	120	2.3317
116	120	2.219
17	121	6.8031
18	121	7.2128
26	121	6.6157
27	121	6.9478
28	121	7.728
33	121	6.4271
36	121	6.5994
37	121	7.2456
45	121	6.507
46	121	7.0058
51	121	6.4679
66	121	6.1911
68	121	6.6715
69	121	7.0129
70	121	7.3079
101	121	1.0852
103	121	0.81488
109	121	0.00042287
110	121	0.07211
111	121	0.2316
115	121	0.29553
116	121	0.22812
66	122	0.60032
68	122	0.78038
69	122	1.1342
70	122	1.3833
101	122	-0.0064248
102	122	-0.7171
103	122	-0.032677
106	122	-0.78034
107	122	-0.48571
109	122	0.57381
110	122	0.34761
111	122	0.2167
112	122	0.63988
113	122	0.020526
114	122	-0.0099261
115	122	0.66774
116	122	0.39044
117	122	-0.029511
119	122	-0.086388
66	123	-1.0253
68	123	-0.85191
69	123	-0.45228
70	123	-0.1298
101	123	0.91551
102	123	-1.9986
103	123	0.88645
106	123	-1.8508
107	123	-1.9317
109	123	1.4354
110	123	1.2283
111	123	1.109
112	123	0.82999
113	123	-0.8937
114	123	-0.6416
115	123	1.5112
116	123	1.2543
117	123	-1.3105
119	123	-0.70751
40	124	1.3001
41	124	1.457
42	124	1.4035
43	124	1.4041
44	124	1.7974
48	124	1.2371
49	124	1.3042
50	124	1.5647
66	124	3.2356
68	124	2.5881
69	124	2.3863
70	124	2.175
101	124	-1.8847
103	124	-2.0348
109	124	-1.2329
110	124	-2.1091
111	124	-1.8069
115	124	-1.1545
116	124	-1.5321
17	125	6.1724
18	125	6.5717
26	125	5.8846
27	125	6.2102
28	125	7.1234
33	125	5.662
36	125	5.7879
37	125	6.4252
45	125	5.6434
46	125	6.1494
51	125	5.5702
66	125	4.7483
68	125	5.1
69	125	5.4722
70	125	5.8204
101	125	0.815
103	125	0.56961
109	125	0.072456
110	125	0.15585
111	125	0.17635
115	125	0.20019
116	125	0.036022
66	126	0.79633
68	126	0.92335
69	126	1.243
70	126	1.4548
101	126	-0.22025
102	126	-0.44994
103	126	-0.25991
106	126	-0.43078
107	126	-0.31298
109	126	0.38054
110	126	0.13545
111	126	-0.0080419
112	126	-0.26948
113	126	0.1096
114	126	0.12756
115	126	0.47808
116	126	0.17245
117	126	-0.18433
119	126	-0.12943
66	127	-1.6678
68	127	-1.5238
69	127	-1.2053
70	127	-0.96189
79	127	0.89942
81	127	-1.0758
87	127	0.81988
88	127	0.81693
90	127	-1.9243
91	127	-1.5822
96	127	-1.924
98	127	1.0498
99	127	1.0526
100	127	0.93889
101	127	2.0401
103	127	1.98
108	127	1.0507
109	127	2.465
110	127	2.3283
111	127	2.1975
115	127	2.484
116	127	2.2862
118	127	2.0779
122	127	-0.39982
123	127	0.016392
126	127	-0.45914
66	128	0.73916
68	128	-0.60108
69	128	-0.54866
70	128	-0.022654
101	128	-0.83739
103	128	-0.90677
109	128	-0.35145
110	128	-0.62122
111	128	-0.76237
115	128	-0.263
116	128	-0.38694
40	129	0.98271
41	129	1.143
42	129	1.0931
43	129	1.1053
44	129	1.5182
48	129	0.92095
49	129	0.99512
50	129	1.2759
66	129	3.4817
68	129	2.8262
69	129	2.6216
70	129	2.4081
101	129	-1.9523
103	129	-1.7027
109	129	-1.4694
110	129	-1.6863
111	129	-1.5495
115	129	-1.514
116	129	-1.3732
40	130	1.3929
41	130	1.2272
42	130	1.3064
43	130	1.4719
44	130	1.8422
48	130	1.3375
49	130	1.322
50	130	1.6303
66	130	3.7535
68	130	3.068
69	130	2.8546
70	130	2.6352
101	130	-2.0963
103	130	-1.592
109	130	-1.6226
110	130	-2.2037
111	130	-1.4911
115	130	-1.4964
116	130	-1.2469
40	131	1.6347
41	131	1.4562
42	131	1.5157
43	131	1.6605
44	131	1.9951
48	131	1.5793
49	131	1.5277
50	131	1.81
66	131	4.4297
68	131	3.6953
69	131	3.4654
70	131	3.234
101	131	-1.2126
103	131	-0.82274
109	131	-1.7425
110	131	-1.4747
111	131	-0.81253
115	131	-1.4581
116	131	-0.66239
66	132	1.028
68	132	1.1022
69	132	1.392
70	132	1.5715
101	132	-0.47856
102	132	-0.15776
103	132	-0.53374
106	132	-0.042661
107	132	-0.091945
109	132	0.14374
110	132	-0.12308
111	132	-0.28096
112	132	-0.9993
113	132	0.22713
114	132	0.26946
115	132	0.2451
116	132	-0.093847
117	132	-0.2439
119	132	-0.1474
127	132	-0.045674
17	133	4.7008
18	133	5.0952
26	133	4.2747
27	133	4.5989
28	133	5.4845
33	133	4.004
36	133	4.0728
37	133	4.7098
45	133	3.8602
46	133	4.3795
51	133	3.7339
66	133	2.4487
68	133	2.628
69	133	2.9691
70	133	3.3027
101	133	0.89246
103	133	0.97038
109	133	1.2983
110	133	1.194
111	133	1.1024
115	133	1.425
116	133	1.2945
40	134	1.3521
41	134	1.189
42	134	1.2672
43	134	1.4301
44	134	1.7947
48	134	1.3028
49	134	1.2874
50	134	1.5905
66	134	3.9212
68	134	3.2222
69	134	3.0045
70	134	2.7825
101	134	-1.8906
103	134	-1.4271
109	134	-1.7449
110	134	-2.0153
111	134	-1.3476
115	134	-1.6313
116	134	-1.1361
66	135	0.82206
68	135	-0.12487
69	135	0.24634
70	135	0.73747
101	135	-1.527
103	135	-1.6456
109	135	-1.4893
110	135	-1.5468
111	135	-1.6832
115	135	-1.5441
116	135	-1.4814
40	136	1.2807
41	136	1.1223
42	136	1.202
43	136	1.3648
44	136	1.7283
48	136	1.2376
49	136	1.2273
50	136	1.5278
66	136	4.1095
68	136	3.3956
69	136	3.173
70	136	2.9478
101	136	-1.6548
103	136	-1.2287
109	136	-1.8637
110	136	-1.8052
111	136	-1.1743
115	136	-1.7803
116	136	-1.0002
40	137	1.3841
41	137	1.2203
42	137	1.2914
43	137	1.445
44	137	1.7924
48	137	1.3409
49	137	1.315
50	137	1.6039
66	137	4.2755
68	137	3.5432
69	137	3.3147
70	137	3.0854
101	137	-1.4639
103	137	-1.0646
109	137	-1.988
110	137	-1.6645
111	137	-1.0339
115	137	-1.8819
116	137	-0.87857
25	138	2.5654
53	138	5.1792
54	138	5.3569
58	138	5.0306
59	138	5.5305
60	138	6.3933
64	138	3.851
65	138	3.8078
66	138	6.5148
67	138	3.7497
68	138	6.8954
69	138	6.4915
70	138	5.9837
101	138	-0.75247
103	138	-0.63771
109	138	-2.2881
110	138	-1.5084
111	138	-0.87762
115	138	-1.9803
116	138	-1.1763
124	138	-2.2324
129	138	-1.774
130	138	-2.0494
131	138	-2.3246
134	138	-1.6731
136	138	-1.4367
137	138	-1.4052
40	139	3.4974
41	139	3.7403
42	139	4.051
43	139	4.0663
44	139	4.4169
48	139	3.4354
49	139	3.6767
50	139	3.4031
66	139	3.4377
68	139	4.7836
69	139	6.0443
70	139	5.8518
101	139	-1.5092
103	139	-1.7227
109	139	-1.9046
110	139	-2.0772
111	139	-1.9821
115	139	-1.7466
116	139	-2.1228
138	139	-1.6499
17	140	4.7763
18	140	5.1487
26	140	4.3407
27	140	4.6371
28	140	5.4584
33	140	4.0763
36	140	4.1165
37	140	4.6849
45	140	3.9048
46	140	4.3543
51	140	3.7493
66	140	2.3142
68	140	2.4402
69	140	2.7133
70	140	2.9757
101	140	0.65433
103	140	0.71423
109	140	1.063
110	140	0.93934
111	140	0.83812
115	140	1.1816
116	140	1.0213
66	141	0.53248
68	141	0.53524
69	141	0.86531
70	141	1.3136
101	141	-1.8819
103	141	-1.232
109	141	-1.6761
110	141	-1.2693
111	141	-0.89519
115	141	-1.2678
116	141	-0.68564
40	142	3.3487
41	142	3.5917
42	142	3.9018
43	142	3.9173
44	142	4.2664
48	142	3.2872
49	142	3.5281
50	142	3.255
66	142	3.3022
68	142	4.6439
69	142	5.8922
70	142	5.7505
101	142	-1.6803
103	142	-1.8373
109	142	-1.941
110	142	-2.0825
111	142	-2.0939
115	142	-1.6552
116	142	-1.8578
138	142	-2.0578
66	143	0.6233
68	143	0.14454
69	143	0.49748
70	143	0.96699
101	143	-1.808
103	143	-2.1278
109	143	-1.6893
110	143	-2.1271
111	143	-2.1428
115	143	-1.7869
116	143	-2.0239
25	144	2.1922
53	144	4.8779
54	144	5.0505
58	144	4.713
59	144	5.2006
60	144	6.0332
64	144	3.5155
65	144	3.4718
66	144	6.1424
67	144	3.4352
68	144	6.9912
69	144	6.5593
70	144	6.0249
101	144	-0.70019
103	144	-0.57053
109	144	-1.9635
110	144	-1.3038
111	144	-0.73063
115	144	-1.8467
116	144	-0.92663
124	144	-2.1576
129	144	-1.4996
130	144	-1.9867
131	144	-2.0289
134	144	-1.6463
136	144	-1.2556
137	144	-1.2936
139	144	-1.6246
142	144	-1.7646
17	145	6.8017
18	145	7.1898
26	145	6.558
27	145	6.8657
28	145	7.7452
33	145	6.3534
36	145	6.4784
37	145	7.0687
45	145	6.3588
46	145	6.8079
51	145	6.2771
66	145	5.429
68	145	5.7724
69	145	6.0605
70	145	6.3164
101	145	1.8561
103	145	1.8804
109	145	0.8113
110	145	1.3261
111	145	1.5824
115	145	0.4943
116	145	1.3187
25	146	2.0318
53	146	4.7394
54	146	4.909
58	146	4.5708
59	146	5.0539
60	146	5.8782
64	146	3.3395
65	146	3.3028
66	146	5.8475
67	146	3.264
68	146	6.794
69	146	6.3618
70	146	5.8258
101	146	-0.91999
103	146	-0.76837
109	146	-1.7236
110	146	-1.4731
111	146	-0.89665
115	146	-1.4518
116	146	-1.0496
124	146	-1.8948
129	146	-1.25
130	146	-1.7564
131	146	-1.8912
134	146	-1.4343
136	146	-1.0585
137	146	-1.1185
139	146	-1.4306
142	146	-1.5329
offset
60
