128
detection	body_part	cost
1	4	0.72019
2	4	0.34534
3	4	0.81445
4	11	9.2102
5	3	0.23281
6	3	0.096215
7	9	1.1361
8	3	0.061642
9	3	1.1459
10	6	0.77299
11	6	1.0496
12	9	0.90021
13	9	0.86243
14	3	0.43003
15	3	1.0469
16	11	9.2102
17	6	0.90324
18	7	1.3057
19	1	0.21099
20	7	1.1115
21	1	0.03269
22	1	-0.91098
23	6	0.9903
24	6	0.56926
25	6	0.74139
26	6	0.39121
27	6	0.59278
28	6	0.98098
29	11	9.2102
30	1	-1.4802
31	7	1.3499
32	12	1.3724
33	1	-1.1144
34	1	-1.8618
35	1	-0.58709
36	11	9.2102
37	10	1.2381
38	1	0.066911
39	1	-0.83259
40	4	0.85872
41	11	9.2102
42	10	0.66541
43	11	9.2102
44	11	9.2102
45	11	9.2102
46	2	-0.32304
47	2	-1.2667
48	2	-0.58365
49	2	-0.02417
50	2	-0.80207
51	2	-0.34196
52	2	-1.3276
53	2	-0.10104
54	11	9.2102
55	11	9.2102
56	2	-0.30509
57	5	-3.3375
58	5	-0.96136
59	11	9.2102
60	11	0.78584
61	4	-3.5331
62	5	-1.4636
63	4	0.39444
64	3	-4.156
65	9	-1.5761
66	10	-0.54493
67	10	-2.446
68	4	0.8401
69	9	-2.5932
70	10	-2.2451
71	11	0.018082
72	11	-1.0135
73	2	-3.9559
74	1	-3.9536
75	9	-0.6945
76	12	-1.4784
77	11	9.2102
78	6	-3.2805
79	12	-2.5625
80	12	-1.7939
81	13	-1.1019
82	13	-2.056
83	14	-1.5969
84	7	-1.22
85	4	-0.835
86	7	-1.5647
87	12	-0.43995
88	5	-1.275
89	8	0.39102
90	13	-0.67436
91	13	0.60683
92	14	-0.37742
93	14	-1.1644
94	4	-2.3568
95	7	-0.52315
96	5	-2.1759
97	5	-2.7584
98	5	0.86891
99	11	9.2102
100	3	-4.2641
101	4	0.72171
102	4	-3.1571
103	5	-1.3796
104	9	-0.46012
105	5	-1.2731
106	11	9.2102
107	10	-1.9743
108	10	-1.1034
109	11	-0.83833
110	2	-5.6314
111	1	-5.0697
112	9	-3.0341
113	10	-3.1537
114	11	-3.7008
115	12	-0.21617
116	12	0.3941
117	10	0.75961
118	12	-3.5913
119	6	-4.6584
120	7	-2.3671
121	13	-4.6205
122	7	0.81913
123	7	-3.9763
124	13	-0.93815
125	14	-3.487
126	7	-0.80209
127	8	-1.9434
128	8	-2.7085
detection1	detection2	cost
1	2	-5.6071
1	3	0.30445
2	3	-1.5143
5	6	-5.6071
5	8	-5.6071
6	8	-4.8231
5	9	-1.5143
6	9	-3.2674
8	9	-1.8214
10	11	-5.6071
7	12	-4.8231
7	13	-5.6071
12	13	-5.6071
5	14	-3.7143
6	14	-3.2674
8	14	-5.6071
9	14	-1.5143
5	15	-2.1462
6	15	-3.2674
8	15	-3.2674
9	15	-4.8231
14	15	-3.7143
4	16	75.9791
10	17	-4.8231
11	17	-5.6071
18	20	-5.6071
19	21	-3.2674
19	22	-4.8231
21	22	-5.6071
10	23	1.9643
11	23	3.2076
17	23	1.9643
10	24	0.96511
11	24	1.9643
17	24	0.53071
23	24	-5.6071
10	25	0.30445
11	25	0.96511
17	25	-0.67521
23	25	-3.7143
24	25	-5.6071
10	26	0.071429
11	26	0.30445
17	26	-1.5143
23	26	-1.8214
24	26	-3.7143
25	26	-5.6071
10	27	0.30445
11	27	0.071429
17	27	-1.8214
23	27	0.071429
24	27	-1.8214
25	27	-3.7143
26	27	-5.6071
10	28	0.96511
11	28	0.30445
17	28	-1.5143
23	28	1.9643
24	28	0.071429
25	28	-1.8214
26	28	-3.7143
27	28	-5.6071
4	29	19.6016
16	29	51.4527
19	30	-3.2674
21	30	-4.8231
22	30	-5.6071
18	31	-1.8214
20	31	-3.7143
19	33	-0.67521
21	33	-3.7143
22	33	-3.2674
30	33	-4.8231
19	34	-1.5143
21	34	-3.2674
22	34	-3.7143
30	34	-5.6071
33	34	-5.6071
19	35	-1.8214
21	35	-2.1462
22	35	-3.2674
30	35	-4.8231
33	35	-3.7143
34	35	-5.6071
4	36	19.7992
16	36	53.8064
29	36	-3.2674
19	38	0.96511
21	38	-1.8214
22	38	-1.5143
30	38	-3.2674
33	38	-5.6071
34	38	-4.8231
35	38	-3.2674
19	39	0.30445
21	39	-1.5143
22	39	-1.8214
30	39	-3.7143
33	39	-4.8231
34	39	-5.6071
35	39	-4.8231
38	39	-5.6071
1	40	19.269
2	40	17.9658
3	40	12.9744
4	41	15.293
16	41	61.5828
29	41	3.5372
36	41	0.30445
37	42	-4.8231
4	43	16.7404
16	43	61.9191
29	43	4.6202
36	43	0.96511
41	43	-5.6071
4	44	30.8274
16	44	45.8033
29	44	4.6202
36	44	3.5372
41	44	9.9513
43	44	9.6406
4	45	18.2456
16	45	62.3051
29	45	5.8845
36	45	1.9643
41	45	-3.7143
43	45	-5.6071
44	45	9.5357
46	47	-5.6071
46	48	-1.8214
47	48	-3.7143
46	49	0.071429
47	49	-1.8214
48	49	-5.6071
46	50	-3.2674
47	50	-4.8231
48	50	-4.8231
49	50	-3.2674
46	51	-3.7143
47	51	-3.2674
48	51	-0.67521
49	51	0.96511
50	51	-3.2674
46	52	-3.2674
47	52	-3.7143
48	52	-2.1462
49	52	-0.67521
50	52	-4.8231
51	52	-5.6071
46	53	-0.67521
47	53	-2.1462
48	53	-3.7143
49	53	-3.2674
50	53	-4.8231
51	53	-1.8214
52	53	-3.7143
4	54	29.9767
16	54	52.9826
29	54	7.7607
36	54	4.4715
41	54	7.2837
43	54	6.1496
44	54	0.53071
45	54	5.1977
4	55	27.4026
16	55	56.5502
29	55	7.7607
36	55	3.8571
41	55	4.6202
43	55	3.2076
44	55	3.5372
45	55	1.9643
54	55	-3.7143
46	56	-0.67521
47	56	-1.5143
48	56	-1.5143
49	56	-0.67521
50	56	-3.7143
51	56	-3.2674
52	56	-4.8231
53	56	-4.8231
57	58	-3.7143
4	59	31.3382
16	59	53.6601
29	59	9.6406
36	59	6.2802
41	59	8.5614
43	59	7.2837
44	59	1.9643
45	59	6.1496
54	59	-5.6071
55	59	-3.2674
4	60	27.7092
16	60	58.966
29	60	9.9513
36	60	5.8845
41	60	5.1977
43	60	3.5372
44	60	6.1496
45	60	1.9643
54	60	-1.5143
55	60	-4.8231
59	60	-1.8214
1	61	28.9098
2	61	28.0636
3	61	24.2301
40	61	5.8845
57	62	-5.6071
58	62	-3.2674
1	63	30.8274
2	63	29.833
3	63	25.5573
40	63	5.8845
61	63	-3.7143
5	64	40.9808
6	64	39.5176
8	64	39.8214
9	64	35.414
14	64	38.7105
15	64	35.6638
7	65	32.7427
12	65	30.0721
13	65	31.3382
37	66	32.295
42	66	33.2734
37	67	30.593
42	67	31.5222
66	67	-5.6071
1	68	32.295
2	68	31.5222
3	68	27.8615
40	68	9.6406
61	68	-3.7143
63	68	-2.1462
7	69	33.0089
12	69	30.3571
13	69	31.5222
65	69	-4.8231
37	70	29.833
42	70	30.593
66	70	-3.2674
67	70	-4.8231
4	71	35.6638
16	71	55.9884
29	71	15.293
36	71	11.8034
41	71	12.9744
43	71	11.4286
44	71	6.9156
45	71	9.9513
54	71	0.071429
55	71	0.96511
59	71	-1.8214
60	71	0.53071
4	72	33.4488
16	72	59.3958
29	72	15.293
36	72	11.4286
41	72	11.1425
43	72	9.4302
44	72	8.783
45	72	7.7607
54	72	0.96511
55	72	0.071429
59	72	-0.67521
60	72	-1.5143
71	72	-3.7143
46	73	50.8111
47	73	48.9694
48	73	45.2968
49	73	43.4667
50	73	46.7032
51	73	50.069
52	73	48.2028
53	73	44.4761
56	73	46.0381
19	74	40.2736
21	74	42.5087
22	74	40.8698
30	74	39.9349
33	74	40.7586
34	74	39.0581
35	74	37.3731
38	74	39.9726
39	74	38.243
7	75	34.5282
12	75	31.8878
13	75	33.0089
65	75	-3.2674
69	75	-5.6071
32	76	19.7992
4	77	32.295
16	77	65.3443
29	77	18.2456
36	77	14.0819
41	77	11.523
43	77	9.6406
44	77	13.9152
45	77	7.7607
54	77	5.8845
55	77	3.5372
59	77	4.6202
60	77	0.96511
71	77	2.1517
72	77	-1.5143
10	78	38.086
11	78	36.8511
17	78	35.414
23	78	37.173
24	78	35.6638
25	78	34.1859
26	78	32.7427
27	78	31.3382
28	78	29.9767
32	79	21.3932
76	79	-5.6071
32	80	20.4477
76	80	-4.8231
79	80	-5.6071
81	82	-5.6071
18	84	26.624
20	84	24.8452
31	84	21.3311
1	85	38.243
2	85	37.4927
3	85	33.8406
40	85	15.2143
61	85	2.1517
63	85	2.1517
68	85	-1.5143
18	86	27.2998
20	86	25.5573
31	86	22.1279
84	86	-5.6071
32	87	22.1279
76	87	-3.2674
79	87	-4.8231
80	87	-5.6071
57	88	4.4715
58	88	3.8571
62	88	2.6933
81	90	-3.2674
82	90	-4.8231
81	91	-1.5143
82	91	-3.2674
90	91	-5.6071
83	92	-3.2674
83	93	-5.6071
92	93	-3.7143
1	94	39.9726
2	94	39.2501
3	94	35.6638
40	94	17.1071
61	94	4.0138
63	94	4.0138
68	94	0.30445
85	94	-5.6071
18	95	29.0571
20	95	27.2998
31	95	23.8324
84	95	-4.8231
86	95	-5.6071
57	96	6.2802
58	96	5.75
62	96	4.4715
88	96	-5.6071
57	97	6.9156
58	97	5.8845
62	97	5.1977
88	97	-4.8231
96	97	-5.6071
57	98	8.783
58	98	6.9156
62	98	7.2837
88	98	-1.5143
96	98	-1.8214
97	98	-3.7143
4	99	43.9913
16	99	56.5502
29	99	23.3135
36	99	20.0604
41	99	21.3932
43	99	19.7992
44	99	13.4073
45	99	18.2456
54	99	8.1089
55	99	9.4302
59	99	6.2802
60	99	8.783
71	99	0.96511
72	99	3.2076
77	99	6.9156
5	100	50.069
6	100	48.7787
8	100	48.715
9	100	44.8538
14	100	47.3929
15	100	44.7168
64	100	4.0138
1	101	41.0177
2	101	40.3859
3	101	37.0526
40	101	19.0675
61	101	5.75
63	101	6.2802
68	101	1.9643
85	101	-3.2674
94	101	-4.8231
1	102	42.4729
2	102	41.7143
3	102	38.0074
40	102	19.0675
61	102	6.2802
63	102	5.75
68	102	2.6933
85	102	-3.2674
94	102	-4.8231
101	102	-3.7143
57	103	8.1089
58	103	7.6429
62	103	6.2802
88	103	-3.7143
96	103	-5.6071
97	103	-4.8231
98	103	-1.5143
7	104	39.0581
12	104	36.5267
13	104	37.3731
65	104	5.1977
69	104	2.6933
75	104	0.96511
57	105	8.6726
58	105	7.7607
62	105	6.9156
88	105	-3.2674
96	105	-4.8231
97	105	-5.6071
98	105	-3.2674
103	105	-5.6071
4	106	47.0983
16	106	58.75
29	106	27.0414
36	106	23.7178
41	106	24.6786
43	106	23.0214
44	106	17.1798
45	106	21.3932
54	106	11.8034
55	106	12.8867
59	106	9.9513
60	106	11.9882
71	106	4.4715
72	106	6.1496
77	106	8.783
99	106	-3.7143
37	107	32.7427
42	107	32.6536
66	107	8.783
67	107	7.7607
70	107	5.1977
37	108	30.3571
42	108	30.0721
66	108	11.2383
67	108	9.9513
70	108	7.2837
107	108	-3.7143
4	109	41.7143
16	109	68.1433
29	109	27.0414
36	109	23.0214
41	109	21.1441
43	109	19.269
44	109	20.4477
45	109	17.3966
54	109	12.8867
55	109	11.8034
59	109	11.1425
60	109	9.6406
71	109	6.1496
72	109	4.4715
77	109	2.1517
99	109	4.4715
106	109	3.8571
46	110	52.6559
47	110	50.9338
48	110	47.5232
49	110	45.8369
50	110	48.4274
51	110	51.2091
52	110	49.4432
53	110	45.9376
56	110	46.9998
73	110	4.0138
19	111	47.3929
21	111	48.9694
22	111	47.5232
30	111	46.3051
33	111	46.637
34	111	45.1269
35	111	43.6422
38	111	45.5338
39	111	43.9913
74	111	3.8571
7	112	41.7143
12	112	39.2501
13	112	39.9726
65	112	9.4302
69	112	6.9156
75	112	5.1977
104	112	-3.2674
37	113	33.0089
42	113	32.7427
66	113	11.4286
67	113	10.3572
70	113	7.7607
107	113	-4.8231
108	113	-4.8231
4	114	42.7945
16	114	70.7508
29	114	29.2526
36	114	25.1758
41	114	22.8448
43	114	20.9559
44	114	23.0214
45	114	19.0675
54	114	15.3715
55	114	14.0819
59	114	13.6628
60	114	11.8034
71	114	8.783
72	114	6.9156
77	114	3.8571
99	114	6.9156
106	114	5.8845
109	114	-4.8231
32	115	30.8274
76	115	5.8845
79	115	4.0138
80	115	3.8571
87	115	1.9643
32	116	29.2526
76	116	7.7607
79	116	6.1496
80	116	5.1977
87	116	3.5372
115	116	-1.8214
37	117	36.8511
42	117	36.6892
66	117	11.1425
67	117	10.4572
70	117	8.1089
107	117	-3.2674
108	117	-0.67521
113	117	-3.2674
32	118	32.024
76	118	8.1089
79	118	6.2802
80	118	5.8845
87	118	4.0138
115	118	-4.8231
116	118	-3.2674
10	119	50.2864
11	119	49.3173
17	119	47.6858
23	119	47.5232
24	119	46.3051
25	119	45.1269
26	119	43.9913
27	119	42.9012
28	119	41.8597
78	119	7.6429
18	120	39.8214
20	120	38.0074
31	120	34.4002
84	120	5.8845
86	120	5.75
95	120	3.8571
81	121	9.4302
82	121	8.6726
90	121	6.2802
91	121	5.8845
18	122	41.1652
20	122	39.3267
31	122	35.6638
84	122	7.6429
86	122	7.7607
95	122	5.8845
120	122	-4.8231
18	123	42.1852
20	123	40.3859
31	123	36.8106
84	123	8.1089
86	123	7.7607
95	123	5.8845
120	123	-4.8231
122	123	-3.7143
81	124	10.4572
82	124	9.9513
90	124	7.7607
91	124	7.6429
121	124	-4.8231
83	125	11.1425
92	125	11.4286
93	125	9.4302
18	126	44.5794
20	126	42.7945
31	126	39.2501
84	126	10.4572
86	126	9.9513
95	126	8.1089
120	126	-2.1462
122	126	-1.5143
123	126	-4.8231
89	127	9.5357
89	128	9.6406
127	128	-5.6071
1	5	-1.9251
2	5	-1.9951
3	5	-1.6352
1	6	-2.0498
2	6	-2.124
3	6	-1.7568
1	8	-2.1047
2	8	-2.1313
3	8	-1.8014
1	9	-2.2423
2	9	-2.137
3	9	-2.1737
1	14	-2.1626
2	14	-1.9691
3	14	-1.6395
1	15	-2.0634
2	15	-1.9457
3	15	-1.9253
10	18	-1.0409
11	18	-0.96446
17	18	-1.5662
1	19	-2.2999
2	19	-2.2254
3	19	-1.7986
4	19	-1.3324
5	19	-1.5222
6	19	-1.7059
7	19	-0.6564
8	19	-1.6012
9	19	-1.6066
10	19	-1.234
11	19	-1.2821
12	19	-0.97132
13	19	-0.71365
14	19	-1.7471
15	19	-1.7098
16	19	2.8561
17	19	-1.5246
18	19	-1.97
10	20	-0.6732
11	20	-0.57663
17	20	-1.1456
19	20	-1.9123
1	21	-1.9615
2	21	-1.9638
3	21	-1.5822
4	21	-1.4616
5	21	-1.179
6	21	-1.367
7	21	-0.41048
8	21	-1.3193
9	21	-1.4319
10	21	-0.89334
11	21	-0.95356
12	21	-0.73113
13	21	-0.47073
14	21	-1.569
15	21	-1.6277
16	21	2.5685
17	21	-1.2343
18	21	-1.6269
20	21	-1.6881
1	22	-2.1
2	22	-1.9764
3	22	-1.6836
4	22	-1.459
5	22	-1.4047
6	22	-1.6017
7	22	-0.47298
8	22	-1.5356
9	22	-1.6587
10	22	-1.0406
11	22	-1.0993
12	22	-0.79187
13	22	-0.53084
14	22	-1.7627
15	22	-1.877
16	22	2.418
17	22	-1.3788
18	22	-1.7051
20	22	-1.7486
18	23	-2.2021
19	23	-2.2227
20	23	-2.3648
21	23	-1.8297
22	23	-1.9362
18	24	-2.143
19	24	-2.2677
20	24	-2.4923
21	24	-1.6522
22	24	-1.7647
18	25	-2.2234
19	25	-2.2535
20	25	-2.6229
21	25	-1.6655
22	25	-1.7807
18	26	-2.1584
19	26	-2.1297
20	26	-2.605
21	26	-1.5686
22	26	-1.6855
18	27	-1.9706
19	27	-2.0432
20	27	-2.3965
21	27	-1.5007
22	27	-1.6178
18	28	-1.783
19	28	-1.8654
20	28	-2.2246
21	28	-1.3408
22	28	-1.4583
19	29	-0.6201
21	29	-0.95704
22	29	-1.03
1	30	-1.9571
2	30	-1.7821
3	30	-1.5041
4	30	-1.4089
5	30	-1.6262
6	30	-1.8287
7	30	-0.55003
8	30	-1.7846
9	30	-1.7817
10	30	-1.1248
11	30	-1.1859
12	30	-0.82517
13	30	-0.6074
14	30	-2.0382
15	30	-2.0713
16	30	2.168
17	30	-1.3085
18	30	-1.5345
20	30	-1.5819
23	30	-1.4112
24	30	-1.3415
25	30	-1.4172
26	30	-1.3761
27	30	-1.3453
28	30	-1.2206
29	30	-1.0815
10	31	-0.099658
11	31	0.019275
17	31	-0.4836
19	31	-1.7289
21	31	-1.51
22	31	-1.5726
23	31	-1.8567
24	31	-2.0042
25	31	-2.0823
26	31	-2.1697
27	31	-2.1192
28	31	-2.0728
30	31	-1.4129
19	32	-1.1153
21	32	-0.68225
22	32	-0.74173
30	32	-0.63646
1	33	-1.7576
2	33	-1.5796
3	33	-1.3025
4	33	-1.2744
5	33	-1.5079
6	33	-1.7009
7	33	-0.4993
8	33	-1.6927
9	33	-1.6563
10	33	-1.0201
11	33	-1.0738
12	33	-0.61254
13	33	-0.48674
14	33	-1.9992
15	33	-1.9722
16	33	2.0881
17	33	-1.0461
18	33	-1.2253
20	33	-1.3313
23	33	-0.9828
24	33	-0.93904
25	33	-1.0337
26	33	-1.0157
27	33	-1.0043
28	33	-0.9002
29	33	-1.0628
31	33	-1.1773
32	33	-0.40001
1	34	-1.7644
2	34	-1.5904
3	34	-1.3276
4	34	-1.2833
5	34	-1.7154
6	34	-1.9282
7	34	-0.5799
8	34	-1.8992
9	34	-1.9218
10	34	-1.1423
11	34	-1.0284
12	34	-0.66313
13	34	-0.53809
14	34	-2.1942
15	34	-2.1927
16	34	1.8636
17	34	-1.02
18	34	-1.2863
20	34	-1.3887
23	34	-0.9135
24	34	-0.91849
25	34	-1.042
26	34	-1.0485
27	34	-1.0515
28	34	-0.96041
29	34	-1.1098
31	34	-1.2405
32	34	-0.47237
1	35	-1.785
2	35	-1.6271
3	35	-1.3881
4	35	-1.1835
5	35	-2.0015
6	35	-2.2179
7	35	-0.777
8	35	-2.2003
9	35	-2.1459
10	35	-1.1465
11	35	-1.0649
12	35	-0.82847
13	35	-0.70436
14	35	-2.0969
15	35	-1.9966
16	35	1.7789
17	35	-1.0727
18	35	-1.386
20	35	-1.4702
23	35	-0.8816
24	35	-0.95449
25	35	-1.1135
26	35	-1.1513
27	35	-1.171
28	35	-1.096
29	35	-0.95785
31	35	-1.3187
32	35	-0.65059
19	36	-0.56514
21	36	-0.8776
22	36	-0.95482
30	36	-0.993
33	36	-0.94006
34	36	-0.99504
35	36	-0.85598
4	37	2.0453
7	37	-0.60847
12	37	-0.92512
13	37	-0.8175
16	37	8.3157
19	37	-1.1727
21	37	-0.7008
22	37	-0.72804
29	37	6.4321
30	37	-0.70955
33	37	-0.53571
34	37	-0.58436
35	37	-0.83382
36	37	6.7614
1	38	-1.5161
2	38	-1.341
3	38	-1.0725
4	38	-1.2085
5	38	-1.5968
6	38	-1.7871
7	38	-0.46939
8	38	-1.7986
9	38	-1.7048
10	38	-0.97309
11	38	-0.84556
12	38	-0.47605
13	38	-0.35313
14	38	-2.1853
15	38	-1.9852
16	38	1.7996
17	38	-0.81167
18	38	-1.0053
20	38	-1.1566
23	38	-0.61727
24	38	-0.6165
25	38	-0.7394
26	38	-0.7528
27	38	-0.76479
28	38	-0.68566
29	38	-0.9819
31	38	-1.027
32	38	-0.27254
36	38	-0.86437
37	38	-0.38269
1	39	-1.5399
2	39	-1.3697
3	39	-1.1168
4	39	-1.1984
5	39	-1.7951
6	39	-2.0101
7	39	-0.51697
8	39	-2.0048
9	39	-1.9927
10	39	-0.87907
11	39	-0.77992
12	39	-0.52322
13	39	-0.40149
14	39	-2.275
15	39	-1.9279
16	39	1.5689
17	39	-0.76109
18	39	-1.0665
20	39	-1.2147
23	39	-0.49531
24	39	-0.54575
25	39	-0.70108
26	39	-0.74397
27	39	-0.77435
28	39	-0.71259
29	39	-1.0073
31	39	-1.0803
32	39	-0.34
36	39	-0.9032
37	39	-0.44997
5	40	0.21781
6	40	0.17292
8	40	0.053592
9	40	-0.23324
14	40	-0.037479
15	40	-0.27402
19	40	-0.50399
21	40	-0.1686
22	40	-0.21032
30	40	-0.044273
33	40	0.12919
34	40	0.085423
35	40	-0.0033666
38	40	0.32663
39	40	0.26028
19	41	-0.4863
21	41	-0.7655
22	41	-0.84987
30	41	-0.87326
33	41	-0.86203
34	41	-0.92145
35	41	-0.79185
37	41	6.6573
38	41	-0.79491
39	41	-0.84264
4	42	1.4614
7	42	-0.93239
12	42	-1.2789
13	42	-1.1444
16	42	7.0237
19	42	-0.90774
21	42	-0.44049
22	42	-0.47079
29	42	5.0874
30	42	-0.45323
33	42	-0.28236
34	42	-0.33206
35	42	-0.58217
36	42	5.3365
38	42	-0.13151
39	42	-0.19999
41	42	5.1244
19	43	-0.38158
21	43	-0.66232
22	43	-0.74627
30	43	-0.77215
33	43	-0.86245
34	43	-0.91545
35	43	-0.7832
37	43	6.7938
38	43	-0.81647
39	43	-0.86837
42	43	5.2275
19	44	0.70568
21	44	0.33003
22	44	0.27461
30	44	0.21319
33	44	0.068022
34	44	0.032977
35	44	0.19201
37	44	7.1512
38	44	-0.10306
39	44	-0.1333
42	44	5.6875
19	45	-0.38085
21	45	-0.65695
22	45	-0.74089
30	45	-0.76691
33	45	-0.66306
34	45	-0.72797
35	45	-0.61296
37	45	6.8966
38	45	-0.59313
39	45	-0.64862
42	45	5.2299
19	46	-1.5409
21	46	-1.1173
22	46	-1.3492
30	46	-1.5058
33	46	-1.4924
34	46	-1.6302
35	46	-1.8271
38	46	-1.7293
39	46	-1.7592
19	47	-1.7512
21	47	-1.328
22	47	-1.5554
30	47	-1.6954
33	47	-1.6653
34	47	-1.8073
35	47	-1.9911
38	47	-1.8333
39	47	-1.8448
19	48	-2.2662
21	48	-1.8055
22	48	-2.0303
30	48	-2.0992
33	48	-2.0224
34	48	-2.1439
35	48	-2.2554
38	48	-2.0545
39	48	-2.02
19	49	-2.1368
21	49	-2.0691
22	49	-2.2661
30	49	-2.3107
33	49	-2.2502
34	49	-2.3377
35	49	-2.3787
38	49	-2.2507
39	49	-2.1545
19	50	-2.1959
21	50	-1.8425
22	50	-2.0398
30	50	-2.203
33	50	-2.2266
34	50	-2.3216
35	50	-2.4745
38	50	-2.4465
39	50	-2.405
19	51	-1.9959
21	51	-1.6499
22	51	-1.8512
30	51	-2.0538
33	51	-2.1475
34	51	-2.2008
35	51	-2.327
38	51	-2.4409
39	51	-2.3309
19	52	-2.2017
21	52	-1.9384
22	52	-2.1251
30	52	-2.3235
33	52	-2.4442
34	52	-2.4163
35	52	-2.4541
38	52	-2.5391
39	52	-2.4622
19	53	-1.9495
21	53	-2.2971
22	53	-2.2332
30	53	-2.3304
33	53	-2.2904
34	53	-2.2789
35	53	-2.0846
38	53	-1.9862
39	53	-2.0505
19	54	1.1686
21	54	0.84528
22	54	0.77919
30	54	0.74254
33	54	0.62114
34	54	0.58503
35	54	0.73053
37	54	7.1769
38	54	0.48018
39	54	0.44871
42	54	5.6868
19	55	1.0582
21	55	0.74925
22	55	0.67935
30	55	0.64586
33	55	0.53045
34	55	0.49218
35	55	0.63154
37	55	7.0548
38	55	0.39655
39	55	0.36218
42	55	5.7852
19	56	-1.8972
21	56	-2.303
22	56	-2.1811
30	56	-2.2027
33	56	-2.2254
34	56	-2.1072
35	56	-1.9027
38	56	-1.9044
39	56	-1.8905
1	57	1.6224
2	57	1.6523
3	57	1.6643
19	57	2.3095
21	57	2.4072
22	57	2.4586
30	57	2.3616
33	57	2.1902
34	57	2.2364
35	57	2.1107
38	57	2.1105
39	57	2.1487
40	57	1.8098
1	58	0.96338
2	58	0.98718
3	58	0.96043
19	58	1.7893
21	58	1.9045
22	58	1.9542
30	58	1.846
33	58	1.6873
34	58	1.7229
35	58	1.5766
38	58	1.6017
39	58	1.6295
40	58	0.61939
19	59	1.6413
21	59	1.3255
22	59	1.2599
30	59	1.2286
33	59	1.1103
34	59	1.0763
35	59	1.2205
37	59	6.9012
38	59	0.97623
39	59	0.94656
42	59	5.6488
19	60	1.3939
21	60	1.0994
22	60	1.0283
30	60	0.99919
33	60	0.88819
34	60	0.85086
35	60	0.9843
37	60	6.6598
38	60	0.76342
39	60	0.72907
42	60	5.7943
5	61	2.8497
6	61	2.8306
8	61	2.732
9	61	2.5382
14	61	2.6864
15	61	2.5187
19	61	3.7007
21	61	3.7007
22	61	3.7226
30	61	3.6973
33	61	3.5979
34	61	3.6115
35	61	3.5843
38	61	3.5844
39	61	3.5689
57	61	-1.8053
58	61	-1.6769
1	62	1.2454
2	62	1.2813
3	62	1.3086
19	62	2.3571
21	62	2.4465
22	62	2.5009
30	62	2.407
33	62	2.2293
34	62	2.2815
35	62	2.1632
38	62	2.1511
39	62	2.1952
40	62	1.4702
61	62	-1.7951
5	63	2.5113
6	63	2.4864
8	63	2.3891
9	63	2.1734
14	63	2.3396
15	63	2.1579
19	63	3.3124
21	63	3.3262
22	63	3.3433
30	63	3.3127
33	63	3.2196
34	63	3.2265
35	63	3.1912
38	63	3.2056
39	63	3.1832
57	63	0.36472
58	63	-0.92765
62	63	0.76183
1	64	4.7286
2	64	4.653
3	64	4.1602
19	64	3.8438
21	64	3.7691
22	64	3.7746
30	64	3.8568
33	64	3.8468
34	64	3.8398
35	64	3.9219
38	64	3.8714
39	64	3.844
40	64	1.8687
61	64	-2.5546
63	64	-2.1839
19	65	2.5282
21	65	2.4285
22	65	2.4365
30	65	2.3934
33	65	2.3153
34	65	2.3233
35	65	2.3127
37	65	1.476
38	65	2.2107
39	65	2.2307
42	65	1.7428
4	66	1.3888
7	66	5.2266
12	66	5.1416
13	66	5.3026
16	66	6.9623
19	66	2.1828
21	66	1.8677
22	66	1.8217
29	66	1.9693
30	66	1.7577
33	66	1.5979
34	66	1.5995
35	66	1.717
36	66	1.5844
38	66	1.4658
39	66	1.4722
41	66	0.67226
43	66	0.5896
44	66	2.5446
45	66	0.54049
54	66	0.28582
55	66	-0.56378
59	66	-0.079732
60	66	-1.0066
65	66	-1.6439
4	67	1.6173
7	67	5.0866
12	67	4.9912
13	67	5.1592
16	67	7.4037
19	67	2.0625
21	67	1.7631
22	67	1.7162
29	67	2.3542
30	67	1.6492
33	67	1.4939
34	67	1.4935
35	67	1.6003
36	67	1.9586
38	67	1.3666
39	67	1.3697
41	67	0.9667
43	67	0.87554
44	67	3.1176
45	67	0.81106
54	67	0.7348
55	67	-0.21997
59	67	0.30636
60	67	-0.76182
65	67	-1.7376
5	68	2.2743
6	68	2.2708
8	68	2.1495
9	68	2.0056
14	68	2.0956
15	68	1.9621
19	68	3.3937
21	68	3.3653
22	68	3.3983
30	68	3.3712
33	68	3.2531
34	68	3.2798
35	68	3.2664
38	68	3.2329
39	68	3.2313
57	68	-0.55218
58	68	-0.83266
62	68	-0.51107
64	68	-1.497
19	69	2.0688
21	69	1.9689
22	69	1.9806
30	69	1.9313
33	69	1.8464
34	69	1.8576
35	69	1.8449
37	69	1.4712
38	69	1.7372
39	69	1.7604
42	69	1.7226
66	69	-1.0733
67	69	-1.5626
4	70	1.2412
7	70	4.5627
12	70	4.4506
13	70	4.6252
16	70	6.4753
19	70	1.6611
21	70	1.378
22	70	1.3348
29	70	2.0935
30	70	1.2582
33	70	1.1008
34	70	1.1021
35	70	1.193
36	70	1.7521
38	70	0.97623
39	70	0.97896
41	70	0.755
43	70	0.67696
44	70	2.9568
45	70	0.61907
54	70	0.96188
55	70	-0.096679
59	70	0.64365
60	70	-0.68976
65	70	-2.3014
69	70	-1.9435
19	71	1.9937
21	71	1.6888
22	71	1.6253
30	71	1.5978
33	71	1.4789
34	71	1.4503
35	71	1.5889
37	71	6.4002
38	71	1.3549
39	71	1.3294
42	71	5.7686
66	71	-1.8068
67	71	-1.8724
70	71	-1.5254
19	72	1.7327
21	72	1.4438
22	72	1.3762
30	72	1.3486
33	72	1.2345
34	72	1.2029
35	72	1.3323
37	72	6.2655
38	72	1.1157
39	72	1.0864
42	72	5.9146
66	72	-1.9326
67	72	-1.7902
70	72	-1.8896
19	73	7.2035
21	73	7.3317
22	73	7.3418
30	73	7.5739
33	73	7.8458
34	73	7.7827
35	73	7.7727
38	73	8.1508
39	73	8.0522
1	74	4.6727
2	74	4.5947
3	74	4.125
4	74	1.987
5	74	3.6025
6	74	3.6975
7	74	2.0094
8	74	3.7227
9	74	3.7459
10	74	5.7977
11	74	5.7407
12	74	2.1782
13	74	1.9895
14	74	3.9528
15	74	4.0218
16	74	5.909
17	74	5.8898
18	74	6.1388
20	74	6.14
23	74	6.4923
24	74	6.4683
25	74	6.3873
26	74	6.3059
27	74	6.2596
28	74	6.1795
29	74	2.1864
31	74	6.2281
32	74	2.9328
36	74	1.8005
37	74	1.722
40	74	2.4758
41	74	1.1901
42	74	1.7187
43	74	1.0128
44	74	1.3857
45	74	0.92742
46	74	1.211
47	74	1.2519
48	74	1.342
49	74	1.4005
50	74	1.2276
51	74	1.1635
52	74	1.2401
53	74	1.3639
54	74	-0.1761
55	74	-0.3511
56	74	1.3063
57	74	-1.5726
58	74	-1.3758
59	74	-0.85331
60	74	-0.96107
61	74	-2.2638
62	74	-1.9436
63	74	-2.3321
64	74	-2.4034
65	74	-1.9597
66	74	-1.758
67	74	-1.8763
68	74	-1.6913
69	74	-1.8588
70	74	-1.7595
71	74	-1.7808
72	74	-1.6082
73	74	-2.6285
19	75	1.9423
21	75	1.8296
22	75	1.8463
30	75	1.7956
33	75	1.7024
34	75	1.7193
35	75	1.7133
37	75	1.2722
38	75	1.59
39	75	1.6192
42	75	1.5214
66	75	-0.35461
67	75	-0.97645
70	75	-1.196
74	75	-1.7701
19	76	1.9206
21	76	1.7953
22	76	1.8049
30	76	1.6883
33	76	1.5908
34	76	1.5851
35	76	1.5843
38	76	1.4306
39	76	1.435
74	76	-1.9771
19	77	1.4008
21	77	1.1374
22	77	1.067
30	77	1.0357
33	77	0.92471
34	77	0.89209
35	77	1.003
37	77	5.724
38	77	0.81586
39	77	0.78297
42	77	6.1055
66	77	-1.5133
67	77	-1.3733
70	77	-1.7941
74	77	-1.3986
18	78	5.1775
19	78	1.3983
20	78	5.1619
21	78	1.4483
22	78	1.3409
30	78	1.3687
31	78	5.216
33	78	1.486
34	78	1.3766
35	78	1.3741
38	78	1.5094
39	78	1.3958
74	78	-1.8823
19	79	1.4448
21	79	1.2932
22	79	1.3108
30	79	1.1861
33	79	1.0698
34	79	1.0731
35	79	1.0831
38	79	0.89856
39	79	0.91232
74	79	-1.8361
19	80	1.7404
21	80	1.6231
22	80	1.6343
30	80	1.5169
33	80	1.4195
34	80	1.4152
35	80	1.4096
38	80	1.2603
39	80	1.2661
74	80	-1.9509
19	81	1.4343
21	81	1.1218
22	81	1.1296
30	81	0.96996
32	81	4.0683
33	81	0.77494
34	81	0.82099
35	81	0.96738
38	81	0.53248
39	81	0.60818
74	81	-1.7945
76	81	-2.0056
79	81	-2.0459
80	81	-1.7151
19	82	1.1828
21	82	0.8847
22	82	0.89297
30	82	0.72572
32	82	3.7181
33	82	0.53221
34	82	0.57802
35	82	0.71292
38	82	0.28963
39	82	0.36336
74	82	-1.765
76	82	-1.9428
79	82	-1.9588
80	82	-1.6475
19	83	1.3326
21	83	1.0412
22	83	1.0458
30	83	0.93532
33	83	0.80648
34	83	0.81167
35	83	0.96588
38	83	0.58823
39	83	0.64078
74	83	-1.7509
81	83	-2.1513
82	83	-2.095
10	84	3.1533
11	84	3.1845
17	84	2.9004
19	84	1.0807
21	84	0.82495
22	84	0.86947
23	84	2.1491
24	84	2.0999
25	84	2.1077
26	84	2.109
27	84	2.0721
28	84	2.0716
30	84	0.82943
33	84	0.96551
34	84	0.88358
35	84	0.79952
38	84	1.0089
39	84	0.93637
74	84	-2.1353
78	84	-1.5772
5	85	4.0903
6	85	4.0761
8	85	3.9917
9	85	3.8132
14	85	3.9657
15	85	3.811
19	85	4.6498
21	85	4.6319
22	85	4.6678
30	85	4.6587
33	85	4.5523
34	85	4.5843
35	85	4.5758
38	85	4.5489
39	85	4.5537
57	85	1.5253
58	85	1.2639
62	85	1.8268
64	85	1.6784
74	85	1.7943
10	86	3.1495
11	86	3.1762
17	86	2.8897
19	86	1.6143
21	86	1.3988
22	86	1.4317
23	86	2.1596
24	86	2.1057
25	86	2.106
26	86	2.1019
27	86	2.0576
28	86	2.0514
30	86	1.3208
33	86	1.1719
34	86	1.182
35	86	1.1941
38	86	1.0207
39	86	1.035
74	86	-2.1201
78	86	-2.1804
19	87	1.3299
21	87	1.1893
22	87	1.2077
30	87	1.084
33	87	0.9707
34	87	0.97447
35	87	0.9791
38	87	0.80262
39	87	0.81695
74	87	-1.7986
81	87	-0.64428
82	87	-1.0394
1	88	2.6681
2	88	2.6753
3	88	2.6119
19	88	3.3765
21	88	3.4619
22	88	3.526
30	88	3.4461
33	88	3.267
34	88	3.3332
35	88	3.2253
38	88	3.2016
39	88	3.2604
40	88	2.3738
61	88	1.2638
63	88	2.6445
68	88	0.7963
74	88	0.77169
85	88	-1.6752
18	89	1.433
19	89	1.3091
20	89	1.3277
21	89	1.2948
22	89	1.3636
30	89	1.1699
31	89	1.1075
33	89	1.0463
34	89	1.0712
35	89	0.95515
38	89	0.87225
39	89	0.89534
74	89	-1.9883
84	89	-2.255
86	89	-2.0365
19	90	0.64937
21	90	0.36464
22	90	0.37876
30	90	0.19704
32	90	3.2381
33	90	-0.0019114
34	90	0.048572
35	90	0.16643
38	90	-0.2462
39	90	-0.17148
74	90	-1.4028
76	90	-2.2667
79	90	-1.7529
80	90	-1.9747
83	90	-1.7819
87	90	-1.8292
19	91	0.66628
21	91	0.40709
22	91	0.42017
30	91	0.23498
32	91	3.0468
33	91	0.044858
34	91	0.092861
35	91	0.19355
38	91	-0.19176
39	91	-0.1228
74	91	-1.4165
76	91	-2.0234
79	91	-1.7791
80	91	-2.0408
83	91	-1.4957
87	91	-1.7711
19	92	1.2479
21	92	0.93533
22	92	0.94561
30	92	0.83187
33	92	0.69014
34	92	0.70177
35	92	0.86425
38	92	0.46562
39	92	0.52465
74	92	-1.6962
81	92	-1.1906
82	92	-0.96129
90	92	-1.3501
91	92	-1.3146
19	93	1.1908
21	93	0.89783
22	93	0.90667
30	93	0.79077
33	93	0.65681
34	93	0.666
35	93	0.81845
38	93	0.43382
39	93	0.49141
74	93	-1.7524
81	93	-1.642
82	93	-1.5284
90	93	-1.7374
91	93	-1.7147
5	94	3.9211
6	94	3.9112
8	94	3.8219
9	94	3.6572
14	94	3.7952
15	94	3.65
19	94	4.7767
21	94	4.7531
22	94	4.7921
30	94	4.7854
33	94	4.6762
34	94	4.7122
35	94	4.7079
38	94	4.6738
39	94	4.6829
57	94	1.4041
58	94	1.2253
62	94	1.725
64	94	1.7534
74	94	2.3187
88	94	-2.1383
10	95	3.0324
11	95	3.0579
17	95	2.7781
19	95	1.4262
21	95	1.1914
22	95	1.2316
23	95	2.0662
24	95	2.0135
25	95	2.0154
26	95	2.0116
27	95	1.9684
28	95	1.9619
30	95	1.1179
33	95	0.95611
34	95	0.9741
35	95	0.99545
38	95	0.89187
39	95	0.82262
74	95	-1.8861
78	95	-1.2721
89	95	-2.3046
1	96	2.4473
2	96	2.4573
3	96	2.4015
19	96	3.2934
21	96	3.3697
22	96	3.4369
30	96	3.3575
33	96	3.1718
34	96	3.2429
35	96	3.1409
38	96	3.1058
39	96	3.1696
40	96	2.1827
61	96	1.1885
63	96	2.5509
68	96	0.82809
74	96	0.95239
85	96	-1.395
94	96	-2.1418
1	97	2.2441
2	97	2.2515
3	97	2.1825
19	97	3.0173
21	97	3.0996
22	97	3.1661
30	97	3.0821
33	97	2.9002
34	97	2.9675
35	97	2.858
38	97	2.8314
39	97	2.8914
40	97	1.8691
61	97	0.79235
63	97	2.0583
68	97	0.39618
74	97	0.55956
85	97	-1.826
94	97	-2.3026
1	98	1.8863
2	98	1.8891
3	98	1.7967
19	98	2.6452
21	98	2.7427
22	98	2.8067
30	98	2.7162
33	98	2.5452
34	98	2.6039
35	98	2.4796
38	98	2.4736
39	98	2.5252
40	98	1.3112
61	98	0.14587
63	98	1.2532
68	98	-0.26587
74	98	0.013323
85	98	-2.2235
94	98	-1.8705
19	99	2.4165
21	99	2.0992
22	99	2.0464
30	99	2.0186
33	99	1.8875
34	99	1.8715
35	99	2.0146
37	99	5.761
38	99	1.7665
39	99	1.7531
42	99	5.5402
66	99	-1.1319
67	99	-0.75167
70	99	0.18507
74	99	-0.5568
1	100	5.358
2	100	5.3207
3	100	4.9358
19	100	4.562
21	100	4.4568
22	100	4.4814
30	100	4.5723
33	100	4.5444
34	100	4.5592
35	100	4.6629
38	100	4.5683
39	100	4.5652
40	100	3.2134
61	100	1.325
63	100	0.95071
68	100	1.562
74	100	2.5621
85	100	-2.0339
94	100	-2.4875
5	101	3.6686
6	101	3.6685
8	101	3.5685
9	101	3.4359
14	101	3.54
15	101	3.4167
19	101	4.8134
21	101	4.7739
22	101	4.8194
30	101	4.8153
33	101	4.6974
34	101	4.7416
35	101	4.7463
38	101	4.6938
39	101	4.7118
57	101	1.1681
58	101	1.1072
62	101	1.4852
64	101	2.0187
74	101	2.9495
88	101	-2.0252
96	101	-2.1201
97	101	-2.0892
98	101	-1.6326
100	101	-2.1313
5	102	3.5499
6	102	3.5426
8	102	3.447
9	102	3.289
14	102	3.4165
15	102	3.2763
19	102	4.5216
21	102	4.4942
22	102	4.5351
30	102	4.526
33	102	4.4135
34	102	4.4512
35	102	4.4482
38	102	4.4093
39	102	4.4202
57	102	1.6171
58	102	1.4742
62	102	1.9648
64	102	1.3498
74	102	2.1699
88	102	-1.2239
96	102	-1.6094
97	102	-1.9541
98	102	-1.5268
100	102	-2.2525
1	103	2.1318
2	103	2.1454
3	103	2.0994
19	103	3.3855
21	103	3.4569
22	103	3.5261
30	103	3.4494
33	103	3.2604
34	103	3.3354
35	103	3.238
38	103	3.1961
39	103	3.2637
40	103	1.8991
61	103	0.9849
63	103	2.3307
68	103	0.7025
74	103	1.2951
85	103	-1.2005
94	103	-1.804
101	103	-1.691
102	103	-1.6011
19	104	3.399
21	104	3.3332
22	104	3.3478
30	104	3.3236
33	104	3.2617
34	104	3.2779
35	104	3.2641
37	104	2.5898
38	104	3.1792
39	104	3.2088
42	104	2.7747
66	104	2.971
67	104	2.5334
70	104	2.3096
74	104	1.4162
1	105	1.9505
2	105	1.9618
3	105	1.9039
19	105	3.0813
21	105	3.1577
22	105	3.2266
30	105	3.1448
33	105	2.9587
34	105	3.0302
35	105	2.9258
38	105	2.8911
39	105	2.9553
40	105	1.6163
61	105	0.61582
63	105	1.888
68	105	0.28535
74	105	0.86163
85	105	-1.7107
94	105	-1.8288
101	105	-1.5584
102	105	-1.4858
19	106	2.9013
21	106	2.593
22	106	2.5419
30	106	2.5187
33	106	2.391
34	106	2.3779
35	106	2.5173
37	106	5.1296
38	106	2.2787
39	106	2.2677
42	106	5.1853
66	106	-0.43319
67	106	-0.78975
70	106	-0.30924
74	106	0.47488
4	107	2.6304
7	107	4.5043
12	107	4.3644
13	107	4.5174
16	107	7.3924
19	107	2.608
21	107	2.4246
22	107	2.3916
29	107	3.7457
30	107	2.314
33	107	2.1844
34	107	2.1891
35	107	2.2205
36	107	3.5417
38	107	2.0979
39	107	2.0992
41	107	2.654
43	107	2.6358
44	107	4.5615
45	107	2.6335
54	107	3.4742
55	107	2.6429
59	107	3.4636
60	107	2.2782
65	107	0.42788
69	107	0.54708
71	107	3.2406
72	107	2.2359
74	107	0.4817
75	107	0.60867
77	107	0.90537
99	107	5.1361
104	107	-1.9732
106	107	4.5551
4	108	2.7359
7	108	4.183
12	108	4.0293
13	108	4.1857
16	108	7.5073
19	108	2.3728
21	108	2.2265
22	108	2.1937
29	108	4.0024
30	108	2.1086
33	108	1.9882
34	108	1.9889
35	108	1.9943
36	108	3.8202
38	108	1.9093
39	108	1.9044
41	108	2.9176
43	108	2.911
44	108	4.8886
45	108	2.9168
54	108	3.925
55	108	3.1086
59	108	3.9553
60	108	2.7718
65	108	0.12423
69	108	0.19976
71	108	3.9668
72	108	2.9718
74	108	0.2678
75	108	0.26259
77	108	1.5081
99	108	5.5507
104	108	-2.0851
106	108	4.7367
19	109	2.4692
21	109	2.2136
22	109	2.1516
30	109	2.1246
33	109	2.0115
34	109	1.9889
35	109	2.0943
37	109	5.7353
38	109	1.9143
39	109	1.8905
42	109	6.6372
66	109	0.13611
67	109	0.12241
70	109	0.46187
74	109	-0.026351
107	109	-2.0551
108	109	-1.9838
19	110	6.9686
21	110	7.0384
22	110	7.0592
30	110	7.253
33	110	7.493
34	110	7.4287
35	110	7.4183
38	110	7.7701
39	110	7.6651
74	110	1.8827
1	111	5.222
2	111	5.1788
3	111	4.8073
4	111	2.7149
5	111	3.98
6	111	4.101
7	111	3.1166
8	111	4.0808
9	111	4.1617
10	111	6.3271
11	111	6.2958
12	111	3.2838
13	111	3.1125
14	111	4.299
15	111	4.4034
16	111	5.9379
17	111	6.4186
18	111	6.8245
20	111	6.806
23	111	7.1512
24	111	7.1452
25	111	7.0744
26	111	6.926
27	111	6.7853
28	111	6.6395
29	111	3.2024
31	111	6.8562
32	111	4.2952
36	111	2.9045
37	111	2.5443
40	111	3.635
41	111	2.2669
42	111	2.5226
43	111	2.1206
44	111	2.7425
45	111	2.0684
46	111	2.1409
47	111	2.2035
48	111	2.342
49	111	2.4225
50	111	2.2139
51	111	2.1181
52	111	2.2214
53	111	2.4021
54	111	1.5046
55	111	1.2241
56	111	2.3312
57	111	0.75968
58	111	0.81365
59	111	0.99171
60	111	0.65283
61	111	0.3449
62	111	0.71569
63	111	0.24588
64	111	-0.57402
65	111	1.4264
66	111	1.0286
67	111	0.80422
68	111	0.66242
69	111	1.3896
70	111	0.80117
71	111	0.39472
72	111	0.30605
73	111	2.2711
75	111	1.3225
76	111	1.7828
77	111	-0.00577
78	111	2.4868
79	111	1.9391
80	111	1.4138
81	111	1.1111
82	111	1.089
83	111	0.41813
84	111	2.8708
85	111	-2.1363
86	111	2.205
87	111	1.4728
88	111	-2.1409
89	111	1.0151
90	111	1.1203
91	111	0.94517
92	111	0.67698
93	111	0.40319
94	111	-1.9617
95	111	1.9372
96	111	-2.2697
97	111	-1.9819
98	111	-1.4597
99	111	-0.21956
100	111	-2.4416
101	111	-1.8517
102	111	-1.7754
103	111	-1.9421
104	111	-1.611
105	111	-2.0444
106	111	-1.2842
107	111	-1.8828
108	111	-1.7321
109	111	-1.6013
110	111	-2.6165
19	112	2.9984
21	112	2.9261
22	112	2.9457
30	112	2.919
33	112	2.8501
34	112	2.8716
35	112	2.8607
37	112	2.6522
38	112	2.7652
39	112	2.8004
42	112	2.8241
66	112	3.1235
67	112	2.8058
70	112	2.7524
74	112	1.3259
107	112	-1.3679
108	112	-1.4796
111	112	-1.744
4	113	2.6106
7	113	4.3565
12	113	4.211
13	113	4.3622
16	113	7.1286
19	113	2.6052
21	113	2.4413
22	113	2.4102
29	113	3.7318
30	113	2.3298
33	113	2.2043
34	113	2.2089
35	113	2.2273
36	113	3.5512
38	113	2.1229
39	113	2.1231
41	113	2.7045
43	113	2.6974
44	113	4.5178
45	113	2.7056
54	113	3.5328
55	113	2.7591
59	113	3.5391
60	113	2.441
65	113	0.45305
69	113	0.57902
71	113	3.4075
72	113	2.5161
74	113	0.64771
75	113	0.6763
77	113	1.2806
99	113	4.922
104	113	-1.571
106	113	4.9486
109	113	-1.0536
111	113	-1.6005
112	113	-1.8767
19	114	2.492
21	114	2.2476
22	114	2.1859
30	114	2.1574
33	114	2.0455
34	114	2.0236
35	114	2.1206
37	114	5.3842
38	114	1.9527
39	114	1.9286
42	114	6.581
66	114	-0.069935
67	114	-0.090659
70	114	0.25216
74	114	0.15883
107	114	-2.4035
108	114	-1.8523
111	114	-1.6979
113	114	-1.7656
19	115	2.861
21	115	2.7252
22	115	2.7491
30	115	2.6522
33	115	2.5529
34	115	2.5661
35	115	2.5871
38	115	2.4065
39	115	2.4329
74	115	1.1362
81	115	2.5169
82	115	2.3032
90	115	2.0039
91	115	1.7113
111	115	-1.8575
19	116	2.9757
21	116	2.894
22	116	2.9076
30	116	2.8139
33	116	2.7386
34	116	2.7388
35	116	2.73
38	116	2.6045
39	116	2.6164
74	116	0.9007
81	116	3.942
82	116	3.7084
90	116	3.5242
91	116	3.0984
111	116	-1.559
4	117	2.3009
7	117	4.5178
12	117	4.3844
13	117	4.5306
16	117	6.4977
19	117	2.6923
21	117	2.4912
22	117	2.4634
29	117	3.2062
30	117	2.3881
33	117	2.2501
34	117	2.2616
35	117	2.3044
36	117	3.0257
38	117	2.1605
39	117	2.1698
41	117	2.2491
43	117	2.2396
44	117	3.8679
45	117	2.2502
54	117	2.8487
55	117	2.1184
59	117	2.8287
60	117	1.8207
65	117	0.77307
69	117	0.97841
71	117	2.5416
72	117	1.7597
74	117	0.88852
75	117	1.1283
77	117	0.74832
99	117	3.6257
104	117	-0.74832
106	117	3.8169
109	117	-1.1168
111	117	-1.418
112	117	-1.6933
114	117	-1.43
19	118	2.8369
21	118	2.712
22	118	2.7354
30	118	2.6397
33	118	2.5445
34	118	2.5568
35	118	2.5724
38	118	2.4012
39	118	2.4266
74	118	1.128
81	118	2.8029
82	118	2.602
90	118	2.3761
91	118	2.0478
111	118	-1.8731
18	119	5.528
19	119	2.5992
20	119	5.4849
21	119	2.5751
22	119	2.485
30	119	2.4789
31	119	5.4822
33	119	2.5449
34	119	2.4504
35	119	2.4696
38	119	2.5338
39	119	2.433
74	119	-0.65148
84	119	2.3903
86	119	2.0158
95	119	2.0724
111	119	-2.366
10	120	4.1749
11	120	4.2022
17	120	3.9449
19	120	2.1383
21	120	1.8738
22	120	1.9329
23	120	3.266
24	120	3.2249
25	120	3.2394
26	120	3.2432
27	120	3.2111
28	120	3.2096
30	120	1.8377
33	120	1.6643
34	120	1.7046
35	120	1.7533
38	120	1.5199
39	120	1.568
74	120	0.42074
78	120	1.5882
89	120	1.1624
111	120	-2.0679
119	120	-2.3664
19	121	2.2855
21	121	2.0894
22	121	2.1115
30	121	1.9387
32	121	3.7645
33	121	1.7713
34	121	1.8273
35	121	1.8929
38	121	1.5665
39	121	1.6393
74	121	0.71637
76	121	0.48831
79	121	0.865
80	121	0.84907
83	121	2.3668
87	121	1.0139
92	121	3.4604
93	121	2.3473
111	121	-1.4634
115	121	-1.9362
116	121	-1.6675
118	121	-2.0612
10	122	3.9004
11	122	3.9289
17	122	3.678
19	122	2.1207
21	122	2.2179
22	122	2.1653
23	122	3.0052
24	122	2.9668
25	122	2.986
26	122	2.992
27	122	2.9638
28	122	2.9639
30	122	2.2128
33	122	2.2935
34	122	2.2247
35	122	2.1611
38	122	2.2992
39	122	2.2403
74	122	0.21279
78	122	1.5872
89	122	1.0714
111	122	-1.6318
119	122	-1.2483
10	123	4.0479
11	123	4.0712
17	123	3.8152
19	123	2.0741
21	123	1.8162
22	123	1.8738
23	123	3.1615
24	123	3.1171
25	123	3.1264
26	123	3.1261
27	123	3.0887
28	123	3.0827
30	123	1.7806
33	123	1.6669
34	123	1.6507
35	123	1.6971
38	123	1.6849
39	123	1.6173
74	123	0.24001
78	123	1.3029
89	123	1.2918
111	123	-2.0957
119	123	-2.0822
19	124	2.0013
21	124	1.78
22	124	1.8071
30	124	1.6335
32	124	3.6036
33	124	1.4537
34	124	1.5162
35	124	1.5964
38	124	1.241
39	124	1.3225
74	124	0.58937
76	124	0.58658
79	124	0.95968
80	124	0.9608
83	124	1.8295
87	124	1.1423
92	124	2.8489
93	124	1.7925
111	124	-1.5869
115	124	-1.3444
116	124	-0.5157
118	124	-1.3207
19	125	2.0569
21	125	1.8373
22	125	1.8637
30	125	1.7298
33	125	1.6059
34	125	1.6295
35	125	1.7302
38	125	1.3889
39	125	1.4632
74	125	0.31808
81	125	0.60808
82	125	0.78401
90	125	0.85386
91	125	1.0011
111	125	-1.4062
121	125	-2.2998
124	125	-1.7958
10	126	4.0243
11	126	4.0438
17	126	3.7893
19	126	2.1678
21	126	1.921
22	126	1.9756
23	126	3.1581
24	126	3.1107
25	126	3.1154
26	126	3.1114
27	126	3.0694
28	126	3.0594
30	126	1.8862
33	126	1.7623
34	126	1.7612
35	126	1.804
38	126	1.7783
39	126	1.7113
74	126	0.21862
78	126	1.1595
89	126	0.99008
111	126	-2.0819
119	126	-1.5873
18	127	2.1197
19	127	1.8457
20	127	2.0486
21	127	1.7716
22	127	1.8656
30	127	1.6873
31	127	1.9083
33	127	1.5266
34	127	1.5831
35	127	1.5103
38	127	1.3625
39	127	1.4216
74	127	0.59383
84	127	1.1283
86	127	1.4409
95	127	1.637
111	127	-1.6331
120	127	-1.2654
122	127	-1.8041
123	127	-1.2809
126	127	-0.79165
18	128	2.1482
19	128	2.0227
20	128	2.075
21	128	1.968
22	128	2.0569
30	128	1.8811
31	128	1.9318
33	128	1.7333
34	128	1.7839
35	128	1.7023
38	128	1.5732
39	128	1.6258
74	128	0.58637
84	128	1.0464
86	128	1.3526
95	128	1.5442
111	128	-1.6259
120	128	-1.5201
122	128	-1.9863
123	128	-1.4895
126	128	-0.90311
offset
60
