92
detection	body_part	cost
1	5	-1.7177
2	5	-3.8507
3	3	-4.5429
4	4	-5.1797
5	11	9.2102
6	4	-2.511
7	9	-1.796
8	5	-0.36134
9	10	-2.1959
10	11	0.92892
11	3	0.47162
12	9	-1.1322
13	8	0.23661
14	9	-0.8187
15	9	0.49979
16	10	-3.3097
17	11	-3.8445
18	2	-4.7888
19	1	-6.1682
20	11	9.2102
21	6	0.92676
22	11	9.2102
23	12	-1.8914
24	12	-1.1434
25	13	-3.3207
26	11	9.2102
27	11	9.2102
28	12	-1.6367
29	8	0.014911
30	12	-1.3844
31	11	9.2102
32	14	-4.1286
33	11	9.2102
34	11	9.2102
35	3	-0.15548
36	6	-3.7496
37	3	0.35325
38	6	-2.4559
39	4	-1.1352
40	7	-0.00069475
41	13	-1.6175
42	14	-0.44906
43	14	-1.9164
44	10	1.2558
45	10	-0.56573
46	7	-2.1308
47	8	-0.91649
48	9	0.57126
49	10	-1.7961
50	10	-2.6814
51	11	-4.3987
52	3	-2.1823
53	11	9.2102
54	7	-1.4946
55	8	0.30791
56	8	0.71511
57	9	-0.24742
58	9	-1.3691
59	9	-0.76264
60	9	0.93513
61	11	9.2102
62	11	9.2102
63	11	9.2102
64	11	-3.2111
65	2	-5.0113
66	11	9.2102
67	3	-0.384
68	7	-0.32242
69	9	-3.0574
70	11	9.2102
71	11	9.2102
72	8	1.3634
73	9	-0.77641
74	11	9.2102
75	11	9.2102
76	1	-6.6746
77	11	9.2102
78	11	9.2102
79	12	-2.9638
80	14	-0.67126
81	12	-2.6287
82	13	-3.0984
83	6	-0.53482
84	6	0.39524
85	12	-1.2481
86	13	-2.1192
87	14	-4.5116
88	6	-4.8804
89	7	-1.336
90	8	0.5317
91	8	-5.8301
92	7	-5.1645
detection1	detection2	cost
1	2	-4.8231
4	6	-5.6071
1	8	-1.5143
2	8	-3.7143
5	10	41.7143
3	11	-3.7143
7	12	-4.8231
7	14	-3.2674
12	14	-5.6071
7	15	-1.5143
12	15	-3.7143
14	15	-5.6071
9	16	-4.8231
5	17	37.968
10	17	-3.2674
5	20	21.1441
10	20	13.6628
17	20	9.6406
5	22	8.6726
10	22	27.0414
17	22	23.0214
20	22	5.8845
23	24	-5.6071
5	26	0.071429
10	26	42.2933
17	26	38.2821
20	26	21.1441
22	26	7.7607
5	27	6.1496
10	27	31.1069
17	27	27.0414
20	27	9.9513
22	27	-3.2674
26	27	3.8571
23	28	-5.6071
24	28	-4.8231
13	29	-1.8214
23	30	-4.8231
24	30	-5.6071
28	30	-5.6071
5	31	21.885
10	31	14.6553
17	31	10.4572
20	31	-3.7143
22	31	5.8845
26	31	20.8929
27	31	9.5357
5	33	7.2837
10	33	53.8064
17	33	49.7883
20	33	32.6536
22	33	19.269
26	33	4.0138
27	33	15.293
31	33	32.295
5	34	5.8845
10	34	51.9369
17	34	47.9126
20	34	30.7807
22	34	17.3966
26	34	2.1517
27	34	13.4073
31	34	30.4044
33	34	-5.6071
3	35	3.8571
11	35	0.071429
21	36	-3.2674
3	37	4.0138
11	37	0.30445
35	37	-5.6071
21	38	-3.7143
36	38	-5.6071
4	39	4.4715
6	39	2.6933
25	41	-3.2674
32	42	-3.2674
32	43	-4.8231
42	43	-1.8214
9	44	13.6628
16	44	11.1425
9	45	20.6393
16	45	18.2456
44	45	0.071429
40	46	-3.2674
13	47	1.9643
29	47	-3.7143
7	48	7.2837
12	48	4.6202
14	48	3.5372
15	48	2.6933
9	49	16.2174
16	49	13.6628
44	49	-4.8231
45	49	-1.5143
9	50	17.8953
16	50	15.3715
44	50	-3.2674
45	50	-3.2674
49	50	-5.6071
5	51	69.0613
10	51	21.3311
17	51	24.2301
20	51	40.4233
22	51	53.337
26	51	68.3089
27	51	56.9684
31	51	39.9726
33	51	79.592
34	51	77.6996
3	52	7.7607
11	52	4.0138
35	52	-3.2674
37	52	-2.1462
5	53	8.783
10	53	34.4002
17	53	30.2149
20	53	13.6628
22	53	1.9643
26	53	3.5372
27	53	-1.5143
31	53	12.262
33	53	13.6628
34	53	11.8034
51	53	58.777
40	54	-2.1462
46	54	-5.6071
13	55	4.0138
29	55	-1.5143
47	55	-4.8231
13	56	4.0138
29	56	-1.5143
47	56	-4.8231
55	56	-3.7143
7	57	7.7607
12	57	5.1977
14	57	4.4715
15	57	4.0138
48	57	-4.8231
7	58	8.783
12	58	6.1496
14	58	5.1977
15	58	4.4715
48	58	-5.6071
57	58	-5.6071
7	59	14.0819
12	59	11.4286
14	59	9.9513
15	59	8.5614
48	59	0.30445
57	59	1.9643
58	59	0.071429
7	60	15.6053
12	60	12.9744
14	60	11.4286
15	60	9.9513
48	60	2.1517
57	60	3.8571
58	60	1.9643
59	60	-5.6071
5	61	36.2
10	61	7.7607
17	61	4.4715
20	61	8.783
22	61	20.0604
26	61	34.5282
27	61	23.3135
31	61	6.9156
33	61	45.635
34	61	43.7472
51	61	26.624
53	61	24.6786
5	62	41.6414
10	62	5.8845
17	62	4.0138
20	62	13.6628
22	62	25.5573
26	62	40.1609
27	62	28.9098
31	62	12.262
33	62	51.3006
34	62	49.4118
51	62	20.9559
53	62	30.3571
61	62	-1.8214
5	63	43.4667
10	63	5.75
17	63	4.4715
20	63	15.3715
22	63	27.4026
26	63	42.0408
27	63	30.7807
31	63	14.0819
33	63	53.1896
34	63	51.3006
51	63	19.0675
53	63	32.25
61	63	0.071429
62	63	-5.6071
5	64	67.5011
10	64	20.4477
17	64	23.08
20	64	38.904
22	64	51.665
26	64	66.5395
27	64	55.2219
31	64	38.2821
33	64	77.7627
34	64	75.8717
51	64	-4.8231
53	64	56.8571
61	64	24.6786
62	64	19
63	64	17.1071
18	65	6.1496
5	66	8.1089
10	66	47.6208
17	66	43.4667
20	66	26.624
22	66	13.6628
26	66	0.96511
27	66	9.4302
31	66	25.5573
33	66	1.9643
34	66	0.53071
51	66	72.0901
53	66	5.8845
61	66	37.968
62	66	43.6422
63	66	45.5338
64	66	70.1302
3	67	9.6406
11	67	5.8845
35	67	-1.5143
37	67	-0.67521
52	67	-5.6071
40	68	-1.5143
46	68	-3.2674
54	68	-4.8231
7	69	12.6213
12	69	9.9513
14	69	8.783
15	69	7.7607
48	69	-2.1462
57	69	-1.5143
58	69	-3.2674
59	69	-3.2674
60	69	-1.5143
5	70	40.3859
10	70	8.1089
17	70	5.75
20	70	12.9744
22	70	24.2301
26	70	38.5552
27	70	27.4026
31	70	11.1425
33	70	49.5689
34	70	47.6858
51	70	23.0214
53	70	28.5141
61	70	-3.2674
62	70	-4.8231
63	70	-3.2674
64	70	20.9559
66	70	41.7143
5	71	11.9882
10	71	35.7467
17	71	31.5222
20	71	15.6053
22	71	5.1977
26	71	5.8845
27	71	2.1517
31	71	13.6628
33	71	14.6553
34	71	12.8867
51	71	58.9929
53	71	-3.7143
61	71	24.9005
62	71	30.546
63	71	32.4299
64	71	56.9684
66	71	5.8845
70	71	28.5141
13	72	7.7607
29	72	2.1517
47	72	-1.5143
55	72	-3.7143
56	72	-2.1462
7	73	15.293
12	73	12.6213
14	73	11.4286
15	73	10.3572
48	73	0.53071
57	73	0.96511
58	73	-0.67521
59	73	-3.2674
60	73	-2.1462
69	73	-4.8231
5	74	49.9756
10	74	10.4572
17	74	10.3572
20	74	22.1279
22	74	33.8406
26	74	48.2028
27	74	37.0526
31	74	20.6393
33	74	59.1812
34	74	57.301
51	74	14.0819
53	74	38.086
61	74	6.2802
62	74	0.96511
63	74	-0.67521
64	74	11.8034
66	74	51.2091
70	74	2.1517
71	74	37.9286
5	75	11.8034
10	75	41.7143
17	75	37.4927
20	75	21.3932
22	75	9.9513
26	75	4.4715
27	75	6.1496
31	75	19.6016
33	75	10.3572
34	75	8.783
51	75	64.826
53	75	0.53071
61	75	30.7807
62	75	36.4045
63	75	38.2821
64	75	62.7655
66	75	0.96511
70	75	34.3146
71	75	-1.5143
74	75	43.6422
19	76	9.9513
5	77	15.9133
10	77	51.9068
17	77	47.6858
20	77	31.4763
22	77	19.4026
26	77	8.6726
27	77	15.293
31	77	29.785
33	77	6.9156
34	77	6.2802
51	77	74.6814
53	77	10.3572
61	77	40.7586
62	77	46.3384
63	77	48.2028
64	77	72.5614
66	77	0.30445
70	77	44.1649
71	77	8.6726
74	77	53.337
75	77	2.6933
5	78	17.3966
10	78	50.9338
17	78	46.7032
20	78	30.8274
22	78	19.269
26	78	9.9513
27	78	15.293
31	78	28.9098
33	78	9.4302
34	78	8.6726
51	78	73.0966
53	78	9.9513
61	78	39.3267
62	78	44.8538
63	78	46.7032
64	78	70.9338
66	78	1.9643
70	78	42.6161
71	78	7.7607
74	78	51.665
75	78	1.9643
77	78	-4.8231
23	79	14.5743
24	79	13.6628
28	79	12.9744
30	79	11.9882
32	80	32.295
42	80	35.0367
43	80	29.785
23	81	16.2174
24	81	15.3715
28	81	14.5743
30	81	13.6628
79	81	-5.6071
25	82	23.3135
41	82	19.4026
21	83	15.9133
36	83	11.8034
38	83	12.262
21	84	15.293
36	84	11.4286
38	84	11.523
83	84	-3.7143
23	85	17.8953
24	85	17.1071
28	85	16.2174
30	85	15.3715
79	85	-3.7143
81	85	-5.6071
25	86	23.3135
41	86	19.269
82	86	-4.8231
32	87	32.4299
42	87	34.8256
43	87	29.833
80	87	-3.2674
21	88	19.269
36	88	15.293
38	88	15.5276
83	88	-3.2674
84	88	-3.2674
40	89	15.293
46	89	14.0819
54	89	12.262
68	89	9.9513
13	90	24.2301
29	90	18.8644
47	90	15.3715
55	90	14.5743
56	90	12.8867
72	90	11.4286
13	91	27.2998
29	91	22.1279
47	91	18.7964
55	91	18.2456
56	91	16.2174
72	91	15.293
90	91	-3.2674
40	92	19.269
46	92	18.2456
54	92	16.443
68	92	14.0819
89	92	-3.2674
1	4	-2.3503
2	4	-2.4747
3	4	-2.5022
1	6	-2.186
2	6	-2.0665
3	6	-2.043
4	8	-1.2853
6	8	-1.6773
5	9	6.4752
7	9	-1.8785
9	10	-2.1203
4	11	-1.484
6	11	-1.1402
9	12	-2.1158
9	14	-1.8269
9	15	-1.3744
5	16	6.8533
7	16	-1.9499
10	16	-1.774
12	16	-2.1992
14	16	-2.1559
15	16	-2.1048
9	17	-2.2003
16	17	-2.0817
1	19	-1.9982
2	19	-1.9039
3	19	-2.5381
4	19	-2.2195
5	19	5.4766
6	19	-1.9746
7	19	-1.9881
8	19	-1.2011
9	19	-1.71
10	19	-1.7735
11	19	-1.4402
12	19	-1.9616
13	19	-1.1665
14	19	-1.7649
15	19	-1.8246
16	19	-1.7684
17	19	-1.4994
18	19	-2.52
9	20	2.6541
16	20	4.1383
19	20	-0.65009
19	21	-1.875
9	22	6.0859
16	22	6.3974
19	22	0.69199
19	23	-1.767
19	24	-2.0366
19	25	-1.8283
23	25	-1.843
24	25	-1.7546
9	26	6.9498
16	26	7.1977
19	26	6.002
9	27	6.1584
16	27	6.5835
19	27	1.4129
19	28	-1.4922
25	28	-2.1369
19	29	-1.6775
19	30	-1.7705
25	30	-1.9115
9	31	2.9791
16	31	3.8369
19	31	0.076835
19	32	-1.3782
25	32	-2.3237
9	33	7.454
16	33	7.6801
19	33	8.4507
9	34	7.3281
16	34	7.6314
19	34	8.1628
4	35	1.0424
6	35	1.0585
19	35	2.3401
19	36	-2.5595
4	37	1.2708
6	37	1.301
19	37	1.9887
19	38	-2.2418
1	39	0.18236
2	39	0.47163
3	39	1.3186
8	39	0.35839
11	39	1.2112
19	39	2.0927
35	39	-1.5809
37	39	-1.4701
13	40	-1.9163
19	40	-1.6795
21	40	-2.0283
29	40	-1.4299
36	40	-2.1842
38	40	-2.1855
19	41	-1.6792
23	41	-1.6616
24	41	-1.4941
28	41	-1.5217
30	41	-1.3932
32	41	-1.336
19	42	-1.1903
25	42	-1.3694
41	42	-1.9918
19	43	-1.719
25	43	-1.9543
41	43	-2.2373
5	44	8.0603
7	44	0.11922
10	44	3.6076
12	44	-0.049367
14	44	-0.076407
15	44	-0.15859
17	44	4.8
19	44	0.18577
20	44	6.4647
22	44	7.6449
26	44	8.2812
27	44	7.8652
31	44	7.0019
33	44	8.696
34	44	8.8499
5	45	7.9809
7	45	0.29517
10	45	4.9923
12	45	0.1398
14	45	0.092728
15	45	-0.0088639
17	45	5.7954
19	45	0.37019
20	45	6.442
22	45	7.9286
26	45	8.8497
27	45	8.3917
31	45	7.3668
33	45	9.3809
34	45	9.5348
13	46	-1.3568
19	46	-1.8533
21	46	-1.241
29	46	-2.4133
36	46	-2.0133
38	46	-1.7089
19	47	-1.7493
40	47	0.040868
46	47	-1.4627
9	48	2.6447
16	48	2.2867
19	48	0.7783
44	48	-1.8436
45	48	-1.4357
5	49	7.7214
7	49	0.35425
10	49	3.7655
12	49	0.2065
14	49	0.18408
15	49	0.10393
17	49	4.7115
19	49	0.48575
20	49	6.1164
22	49	7.5358
26	49	8.5186
27	49	8.0259
31	49	7.024
33	49	9.1216
34	49	9.2738
48	49	-1.6347
5	50	7.7577
7	50	0.37433
10	50	4.1165
12	50	0.22813
14	50	0.20122
15	50	0.11733
17	50	5.0011
19	50	0.53354
20	50	6.1671
22	50	7.5842
26	50	8.553
27	50	8.065
31	50	7.0672
33	50	9.1507
34	50	9.303
48	50	-1.5516
9	51	-0.24132
16	51	-0.3297
19	51	0.2849
44	51	-1.8357
45	51	-1.8428
49	51	-2.2705
50	51	-2.3265
4	52	1.1123
6	52	1.1894
19	52	3.4701
39	52	-2.4289
9	53	5.396
16	53	5.7736
19	53	2.863
44	53	7.4747
45	53	8.1855
49	53	8.1715
50	53	8.2421
13	54	-1.2693
19	54	-1.9086
21	54	-0.71935
29	54	-2.2841
36	54	-1.3649
38	54	-0.84759
47	54	-1.999
19	55	-1.9929
40	55	1.2187
46	55	-0.58093
54	55	-1.2466
19	56	-2.1413
40	56	0.43955
46	56	-0.83442
54	56	-1.2639
9	57	2.1026
16	57	1.839
19	57	0.97202
44	57	-2.1173
45	57	-1.687
49	57	-1.8692
50	57	-1.7719
9	58	2.6685
16	58	2.4065
19	58	1.0129
44	58	-2.0696
45	58	-1.7632
49	58	-1.9958
50	58	-1.9084
9	59	4.3182
16	59	4.2464
19	59	0.84184
44	59	-1.5836
45	59	-2.0305
49	59	-2.0828
50	59	-2.057
9	60	4.5954
16	60	4.5828
19	60	0.66578
44	60	-1.4099
45	60	-2.0303
49	60	-2.1004
50	60	-2.0814
9	61	-0.34187
16	61	-0.25062
19	61	-0.064308
44	61	4.9076
45	61	5.9934
49	61	6.0349
50	61	6.1707
9	62	-0.59363
16	62	-0.63771
19	62	-0.16005
44	62	3.8852
45	62	5.6798
49	62	5.5549
50	62	5.8412
9	63	-0.49024
16	63	-0.55422
19	63	-0.0053438
44	63	3.1599
45	63	5.5306
49	63	5.172
50	63	5.6296
9	64	-0.32704
16	64	-0.41307
19	64	0.25379
44	64	-1.9964
45	64	-1.553
49	64	-2.1956
50	64	-2.1865
19	65	1.1176
9	66	6.3774
16	66	6.6807
19	66	6.3527
44	66	8.0781
45	66	8.7822
49	66	8.7352
50	66	8.8065
4	67	1.1657
6	67	1.2628
19	67	3.5681
39	67	-2.2018
13	68	-1.0678
19	68	-1.8422
21	68	-0.83498
29	68	-1.9055
36	68	-1.1053
38	68	-0.66872
47	68	-2.1211
55	68	-1.9155
56	68	-1.6592
9	69	3.5814
16	69	3.4355
19	69	1.0979
44	69	-1.4616
45	69	-1.9551
49	69	-2.0534
50	69	-2.1683
9	70	-0.21079
16	70	-0.19108
19	70	0.12889
44	70	3.8524
45	70	5.4213
49	70	5.1215
50	70	5.4157
9	71	4.934
16	71	5.2877
19	71	3.3834
44	71	7.0246
45	71	7.7597
49	71	7.7048
50	71	7.7855
19	72	-1.4343
40	72	2.4105
46	72	0.94034
54	72	0.49577
68	72	0.24019
9	73	3.7545
16	73	3.6773
19	73	1.041
44	73	-0.99955
45	73	-1.6693
49	73	-1.6199
50	73	-1.7858
9	74	-0.34731
16	74	-0.39893
19	74	0.46057
44	74	0.67299
45	74	3.4442
49	74	1.3625
50	74	2.2271
9	75	5.4061
16	75	5.7213
19	75	4.633
44	75	7.2896
45	75	8.0193
49	75	7.9463
50	75	8.0271
1	76	-0.11046
2	76	-0.022766
3	76	-0.84108
4	76	0.348
5	76	4.9838
6	76	0.46261
7	76	1.2891
8	76	-0.26488
9	76	0.86258
10	76	0.5426
11	76	-0.65434
12	76	1.1084
13	76	1.7806
14	76	0.841
15	76	0.79817
16	76	0.80913
17	76	0.87605
18	76	1.9662
20	76	1.0759
21	76	2.6846
22	76	1.8677
23	76	1.9791
24	76	1.5702
25	76	1.1132
26	76	4.8329
27	76	2.49
28	76	2.1572
29	76	1.7083
30	76	1.789
31	76	0.55177
32	76	1.1643
33	76	6.9648
34	76	6.8862
35	76	-1.9844
36	76	3.0294
37	76	-2.0514
38	76	2.7316
39	76	-1.9694
40	76	2.8494
41	76	0.93857
42	76	1.3695
43	76	0.79271
44	76	-1.5929
45	76	-1.7576
46	76	3.3197
47	76	1.9475
48	76	-1.6645
49	76	-1.7552
50	76	-1.7872
51	76	-1.606
52	76	-2.4513
53	76	2.4228
54	76	3.0701
55	76	1.8485
56	76	1.4196
57	76	-1.6802
58	76	-1.8634
59	76	-1.7194
60	76	-1.682
61	76	-0.37199
62	76	-0.64919
63	76	-0.92675
64	76	-1.7228
65	76	-2.539
66	76	6.1062
67	76	-2.1658
68	76	2.6306
69	76	-1.8804
70	76	-0.76224
71	76	1.5958
72	76	1.1953
73	76	-1.9298
74	76	-1.1831
75	76	1.4871
9	77	5.7399
16	77	6.0141
19	77	6.2318
44	77	7.4017
45	77	8.1243
49	77	8.0285
50	77	8.1095
76	77	8.2735
9	78	5.7421
16	78	6.0096
19	78	5.8657
44	78	7.4064
45	78	8.1352
49	78	8.0265
50	78	8.1104
76	78	6.5762
19	79	0.88918
25	79	3.2976
41	79	3.1013
76	79	-2.032
19	80	0.25647
25	80	-0.045881
41	80	0.077457
76	80	-1.5773
19	81	0.96363
25	81	3.3282
41	81	3.1583
76	81	-2.1042
19	82	0.70159
23	82	0.50048
24	82	0.51688
28	82	0.85875
30	82	0.86989
32	82	4.778
42	82	5.3165
43	82	4.521
76	82	-1.7197
79	82	-2.0464
80	82	-1.8619
81	82	-2.292
19	83	-0.24386
40	83	2.7227
46	83	3.1344
54	83	3.0012
68	83	2.6573
76	83	-2.1269
19	84	-0.04689
40	84	3.1667
46	84	3.6471
54	84	3.5504
68	84	3.2013
76	84	-2.0022
19	85	0.98637
25	85	3.2735
41	85	3.1231
76	85	-1.957
82	85	-2.1542
19	86	0.6983
23	86	0.6403
24	86	0.66689
28	86	0.98544
30	86	1.0074
32	86	4.4696
42	86	4.9929
43	86	4.1878
76	86	-1.6954
79	86	-1.6862
80	86	-1.8001
81	86	-1.9635
85	86	-1.8388
19	87	0.31713
25	87	0.20109
41	87	0.32074
76	87	-1.6444
82	87	-2.3382
86	87	-2.4108
19	88	-0.11879
40	88	2.871
46	88	3.3325
54	88	3.2461
68	88	2.9426
76	88	-2.3852
13	89	2.0927
19	89	0.54727
21	89	1.4701
29	89	2.0371
36	89	1.7737
38	89	1.9887
47	89	2.3008
55	89	2.3115
56	89	1.9069
72	89	1.7427
76	89	-1.8553
83	89	-1.6195
84	89	-1.461
88	89	-1.5537
19	90	0.40949
40	90	2.7272
46	90	1.9822
54	90	1.8605
68	90	1.9174
76	90	-2.0463
89	90	-2.0742
19	91	0.52011
40	91	2.5195
46	91	1.8182
54	91	1.7104
68	91	1.7623
76	91	-2.1607
89	91	-2.4846
13	92	2.0336
19	92	0.66128
21	92	1.4456
29	92	2.0158
36	92	1.7995
38	92	1.988
47	92	2.322
55	92	2.3289
56	92	1.964
72	92	1.8019
76	92	-2.2806
83	92	-2.2738
84	92	-2.163
88	92	-2.476
90	92	-2.0789
91	92	-2.5863
offset
60
