154
detection	body_part	cost
1	13	-1.2806
2	13	-3.0487
3	14	-3.3645
4	14	-2.1496
5	7	-2.21
6	7	-2.6209
7	12	-1.0034
8	12	-1.2008
9	12	-1.3253
10	14	-1.5415
11	6	-4.3678
12	6	-2.5029
13	10	-0.5541
14	1	-4.9113
15	1	-2.7877
16	7	-2.116
17	8	-0.37703
18	2	-4.3257
19	9	-2.847
20	5	-0.85363
21	5	-1.4251
22	7	0.0082638
23	8	-1.8747
24	8	-1.6186
25	8	-1.0306
26	8	-0.50983
27	9	-1.9366
28	9	-1.9252
29	5	-2.2945
30	5	-2.2362
31	5	-0.42715
32	8	-1.2728
33	8	-1.8504
34	8	-0.93775
35	3	-1.5168
36	4	-1.6837
37	3	-4.7461
38	4	-4.2106
39	5	-0.31402
40	5	-1.0149
41	3	-3.3795
42	4	-0.26617
43	4	-2.7959
44	4	-0.63489
45	6	-1.589
46	6	-1.215
47	6	-2.1847
48	6	-2.3296
49	12	-0.86285
50	6	-1.5281
51	12	-1.04
52	6	-1.1941
53	14	-0.35051
54	11	-0.75769
55	11	-0.60886
56	11	-1.1694
57	11	-2.1583
58	11	-1.2453
59	11	-0.71694
60	1	-0.61834
61	1	-2.3494
62	2	-1.1487
63	1	-2.8226
64	1	-3.1829
65	2	-1.813
66	1	-1.4448
67	2	-1.2949
68	2	-0.96574
69	10	-1.2823
70	10	-0.96757
71	3	-0.71937
72	6	-1.1896
73	3	-1.9631
74	3	-0.64757
75	3	-3.2294
76	4	-0.62338
77	4	-1.3212
78	12	-1.4962
79	4	-0.2554
80	12	-1.7623
81	13	-1.0994
82	13	-2.0132
83	13	-2.6795
84	13	-2.5399
85	1	-2.9403
86	14	-1.095
87	13	-0.74725
88	14	-3.1937
89	2	-2.0923
90	9	-2.6186
91	9	-2.6891
92	9	-1.7223
93	10	-1.8869
94	2	-2.8811
95	3	-2.5325
96	9	-1.9561
97	10	-3.5037
98	2	-2.0587
99	3	-3.8642
100	3	-2.5275
101	11	-3.3312
102	4	-3.6753
103	5	-1.3582
104	5	-0.97325
105	8	-0.54399
106	7	-0.26079
107	7	-0.0043635
108	7	-1.1661
109	7	-0.72139
110	14	-0.64687
111	14	-0.62283
112	14	-1.9759
113	14	-1.6972
114	13	-0.80948
115	2	-0.49869
116	11	-0.73003
117	11	-1.5875
118	2	-1.9448
119	9	-1.7352
120	11	-2.768
121	9	-1.4769
122	10	-0.44171
123	10	-3.0294
124	10	-0.60052
125	5	-0.89893
126	2	-4.2356
127	5	-0.87098
128	1	-5.0992
129	6	-5.0459
130	1	-0.83393
131	1	-1.3193
132	6	-1.5832
133	7	-0.16604
134	8	-2.6213
135	13	-3.5055
136	3	-2.2786
137	7	-3.171
138	8	-2.756
139	13	-1.3519
140	13	-0.50476
141	7	-2.0695
142	14	-3.4041
143	10	-0.73179
144	12	-0.97637
145	12	-2.3638
146	12	-2.7851
147	12	-1.6552
148	10	-2.3664
149	4	-1.1798
150	4	-0.78906
151	10	-2.4356
152	9	-1.5682
153	9	-2.3669
154	11	-4.1219
detection1	detection2	cost
1	2	-4.8231
3	4	-5.6071
5	6	-5.6071
7	8	-5.6071
7	9	-5.6071
8	9	-4.8231
3	10	-3.7143
4	10	-3.2674
11	12	-5.6071
14	15	-3.7143
5	16	63.1723
6	16	61.297
20	21	-3.7143
5	22	67.1899
6	22	65.3197
16	22	-3.2674
17	23	0.30445
17	24	-1.5143
23	24	-5.6071
17	25	-5.6071
23	25	0.071429
24	25	-1.8214
17	26	-4.8231
23	26	1.9643
24	26	0.071429
25	26	-5.6071
19	27	-5.6071
19	28	-4.8231
27	28	-5.6071
20	29	-5.6071
21	29	-3.2674
20	30	-4.8231
21	30	-4.8231
29	30	-5.6071
20	31	-1.5143
21	31	-4.8231
29	31	-1.8214
30	31	-3.7143
17	32	2.6933
23	32	-4.8231
24	32	-3.2674
25	32	2.1517
26	32	4.0138
17	33	0.96511
23	33	-5.6071
24	33	-4.8231
25	33	0.30445
26	33	2.1517
32	33	-5.6071
17	34	-3.2674
23	34	-1.5143
24	34	-3.2674
25	34	-4.8231
26	34	-3.2674
32	34	0.071429
33	34	-1.8214
35	37	-3.2674
36	38	-4.8231
20	39	-1.5143
21	39	0.53071
29	39	-3.2674
30	39	-2.1462
31	39	0.96511
20	40	-1.8214
21	40	-0.67521
29	40	-3.7143
30	40	-3.2674
31	40	-0.67521
39	40	-5.6071
35	41	-2.1462
37	41	-5.6071
36	42	-0.67521
38	42	-3.2674
36	43	-3.7143
38	43	-4.8231
42	43	-1.8214
36	44	-3.2674
38	44	-3.2674
42	44	0.071429
43	44	-5.6071
11	45	28.9098
12	45	28.0636
11	46	25.0659
12	46	24.0034
45	46	-1.5143
11	47	26.624
12	47	25.6115
45	47	-3.2674
46	47	-5.6071
11	48	28.2144
12	48	27.2482
45	48	-4.8231
46	48	-3.7143
47	48	-5.6071
7	49	38.2821
8	49	36.6486
9	49	37.3731
11	50	26.2014
12	50	25.0659
45	50	-0.67521
46	50	-5.6071
47	50	-4.8231
48	50	-3.2674
7	51	39.2501
8	51	37.6517
9	51	38.2821
49	51	-5.6071
11	52	30.3571
12	52	29.2526
45	52	-1.5143
46	52	-2.1462
47	52	-3.2674
48	52	-3.7143
50	52	-3.2674
3	53	69.8296
4	53	68.0722
10	53	68.5213
54	55	-5.6071
54	56	-3.2674
55	56	-4.8231
54	57	0.30445
55	57	-1.5143
56	57	-3.7143
54	58	0.96511
55	58	-0.67521
56	58	-3.2674
57	58	-5.6071
54	59	2.6933
55	59	0.96511
56	59	-1.5143
57	59	-4.8231
58	59	-5.6071
14	60	30.0721
15	60	27.2998
14	61	31.3382
15	61	28.663
60	61	-5.6071
18	62	26.2014
14	63	31.3382
15	63	28.8606
60	63	-3.2674
61	63	-4.8231
14	64	32.6536
15	64	30.0721
60	64	-3.7143
61	64	-5.6071
63	64	-5.6071
18	65	26.624
62	65	-4.8231
14	66	32.7427
15	66	30.3571
60	66	-1.5143
61	66	-3.2674
63	66	-5.6071
64	66	-4.8231
18	67	27.2482
62	67	-2.1462
65	67	-4.8231
18	68	29.2526
62	68	-3.7143
65	68	-4.8231
67	68	-3.7143
13	69	65.3197
13	70	64.5779
69	70	-4.8231
35	71	35.3305
37	71	31.3382
41	71	29.9767
11	72	36.0768
12	72	34.1859
45	72	32.7427
46	72	27.2998
47	72	28.663
48	72	30.0721
50	72	25.9881
52	72	27.7092
35	73	39.3649
37	73	35.3305
41	73	34.0136
71	73	-3.2674
35	74	40.7586
37	74	36.6892
41	74	35.414
71	74	-1.5143
73	74	-5.6071
35	75	39.3649
37	75	35.414
41	75	34.0136
71	75	-3.2674
73	75	-4.8231
74	75	-3.2674
36	76	39.3649
38	76	39.3649
42	76	40.9808
43	76	36.6892
44	76	35.3305
36	77	40.7586
38	77	40.6843
42	77	42.1852
43	77	38.0074
44	77	36.6892
76	77	-5.6071
7	78	45.635
8	78	45.5338
9	78	43.7472
49	78	39.5176
51	78	38.3212
36	79	44.7168
38	79	44.7168
42	79	46.3051
43	79	42.0408
44	79	40.6843
76	79	-2.1462
77	79	-3.2674
7	80	47.6858
8	80	47.5232
9	80	45.8033
49	80	39.3649
51	80	38.086
78	80	-4.8231
1	81	55.9884
2	81	53.8064
1	82	56.7736
2	82	54.5037
81	82	-3.7143
1	83	58.6147
2	83	56.3541
81	83	-3.2674
82	83	-5.6071
1	84	59.0737
2	84	56.7736
81	84	-1.5143
82	84	-4.8231
83	84	-5.6071
14	85	44.1649
15	85	43.7472
60	85	26.2014
61	85	24.7342
63	85	22.0674
64	85	23.3135
66	85	20.6393
3	86	57.7693
4	86	57.2457
10	86	54.156
53	86	55.5068
1	87	62.74
2	87	60.4586
81	87	0.53071
82	87	-1.5143
83	87	-3.2674
84	87	-3.7143
3	88	61.9449
4	88	61.401
10	88	58.3431
53	88	56.1011
86	88	-3.2674
18	89	47.4255
62	89	26.624
65	89	24.0034
67	89	21.3932
68	89	23.5452
19	90	47.4255
27	90	45.5338
28	90	45.5
19	91	47.5232
27	91	45.635
28	91	45.5338
90	91	-5.6071
19	92	47.6858
27	92	45.8033
28	92	45.635
90	92	-3.7143
91	92	-5.6071
13	93	52.6559
69	93	49.2226
70	93	46.7032
18	94	49.4118
62	94	27.2482
65	94	24.6786
67	94	22.1279
68	94	24.0034
89	94	-4.8231
35	95	45.635
37	95	43.6071
41	95	41.7143
71	95	27.4026
73	95	29.2526
74	95	30.8274
75	95	26.624
19	96	49.3173
27	96	47.4255
28	96	47.3929
90	96	-5.6071
91	96	-4.8231
92	96	-3.2674
13	97	54.127
69	97	51.7558
70	97	49.2226
93	97	-4.8231
18	98	51.4527
62	98	28.0636
65	98	25.5573
67	98	23.08
68	98	24.6786
89	98	-2.1462
94	98	-4.8231
35	99	47.6858
37	99	45.5338
41	99	43.6422
71	99	27.2998
73	99	28.8606
74	99	30.3571
75	99	26.2014
95	99	-4.8231
35	100	49.4118
37	100	47.3929
41	100	45.5
71	100	29.9767
73	100	31.5222
74	100	33.0089
75	100	28.8606
95	100	-3.7143
99	100	-4.8231
54	101	63.7529
55	101	65.2212
56	101	65.5653
57	101	68.639
58	101	67.5727
59	101	69.1549
36	102	58.777
38	102	56.9684
42	102	55.4215
43	102	54.993
44	102	54.9643
76	102	36.6892
77	102	35.3305
79	102	36.8511
20	103	70.3146
21	103	70.1302
29	103	68.4269
30	103	68.3089
31	103	68.2143
39	103	64.826
40	103	64.6524
20	104	72.0901
21	104	72
29	104	70.1994
30	104	70.1302
31	104	70.1302
39	104	66.5395
40	104	66.4184
103	104	-4.8231
17	105	100.1102
23	105	93.9578
24	105	95.0991
25	105	98.652
26	105	99.8769
32	105	91.31
33	105	92.4457
34	105	95.9858
5	106	87.4452
6	106	87.3131
16	106	98.1275
22	106	98.9217
5	107	89.2026
6	107	89.1099
16	107	100.7741
22	107	101.5818
106	107	-4.8231
5	108	89.3322
6	108	89.2026
16	108	99.6598
22	108	100.4095
106	108	-5.6071
107	108	-5.6071
5	109	91.2194
6	109	91.0922
16	109	101.2034
22	109	101.9098
106	109	-3.7143
107	109	-4.8231
108	109	-5.6071
3	110	98.652
4	110	98.7701
10	110	94.8719
53	110	102.2531
86	110	42.5087
88	110	40.2736
3	111	98.5676
4	111	98.652
10	111	94.7844
53	111	100.9229
86	111	41.605
88	111	39.2501
110	111	-5.6071
3	112	100.4593
4	112	100.5422
10	112	96.676
53	112	102.2857
86	112	43.2907
88	112	40.8698
110	112	-4.8231
111	112	-5.6071
3	113	100.4095
4	113	100.4593
10	113	96.6243
53	113	100.989
86	113	42.4729
88	113	39.9349
110	113	-3.2674
111	113	-4.8231
112	113	-5.6071
1	114	106.2133
2	114	104.2427
81	114	43.9217
82	114	44.4761
83	114	42.6161
84	114	43.0077
87	114	39.3267
18	115	93.2669
62	115	67.1899
65	115	65.0485
67	115	62.9438
68	115	63.4506
89	115	38.5552
94	115	36.4045
98	115	34.3146
54	116	110.3142
55	116	111.6298
56	116	111.6298
57	116	114.3653
58	116	113.0796
59	116	114.4829
101	116	40.2736
54	117	109.0145
55	117	110.3142
56	117	110.2838
57	117	112.9904
58	117	111.6899
59	117	113.0796
101	117	39.2501
116	117	-5.6071
18	118	97.0365
62	118	70.9338
65	118	68.8035
67	118	66.7087
68	118	67.1899
89	118	42.2933
94	118	40.1609
98	118	38.086
115	118	-3.7143
19	119	96.6071
27	119	94.7143
28	119	94.7318
90	119	41.7507
91	119	41.8597
92	119	42.0408
96	119	39.8593
54	120	109.1375
55	120	110.4054
56	120	110.3142
57	120	112.9607
58	120	111.6298
59	120	112.9904
101	120	39.9349
116	120	-3.2674
117	120	-4.8231
19	121	98.5
27	121	96.6071
28	121	96.6243
90	121	43.6422
91	121	43.7472
92	121	43.9217
96	121	41.7507
119	121	-5.6071
13	122	102.351
69	122	94.3632
70	122	91.69
93	122	46.3717
97	122	43.9913
13	123	102.2857
69	123	91.8705
70	123	89.2026
93	123	45.2968
97	123	43.0077
122	123	-3.7143
13	124	106.0714
69	124	94.7844
70	124	92.1226
93	124	48.9694
97	124	46.7032
122	124	-2.1462
123	124	-3.7143
20	125	104.2427
21	125	104.4349
29	125	102.351
30	125	102.4325
31	125	102.6929
39	125	98.5169
40	125	98.5676
103	125	27.8615
104	125	25.5573
18	126	106.6379
62	126	85.3272
65	126	82.9025
67	126	80.4924
68	126	81.7859
89	126	52.6559
94	126	51.2701
98	126	49.9756
115	126	17.1798
118	126	15.3715
20	127	106.1345
21	127	106.3235
29	127	104.2427
30	127	104.3228
31	127	104.5789
39	127	100.4095
40	127	100.4593
103	127	29.6887
104	127	27.4026
125	127	-5.6071
14	128	114.012
15	128	114.3653
60	128	96.1933
61	128	94.4335
63	128	91.9786
64	128	92.6785
66	128	90.2162
85	128	64.5779
11	129	119.5472
12	129	117.6578
45	129	109.2603
46	129	105.6447
47	129	106.2291
48	129	106.8417
50	129	103.8412
52	129	103.2766
72	129	76.3217
14	130	113.7759
15	130	114.012
60	130	94.8719
61	130	93.0889
63	130	90.6734
64	130	91.31
66	130	88.8871
85	130	63.7781
128	130	-3.7143
14	131	116.0588
15	131	116.4641
60	131	98.652
61	131	96.8993
63	131	94.4335
64	131	95.1515
66	131	92.6785
85	131	66.8775
128	131	-4.8231
130	131	-1.5143
11	132	121.3395
12	132	119.4485
45	132	110.4206
46	132	106.9044
47	132	107.4511
48	132	108.0263
50	132	105.0892
52	132	104.4349
72	132	78.0144
129	132	-4.8231
5	133	125
6	133	125.0135
16	133	134.0726
22	133	134.3633
106	133	31.1069
107	133	28.9098
108	133	29.2526
109	133	27.4026
17	134	138.9856
23	134	133.3876
24	134	134.3633
25	134	137.3994
26	134	138.4465
32	134	130.7952
33	134	131.7634
34	134	134.7794
105	134	33.8406
1	135	130.7304
2	135	128.7989
81	135	68.5919
82	135	69.0613
83	135	67.1899
84	135	67.5011
87	135	63.7781
114	135	17.1798
35	136	111.8851
37	136	110.2381
41	136	108.3515
71	136	88.4587
73	136	88.2157
74	136	89.0172
75	136	85.7124
95	136	59.4226
99	136	57.8516
100	136	55.6772
5	137	126.9462
6	137	127.0128
16	137	137.6094
22	137	137.967
106	137	33.8406
107	137	31.5222
108	137	32.024
109	137	30.2149
133	137	-3.2674
17	138	140.579
23	138	135.0184
24	138	135.9831
25	138	138.9856
26	138	140.0215
32	138	132.4307
33	138	133.3876
34	138	136.3696
105	138	35.6638
134	138	-5.6071
1	139	132.5842
2	139	130.6786
81	139	70.6821
82	139	71.2301
83	139	69.3649
84	139	69.7137
87	139	66.0053
114	139	19.269
135	139	-4.8231
1	140	132.7759
2	140	130.7952
81	140	70.1994
82	140	70.4756
83	140	68.5919
84	140	68.8035
87	140	65.0485
114	140	19.0675
135	140	-3.2674
139	140	-1.8214
5	141	128.7989
6	141	128.8383
16	141	138.2992
22	141	138.5815
106	141	35.2048
107	141	32.9647
108	141	33.3612
109	141	31.5222
133	141	-3.2674
137	141	-4.8231
3	142	130.7304
4	142	130.6915
10	142	126.9462
53	142	121.7144
86	142	69.7137
88	142	66.4184
110	142	26.0415
111	142	25.5573
112	142	23.7178
113	142	23.3135
13	143	123.1209
69	143	109.5821
70	143	106.9514
93	143	66.0053
97	143	63.7781
122	143	13.4073
123	143	13.4073
124	143	9.6406
7	144	132.5842
8	144	132.6226
9	144	130.6915
49	144	117.0264
51	144	115.2442
78	144	79.7564
80	144	78.0144
7	145	132.5714
8	145	132.5842
9	145	130.6786
49	145	116.4063
51	145	114.615
78	145	79.6537
80	145	77.8676
144	145	-5.6071
7	146	132.5842
8	146	132.5714
9	146	130.6915
49	146	115.8121
51	146	114.012
78	146	79.592
80	146	77.7627
144	146	-3.7143
145	146	-5.6071
7	147	132.6226
8	147	132.5842
9	147	130.7304
49	147	115.2442
51	147	113.4356
78	147	79.5714
80	147	77.6996
144	147	-1.8214
145	147	-3.7143
146	147	-5.6071
13	148	125
69	148	110.1011
70	148	107.4823
93	148	67.5011
97	148	65.3197
122	148	15.5276
123	148	15.2143
124	148	11.4286
143	148	-4.8231
36	149	119.8289
38	149	117.7866
42	149	115.6667
43	149	116.0588
44	149	116.2471
76	149	94.9594
77	149	93.2491
79	149	93.2669
102	149	54.5037
36	150	119.6741
38	150	117.6578
42	150	115.5939
43	150	115.8992
44	150	116.0588
76	150	94.1695
77	150	92.4457
79	150	92.3919
102	150	54.127
149	150	-5.6071
13	151	126.9062
69	151	110.6786
70	151	108.0728
93	151	69.0613
97	151	66.9256
122	151	17.7539
123	151	17.1798
124	151	13.4073
143	151	-2.1462
148	151	-4.8231
19	152	126.9462
27	152	125.0541
28	152	125.1216
90	152	72.2025
91	152	72.3597
92	152	72.5614
96	152	70.3146
119	152	23.0214
121	152	21.1441
19	153	126.9062
27	153	125.0135
28	153	125.0541
90	153	72.0901
91	153	72.2025
92	153	72.3597
96	153	70.1994
119	153	22.8448
121	153	20.9559
152	153	-5.6071
54	154	135.9831
55	154	136.9661
56	154	136.3696
57	154	138.4465
58	154	136.8792
59	154	137.9547
101	154	72.3822
116	154	31.1069
117	154	30.7807
120	154	28.663
1	3	-2.0508
2	3	-1.9602
1	4	-1.9105
2	4	-1.8438
1	7	-1.278
2	7	-1.7836
1	8	-1.2868
2	8	-1.8261
1	9	-1.4309
2	9	-1.9428
1	10	-1.5179
2	10	-1.7046
5	11	-1.4303
6	11	-1.8646
5	12	-1.8524
6	12	-2.4001
1	14	-1.5667
2	14	-1.8139
3	14	-1.4096
4	14	-1.5308
5	14	-1.9111
6	14	-2.1485
7	14	-1.689
8	14	-1.6633
9	14	-1.7876
10	14	-1.352
11	14	-2.1171
12	14	-1.6105
13	14	-1.5405
1	15	-1.2722
2	15	-1.6079
3	15	-1.4039
4	15	-1.4855
5	15	-1.4683
6	15	-1.5518
7	15	-1.103
8	15	-1.1797
9	15	-1.2289
10	15	-1.3019
11	15	-1.5083
12	15	-1.311
13	15	-1.5692
11	16	2.4486
12	16	3.3649
14	16	4.2028
15	16	4.4933
5	17	2.3547
6	17	2.3782
14	17	3.8099
15	17	3.8942
16	17	-2.1639
14	18	-1.7824
15	18	-2.2966
13	19	-1.1946
14	19	-1.7207
15	19	-1.8964
14	20	-1.7986
15	20	-1.6701
14	21	-1.6991
15	21	-1.6385
11	22	2.5445
12	22	3.4546
14	22	4.1353
15	22	4.4301
17	22	-1.7285
5	23	1.6765
6	23	1.7007
14	23	3.0951
15	23	3.1863
16	23	-2.0276
22	23	-1.8877
5	24	1.7359
6	24	1.76
14	24	3.0907
15	24	3.1804
16	24	-2.2342
22	24	-1.9376
5	25	2.2217
6	25	2.2459
14	25	3.7089
15	25	3.7992
16	25	-2.3839
22	25	-2.0532
5	26	2.3705
6	26	2.3948
14	26	3.8847
15	26	3.9738
16	26	-2.3096
22	26	-2.0289
13	27	-1.6788
14	27	-1.1886
15	27	-1.5991
13	28	-1.9515
14	28	-1.3288
15	28	-1.634
14	29	-1.7725
15	29	-1.7283
14	30	-1.8652
15	30	-1.881
14	31	-1.6245
15	31	-1.6822
5	32	1.521
6	32	1.5461
14	32	2.971
15	32	3.0669
16	32	-1.3272
22	32	-1.6055
5	33	1.5858
6	33	1.6108
14	33	3.0593
15	33	3.155
16	33	-1.591
22	33	-1.9453
5	34	1.9143
6	34	1.9392
14	34	3.4591
15	34	3.5524
16	34	-2.1721
22	34	-2.5287
14	35	-1.8272
15	35	-1.2093
14	36	-1.6086
15	36	-1.6339
20	36	-1.2802
21	36	-0.96785
29	36	-1.4288
30	36	-1.2538
31	36	-1.0397
35	36	-2.0062
14	37	-2.1653
15	37	-1.7353
36	37	-2.1247
14	38	-1.8223
15	38	-1.9655
20	38	-1.8096
21	38	-1.1736
29	38	-1.6365
30	38	-1.305
31	38	-0.87663
35	38	-2.2547
37	38	-2.2014
14	39	-1.5718
15	39	-1.7861
36	39	-1.1288
38	39	-1.6222
14	40	-1.5279
15	40	-1.6323
36	40	-1.3713
38	40	-1.5784
14	41	-2.1239
15	41	-1.8952
36	41	-1.716
38	41	-1.7666
14	42	-1.5784
15	42	-1.6714
20	42	-1.5006
21	42	-1.1178
29	42	-1.6972
30	42	-1.4151
31	42	-0.98779
35	42	-1.9132
37	42	-1.5142
39	42	-2.0022
40	42	-1.8833
41	42	-0.9568
14	43	-1.7874
15	43	-2.0122
20	43	-2.2908
21	43	-1.3552
29	43	-2.0606
30	43	-1.5841
31	43	-0.97787
35	43	-2.209
37	43	-2.0229
39	43	-1.3338
40	43	-1.3499
41	43	-1.6255
14	44	-1.5816
15	44	-1.7293
20	44	-2.2841
21	44	-1.4388
29	44	-2.0875
30	44	-1.7184
31	44	-0.9781
35	44	-2.1969
37	44	-1.9819
39	44	-0.99638
40	44	-1.1113
41	44	-1.606
5	45	5.2486
6	45	5.2228
14	45	3.6929
15	45	4.3373
16	45	0.11965
22	45	0.3682
5	46	4.7996
6	46	4.7459
14	46	4.0868
15	46	4.7968
16	46	0.12097
22	46	0.35785
5	47	4.944
6	47	4.8993
14	47	4.042
15	47	4.7354
16	47	0.07349
22	47	0.31803
5	48	5.0161
6	48	4.9792
14	48	3.9802
15	48	4.6597
16	48	0.14814
22	48	0.39716
1	49	5.6926
2	49	5.8233
14	49	3.0683
15	49	3.3529
5	50	4.7018
6	50	4.6473
14	50	4.2425
15	50	4.9738
16	50	0.13284
22	50	0.37602
1	51	5.5909
2	51	5.7149
14	51	3.1364
15	51	3.4283
5	52	4.7393
6	52	4.6986
14	52	4.2236
15	52	4.9389
16	52	0.28993
22	52	0.58264
1	53	1.289
2	53	1.2829
14	53	1.7506
15	53	1.8132
13	54	2.4627
14	54	1.2895
15	54	1.2901
13	55	2.7565
14	55	1.5728
15	55	1.5698
13	56	3.2277
14	56	1.7746
15	56	1.7773
13	57	3.7507
14	57	2.3013
15	57	2.295
13	58	3.7069
14	58	2.3659
15	58	2.36
13	59	3.8148
14	59	2.6066
15	59	2.5966
1	60	5.1269
2	60	4.9777
3	60	3.6522
4	60	3.6346
5	60	3.9309
6	60	3.9821
7	60	5.9099
8	60	5.889
9	60	6.1197
10	60	3.7405
11	60	2.0041
12	60	1.976
13	60	6.2735
16	60	0.5927
17	60	0.69507
18	60	2.5577
19	60	8.2458
20	60	7.3008
21	60	6.6114
22	60	0.61207
23	60	-0.23186
24	60	-0.19678
25	60	0.56771
26	60	0.79507
27	60	8.5977
28	60	8.3019
29	60	7.4777
30	60	7.0341
31	60	6.3367
32	60	-0.39295
33	60	-0.26415
34	60	0.27834
35	60	5.3569
36	60	9.3411
37	60	5.5656
38	60	9.8752
39	60	8.2033
40	60	7.8563
41	60	5.372
42	60	9.8724
43	60	9.8405
44	60	9.5016
45	60	-1.9812
46	60	-2.0477
47	60	-2.0752
48	60	-1.8443
49	60	-1.5235
50	60	-1.9206
51	60	-1.4928
52	60	-1.3735
53	60	-1.4329
54	60	-0.94316
55	60	-1.1657
56	60	-1.2334
57	60	-0.68542
58	60	-0.65881
59	60	-0.3907
1	61	5.1362
2	61	4.9934
3	61	3.7222
4	61	3.7091
5	61	3.8407
6	61	3.8986
7	61	5.8824
8	61	5.8681
9	61	6.0867
10	61	3.8177
11	61	2.0133
12	61	1.9775
13	61	6.2957
16	61	0.52983
17	61	0.69093
18	61	2.4913
19	61	8.1213
20	61	7.3098
21	61	6.6579
22	61	0.55046
23	61	-0.24658
24	61	-0.20764
25	61	0.55945
26	61	0.79045
27	61	8.4603
28	61	8.1762
29	61	7.4787
30	61	7.0553
31	61	6.404
32	61	-0.41083
33	61	-0.28019
34	61	0.26933
35	61	5.5714
36	61	9.23
37	61	5.7878
38	61	9.7291
39	61	8.1583
40	61	7.836
41	61	5.6012
42	61	10.1898
43	61	9.6764
44	61	9.3534
45	61	-2.173
46	61	-2.1696
47	61	-2.2498
48	61	-2.076
49	61	-1.6244
50	61	-2.0535
51	61	-1.7302
52	61	-1.7143
53	61	-1.4508
54	61	-0.76629
55	61	-0.97873
56	61	-1.2442
57	61	-0.71745
58	61	-0.6909
59	61	-0.41809
14	62	5.3417
15	62	5.3011
60	62	-2.0066
61	62	-2.0818
1	63	5.0616
2	63	4.9201
3	63	3.6863
4	63	3.6818
5	63	3.7825
6	63	3.8453
7	63	5.7852
8	63	5.7737
9	63	5.9843
10	63	3.7831
11	63	2.0311
12	63	1.9901
13	63	6.1727
16	63	0.41959
17	63	0.66274
18	63	2.2758
19	63	7.8238
20	63	6.9392
21	63	6.3195
22	63	0.43139
23	63	-0.27566
24	63	-0.23642
25	63	0.52373
26	63	0.75519
27	63	8.1481
28	63	7.8646
29	63	7.0925
30	63	6.6842
31	63	6.0775
32	63	-0.446
33	63	-0.3163
34	63	0.23138
35	63	5.9007
36	63	8.7065
37	63	6.1352
38	63	9.1713
39	63	7.7158
40	63	7.4124
41	63	5.9523
42	63	9.8558
43	63	9.0845
44	63	8.7687
45	63	-2.0779
46	63	-1.9772
47	63	-2.0712
48	63	-2.041
49	63	-1.478
50	63	-1.9015
51	63	-1.6226
52	63	-1.6819
53	63	-1.4567
54	63	-0.67639
55	63	-0.85642
56	63	-1.1208
57	63	-0.76759
58	63	-0.74424
59	63	-0.46923
62	63	-2.2391
1	64	5.1483
2	64	5.0119
3	64	3.7916
4	64	3.7826
5	64	3.7939
6	64	3.8583
7	64	5.8174
8	64	5.8095
9	64	6.0167
10	64	3.8943
11	64	1.9952
12	64	1.9545
13	64	6.3201
16	64	0.44695
17	64	0.61145
18	64	2.1666
19	64	8.0087
20	64	7.0655
21	64	6.4496
22	64	0.4664
23	64	-0.33556
24	64	-0.29394
25	64	0.47296
26	64	0.70661
27	64	8.3368
28	64	8.0635
29	64	7.2295
30	64	6.8257
31	64	6.2173
32	64	-0.50667
33	64	-0.37478
34	64	0.17926
35	64	5.7208
36	64	8.881
37	64	5.9437
38	64	9.3434
39	64	7.8712
40	64	7.5737
41	64	5.7643
42	64	9.912
43	64	9.2801
44	64	8.9776
45	64	-2.2417
46	64	-2.2604
47	64	-2.369
48	64	-2.2282
49	64	-1.3983
50	64	-2.1491
51	64	-1.5525
52	64	-1.9396
53	64	-1.3651
54	64	-0.64159
55	64	-0.84751
56	64	-1.1105
57	64	-0.79889
58	64	-0.77274
59	64	-0.49626
62	64	-2.3429
14	65	5.0407
15	65	5.0169
60	65	-2.2873
61	65	-2.4446
63	65	-2.5004
64	65	-2.362
1	66	5.0767
2	66	4.9409
3	66	3.743
4	66	3.7422
5	66	3.782
6	66	3.8513
7	66	5.7844
8	66	5.7794
9	66	5.9786
10	66	3.8438
11	66	2.0611
12	66	2.0139
13	66	6.1509
16	66	0.30856
17	66	0.56638
18	66	1.9734
19	66	7.7185
20	66	6.8756
21	66	6.2867
22	66	0.31788
23	66	-0.37982
24	66	-0.33788
25	66	0.42368
26	66	0.6577
27	66	8.0347
28	66	7.7627
29	66	7.0258
30	66	6.6344
31	66	6.0633
32	66	-0.45394
33	66	-0.42284
34	66	0.13006
35	66	6.1049
36	66	8.5485
37	66	6.3461
38	66	8.9844
39	66	7.6208
40	66	7.3386
41	66	6.1699
42	66	9.7139
43	66	8.8932
44	66	8.5962
45	66	-2.1148
46	66	-2.0435
47	66	-2.1501
48	66	-2.1994
49	66	-1.2218
50	66	-2.0077
51	66	-1.3583
52	66	-1.9399
53	66	-1.3424
54	66	-0.51239
55	66	-0.68901
56	66	-0.94951
57	66	-0.78934
58	66	-0.76513
59	66	-0.48647
62	66	-2.1906
65	66	-2.0731
14	67	4.7967
15	67	4.7937
60	67	-1.9804
61	67	-2.0883
63	67	-1.8646
64	67	-1.8362
66	67	-1.6984
14	68	4.7322
15	68	4.7451
60	68	-1.97
61	68	-2.0101
63	68	-1.6238
64	68	-1.591
66	68	-1.2936
14	69	1.7769
15	69	1.7597
19	69	2.7942
27	69	3.0136
28	69	3.1401
54	69	-0.83285
55	69	-1.1986
56	69	-1.9277
57	69	-1.2526
58	69	-1.3116
59	69	-1.1836
60	69	-1.3911
61	69	-1.2193
63	69	-1.1072
64	69	-1.0758
66	69	-0.95444
14	70	1.7714
15	70	1.7592
19	70	2.6813
27	70	2.9006
28	70	3.0315
54	70	-0.74372
55	70	-1.0834
56	70	-1.8452
57	70	-1.2771
58	70	-1.343
59	70	-1.207
60	70	-1.5347
61	70	-1.3612
63	70	-1.244
64	70	-1.2159
66	70	-1.0897
14	71	1.1186
15	71	1.2895
36	71	6.6118
38	71	6.9294
42	71	7.6874
43	71	6.8999
44	71	6.6807
60	71	-1.8978
61	71	-1.8725
63	71	-1.7159
64	71	-1.9407
66	71	-1.4189
5	72	3.6292
6	72	3.6116
14	72	6.6471
15	72	6.5132
16	72	1.6703
22	72	1.7825
60	72	4.3166
61	72	4.095
63	72	4.0845
64	72	3.8946
66	72	3.8658
14	73	0.99992
15	73	1.1801
36	73	6.9507
38	73	7.2519
42	73	7.9732
43	73	7.2409
44	73	7.0403
60	73	-2.083
61	73	-2.1411
63	73	-1.7814
64	73	-2.0867
66	73	-1.497
14	74	1.0043
15	74	1.1902
36	74	7.0975
38	74	7.3957
42	74	8.1068
43	74	7.3938
44	74	7.1987
60	74	-2.0893
61	74	-2.1313
63	74	-1.6013
64	74	-1.8405
66	74	-1.3209
14	75	1.1512
15	75	1.3281
36	75	6.6127
38	75	6.9022
42	75	7.6127
43	75	6.8793
44	75	6.6825
60	75	-2.184
61	75	-2.1722
63	75	-2.0059
64	75	-2.2321
66	75	-1.8254
14	76	0.29788
15	76	0.3186
20	76	3.9808
21	76	3.5591
29	76	4.1306
30	76	3.8995
31	76	3.5634
35	76	2.1037
37	76	2.3678
39	76	4.9389
40	76	4.7662
41	76	2.3775
60	76	-1.8602
61	76	-1.5228
63	76	-1.1452
64	76	-1.3492
66	76	-0.86903
71	76	-2.0346
73	76	-2.014
74	76	-1.9295
75	76	-1.7729
14	77	0.32725
15	77	0.30075
20	77	3.8703
21	77	3.4593
29	77	4.0153
30	77	3.7885
31	77	3.4654
35	77	2.0323
37	77	2.3052
39	77	4.8113
40	77	4.6441
41	77	2.3168
60	77	-1.9659
61	77	-1.7417
63	77	-1.372
64	77	-1.5853
66	77	-1.1137
71	77	-2.1846
73	77	-2.0924
74	77	-1.9025
75	77	-2.0061
1	78	4.141
2	78	4.1609
14	78	7.0778
15	78	7.5932
60	78	9.1425
61	78	9.257
63	78	9.1078
64	78	9.4241
66	78	9.222
14	79	0.48753
15	79	0.4873
20	79	4.1246
21	79	3.7281
29	79	4.2674
30	79	4.0492
31	79	3.7395
35	79	1.9128
37	79	2.1794
39	79	5.0467
40	79	4.8859
41	79	2.1924
60	79	-2.0646
61	79	-1.8121
63	79	-1.5123
64	79	-1.7043
66	79	-1.2845
71	79	-2.3935
73	79	-2.3516
74	79	-2.1504
75	79	-2.156
1	80	4.0424
2	80	4.0649
14	80	6.8028
15	80	7.3134
60	80	8.5918
61	80	8.6701
63	80	8.474
64	80	8.7934
66	80	8.5343
3	81	4.3064
4	81	4.1829
7	81	4.2847
8	81	4.4065
9	81	4.3757
10	81	4.482
14	81	5.1691
15	81	5.4671
49	81	5.8262
51	81	5.913
53	81	1.6944
60	81	5.6761
61	81	5.5334
63	81	5.1595
64	81	5.412
66	81	4.9399
78	81	-1.6924
80	81	-1.6141
3	82	4.539
4	82	4.4139
7	82	4.2477
8	82	4.3682
9	82	4.3401
10	82	4.7289
14	82	5.0846
15	82	5.374
49	82	5.5835
51	82	5.6619
53	82	1.7524
60	82	5.2629
61	82	5.097
63	82	4.7273
64	82	4.9507
66	82	4.4888
78	82	-1.6916
80	82	-1.5666
3	83	4.5807
4	83	4.4568
7	83	4.2182
8	83	4.3362
9	83	4.3115
10	83	4.7712
14	83	5.1108
15	83	5.4005
49	83	5.4554
51	83	5.5299
53	83	1.7657
60	83	5.315
61	83	5.1611
63	83	4.81
64	83	5.0295
66	83	4.5885
78	83	-1.4685
80	83	-1.3257
3	84	4.72
4	84	4.5983
7	84	4.2381
8	84	4.3562
9	84	4.3321
10	84	4.9169
14	84	5.0738
15	84	5.3594
49	84	5.3857
51	84	5.4559
53	84	1.8634
60	84	5.1297
61	84	4.9673
63	84	4.6195
64	84	4.8271
66	84	4.3917
78	84	-1.4416
80	84	-1.2897
1	85	3.9509
2	85	3.8709
3	85	3.0321
4	85	3.0987
5	85	2.3538
6	85	2.5613
7	85	3.9347
8	85	4.0317
9	85	4.0818
10	85	3.1096
11	85	1.5259
12	85	1.3833
13	85	5.6145
16	85	2.2452
17	85	1.8833
18	85	5.7398
19	85	6.2328
20	85	7.5075
21	85	7.1907
22	85	2.1679
23	85	1.6045
24	85	1.7567
25	85	1.6865
26	85	1.9104
27	85	6.4977
28	85	6.3136
29	85	7.6171
30	85	7.3656
31	85	7.1154
32	85	1.712
33	85	1.7228
34	85	1.7931
35	85	7.1454
36	85	8.786
37	85	7.204
38	85	9.0277
39	85	7.9842
40	85	7.8741
41	85	7.236
42	85	9.5471
43	85	8.8952
44	85	8.7339
45	85	1.3102
46	85	1.2539
47	85	1.2844
48	85	1.2811
49	85	0.7342
50	85	1.2031
51	85	0.7863
52	85	1.2023
53	85	0.85955
54	85	1.9966
55	85	1.9183
56	85	1.7153
57	85	1.729
58	85	1.7268
59	85	1.8428
62	85	6.0535
65	85	5.8357
67	85	5.5048
68	85	6.6151
69	85	2.3479
70	85	2.2502
71	85	4.4897
72	85	-2.3964
73	85	4.0393
74	85	3.9859
75	85	4.0669
76	85	4.3326
77	85	4.2051
78	85	-1.5008
79	85	4.0114
80	85	-1.1443
81	85	-0.85044
82	85	-0.73295
83	85	-0.58438
84	85	-0.5325
1	86	3.0405
2	86	3.0595
14	86	3.8079
15	86	3.9956
60	86	3.3503
61	86	3.1812
63	86	2.9262
64	86	3.0357
66	86	2.7057
81	86	-2.2597
82	86	-2.3342
83	86	-2.1494
84	86	-1.9844
85	86	-0.7652
3	87	4.6617
4	87	4.5418
7	87	4.1917
8	87	4.3056
9	87	4.2872
10	87	4.8586
14	87	5.169
15	87	5.453
49	87	5.188
51	87	5.2532
53	87	1.7499
60	87	5.2508
61	87	5.1074
63	87	4.7894
64	87	4.9898
66	87	4.5876
78	87	-1.0761
80	87	-0.89798
85	87	-0.20371
86	87	-1.586
1	88	2.9794
2	88	2.9961
14	88	3.7022
15	88	3.8911
60	88	3.2497
61	88	3.0911
63	88	2.8443
64	88	2.9575
66	88	2.636
81	88	-1.762
82	88	-1.9021
83	88	-2.0165
84	88	-2.11
85	88	-0.72956
87	88	-2.0586
14	89	4.219
15	89	4.4471
60	89	0.95649
61	89	1.0706
63	89	1.4541
64	89	1.4474
66	89	1.7455
85	89	-2.3384
13	90	4.9174
14	90	4.5215
15	90	4.4919
60	90	5.8896
61	90	5.9763
63	90	5.9031
64	90	6.0303
66	90	5.9773
69	90	2.4452
70	90	2.4205
85	90	-0.98232
13	91	5.0494
14	91	4.5104
15	91	4.4788
60	91	5.7509
61	91	5.8281
63	91	5.7372
64	91	5.8719
66	91	5.799
69	91	2.4149
70	91	2.3892
85	91	-1.2104
13	92	4.9473
14	92	4.5587
15	92	4.5237
60	92	5.6527
61	92	5.719
63	92	5.6113
64	92	5.7514
66	92	5.6589
69	92	2.2719
70	92	2.2469
85	92	-1.2466
14	93	4.1827
15	93	4.2435
19	93	4.2521
27	93	4.5204
28	93	4.7675
54	93	2.2077
55	93	2.0405
56	93	1.5731
57	93	2.0313
58	93	1.9231
59	93	2.0534
60	93	4.329
61	93	4.2175
63	93	3.9811
64	93	4.1326
66	93	3.8552
85	93	-0.90728
90	93	-1.7371
91	93	-1.7889
92	93	-1.9579
14	94	3.9589
15	94	4.1932
60	94	0.83674
61	94	0.9523
63	94	1.3343
64	94	1.323
66	94	1.6218
85	94	-1.9452
14	95	1.586
15	95	1.2437
36	95	6.6003
38	95	6.7758
42	95	7.3273
43	95	6.7097
44	95	6.6025
60	95	1.6379
61	95	1.6881
63	95	1.6733
64	95	1.723
66	95	1.7626
76	95	2.7634
77	95	2.7731
79	95	2.8398
85	95	-1.357
13	96	4.9387
14	96	4.3428
15	96	4.3156
60	96	5.6707
61	96	5.752
63	96	5.6756
64	96	5.7999
66	96	5.7434
69	96	2.5064
70	96	2.4834
85	96	-0.71112
93	96	-1.479
14	97	4.2059
15	97	4.2695
19	97	4.1546
27	97	4.4276
28	97	4.6804
54	97	2.1559
55	97	1.9894
56	97	1.5251
57	97	1.9261
58	97	1.8159
59	97	1.946
60	97	4.5045
61	97	4.4054
63	97	4.1798
64	97	4.3344
66	97	4.0698
85	97	-1.0058
90	97	-1.7388
91	97	-1.7962
92	97	-1.9481
96	97	-1.4503
14	98	3.7609
15	98	3.9994
60	98	0.94295
61	98	1.1148
63	98	1.4878
64	98	1.538
66	98	1.8335
85	98	-1.1028
14	99	1.4217
15	99	1.3894
36	99	6.8428
38	99	7.0183
42	99	7.5675
43	99	6.9566
44	99	6.8489
60	99	1.7414
61	99	1.779
63	99	1.7538
64	99	1.8044
66	99	1.8328
76	99	2.9521
77	99	2.9568
79	99	3.005
85	99	-1.813
14	100	1.6211
15	100	1.2794
36	100	6.314
38	100	6.4817
42	100	7.0118
43	100	6.4292
44	100	6.3324
60	100	1.6901
61	100	1.7284
63	100	1.7057
64	100	1.7549
66	100	1.786
76	100	2.6922
77	100	2.7058
79	100	2.7677
85	100	-1.7172
13	101	3.0447
14	101	3.275
15	101	3.3843
60	101	2.9437
61	101	2.7946
63	101	2.5982
64	101	2.6938
66	101	2.4274
69	101	6.7373
70	101	6.7043
85	101	-1.2112
93	101	-1.8754
97	101	-2.2218
14	102	2.9202
15	102	2.7326
20	102	5.2928
21	102	5.0416
29	102	5.3982
30	102	5.2314
31	102	5.1192
35	102	3.9209
37	102	4.4103
39	102	6.1115
40	102	6.0529
41	102	4.5199
60	102	3.214
61	102	3.2048
63	102	3.1406
64	102	3.3525
66	102	3.1761
71	102	4.0699
73	102	4.557
74	102	4.7315
75	102	4.4961
85	102	-1.7918
95	102	-2.2961
99	102	-2.4318
100	102	-1.9885
14	103	4.1728
15	103	4.1839
36	103	5.0356
38	103	5.4895
42	103	5.0708
43	103	6.0397
44	103	6.4247
60	103	3.8752
61	103	3.8032
63	103	3.6791
64	103	3.9629
66	103	3.6779
76	103	5.8303
77	103	5.9321
79	103	6.348
85	103	-1.3197
102	103	-1.7663
14	104	4.0796
15	104	4.0889
36	104	4.8551
38	104	5.3129
42	104	4.8891
43	104	5.8722
44	104	6.2625
60	104	3.7907
61	104	3.7188
63	104	3.6067
64	104	3.8791
66	104	3.6061
76	104	5.7087
77	104	5.812
79	104	6.22
85	104	-1.4187
102	104	-1.8463
5	105	5.1131
6	105	5.0647
14	105	7.7826
15	105	8.1731
16	105	7.6258
22	105	7.6065
60	105	8.0573
61	105	8.1135
63	105	7.8834
64	105	8.0094
66	105	7.9073
85	105	4.639
11	106	9.5905
12	106	10.0336
14	106	11.172
15	106	11.8458
17	106	6.2066
23	106	6.1831
24	106	6.2624
25	106	6.2237
26	106	6.2487
32	106	6.1827
33	106	6.2159
34	106	6.3398
45	106	9.198
46	106	8.9832
47	106	9.0435
48	106	9.1249
50	106	8.968
52	106	9.0792
60	106	10.8203
61	106	10.8415
63	106	10.6296
64	106	10.8091
66	106	10.5727
72	106	7.1418
85	106	9.0963
105	106	-0.63989
11	107	9.3304
12	107	9.7682
14	107	11.1534
15	107	11.8335
17	107	5.7429
23	107	5.7247
24	107	5.802
25	107	5.7578
26	107	5.7809
32	107	5.7243
33	107	5.7554
34	107	5.8736
45	107	9.029
46	107	8.8027
47	107	8.8675
48	107	8.9528
50	107	8.7883
52	107	8.9084
60	107	10.8213
61	107	10.8439
63	107	10.6331
64	107	10.8126
66	107	10.5772
72	107	6.9294
85	107	9.1268
105	107	-1.0272
11	108	9.4391
12	108	9.8812
14	108	11.1837
15	108	11.8561
17	108	5.8691
23	108	5.855
24	108	5.9322
25	108	5.8851
26	108	5.9074
32	108	5.8553
33	108	5.8864
34	108	6.0029
45	108	9.0835
46	108	8.8637
47	108	8.9258
48	108	9.0092
50	108	8.8489
52	108	8.9647
60	108	10.8026
61	108	10.8229
63	108	10.6131
64	108	10.7895
66	108	10.5553
72	108	7.047
85	108	9.1186
105	108	-0.7685
11	109	9.8557
12	109	10.2977
14	109	11.425
15	109	12.1006
17	109	5.6033
23	109	5.5994
24	109	5.6742
25	109	5.618
26	109	5.6373
32	109	5.6008
33	109	5.6295
34	109	5.7376
45	109	9.4502
46	109	9.238
47	109	9.2972
48	109	9.3779
50	109	9.2226
52	109	9.3325
60	109	11.0565
61	109	11.0763
63	109	10.8656
64	109	11.0426
66	109	10.8074
72	109	7.3021
85	109	9.3638
105	109	-0.78495
1	110	5.9905
2	110	6.0116
14	110	7.4392
15	110	7.5879
60	110	7.5222
61	110	7.4483
63	110	7.3287
64	110	7.4068
66	110	7.2144
81	110	3.9079
82	110	4.0469
83	110	4.0436
84	110	4.0767
85	110	4.8437
87	110	4.1769
1	111	6.0701
2	111	6.0911
14	111	7.4532
15	111	7.6015
60	111	7.4917
61	111	7.416
63	111	7.2946
64	111	7.3725
66	111	7.1786
81	111	3.9207
82	111	4.0588
83	111	4.0513
84	111	4.0844
85	111	4.8179
87	111	4.1792
1	112	5.9488
2	112	5.9689
14	112	7.2438
15	112	7.3944
60	112	7.289
61	112	7.2134
63	112	7.0909
64	112	7.17
66	112	6.9751
81	112	3.7949
82	112	3.9229
83	112	3.9145
84	112	3.9423
85	112	4.6141
87	112	4.0359
1	113	5.955
2	113	5.975
14	113	7.152
15	113	7.3033
60	113	7.161
61	113	7.0836
63	113	6.9584
64	113	7.0382
66	113	6.8407
81	113	3.7398
82	113	3.8659
83	113	3.8538
84	113	3.8809
85	113	4.4741
87	113	3.9699
3	114	5.8728
4	114	5.7887
7	114	7.7941
8	114	7.8853
9	114	7.8899
10	114	6.0506
14	114	8.2382
15	114	8.4772
49	114	8.0871
51	114	8.1278
53	114	3.9719
60	114	8.1597
61	114	8.0856
63	114	7.9407
64	114	8.0476
66	114	7.8342
78	114	4.5176
80	114	4.7585
85	114	5.3641
86	114	2.5065
88	114	2.4488
110	114	-0.75481
111	114	-1.275
112	114	-1.9341
113	114	-2.1633
14	115	7.7151
15	115	8.002
60	115	5.4964
61	115	5.6234
63	115	5.9721
64	115	5.956
66	115	6.2393
85	115	4.6229
13	116	6.5148
14	116	6.3342
15	116	6.3891
60	116	6.3619
61	116	6.2658
63	116	6.1726
64	116	6.2265
66	116	6.0737
69	116	9.0713
70	116	9.029
85	116	3.325
93	116	4.5266
97	116	4.5442
13	117	6.4893
14	117	6.1758
15	117	6.2313
60	117	6.1525
61	117	6.0543
63	117	5.9586
64	117	6.0129
66	117	5.858
69	117	8.9892
70	117	8.9453
85	117	3.1042
93	117	4.425
97	117	4.4364
14	118	6.9881
15	118	7.2866
60	118	4.8832
61	118	5.0119
63	118	5.3547
64	118	5.3451
66	118	5.623
85	118	3.9467
13	119	7.4778
14	119	4.8948
15	119	4.8113
60	119	5.09
61	119	5.1088
63	119	5.044
64	119	5.0961
66	119	5.0523
69	119	5.5909
70	119	5.593
85	119	2.3166
93	119	3.8698
97	119	4.0557
13	120	6.3754
14	120	5.9064
15	120	5.967
60	120	5.8573
61	120	5.7575
63	120	5.657
64	120	5.7146
66	120	5.5559
69	120	8.8157
70	120	8.7689
85	120	2.7858
93	120	4.2386
97	120	4.246
13	121	7.3633
14	121	5.7481
15	121	5.6443
60	121	5.7804
61	121	5.797
63	121	5.7402
64	121	5.7823
66	121	5.7466
69	121	5.4963
70	121	5.499
85	121	3.1782
93	121	3.7934
97	121	3.979
14	122	6.6747
15	122	6.6812
19	122	7.8987
27	122	8.2259
28	122	8.4674
54	122	5.0019
55	122	4.8428
56	122	4.4217
57	122	4.0576
58	122	4.0902
59	122	4.1203
60	122	6.6669
61	122	6.6124
63	122	6.5173
64	122	6.5907
66	122	6.4907
85	122	3.3875
90	122	3.9597
91	122	4.0274
92	122	4.2963
96	122	3.9298
101	122	2.7923
116	122	-2.0688
117	122	-2.0484
119	122	-2.0239
120	122	-2.1797
121	122	-1.5438
14	123	6.6452
15	123	6.6506
19	123	7.7021
27	123	8.0248
28	123	8.2645
54	123	4.822
55	123	4.6621
56	123	4.2409
57	123	3.8763
58	123	3.9078
59	123	3.9364
60	123	6.5075
61	123	6.4495
63	123	6.3463
64	123	6.4236
66	123	6.3166
85	123	3.242
90	123	3.6434
91	123	3.7074
92	123	3.9763
96	123	3.606
101	123	2.6995
116	123	-1.6846
117	123	-2.0368
119	123	-1.7591
120	123	-2.2235
121	123	-1.3971
14	124	6.6214
15	124	6.6288
19	124	7.6309
27	124	7.9542
28	124	8.1948
54	124	4.7831
55	124	4.6234
56	124	4.2043
57	124	3.8411
58	124	3.8721
59	124	3.8999
60	124	6.475
61	124	6.4173
63	124	6.3129
64	124	6.3916
66	124	6.2848
85	124	3.2524
90	124	3.5891
91	124	3.6513
92	124	3.9192
96	124	3.554
101	124	2.7169
116	124	-0.7397
117	124	-1.1275
119	124	-1.6305
120	124	-1.5582
121	124	-1.272
14	125	9.1209
15	125	9.0607
36	125	8.6724
38	125	9.1797
42	125	8.8011
43	125	9.7482
44	125	10.1268
60	125	8.1929
61	125	8.1114
63	125	8.0765
64	125	8.2795
66	125	8.0783
76	125	8.7148
77	125	8.7734
79	125	8.9928
85	125	4.5622
102	125	3.5539
14	126	8.3655
15	126	8.7101
60	126	6.4403
61	126	6.5805
63	126	6.9278
64	126	6.9397
66	126	7.2178
85	126	4.9456
14	127	9.068
15	127	9.0109
36	127	8.5284
38	127	9.0353
42	127	8.6554
43	127	9.6046
44	127	9.9838
60	127	8.1565
61	127	8.075
63	127	8.0394
64	127	8.2439
66	127	8.0417
76	127	8.5706
77	127	8.6284
79	127	8.8463
85	127	4.5232
102	127	3.4135
1	128	8.4989
2	128	8.4901
3	128	7.2525
4	128	7.3412
5	128	8.6057
6	128	8.899
7	128	9.9219
8	128	10.0754
9	128	10.0777
10	128	7.3573
11	128	7.9147
12	128	7.7597
13	128	9.322
16	128	7.523
17	128	6.8906
18	128	8.0502
19	128	10.39
20	128	10.1282
21	128	9.9746
22	128	7.9086
23	128	7.1273
24	128	7.2273
25	128	6.9089
26	128	6.8913
27	128	10.6705
28	128	10.5494
29	128	10.2577
30	128	10.0967
31	128	10.006
32	128	7.2287
33	128	7.2002
34	128	7.139
35	128	11.5998
36	128	11.4131
37	128	11.2275
38	128	11.5783
39	128	10.5931
40	128	10.5733
41	128	11.2607
42	128	11.899
43	128	11.5537
44	128	11.4964
45	128	6.5879
46	128	6.8058
47	128	6.7169
48	128	6.5936
49	128	7.6611
50	128	6.6819
51	128	7.6838
52	128	6.3476
53	128	5.5926
54	128	6.4956
55	128	6.3953
56	128	6.2014
57	128	6.1048
58	128	6.0885
59	128	6.1288
62	128	7.6446
65	128	7.5635
67	128	7.4146
68	128	8.115
69	128	7.1641
70	128	7.1091
71	128	9.2925
72	128	5.0374
73	128	8.9691
74	128	8.9222
75	128	9.061
76	128	9.2025
77	128	9.1516
78	128	5.9091
79	128	9.0079
80	128	6.2339
81	128	5.0806
82	128	4.9351
83	128	4.9413
84	128	4.8722
86	128	4.1775
87	128	4.8212
88	128	4.2318
89	128	5.79
90	128	7.5731
91	128	7.4338
92	128	7.2492
93	128	5.3819
94	128	6.4377
95	128	7.7586
96	128	7.6618
97	128	5.4518
98	128	7.1202
99	128	7.4896
100	128	7.5495
101	128	4.5386
102	128	7.5489
103	128	5.5193
104	128	5.5805
105	128	2.6985
106	128	3.7756
107	128	3.9113
108	128	3.9105
109	128	3.5464
110	128	1.0077
111	128	0.82175
112	128	1.1624
113	128	1.1615
114	128	1.705
115	128	4.678
116	128	1.9694
117	128	2.0863
118	128	6.0149
119	128	4.95
120	128	2.1544
121	128	4.3512
122	128	2.6375
123	128	2.4662
124	128	2.1774
125	128	-0.74283
126	128	-2.3814
127	128	-0.84955
5	129	9.6225
6	129	9.6852
14	129	11.5382
15	129	11.2179
16	129	8.8303
22	129	8.9886
60	129	10.7096
61	129	10.5686
63	129	10.6808
64	129	10.4618
66	129	10.5643
85	129	7.7967
106	129	3.4555
107	129	3.5284
108	129	3.4834
109	129	3.1999
128	129	-2.4643
1	130	8.5096
2	130	8.4995
3	130	7.2671
4	130	7.3559
5	130	8.6387
6	130	8.9262
7	130	10.0757
8	130	10.2261
9	130	10.2292
10	130	7.3714
11	130	7.3349
12	130	7.1838
13	130	9.2982
16	130	7.5033
17	130	6.8851
18	130	8.2152
19	130	10.4945
20	130	10.1358
21	130	9.9807
22	130	7.883
23	130	7.1273
24	130	7.2257
25	130	6.9035
26	130	6.8842
27	130	10.7723
28	130	10.6519
29	130	10.2643
30	130	10.1024
31	130	10.0089
32	130	7.2286
33	130	7.1992
34	130	7.1334
35	130	12.2712
36	130	11.476
37	130	12.0355
38	130	11.6403
39	130	10.5967
40	130	10.5752
41	130	12.0735
42	130	11.9611
43	130	11.6168
44	130	11.5584
45	130	6.3607
46	130	6.513
47	130	6.4497
48	130	6.3512
49	130	7.7862
50	130	6.3973
51	130	7.8075
52	130	6.1227
53	130	5.6056
54	130	6.4407
55	130	6.3368
56	130	6.1441
57	130	6.0393
58	130	6.0218
59	130	6.058
62	130	7.7339
65	130	7.6508
67	130	7.5012
68	130	8.1929
69	130	7.1386
70	130	7.0844
71	130	10.2616
72	130	4.4206
73	130	9.9207
74	130	9.8661
75	130	10.0177
76	130	9.2427
77	130	9.1921
78	130	6.1264
79	130	9.0478
80	130	6.4401
81	130	5.1318
82	130	4.9856
83	130	4.9911
84	130	4.9214
86	130	4.2216
87	130	4.8688
88	130	4.273
89	130	5.8458
90	130	7.726
91	130	7.5851
92	130	7.3997
93	130	5.3999
94	130	6.4693
95	130	8.785
96	130	7.8145
97	130	5.4714
98	130	7.1253
99	130	8.6097
100	130	8.6095
101	130	4.509
102	130	7.6666
103	130	5.5786
104	130	5.6337
105	130	2.7939
106	130	3.5875
107	130	3.7267
108	130	3.7275
109	130	3.3531
110	130	1.0323
111	130	0.84221
112	130	1.1691
113	130	1.1633
114	130	1.7302
115	130	4.3419
116	130	1.8782
117	130	1.9872
118	130	5.5396
119	130	5.1062
120	130	2.0478
121	130	4.5096
122	130	2.6007
123	130	2.4176
124	130	2.1102
125	130	-0.71962
126	130	-2.0878
127	130	-0.84618
129	130	0.18028
1	131	8.431
2	131	8.4235
3	131	7.2382
4	131	7.3275
5	131	8.3575
6	131	8.6547
7	131	9.7397
8	131	9.8954
9	131	9.8966
10	131	7.3436
11	131	7.6863
12	131	7.5304
13	131	9.2145
16	131	7.3374
17	131	6.8524
18	131	7.6146
19	131	10.1402
20	131	10.1066
21	131	9.9565
22	131	7.7262
23	131	7.084
24	131	7.1854
25	131	6.8715
26	131	6.8555
27	131	10.4222
28	131	10.3023
29	131	10.2368
30	131	10.0777
31	131	9.9909
32	131	7.185
33	131	7.1579
34	131	7.1012
35	131	11.067
36	131	11.1856
37	131	10.6824
38	131	11.3499
39	131	10.5725
40	131	10.5548
41	131	10.7158
42	131	11.6675
43	131	11.327
44	131	11.2718
45	131	6.4327
46	131	6.6475
47	131	6.5598
48	131	6.4376
49	131	7.5197
50	131	6.5241
51	131	7.5436
52	131	6.1925
53	131	5.6156
54	131	6.4955
55	131	6.3971
56	131	6.2044
57	131	6.1112
58	131	6.0958
59	131	6.1374
62	131	7.2765
65	131	7.1944
67	131	7.0438
68	131	7.7528
69	131	7.0767
70	131	7.0218
71	131	8.8198
72	131	4.8698
73	131	8.5046
74	131	8.4611
75	131	8.5945
76	131	9.0263
77	131	8.9766
78	131	5.7239
79	131	8.8375
80	131	6.0558
81	131	5.0257
82	131	4.882
83	131	4.8896
84	131	4.8214
86	131	4.1889
87	131	4.7738
88	131	4.247
89	131	5.4182
90	131	7.3337
91	131	7.1979
92	131	7.0165
93	131	5.2903
94	131	6.0792
95	131	7.2231
96	131	7.4242
97	131	5.3605
98	131	6.7767
99	131	6.9614
100	131	7.0145
101	131	4.5386
102	131	7.3429
103	131	5.5343
104	131	5.5976
105	131	2.6523
106	131	3.6156
107	131	3.7509
108	131	3.749
109	131	3.3857
110	131	1.0891
111	131	0.90581
112	131	1.2494
113	131	1.249
114	131	1.7503
115	131	4.4184
116	131	2.0562
117	131	2.1702
118	131	5.7534
119	131	4.8436
120	131	2.2402
121	131	4.2647
122	131	2.6807
123	131	2.4996
124	131	2.2301
125	131	-0.53569
126	131	-1.9899
127	131	-0.62194
129	131	-1.8812
5	132	9.5852
6	132	9.648
14	132	10.9882
15	132	10.718
16	132	8.7409
22	132	8.8974
60	132	10.247
61	132	10.1069
63	132	10.2189
64	132	10.0011
66	132	10.1034
85	132	7.319
106	132	3.3742
107	132	3.4486
108	132	3.4007
109	132	3.12
128	132	-1.7707
130	132	1.2054
131	132	-1.1828
11	133	9.7306
12	133	10.1517
14	133	11.3386
15	133	12.1361
17	133	7.7075
23	133	7.7344
24	133	7.8086
25	133	7.7308
26	133	7.7423
32	133	7.7418
33	133	7.7706
34	133	7.867
45	133	10.2009
46	133	9.8598
47	133	9.9661
48	133	10.0939
50	133	9.8533
52	133	10.0713
60	133	11.7769
61	133	11.8072
63	133	11.5588
64	133	11.7835
66	133	11.5099
72	133	7.3277
85	133	9.6381
105	133	3.0832
128	133	-2.0751
129	133	-1.9657
130	133	-1.9794
131	133	-1.7813
132	133	-1.6012
5	134	8.8541
6	134	8.813
14	134	10.3666
15	134	10.7614
16	134	11.0424
22	134	10.9919
60	134	10.6374
61	134	10.7074
63	134	10.5239
64	134	10.6115
66	134	10.5613
85	134	8.0769
106	134	3.5624
107	134	3.8459
108	134	3.8691
109	134	4.035
128	134	-1.6841
130	134	-1.5888
131	134	-1.8638
133	134	-1.8601
3	135	7.6261
4	135	7.5515
7	135	9.7238
8	135	9.8096
9	135	9.8193
10	135	7.8068
14	135	9.6236
15	135	9.8673
49	135	9.8068
51	135	9.8429
53	135	6.0229
60	135	9.5187
61	135	9.4494
63	135	9.3142
64	135	9.4157
66	135	9.2145
78	135	6.5945
80	135	6.8187
85	135	7.0943
86	135	4.671
88	135	4.6902
110	135	2.8649
111	135	2.6274
112	135	2.6947
113	135	2.5215
128	135	-1.5529
130	135	-1.6119
131	135	-1.7268
14	136	7.4531
15	136	7.1487
36	136	10.1704
38	136	10.294
42	136	10.7131
43	136	10.3036
44	136	10.2636
60	136	6.359
61	136	6.3222
63	136	6.3061
64	136	6.2926
66	136	6.3288
76	136	7.7255
77	136	7.7597
79	136	7.8086
85	136	3.5135
102	136	6.4946
128	136	-2.0386
130	136	-1.2748
131	136	-1.2521
11	137	9.6646
12	137	10.0813
14	137	11.1069
15	137	11.921
17	137	7.6141
23	137	7.6367
24	137	7.711
25	137	7.6362
26	137	7.6487
32	137	7.6437
33	137	7.6724
34	137	7.7705
45	137	10.1434
46	137	9.807
47	137	9.9123
48	137	10.0382
50	137	9.8013
52	137	10.0158
60	137	11.6262
61	137	11.6601
63	137	11.4124
64	137	11.6397
66	137	11.3668
72	137	7.2989
85	137	9.5099
105	137	2.882
128	137	-2.0744
129	137	-2.5683
130	137	-2.0748
131	137	-1.5031
132	137	-2.5438
134	137	-2.1335
5	138	8.5843
6	138	8.5416
14	138	10.2667
15	138	10.6629
16	138	10.6955
22	138	10.64
60	138	10.5431
61	138	10.6131
63	138	10.4293
64	138	10.5172
66	138	10.4666
85	138	7.9842
106	138	3.2963
107	138	3.5902
108	138	3.6039
109	138	3.7709
128	138	-1.6748
130	138	-1.5026
131	138	-1.8017
133	138	-1.4181
137	138	-1.8542
3	139	7.3854
4	139	7.3103
7	139	9.698
8	139	9.7825
9	139	9.7933
10	139	7.5644
14	139	9.487
15	139	9.7331
49	139	9.7797
51	139	9.8158
53	139	5.7506
60	139	9.4261
61	139	9.358
63	139	9.2208
64	139	9.3257
66	139	9.1224
78	139	6.6041
80	139	6.826
85	139	6.9983
86	139	4.4013
88	139	4.4173
110	139	2.5387
111	139	2.3059
112	139	2.3665
113	139	2.1975
128	139	-1.8324
130	139	-1.8178
131	139	-1.5652
3	140	7.6701
4	140	7.5945
7	140	9.4833
8	140	9.5682
9	140	9.5798
10	140	7.8545
14	140	9.6338
15	140	9.876
49	140	9.4659
51	140	9.5007
53	140	5.9987
60	140	9.4517
61	140	9.3803
63	140	9.242
64	140	9.344
66	140	9.1406
78	140	6.3039
80	140	6.5264
85	140	7.0535
86	140	4.7439
88	140	4.7665
110	140	3.1334
111	140	2.8926
112	140	2.9851
113	140	2.8087
128	140	-1.4832
130	140	-1.4155
131	140	-1.7414
11	141	9.6058
12	141	10.0246
14	141	11.0403
15	141	11.8459
17	141	7.5599
23	141	7.5924
24	141	7.6652
25	141	7.5823
26	141	7.5922
32	141	7.6006
33	141	7.6279
34	141	7.7194
45	141	10.0501
46	141	9.7158
47	141	9.8197
48	141	9.9451
50	141	9.7091
52	141	9.9216
60	141	11.5218
61	141	11.5533
63	141	11.3047
64	141	11.5306
66	141	11.257
72	141	7.2206
85	141	9.3914
105	141	2.9603
128	141	-2.1331
129	141	-2.2739
130	141	-1.8236
131	141	-1.5656
132	141	-2.0544
134	141	-2.5385
138	141	-2.3876
1	142	6.9161
2	142	6.9276
14	142	8.1992
15	142	8.3507
60	142	8.0304
61	142	7.9569
63	142	7.842
64	142	7.915
66	142	7.7322
81	142	4.5577
82	142	4.5941
83	142	4.5701
84	142	4.5513
85	142	5.8198
87	142	4.6292
114	142	2.1189
128	142	-1.1758
130	142	-1.2567
131	142	-1.3128
135	142	-2.026
139	142	-2.2903
140	142	-1.9731
14	143	8.6091
15	143	8.6002
19	143	9.9733
27	143	10.3024
28	143	10.5337
54	143	6.8533
55	143	6.6895
56	143	6.2685
57	143	5.9002
58	143	5.9253
59	143	5.9447
60	143	8.3101
61	143	8.2558
63	143	8.1623
64	143	8.2325
66	143	8.1418
85	143	5.4838
90	143	6.0879
91	143	6.1203
92	143	6.3599
96	143	6.0668
101	143	5.0267
116	143	2.4644
117	143	2.2677
119	143	2.8299
120	143	2.1618
121	143	2.8494
128	143	-1.7755
130	143	-1.8428
131	143	-1.453
1	144	8.0974
2	144	8.1746
14	144	10.4858
15	144	10.9256
60	144	10.3846
61	144	10.3373
63	144	10.1988
64	144	10.32
66	144	10.1088
81	144	5.1558
82	144	4.9915
83	144	5.0365
84	144	4.9161
85	144	8.6218
87	144	4.9879
114	144	1.4154
128	144	-2.002
130	144	-1.7635
131	144	-1.5201
135	144	-2.2326
139	144	-2.1435
140	144	-1.8477
1	145	8.0776
2	145	8.1552
14	145	10.5283
15	145	10.9658
60	145	10.3902
61	145	10.3415
63	145	10.2013
64	145	10.3228
66	145	10.1099
81	145	5.1504
82	145	4.9822
83	145	5.0286
84	145	4.9063
85	145	8.6226
87	145	4.9809
114	145	1.4662
128	145	-2.0817
130	145	-1.8418
131	145	-1.7028
135	145	-2.2972
139	145	-2.2429
140	145	-1.8948
1	146	8.0624
2	146	8.1406
14	146	10.5356
15	146	10.9714
60	146	10.3646
61	146	10.3145
63	146	10.1724
64	146	10.2945
66	146	10.0798
81	146	5.153
82	146	4.9819
83	146	5.0296
84	146	4.9061
85	146	8.5903
87	146	4.9837
114	146	1.5316
128	146	-2.0363
130	146	-1.7847
131	146	-1.762
135	146	-2.2772
139	146	-2.2735
140	146	-1.9172
1	147	7.9747
2	147	8.0528
14	147	10.5234
15	147	10.9576
60	147	10.3207
61	147	10.2692
63	147	10.1251
64	147	10.2479
66	147	10.0313
81	147	5.0762
82	147	4.8997
83	147	4.9486
84	147	4.8225
85	147	8.5394
87	147	4.9026
114	147	1.5186
128	147	-1.9808
130	147	-1.7226
131	147	-1.7019
135	147	-2.2363
139	147	-2.1308
140	147	-1.7196
14	148	8.588
15	148	8.5791
19	148	9.8289
27	148	10.1565
28	148	10.3873
54	148	7.0012
55	148	6.8364
56	148	6.415
57	148	6.0455
58	148	6.0694
59	148	6.087
60	148	8.2279
61	148	8.1726
63	148	8.0799
64	148	8.1479
66	148	8.0591
85	148	5.4334
90	148	5.9132
91	148	5.9441
92	148	6.1836
96	148	5.8907
101	148	5.2434
116	148	2.87
117	148	2.6734
119	148	2.6254
120	148	2.5752
121	148	2.6433
128	148	-1.8624
130	148	-1.8355
131	148	-1.4979
14	149	8.5873
15	149	8.3076
20	149	6.818
21	149	6.676
29	149	6.93
30	149	6.8176
31	149	6.8153
35	149	9.0117
37	149	9.472
39	149	7.6076
40	149	7.611
41	149	9.6168
60	149	7.6959
61	149	7.6401
63	149	7.6473
64	149	7.775
66	149	7.6567
71	149	8.0282
73	149	8.2264
74	149	8.3155
75	149	8.2021
85	149	4.3346
95	149	4.3605
99	149	4.3296
100	149	4.5847
103	149	3.4052
104	149	3.6187
125	149	-1.0253
127	149	-0.79767
128	149	-1.7805
130	149	-1.4447
131	149	-1.1924
136	149	-2.0266
14	150	8.717
15	150	8.4322
20	150	6.6571
21	150	6.515
29	150	6.7684
30	150	6.6562
31	150	6.6528
35	150	9.1005
37	150	9.5536
39	150	7.4428
40	150	7.4452
41	150	9.6962
60	150	7.7711
61	150	7.7139
63	150	7.7206
64	150	7.848
66	150	7.7291
71	150	8.0626
73	150	8.2559
74	150	8.3446
75	150	8.2308
85	150	4.4257
95	150	4.4114
99	150	4.3812
100	150	4.63
103	150	3.2742
104	150	3.4873
125	150	-1.0389
127	150	-0.81438
128	150	-1.9297
130	150	-1.5713
131	150	-1.3671
136	150	-2.1377
14	151	8.5678
15	151	8.5589
19	151	9.6411
27	151	9.9673
28	151	10.1979
54	151	7.1019
55	151	6.9365
56	151	6.5156
57	151	6.1457
58	151	6.1689
59	151	6.1852
60	151	8.1505
61	151	8.0943
63	151	7.9997
64	151	8.0683
66	151	7.9788
85	151	5.386
90	151	5.6957
91	151	5.7258
92	151	5.9656
96	151	5.6718
101	151	5.4001
116	151	3.1822
117	151	2.9896
119	151	2.3773
120	151	2.9031
121	151	2.393
128	151	-1.7845
130	151	-1.7462
131	151	-1.4665
13	152	8.9611
14	152	8.2185
15	152	8.0722
60	152	7.8845
61	152	7.8948
63	152	7.8566
64	152	7.8759
66	152	7.8598
69	152	7.2301
70	152	7.238
85	152	5.8002
93	152	5.6751
97	152	5.8515
122	152	2.5813
123	152	2.4472
124	152	2.3478
128	152	-1.5574
130	152	-1.7685
131	152	-1.0477
143	152	-1.767
148	152	-1.8885
151	152	-1.67
13	153	8.9997
14	153	8.2875
15	153	8.1408
60	153	7.9116
61	153	7.9203
63	153	7.8805
64	153	7.9002
66	153	7.8824
69	153	7.2449
70	153	7.2535
85	153	5.8343
93	153	5.7271
97	153	5.9039
122	153	2.7055
123	153	2.5589
124	153	2.4624
128	153	-1.6742
130	153	-1.8478
131	153	-1.1782
143	153	-1.6203
148	153	-1.7935
151	153	-1.6516
13	154	6.9172
14	154	7.616
15	154	7.6723
60	154	7.323
61	154	7.2278
63	154	7.1408
64	154	7.1901
66	154	7.0567
69	154	8.6569
70	154	8.5984
85	154	4.8257
93	154	4.5886
97	154	4.6073
122	154	1.3367
123	154	1.798
124	154	1.7374
128	154	-1.6355
130	154	-1.3531
131	154	-1.518
143	154	-1.7679
148	154	-1.9913
151	154	-2.1099
offset
60
