140
detection	body_part	cost
1	11	0.97284
2	3	-1.0034
3	11	9.2102
4	3	-1.925
5	2	1.2002
6	2	0.34696
7	11	9.2102
8	11	9.2102
9	3	0.67545
10	3	-3.489
11	9	0.055754
12	3	-1.0733
13	2	-0.63422
14	2	-4.3032
15	1	-4.1675
16	1	-5.386
17	9	-1.914
18	4	0.14882
19	6	-1.9892
20	4	-0.0076135
21	6	0.37466
22	4	-1.3647
23	6	-2.5415
24	8	0.42033
25	8	-2.8674
26	8	1.1872
27	12	0.012212
28	10	0.99101
29	8	-3.5876
30	11	0.85439
31	6	0.57042
32	7	0.92035
33	12	-2.6438
34	10	-4.2784
35	11	-0.17545
36	5	-0.76328
37	7	-0.16483
38	8	-0.058469
39	12	-0.0042231
40	5	-3.2356
41	5	-1.1607
42	8	0.17852
43	7	-1.5424
44	7	0.79076
45	10	1.0316
46	11	0.78674
47	11	0.45943
48	5	-0.68641
49	8	-0.041366
50	13	-1.7591
51	13	-0.93923
52	13	0.42741
53	8	0.51014
54	13	1.1028
55	7	-1.469
56	7	-2.4108
57	13	-0.38295
58	14	0.46648
59	14	0.57924
60	13	-0.15574
61	14	-0.043156
62	13	0.31334
63	14	0.85043
64	14	0.84416
65	6	-2.8298
66	6	-1.3472
67	6	-2.1545
68	6	-1.4312
69	2	-3.1233
70	12	-0.73515
71	12	-1.4817
72	12	-0.41483
73	12	-0.84886
74	12	-1.8864
75	1	-4.8797
76	11	9.2102
77	9	0.027134
78	3	1.1201
79	3	-0.070139
80	9	-1.4849
81	9	-2.7224
82	3	-3.5131
83	3	-1.1669
84	9	-1.0161
85	4	0.25238
86	4	-1.1717
87	4	0.16515
88	3	-3.9358
89	4	-4.1319
90	4	-3.6138
91	11	0.9149
92	11	0.78046
93	2	1.1164
94	1	-1.1823
95	3	0.32019
96	4	-4.7249
97	9	0.19213
98	9	0.079999
99	4	-0.11415
100	11	0.88773
101	11	0.42264
102	6	-0.098295
103	1	-4.5986
104	9	-2.775
105	9	0.35631
106	10	-0.75789
107	4	-0.6225
108	10	0.51425
109	5	-0.57403
110	11	0.85025
111	2	-4.2165
112	11	9.2102
113	6	-2.2243
114	1	-1.5752
115	7	0.35923
116	9	-2.6036
117	12	-0.43375
118	10	0.411
119	10	-0.99138
120	10	0.32733
121	5	-0.33956
122	6	-1.0943
123	5	0.28723
124	7	-2.0137
125	12	-2.1619
126	10	-0.090518
127	13	-0.45991
128	13	-0.53683
129	14	0.091015
130	5	0.60369
131	11	0.89513
132	5	-3.3536
133	7	0.046099
134	8	0.18963
135	12	0.43278
136	13	1.206
137	14	-0.34833
138	5	-1.7703
139	8	-0.7924
140	8	0.55838
detection1	detection2	cost
1	3	45.8033
2	4	-4.8231
5	6	-3.7143
1	7	46.3717
3	7	-5.6071
1	8	44.5794
3	8	-4.8231
7	8	-5.6071
2	9	-2.1462
4	9	-4.8231
2	10	-3.7143
4	10	-4.8231
9	10	-3.7143
2	12	-1.5143
4	12	-2.1462
9	12	-1.5143
10	12	-4.8231
5	13	-3.7143
6	13	-2.1462
5	14	-2.1462
6	14	-3.7143
13	14	-3.7143
15	16	-5.6071
11	17	-3.2674
18	20	-5.6071
19	21	-3.7143
18	22	-4.8231
20	22	-5.6071
19	23	-5.6071
21	23	-3.2674
24	25	-3.7143
24	26	0.071429
25	26	-3.7143
24	29	-3.2674
25	29	-5.6071
26	29	-3.2674
1	30	26.624
3	30	63.7781
7	30	63.4506
8	30	61.5828
19	31	-1.5143
21	31	-1.5143
23	31	-3.2674
27	33	-3.7143
28	34	-3.2674
1	35	27.2482
3	35	62.3051
7	35	61.9191
8	35	60.062
30	35	-4.8231
32	37	2.1517
24	38	0.53071
25	38	-1.5143
26	38	-1.5143
29	38	-3.2674
27	39	-0.67521
33	39	-3.2674
36	40	-3.2674
36	41	-5.6071
40	41	-3.7143
24	42	0.96511
25	42	3.2076
26	42	6.1496
29	42	1.9643
38	42	2.1517
32	43	-0.67521
37	43	-3.2674
32	44	4.4715
37	44	-4.8231
43	44	-1.8214
28	45	0.96511
34	45	-0.67521
1	46	29.785
3	46	61.401
7	46	60.9052
8	46	59.0737
30	46	-0.67521
35	46	-3.2674
1	47	30.593
3	47	63.223
7	47	62.74
8	47	60.9052
30	47	-1.5143
35	47	-3.7143
46	47	-5.6071
36	48	-3.7143
40	48	-3.2674
41	48	-5.6071
24	49	2.6933
25	49	4.6202
26	49	7.2837
29	49	3.2076
38	49	2.6933
42	49	-5.6071
50	51	-5.6071
50	52	-3.7143
51	52	-5.6071
24	53	4.4715
25	53	6.1496
26	53	8.5614
29	53	4.6202
38	53	3.5372
42	53	-3.7143
49	53	-5.6071
50	54	-1.5143
51	54	0.30445
52	54	2.1517
32	55	3.5372
37	55	0.96511
43	55	-1.8214
44	55	0.53071
32	56	4.6202
37	56	0.30445
43	56	-1.5143
44	56	-0.67521
55	56	-5.6071
50	57	-3.2674
51	57	-2.1462
52	57	-0.67521
54	57	-3.2674
58	59	-5.6071
50	60	6.9156
51	60	8.6726
52	60	10.4572
54	60	0.96511
57	60	4.0138
58	61	-5.6071
59	61	-4.8231
50	62	9.4302
51	62	11.1425
52	62	12.8867
54	62	3.5372
57	62	6.2802
60	62	-4.8231
58	63	-3.2674
59	63	-2.1462
61	63	-4.8231
58	64	-1.5143
59	64	-0.67521
61	64	-3.2674
63	64	-5.6071
19	65	20.6393
21	65	19.6016
23	65	18.8644
31	65	14.6553
19	66	21.885
21	66	21.1441
23	66	20.0604
31	66	15.9133
65	66	-4.8231
19	67	22.4287
21	67	21.4551
23	67	20.6393
31	67	16.443
65	67	-5.6071
66	67	-5.6071
19	68	23.08
21	68	21.885
23	68	21.3311
31	68	17.1071
65	68	-4.8231
66	68	-3.7143
67	68	-5.6071
5	69	30.4044
6	69	30.4044
13	69	26.624
14	69	26.624
27	70	21.885
33	70	18.2456
39	70	17.8953
27	71	23.08
33	71	19.6016
39	71	19.7992
70	71	-3.7143
27	72	23.8324
33	72	20.4477
39	72	20.8929
70	72	-1.8214
71	72	-5.6071
27	73	23.7178
33	73	20.0604
39	73	19.6016
70	73	-5.6071
71	73	-3.2674
72	73	-1.5143
27	74	24.8452
33	74	21.3311
39	74	21.3932
70	74	-3.2674
71	74	-5.6071
72	74	-4.8231
73	74	-3.7143
15	75	30.546
16	75	30.4044
1	76	59.4226
3	76	39.9726
7	76	38.243
8	76	37.4927
30	76	51.9068
35	76	49.3173
46	76	45.8369
47	76	47.5232
11	77	40.7586
17	77	36.6892
2	78	45.5338
4	78	43.7472
9	78	42.0408
10	78	41.7507
12	78	39.8214
2	79	45.635
4	79	43.9217
9	79	42.2933
10	79	41.8597
12	79	39.8593
78	79	-5.6071
11	80	43.0077
17	80	38.904
77	80	-4.8231
11	81	44.4761
17	81	40.4233
77	81	-3.7143
80	81	-4.8231
2	82	49.5689
4	82	47.9126
9	82	46.3384
10	82	45.8033
12	82	43.7472
78	82	-2.1462
79	82	-3.2674
2	83	51.3006
4	83	49.5689
9	83	47.9126
10	83	47.5232
12	83	45.5338
78	83	-1.5143
79	83	-1.8214
82	83	-4.8231
11	84	48.2028
17	84	44.1649
77	84	0.071429
80	84	-1.5143
81	84	-3.7143
18	85	43.6422
20	85	41.7507
22	85	41.8597
18	86	46.9998
20	86	45.2289
22	86	44.5794
85	86	13.3214
18	87	47.6858
20	87	45.9376
22	87	45.2289
85	87	15.2143
86	87	-5.6071
2	88	55.4215
4	88	53.337
9	88	51.3006
10	88	51.665
12	88	50.069
78	88	5.8845
79	88	7.2837
82	88	6.9156
83	88	4.4715
18	89	45.5
20	89	43.6071
22	89	43.6422
85	89	-4.8231
86	89	11.523
87	89	13.4073
18	90	48.1706
20	90	46.3717
22	90	45.8033
85	90	11.523
86	90	-4.8231
87	90	-3.2674
89	90	9.5357
1	91	68.3089
3	91	74.2443
7	91	72.8517
8	91	71.5707
30	91	42.1852
35	91	39.8214
46	91	35.6638
47	91	36.2
76	91	32.295
1	92	68.8035
3	92	78.1609
7	92	76.8331
8	92	75.484
30	92	40.7586
35	92	38.5552
46	92	34.5282
47	92	34.8256
76	92	37.4927
91	92	-1.8214
5	93	53.0714
6	93	53.1896
13	93	49.2857
14	93	49.4118
69	93	15.293
15	94	49.7883
16	94	50.069
75	94	14.5743
2	95	57.1072
4	95	55.0789
9	95	53.101
10	95	53.337
12	95	51.665
78	95	6.1496
79	95	7.2837
82	95	6.1496
83	95	3.5372
88	95	-4.8231
18	96	47.4255
20	96	45.5338
22	96	45.635
85	96	-3.7143
86	96	13.6628
87	96	15.5276
89	96	-4.8231
90	96	11.523
11	97	55.9601
17	97	52.9826
77	97	23.8324
80	97	24.8452
81	97	22.4287
84	97	21.4551
11	98	54.5037
17	98	51.2701
77	98	18.7964
80	98	19.6016
81	98	17.1071
84	98	15.9133
97	98	-1.8214
18	99	51.9068
20	99	50.1623
22	99	49.4432
85	99	17.3966
86	99	-2.1462
87	99	-3.2674
89	99	15.293
90	99	-1.5143
96	99	17.1071
1	100	70.1302
3	100	72.0225
7	100	70.5445
8	100	69.3649
30	100	45.9376
35	100	43.4667
46	100	39.2501
47	100	39.9726
76	100	28.2144
91	100	-1.5143
92	100	4.0138
1	101	70.1071
3	101	73.2077
7	101	71.7517
8	101	70.5445
30	101	45.2289
35	101	42.7945
46	101	38.5941
47	101	39.2501
76	101	29.833
91	101	-3.2674
92	101	2.1517
100	101	-5.6071
19	102	47.9126
21	102	48.5554
23	102	46.0381
31	102	42.6161
65	102	25.6115
66	102	23.0214
67	102	24.0034
68	102	25.0659
15	103	51.4527
16	103	51.665
75	103	15.3715
94	103	-4.8231
11	104	56.7736
17	104	53.6015
77	104	21.3932
80	104	22.1279
81	104	19.6016
84	104	18.2456
97	104	-3.2674
98	104	-4.8231
11	105	55.9884
17	105	52.6559
77	105	18.2456
80	105	18.7964
81	105	16.2174
84	105	14.6553
97	105	0.30445
98	105	-4.8231
104	105	-3.7143
28	106	48.1706
34	106	43.9913
45	106	42.4729
18	107	52.3574
20	107	50.5648
22	107	49.9756
85	107	14.0819
86	107	-1.8214
87	107	-1.5143
89	107	11.8034
90	107	-3.2674
96	107	13.4073
99	107	-3.2674
28	108	47.1311
34	108	43.0077
45	108	41.0177
106	108	-3.7143
36	109	45.8369
40	109	46.0715
41	109	44.1649
48	109	42.5087
1	110	72.0225
3	110	75.8717
7	110	74.4194
8	110	73.2077
30	110	46.3717
35	110	43.9913
46	110	39.8214
47	110	40.3859
76	110	32.4299
91	110	-3.2674
92	110	0.96511
100	110	-3.2674
101	110	-4.8231
5	111	56.885
6	111	56.885
13	111	53.101
14	111	53.101
69	111	19
93	111	-3.2674
1	112	88.6079
3	112	58.75
7	112	56.8571
8	112	56.885
30	112	80.3294
35	112	77.6786
46	112	73.9149
47	112	75.4624
76	112	22.0674
91	112	47.6858
92	112	53.337
100	112	41.8597
101	112	43.7472
110	112	45.5338
19	113	49.5689
21	113	50.069
23	113	47.6858
31	113	44.1649
65	113	26.3605
66	113	23.8324
67	113	24.6786
68	113	25.6115
102	113	-4.8231
15	114	53.1896
16	114	53.337
75	114	16.443
94	114	-2.1462
103	114	-4.8231
32	115	43.7472
37	115	43.4667
43	115	40.7586
44	115	42.1852
55	115	35.2048
56	115	35.6638
11	116	58.6147
17	116	55.4215
77	116	22.4287
80	116	23.0214
81	116	20.4477
84	116	18.8644
97	116	-2.1462
98	116	-3.2674
104	116	-5.6071
105	116	-3.2674
27	117	49.4432
33	117	45.8033
39	117	43.0077
70	117	27.4026
71	117	29.9767
72	117	31.3382
73	117	25.9881
74	117	28.663
28	118	51.2091
34	118	46.9998
45	118	45.8369
106	118	-3.2674
108	118	0.30445
28	119	49.9756
34	119	45.8033
45	119	44.1996
106	119	-5.6071
108	119	-3.2674
118	119	-3.7143
28	120	48.9694
34	120	44.8538
45	120	42.7945
106	120	-3.2674
108	120	-5.6071
118	120	0.071429
119	120	-3.7143
36	121	46.7032
40	121	46.7362
41	121	44.9905
48	121	43.2907
109	121	-4.8231
19	122	51.665
21	122	52.2675
23	122	49.7883
31	122	46.3384
65	122	28.9098
66	122	26.3605
67	122	27.2482
68	122	28.2144
102	122	-3.7143
113	122	-4.8231
36	123	44.1649
40	123	41.8597
41	123	42.2933
48	123	40.4233
109	123	24.9005
121	123	22.8448
32	124	46.0381
37	124	46.3717
43	124	43.4667
44	124	45.2289
55	124	38.0074
56	124	38.5941
115	124	-3.2674
27	125	51.786
33	125	48.1706
39	125	45.2968
70	125	30.0721
71	125	32.6536
72	125	34.0136
73	125	28.663
74	125	31.3382
117	125	-4.8231
28	126	52.3574
34	126	48.1706
45	126	46.7032
106	126	-3.2674
108	126	-0.67521
118	126	-4.8231
119	126	-4.8231
120	126	-1.5143
50	127	47.6858
51	127	48.6831
52	127	49.7257
54	127	43.2907
57	127	43.4667
60	127	36.8106
62	127	34.4002
50	128	49.3173
51	128	50.2864
52	128	51.3006
54	128	44.9905
57	128	45.0928
60	128	38.5941
62	128	36.2
127	128	-5.6071
58	129	43.2907
59	129	44.1649
61	129	41.605
63	129	39.0581
64	129	37.3731
36	130	51.7558
40	130	51.9068
41	130	50.069
48	130	48.3954
109	130	-1.5143
121	130	-2.1462
123	130	26.624
1	131	77.6996
3	131	80.3294
7	131	78.8276
8	131	77.6786
30	131	51.786
35	131	49.4432
46	131	45.2968
47	131	45.8033
76	131	35.6638
91	131	2.1517
92	131	4.6202
100	131	0.96511
101	131	0.30445
110	131	-1.8214
112	131	45.635
36	132	47.6858
40	132	45.5338
41	132	45.8033
48	132	43.9217
109	132	23.7178
121	132	21.4551
123	132	-3.2674
130	132	24.7342
32	133	49.5689
37	133	49.4432
43	133	46.7032
44	133	48.1706
55	133	41.1652
56	133	41.6414
115	133	-1.5143
124	133	-3.2674
24	134	53.8064
25	134	54.5037
26	134	55.4215
29	134	52.6559
38	134	49.4432
42	134	45.8033
49	134	43.9217
53	134	42.0408
27	135	55.4215
33	135	51.786
39	135	48.9694
70	135	33.0089
71	135	35.414
72	135	36.6892
73	135	31.5222
74	135	34.0136
117	135	-1.5143
125	135	-3.7143
50	136	49.2226
51	136	50.069
52	136	50.9645
54	136	45.2289
57	136	44.9905
60	136	39.3267
62	136	37.0526
127	136	-2.1462
128	136	-3.2674
58	137	45.8369
59	137	46.7362
61	137	44.1649
63	137	41.605
64	137	39.9349
129	137	-4.8231
36	138	49.7883
40	138	47.5232
41	138	47.9126
48	138	46.0381
109	138	26.0415
121	138	23.7178
123	138	-1.8214
130	138	26.7811
132	138	-4.8231
24	139	55.9884
25	139	56.7736
26	139	57.7693
29	139	54.9356
38	139	51.786
42	139	47.9126
49	139	46.0381
53	139	44.1649
134	139	-4.8231
24	140	59.7164
25	140	60.4586
26	140	61.401
29	140	58.6147
38	140	55.4215
42	140	51.665
49	140	49.7883
53	140	47.9126
134	140	-1.5143
139	140	-3.7143
1	15	0.43131
2	15	-1.6041
3	15	6.4408
4	15	-1.6605
5	15	-1.5783
6	15	-1.394
7	15	7.2747
8	15	6.6941
9	15	-1.4721
10	15	-1.5689
11	15	-1.482
12	15	-1.6868
13	15	-2.5089
14	15	-2.6937
1	16	0.49492
2	16	-1.9932
3	16	6.7152
4	16	-2.1372
5	16	-1.7215
6	16	-1.6212
7	16	7.4903
8	16	6.9857
9	16	-1.8676
10	16	-1.9699
11	16	-1.4877
12	16	-1.8765
13	16	-2.4758
14	16	-2.5864
15	17	-1.7824
16	17	-1.84
2	18	-0.51517
4	18	-1.3493
9	18	-1.6984
10	18	-0.71287
12	18	0.33156
15	18	-1.3086
16	18	-0.84862
15	19	-1.5977
16	19	-2.2393
2	20	-0.70143
4	20	-1.4084
9	20	-1.6002
10	20	-0.93389
12	20	-0.26076
15	20	-1.2842
16	20	-0.60765
15	21	-2.0604
16	21	-1.7436
2	22	-1.4785
4	22	-1.9608
9	22	-1.314
10	22	-1.9583
12	22	-1.3729
15	22	-1.7722
16	22	-2.1786
15	23	-1.7666
16	23	-2.1787
15	24	-0.23912
16	24	-0.032711
15	25	0.92533
16	25	1.0721
15	26	-0.041568
16	26	0.1033
15	27	-1.4827
16	27	-1.4657
1	28	3.4411
3	28	4.82
7	28	7.0082
8	28	6.9245
11	28	-1.0993
15	28	-1.708
16	28	-1.6906
17	28	-1.4466
15	29	0.99173
16	29	1.1387
15	30	-0.03041
16	30	-0.018019
28	30	-1.0699
15	31	-2.0373
16	31	-2.173
15	32	-2.1297
16	32	-1.9769
19	32	-2.3022
21	32	-2.3238
23	32	-2.3009
24	32	2.1074
25	32	2.1092
26	32	1.465
29	32	2.143
31	32	-0.67457
15	33	-1.3552
16	33	-1.3079
1	34	3.1553
3	34	4.2089
7	34	6.6669
8	34	6.5513
11	34	-1.6939
15	34	-1.4649
16	34	-1.3914
17	34	-1.9298
30	34	-1.5338
15	35	-0.34285
16	35	-0.29872
28	35	-1.3898
34	35	-1.9328
15	36	-1.8053
16	36	-1.6379
18	36	-1.1111
20	36	-0.8952
22	36	-1.464
15	37	1.3531
16	37	1.5157
19	37	-0.082412
21	37	0.41256
23	37	-0.5092
24	37	-1.8401
25	37	-0.96056
26	37	0.2232
29	37	-1.2213
31	37	-0.56378
15	38	1.6348
16	38	1.7599
32	38	1.6609
37	38	3.8931
15	39	-0.68425
16	39	-0.56647
15	40	-1.9974
16	40	-2.0201
18	40	-1.6756
20	40	-1.6984
22	40	-1.949
15	41	-1.9306
16	41	-1.6296
18	41	-1.358
20	41	-1.2171
22	41	-1.7415
15	42	-1.7532
16	42	-1.4255
32	42	-2.4259
37	42	0.64165
15	43	1.2414
16	43	1.4028
19	43	-0.89005
21	43	-0.47695
23	43	-1.3492
24	43	-1.8763
25	43	-1.614
26	43	-0.86811
29	43	-1.3385
31	43	-1.3844
38	43	0.38779
42	43	1.645
15	44	1.5137
16	44	1.671
19	44	-0.15538
21	44	0.36724
23	44	-0.62701
24	44	-1.7405
25	44	-1.1216
26	44	0.096349
29	44	-1.3923
31	44	-0.77349
38	44	-1.2432
42	44	0.51462
1	45	3.7921
3	45	4.4705
7	45	6.8686
8	45	6.7553
11	45	-0.18646
15	45	-0.58051
16	45	-0.53937
17	45	-0.50779
30	45	-1.6283
35	45	-1.4657
15	46	-0.36097
16	46	-0.28495
28	46	-0.83888
34	46	-1.546
45	46	-2.1329
15	47	-0.18045
16	47	-0.11747
28	47	-0.97609
34	47	-1.6051
45	47	-2.1782
15	48	-1.3775
16	48	-1.111
18	48	-1.1395
20	48	-1.0738
22	48	-1.5094
15	49	-1.6757
16	49	-1.3758
32	49	-2.3638
37	49	0.81417
43	49	1.7662
44	49	0.70524
15	50	-0.27857
16	50	-0.29132
27	50	0.93447
33	50	1.0256
39	50	0.65302
15	51	-0.24804
16	51	-0.25166
27	51	1.0029
33	51	1.075
39	51	0.6914
15	52	-0.11611
16	52	-0.11529
27	52	0.97351
33	52	1.0307
39	52	0.64121
15	53	-0.50284
16	53	-0.28748
32	53	-2.1827
37	53	0.7803
43	53	1.6744
44	53	0.68582
15	54	-0.32323
16	54	-0.31892
27	54	-0.092572
33	54	0.081617
39	54	-0.21998
15	55	2.5028
16	55	2.5024
19	55	0.040982
21	55	-0.2387
23	55	0.33943
24	55	-2.1655
25	55	-1.5277
26	55	-0.66562
29	55	-1.4462
31	55	0.10692
38	55	-0.96102
42	55	1.1628
49	55	1.3462
53	55	1.3224
15	56	2.5522
16	56	2.6757
19	56	-0.12094
21	56	0.013012
23	56	0.1984
24	56	-1.7471
25	56	-1.2288
26	56	-0.1779
29	56	-1.2251
31	56	-0.063461
38	56	-0.7814
42	56	0.63323
49	56	0.86034
53	56	0.87301
15	57	0.24028
16	57	0.23747
27	57	0.425
33	57	0.51883
39	57	0.1506
15	58	-0.21245
16	58	-0.15815
50	58	0.62962
51	58	1.7105
52	58	2.8333
54	58	-0.77052
57	58	-0.94495
15	59	-0.14687
16	59	-0.099363
50	59	-0.02467
51	59	0.83845
52	59	1.7452
54	59	-0.97395
57	59	-1.0451
15	60	-0.097641
16	60	-0.019002
27	60	-1.9008
33	60	-2.103
39	60	-1.7257
58	60	-1.8923
59	60	-1.8239
15	61	-0.031046
16	61	0.026563
50	61	1.0384
51	61	1.9252
52	61	2.7233
54	61	-0.29453
57	61	-0.052678
60	61	-2.2002
15	62	0.49079
16	62	0.57773
27	62	-1.2131
33	62	-1.6826
39	62	-1.7875
58	62	-1.2705
59	62	-1.2344
61	62	-1.5187
15	63	0.13984
16	63	0.20073
50	63	1.8137
51	63	2.5736
52	63	3.1802
54	63	0.41218
57	63	1.0904
60	63	-2.1206
62	63	-1.8807
15	64	0.5181
16	64	0.57646
50	64	1.8574
51	64	2.5096
52	64	3.0185
54	64	0.71777
57	64	1.466
60	64	-1.6575
62	64	-2.2425
15	65	2.4397
16	65	2.2942
32	65	2.0105
37	65	-1.6075
43	65	-0.70509
44	65	-2.1063
55	65	-1.6203
56	65	-2.3437
15	66	2.626
16	66	2.4776
32	66	2.0148
37	66	-1.3573
43	66	-0.59415
44	66	-1.8888
55	66	-1.5907
56	66	-2.2176
15	67	2.4548
16	67	2.3059
32	67	1.8925
37	67	-1.6014
43	67	-0.74891
44	67	-1.9586
55	67	-1.5993
56	67	-2.2767
15	68	2.3715
16	68	2.2606
32	68	2.0611
37	68	-1.435
43	68	-0.53773
44	68	-1.926
55	68	-1.2441
56	68	-1.9341
15	69	4.0768
16	69	3.9568
15	70	2.9107
16	70	2.9713
50	70	-1.4613
51	70	-1.2961
52	70	-1.0567
54	70	-1.2983
57	70	-1.2573
60	70	1.6684
62	70	2.1586
15	71	2.8737
16	71	2.9241
50	71	-0.78741
51	71	-0.61308
52	71	-0.37627
54	71	-0.74344
57	71	-0.59148
60	71	2.0294
62	71	2.7236
15	72	2.7223
16	72	2.7699
50	72	-0.54141
51	72	-0.36161
52	72	-0.12443
54	72	-0.52833
57	72	-0.37174
60	72	2.2882
62	72	3.029
15	73	2.869
16	73	2.9304
50	73	-1.1645
51	73	-1.0072
52	73	-0.77345
54	73	-1.07
57	73	-0.97174
60	73	1.4828
62	73	1.9342
15	74	2.8116
16	74	2.8645
50	74	-0.67696
51	74	-0.5104
52	74	-0.27484
54	74	-0.59667
57	74	-0.49357
60	74	1.8792
62	74	2.4857
1	75	4.1444
2	75	3.691
3	75	5.3984
4	75	3.6678
5	75	3.0281
6	75	3.143
7	75	5.8412
8	75	5.3531
9	75	3.4717
10	75	4.0683
11	75	4.2989
12	75	4.6785
13	75	3.0345
14	75	3.2697
17	75	4.1344
18	75	6.4922
19	75	3.4572
20	75	6.8735
21	75	2.6395
22	75	6.9828
23	75	3.4018
24	75	2.1627
25	75	0.84472
26	75	1.3401
27	75	3.4265
28	75	3.1008
29	75	0.72272
30	75	0.74849
31	75	3.0201
32	75	3.7384
33	75	3.1765
34	75	3.0801
35	75	1.1252
36	75	6.2979
37	75	-0.06807
38	75	-0.32772
39	75	3.1406
40	75	7.0984
41	75	6.257
42	75	3.5156
43	75	0.42742
44	75	-0.53855
45	75	2.0808
46	75	1.2565
47	75	0.99734
48	75	5.9583
49	75	3.5825
50	75	0.74312
51	75	0.65495
52	75	0.50164
53	75	3.1224
54	75	1.038
55	75	-1.4105
56	75	-2.0197
57	75	0.2776
58	75	0.68684
59	75	0.53443
60	75	1.482
61	75	0.53987
62	75	1.1762
63	75	0.47826
64	75	0.099651
65	75	-2.1299
66	75	-1.9798
67	75	-1.8898
68	75	-1.6939
69	75	-2.5545
70	75	-1.6096
71	75	-1.5864
72	75	-1.7071
73	75	-1.622
74	75	-1.6087
15	76	4.7219
16	76	4.9165
28	76	5.7668
34	76	5.9931
45	76	6.5877
75	76	0.33115
15	77	2.7838
16	77	2.8818
28	77	5.177
34	77	5.579
45	77	4.0894
75	77	-1.7664
15	78	3.0895
16	78	3.4289
18	78	7.0509
20	78	7.0594
22	78	7.0073
75	78	-2.2967
15	79	3.1606
16	79	3.4903
18	79	7.3629
20	79	7.3756
22	79	7.3181
75	79	-2.09
15	80	2.5613
16	80	2.6584
28	80	6.6936
34	80	7.1243
45	80	5.586
75	80	-1.8155
15	81	2.5018
16	81	2.6044
28	81	4.8875
34	81	5.2738
45	81	3.8646
75	81	-1.4136
15	82	3.2819
16	82	3.6007
18	82	7.5005
20	82	7.5153
22	82	7.4664
75	82	-2.4444
15	83	3.1764
16	83	3.5027
18	83	7.0097
20	83	7.0198
22	83	6.983
75	83	-2.2369
15	84	2.3681
16	84	2.4732
28	84	4.2821
34	84	4.6559
45	84	3.3092
75	84	-1.1003
2	85	4.8974
4	85	4.8391
9	85	4.985
10	85	4.6169
12	85	4.2382
15	85	6.3125
16	85	6.3271
36	85	7.8924
40	85	7.8652
41	85	7.757
48	85	7.6282
75	85	3.9488
78	85	3.9256
79	85	4.2572
82	85	5.5417
83	85	6.2126
2	86	3.2729
4	86	3.2152
9	86	3.3414
10	86	2.9713
12	86	2.7638
15	86	2.7953
16	86	2.821
36	86	6.8153
40	86	6.819
41	86	6.8285
48	86	6.6033
75	86	-2.1163
78	86	-2.038
79	86	-2.0001
82	86	-2.4218
83	86	-2.017
2	87	3.2618
4	87	3.206
9	87	3.3323
10	87	2.9597
12	87	2.8206
15	87	2.7118
16	87	2.735
36	87	7.0744
40	87	7.089
41	87	7.0921
48	87	6.8702
75	87	-1.9244
78	87	-1.9971
79	87	-1.9024
82	87	-2.3155
83	87	-1.9689
15	88	6.6186
16	88	6.938
18	88	7.0746
20	88	7.0661
22	88	7.0701
75	88	2.3636
85	88	-1.3841
86	88	-0.04498
87	88	-0.049717
2	89	4.6999
4	89	4.637
9	89	4.7824
10	89	4.4177
12	89	4.0361
15	89	5.9966
16	89	6.0121
36	89	7.9692
40	89	7.543
41	89	7.9215
48	89	7.7423
75	89	3.3337
78	89	3.0818
79	89	3.4272
82	89	4.5306
83	89	4.7704
88	89	-1.6812
2	90	3.0814
4	90	3.0199
9	90	3.1448
10	90	2.78
12	90	2.4846
15	90	2.5569
16	90	2.5882
36	90	6.0824
40	90	6.0546
41	90	6.0878
48	90	5.8567
75	90	-1.87
78	90	-2.0279
79	90	-1.9811
82	90	-2.2825
83	90	-1.7291
88	90	0.1041
15	91	2.9947
16	91	3.1057
28	91	3.9326
34	91	3.8997
45	91	4.1254
75	91	-0.13096
15	92	2.2378
16	92	2.3416
28	92	3.1022
34	92	3.0415
45	92	3.214
75	92	-1.1491
15	93	5.4732
16	93	5.4162
75	93	2.4698
1	94	4.7824
2	94	2.8268
3	94	4.4021
4	94	2.7073
5	94	6.5257
6	94	6.5425
7	94	4.8433
8	94	4.3804
9	94	2.723
10	94	3.2369
11	94	4.9244
12	94	3.9785
13	94	6.6583
14	94	6.7851
17	94	4.8696
18	94	5.8759
19	94	6.4908
20	94	6.2774
21	94	5.7454
22	94	6.4988
23	94	6.4021
24	94	5.9053
25	94	4.7589
26	94	5.409
27	94	5.3559
28	94	4.464
29	94	4.6476
30	94	2.1554
31	94	6.0369
32	94	6.7821
33	94	5.1701
34	94	4.4483
35	94	2.477
36	94	7.1787
37	94	3.5644
38	94	3.717
39	94	4.9892
40	94	7.7419
41	94	7.1301
42	94	6.8751
43	94	3.7695
44	94	3.268
45	94	3.7477
46	94	2.5971
47	94	2.3966
48	94	6.8262
49	94	6.8639
50	94	3.229
51	94	3.1787
52	94	3.0542
53	94	6.3058
54	94	3.3864
55	94	1.9204
56	94	1.5435
57	94	2.8408
58	94	2.4443
59	94	2.3354
60	94	3.5671
61	94	2.3141
62	94	3.2497
63	94	2.2487
64	94	1.9222
65	94	0.97753
66	94	0.85838
67	94	1.0284
68	94	1.0371
69	94	4.2765
70	94	1.2211
71	94	1.0904
72	94	1.2113
73	94	1.3121
74	94	1.1915
76	94	2.6807
77	94	1.2672
78	94	1.3966
79	94	1.2815
80	94	1.3785
81	94	1.4628
82	94	0.8772
83	94	0.83701
84	94	1.4728
85	94	-1.0537
86	94	1.3003
87	94	1.355
88	94	-1.6693
89	94	-1.486
90	94	1.3842
91	94	-0.37072
92	94	0.38378
93	94	-0.15834
15	95	6.3901
16	95	6.704
18	95	7.05
20	95	7.0443
22	95	7.0527
75	95	1.9187
85	95	0.12547
86	95	0.14665
87	95	0.12665
89	95	-1.0456
90	95	0.28842
94	95	-1.4973
2	96	4.6376
4	96	4.5799
9	96	4.7259
10	96	4.3573
12	96	3.9781
15	96	6.0933
16	96	6.106
36	96	8.4295
40	96	8.0025
41	96	8.332
48	96	8.2148
75	96	3.6008
78	96	3.2619
79	96	3.5153
82	96	4.438
83	96	4.683
88	96	-1.7805
94	96	-1.4605
95	96	-1.8114
15	97	6.2388
16	97	6.3533
28	97	4.981
34	97	5.3334
45	97	4.0179
75	97	4.3151
94	97	-1.081
15	98	5.7482
16	98	5.8602
28	98	5.0542
34	98	5.4035
45	98	4.0861
75	98	3.2269
94	98	-1.4221
2	99	3.2793
4	99	3.2272
9	99	3.3566
10	99	2.9789
12	99	2.8576
15	99	2.8994
16	99	2.9164
36	99	6.5506
40	99	6.5312
41	99	6.5631
48	99	6.3349
75	99	-2.0597
78	99	-1.6956
79	99	-1.7384
82	99	-2.2899
83	99	-1.9653
88	99	-0.19462
94	99	1.029
95	99	-0.061159
15	100	3.5037
16	100	3.6199
28	100	4.4998
34	100	4.4975
45	100	4.7545
75	100	0.60866
94	100	-0.86984
15	101	3.3445
16	101	3.4589
28	101	4.3499
34	101	4.3352
45	101	4.5788
75	101	0.38566
94	101	-0.72471
15	102	4.5555
16	102	4.3353
32	102	5.5644
37	102	3.7343
43	102	3.9391
44	102	3.6142
55	102	3.1619
56	102	3.0099
75	102	4.5334
94	102	0.67091
1	103	4.8224
2	103	2.4703
3	103	4.4569
4	103	2.354
5	103	6.0339
6	103	6.0532
7	103	4.8937
8	103	4.4391
9	103	2.2301
10	103	2.875
11	103	5.0448
12	103	3.6058
13	103	6.1588
14	103	6.2881
17	103	4.9938
18	103	5.7577
19	103	6.5979
20	103	6.1552
21	103	5.8594
22	103	6.3764
23	103	6.5121
24	103	6.2464
25	103	5.118
26	103	5.7515
27	103	5.4842
28	103	4.5588
29	103	5.0108
30	103	2.231
31	103	6.155
32	103	6.9434
33	103	5.3057
34	103	4.5456
35	103	2.553
36	103	7.3053
37	103	3.782
38	103	4.1025
39	103	5.1338
40	103	7.8666
41	103	7.2626
42	103	7.2158
43	103	3.9901
44	103	3.4929
45	103	3.853
46	103	2.676
47	103	2.4764
48	103	6.9659
49	103	7.2093
50	103	3.4082
51	103	3.3575
52	103	3.2347
53	103	6.662
54	103	3.5705
55	103	2.2045
56	103	1.8318
57	103	3.027
58	103	2.5877
59	103	2.4795
60	103	3.7655
61	103	2.4606
62	103	3.4585
63	103	2.3962
64	103	2.0744
65	103	1.2122
66	103	1.114
67	103	1.2666
68	103	1.2642
69	103	3.6633
70	103	1.4286
71	103	1.2826
72	103	1.3956
73	103	1.5149
74	103	1.3813
76	103	2.9642
77	103	1.4439
78	103	1.257
79	103	1.2357
80	103	1.5423
81	103	1.6261
82	103	1.1748
83	103	1.2181
84	103	1.6239
85	103	-1.7427
86	103	1.3075
87	103	1.3516
88	103	-2.3189
89	103	-1.9512
90	103	1.3956
91	103	-0.24395
92	103	0.48396
93	103	-0.80845
95	103	-1.9658
96	103	-2.1666
97	103	-1.4836
98	103	-1.7553
99	103	1.0541
100	103	-0.72688
101	103	-0.58737
102	103	0.98118
15	104	5.9783
16	104	6.0885
28	104	5.1108
34	104	5.4608
45	104	4.1578
75	104	3.7013
94	104	-1.1807
103	104	-1.5243
15	105	5.6016
16	105	5.711
28	105	5.1449
34	105	5.494
45	105	4.1876
75	105	2.9749
94	105	-1.456
103	105	-1.7625
1	106	5.0054
3	106	5.2061
7	106	6.742
8	106	6.6831
11	106	4.4524
15	106	4.7281
16	106	4.8534
17	106	4.5032
30	106	2.5097
35	106	2.785
46	106	2.7976
47	106	2.7663
75	106	2.087
76	106	5.0256
77	106	4.5262
80	106	3.8668
81	106	5.4002
84	106	6.556
91	106	-1.6365
92	106	-0.59056
94	106	-1.391
97	106	-1.6502
98	106	-2.1459
100	106	-1.8565
101	106	-1.8617
103	106	-1.1505
104	106	-1.3339
105	106	-1.4046
2	107	3.0267
4	107	2.9682
9	107	3.0954
10	107	2.7258
12	107	2.4585
15	107	2.9041
16	107	2.9261
36	107	5.803
40	107	5.7566
41	107	5.8067
48	107	5.5727
75	107	-1.9472
78	107	-1.7924
79	107	-1.7734
82	107	-2.0918
83	107	-1.4995
88	107	0.0028509
94	107	0.92668
95	107	0.13029
103	107	1.0731
1	108	5.1446
3	108	5.3212
7	108	6.8921
8	108	6.8296
11	108	4.3051
15	108	4.4627
16	108	4.5841
17	108	4.3385
30	108	2.6295
35	108	2.9059
46	108	2.9227
47	108	2.8833
75	108	1.6003
76	108	5.4439
77	108	4.0505
80	108	3.4491
81	108	4.8486
84	108	6.6803
91	108	-1.6099
92	108	-0.63473
94	108	-1.2129
97	108	-1.5285
98	108	-1.8758
100	108	-1.9257
101	108	-2.0038
103	108	-0.97591
104	108	-1.2921
105	108	-1.4114
15	109	2.0727
16	109	2.1822
18	109	2.5221
20	109	2.4477
22	109	2.4607
75	109	-1.4614
85	109	0.52071
86	109	-1.7339
87	109	-1.5771
89	109	1.1595
90	109	-2.1348
94	109	1.593
96	109	1.2751
99	109	-2.2242
103	109	1.7608
107	109	-1.943
15	110	3.1358
16	110	3.2504
28	110	4.1431
34	110	4.1244
45	110	4.3468
75	110	0.17565
94	110	-0.56346
103	110	-0.40195
106	110	-2.0145
108	110	-2.1377
15	111	5.2704
16	111	5.2198
75	111	2.6098
94	111	-1.8243
103	111	-2.2193
15	112	7.4959
16	112	7.6275
28	112	6.8054
34	112	6.9833
45	112	7.3783
75	112	7.5384
94	112	6.036
103	112	7.6208
106	112	7.3829
108	112	7.4923
15	113	3.4886
16	113	3.3269
32	113	5.7621
37	113	3.9164
43	113	4.1289
44	113	3.7993
55	113	3.3567
56	113	3.201
75	113	3.8574
94	113	-2.4392
103	113	-2.6271
1	114	4.9547
2	114	2.1439
3	114	4.5931
4	114	1.9917
5	114	5.6349
6	114	5.6584
7	114	5.0252
8	114	4.5786
9	114	1.7042
10	114	2.5561
11	114	5.0998
12	114	3.3312
13	114	5.7526
14	114	5.8862
17	114	5.0528
18	114	5.515
19	114	7.8313
20	114	5.9088
21	114	7.2547
22	114	6.1294
23	114	7.7567
24	114	6.3142
25	114	5.206
26	114	5.8269
27	114	5.6503
28	114	4.6562
29	114	5.1035
30	114	2.3953
31	114	7.5198
32	114	7.2745
33	114	5.4787
34	114	4.6459
35	114	2.7175
36	114	7.1431
37	114	4.1557
38	114	4.2197
39	114	5.3161
40	114	7.7004
41	114	7.1067
42	114	7.2829
43	114	4.3692
44	114	3.8711
45	114	3.9599
46	114	2.8432
47	114	2.6441
48	114	6.8175
49	114	7.2817
50	114	3.5859
51	114	3.5353
52	114	3.4146
53	114	6.7454
54	114	3.7519
55	114	2.6409
56	114	2.2708
57	114	3.2125
58	114	2.7529
59	114	2.646
60	114	3.9592
61	114	2.6294
62	114	3.6623
63	114	2.5662
64	114	2.2498
65	114	2.603
66	114	2.5318
67	114	2.6522
68	114	2.6246
69	114	3.1598
70	114	1.6729
71	114	1.5109
72	114	1.6151
73	114	1.7542
74	114	1.6067
76	114	3.2929
77	114	1.571
78	114	1.7979
79	114	1.7838
80	114	1.6573
81	114	1.7418
82	114	1.7416
83	114	1.7756
84	114	1.7299
85	114	-1.0106
86	114	1.4677
87	114	1.5321
88	114	-1.2846
89	114	-1.3283
90	114	1.6663
91	114	-0.04501
92	114	0.64663
93	114	-0.98913
95	114	-1.0365
96	114	-1.5549
97	114	-1.4628
98	114	-1.5262
99	114	1.4365
100	114	-0.50483
101	114	-0.37742
102	114	-0.14895
104	114	-1.9502
105	114	-1.746
106	114	-0.85988
107	114	1.4567
108	114	-0.71886
109	114	1.6886
110	114	-0.22874
111	114	-2.1452
112	114	8.0171
113	114	2.9978
15	115	4.7609
16	115	4.6902
19	115	3.8463
21	115	3.4391
23	115	4.1842
24	115	4.983
25	115	4.6591
26	115	4.9152
29	115	4.6468
31	115	4.3088
38	115	4.2855
42	115	7.736
49	115	7.7193
53	115	7.3534
65	115	6.1894
66	115	5.8792
67	115	6.1948
68	115	6.381
75	115	6.1583
94	115	-1.1989
102	115	-1.685
103	115	-1.4537
113	115	-1.3397
114	115	-1.5668
15	116	5.7115
16	116	5.8237
28	116	4.8845
34	116	5.2345
45	116	3.9498
75	116	3.46
94	116	-1.3977
103	116	-1.8126
106	116	-1.0182
108	116	-1.1041
114	116	-1.7849
15	117	5.6331
16	117	5.7094
50	117	2.6557
51	117	2.6297
52	117	2.6862
54	117	3.2118
57	117	2.6862
60	117	4.5548
62	117	4.4451
75	117	4.2957
94	117	-1.2074
103	117	-1.4999
114	117	-1.799
1	118	4.8992
3	118	5.0785
7	118	6.5706
8	118	6.5179
11	118	4.7188
15	118	5.0981
16	118	5.2237
17	118	4.7789
30	118	2.4691
35	118	2.7425
46	118	2.7549
47	118	2.732
75	118	2.7753
76	118	4.4612
77	118	4.8576
80	118	4.132
81	118	5.6988
84	118	6.7015
91	118	-1.3712
92	118	-0.35889
94	118	-1.7423
97	118	-2.1249
98	118	-1.1964
100	118	-1.898
101	118	-1.8888
103	118	-1.5319
104	118	-2.1764
105	118	-1.5154
110	118	-1.8723
112	118	7.2226
114	118	-1.223
116	118	-1.4584
1	119	5.1148
3	119	5.2943
7	119	6.8209
8	119	6.7636
11	119	4.3981
15	119	4.7391
16	119	4.8631
17	119	4.4474
30	119	2.6468
35	119	2.9211
46	119	2.936
47	119	2.9048
75	119	2.1594
76	119	5.0006
77	119	4.3411
80	119	3.6707
81	119	5.1435
84	119	6.6538
91	119	-1.2923
92	119	-0.34723
94	119	-1.5577
97	119	-1.897
98	119	-2.278
100	119	-1.9848
101	119	-1.9016
103	119	-1.3441
104	119	-1.7306
105	119	-1.9716
110	119	-1.8922
112	119	7.5491
114	119	-1.0675
116	119	-1.3525
1	120	5.1999
3	120	5.3452
7	120	6.9056
8	120	6.845
11	120	4.1558
15	120	4.4149
16	120	4.5369
17	120	4.1908
30	120	2.7193
35	120	2.9945
46	120	3.0134
47	120	2.9751
75	120	1.6179
76	120	5.3412
77	120	3.8344
80	120	3.2168
81	120	4.5661
84	120	6.3642
91	120	-1.2353
92	120	-0.38942
94	120	-1.2399
97	120	-1.5423
98	120	-1.9334
100	120	-1.7395
101	120	-1.799
103	120	-1.0042
104	120	-1.3823
105	120	-1.5978
110	120	-1.9443
112	120	7.7206
114	120	-0.75867
116	120	-1.1353
15	121	2.3386
16	121	2.4481
18	121	2.1925
20	121	2.1153
22	121	2.1335
75	121	-1.1525
85	121	0.72875
86	121	-1.7302
87	121	-1.4385
89	121	1.3344
90	121	-1.9939
94	121	1.1885
96	121	1.4609
99	121	-1.388
103	121	1.353
107	121	-1.6159
114	121	1.2828
15	122	2.2855
16	122	2.1465
32	122	5.2969
37	122	3.4406
43	122	3.6563
44	122	3.316
55	122	2.8774
56	122	2.7186
75	122	2.9289
94	122	-1.2688
103	122	-1.6496
114	122	-0.77991
115	122	-1.7498
15	123	4.6646
16	123	4.6755
18	123	1.5386
20	123	1.4461
22	123	1.3234
75	123	3.8726
85	123	-1.4412
86	123	2.5671
87	123	2.5628
89	123	-2.0662
90	123	3.302
94	123	-0.97371
96	123	-1.8528
99	123	3.7531
103	123	-1.2398
107	123	4.6025
114	123	-1.772
15	124	4.7254
16	124	4.657
19	124	4.1288
21	124	3.7372
23	124	4.4577
24	124	4.9703
25	124	4.657
26	124	4.8314
29	124	4.6465
31	124	4.5868
38	124	4.1972
42	124	7.7059
49	124	7.629
53	124	7.4112
65	124	6.4758
66	124	6.192
67	124	6.4887
68	124	6.6606
75	124	6.5202
94	124	-1.1512
102	124	-1.8599
103	124	-1.5082
113	124	-2.2837
114	124	-1.7467
122	124	-2.5105
15	125	5.5672
16	125	5.6454
50	125	2.4452
51	125	2.418
52	125	2.4729
54	125	3.0005
57	125	2.4738
60	125	4.3366
62	125	4.226
75	125	4.4264
94	125	-1.359
103	125	-1.7367
114	125	-2.0244
1	126	5.0874
3	126	5.2307
7	126	6.7314
8	126	6.6782
11	126	4.8545
15	126	5.074
16	126	5.1964
17	126	4.9031
30	126	2.671
35	126	2.9436
46	126	2.9589
47	126	2.9328
75	126	2.7015
76	126	4.6825
77	126	4.7083
80	126	3.9907
81	126	5.4622
84	126	6.9891
91	126	-1.04
92	126	-0.13753
94	126	-1.8266
97	126	-1.5844
98	126	-0.75164
100	126	-1.6469
101	126	-1.5774
103	126	-1.7636
104	126	-1.7302
105	126	-0.88408
110	126	-1.5479
112	126	7.2596
114	126	-1.4741
116	126	-2.1112
15	127	4.8745
16	127	4.9429
27	127	3.7134
33	127	3.5692
39	127	3.7114
58	127	2.6498
59	127	2.659
61	127	2.6886
63	127	2.7
64	127	2.668
70	127	6.3818
71	127	6.4225
72	127	6.3676
73	127	6.4083
74	127	6.3497
75	127	3.3617
94	127	-1.5025
103	127	-1.7608
114	127	-1.7903
117	127	-2.048
125	127	-2.1152
15	128	4.8478
16	128	4.9152
27	128	3.5929
33	128	3.4464
39	128	3.599
58	128	2.4806
59	128	2.4867
61	128	2.52
63	128	2.5343
64	128	2.5024
70	128	6.1974
71	128	6.2725
72	128	6.214
73	128	6.2637
74	128	6.1967
75	128	3.3904
94	128	-1.4044
103	128	-1.7049
114	128	-1.985
117	128	-1.664
125	128	-1.9916
15	129	3.9204
16	129	4.0019
50	129	4.5516
51	129	4.8152
52	129	4.9747
54	129	4.5032
57	129	4.8313
60	129	3.5988
62	129	3.3154
75	129	2.2038
94	129	-1.6266
103	129	-1.4292
114	129	-1.2301
127	129	-2.1708
128	129	-1.8876
15	130	2.4088
16	130	2.5158
18	130	1.8825
20	130	1.8033
22	130	1.8252
75	130	-1.0065
85	130	1.1969
86	130	-2.0374
87	130	-2.0078
89	130	1.743
90	130	-1.3901
94	130	1.1609
96	130	1.8389
99	130	-1.8668
103	130	1.2963
107	130	-1.0223
114	130	1.199
15	131	3.1312
16	131	3.2455
28	131	3.9973
34	131	3.9836
45	131	4.1883
75	131	0.30587
94	131	-0.49765
103	131	-0.30921
106	131	-1.6901
108	131	-1.5759
114	131	-0.16377
118	131	-1.5451
119	131	-1.8513
120	131	-2.065
126	131	-1.5295
15	132	3.5468
16	132	3.5676
18	132	0.9353
20	132	0.84305
22	132	0.70715
75	132	2.5607
85	132	-2.0741
86	132	2.5613
87	132	2.5879
89	132	-2.331
90	132	3.1961
94	132	-1.8119
96	132	-2.0185
99	132	3.7226
103	132	-1.7558
107	132	4.4139
114	132	-1.3703
15	133	4.0053
16	133	3.9403
19	133	3.6472
21	133	3.2251
23	133	3.9804
24	133	3.5249
25	133	3.3314
26	133	3.7034
29	133	3.3335
31	133	4.0956
38	133	3.0621
42	133	6.2009
49	133	6.194
53	133	5.8341
65	133	5.8937
66	133	5.6099
67	133	5.8954
68	133	6.0528
75	133	5.6094
94	133	-1.6729
102	133	-1.3094
103	133	-1.8209
113	133	-1.5667
114	133	-2.0695
122	133	-1.3347
15	134	3.8387
16	134	3.8112
32	134	0.6434
37	134	4.0332
43	134	4.7035
44	134	3.9729
55	134	4.3864
56	134	4.1118
75	134	5.8908
94	134	-1.9723
103	134	-2.1744
114	134	-2.0415
115	134	-1.5325
124	134	-1.5636
133	134	0.80393
15	135	5.1088
16	135	5.1902
50	135	2.2861
51	135	2.2546
52	135	2.3066
54	135	2.8614
57	135	2.3226
60	135	4.2291
62	135	4.1238
75	135	3.9997
94	135	-1.5669
103	135	-1.8752
114	135	-1.6409
127	135	-1.4759
128	135	-1.9673
15	136	4.5137
16	136	4.5783
27	136	3.1994
33	136	3.0376
39	136	3.2037
58	136	2.6501
59	136	2.6482
61	136	2.6965
63	136	2.7208
64	136	2.6928
70	136	5.7311
71	136	6.0289
72	136	5.971
73	136	5.8411
74	136	5.9525
75	136	2.9136
94	136	-1.6331
103	136	-1.7971
114	136	-1.5592
117	136	-1.6946
125	136	-1.6949
129	136	-0.64368
135	136	-1.583
15	137	4.1484
16	137	4.2291
50	137	4.7376
51	137	4.9967
52	137	5.1523
54	137	4.6996
57	137	5.0182
60	137	3.817
62	137	3.5432
75	137	2.5749
94	137	-1.4285
103	137	-1.5949
114	137	-1.45
127	137	-1.4852
128	137	-1.6335
136	137	-1.8417
15	138	3.3683
16	138	3.3953
18	138	1.2392
20	138	1.1464
22	138	1.0162
75	138	2.5152
85	138	-1.8422
86	138	2.4788
87	138	2.5015
89	138	-2.3096
90	138	3.0922
94	138	-1.4896
96	138	-2.29
99	138	3.5868
103	138	-1.5962
107	138	4.2326
114	138	-1.4116
15	139	3.0336
16	139	3.0218
32	139	0.61062
37	139	3.867
43	139	4.5418
44	139	3.8059
55	139	4.2231
56	139	3.9458
75	139	5.2878
94	139	-1.0707
103	139	-1.2875
114	139	-1.253
115	139	-1.234
124	139	-2.127
133	139	0.35762
15	140	3.2871
16	140	3.2697
32	140	0.8945
37	140	4.2158
43	140	4.8856
44	140	4.157
55	140	4.5687
56	140	4.2943
75	140	5.5111
94	140	-1.4273
103	140	-1.6684
114	140	-1.2575
115	140	-1.3588
124	140	-2.1274
133	140	0.76198
offset
60
