148
detection	body_part	cost
1	9	-1.4523
2	10	0.40631
3	1	-1.4202
4	1	-3.9927
5	2	-2.6554
6	1	-1.8505
7	12	-2.2239
8	13	0.22168
9	13	0.74572
10	6	-2.8789
11	6	-1.5874
12	4	-0.38251
13	7	-0.1979
14	3	-1.9408
15	7	-1.3857
16	8	-3.7301
17	3	-1.6141
18	7	-0.23476
19	8	-0.48871
20	10	-1.4219
21	11	9.2102
22	5	-0.95102
23	5	-1.7096
24	9	-1.1151
25	2	-1.7466
26	5	-1.3892
27	5	-1.8848
28	5	-0.95924
29	9	-0.36931
30	1	-2.5571
31	1	-1.5369
32	2	0.40201
33	12	-0.98361
34	13	-2.5068
35	4	-0.49832
36	12	-2.1363
37	4	-0.69615
38	10	0.83966
39	3	-2.0736
40	3	-2.6462
41	9	-0.20439
42	10	-1.1552
43	3	-2.641
44	3	-3.6899
45	9	-2.561
46	1	-1.861
47	2	-1.9767
48	1	-4.3209
49	2	-2.8385
50	12	-2.2865
51	12	0.081359
52	13	0.074284
53	13	-0.28705
54	6	-0.78478
55	12	0.037568
56	2	-0.54266
57	2	-0.25967
58	7	-2.1856
59	7	-0.63778
60	8	-0.37341
61	8	-3.9974
62	6	-3.0632
63	6	-2.2156
64	7	-0.68851
65	11	9.2102
66	6	-2.3006
67	7	-0.25605
68	8	-1.1179
69	8	-1.2722
70	7	-0.31737
71	8	-1.9262
72	4	-0.29463
73	4	-0.62029
74	4	-0.07829
75	4	-1.1998
76	5	-0.32858
77	10	1.0295
78	11	-0.053542
79	4	-0.88341
80	5	-2.8426
81	11	9.2102
82	3	-3.0431
83	3	-4.0866
84	3	-3.0308
85	9	-2.1944
86	10	0.10659
87	10	-1.1165
88	3	-1.1959
89	10	-0.36757
90	9	0.33623
91	11	9.2102
92	2	-3.9724
93	1	-5.9431
94	11	9.2102
95	13	0.90642
96	12	-1.3565
97	6	-2.3614
98	6	-3.5764
99	12	0.16523
100	12	-0.85178
101	8	-0.51508
102	11	9.2102
103	6	-2.833
104	13	0.53227
105	13	-0.63279
106	13	0.40582
107	7	-2.241
108	7	-1.4811
109	12	0.61849
110	8	-3.1105
111	7	-0.61847
112	5	-0.68393
113	10	1.1696
114	13	1.1631
115	2	-2.4925
116	1	-2.3453
117	1	-1.2548
118	4	-0.93736
119	5	-0.99228
120	8	-0.11074
121	5	-0.62886
122	8	-0.88283
123	13	1.0321
124	13	1.2685
125	6	-0.62702
126	4	-1.6868
127	4	-2.4529
128	9	0.38399
129	5	-1.1581
130	10	0.19648
131	11	1.3748
132	9	0.47822
133	11	9.2102
134	9	-0.53992
135	11	1.3387
136	3	-2.2074
137	11	9.2102
138	14	1.1428
139	12	0.50971
140	13	0.70664
141	1	-3.6117
142	13	0.51004
143	2	-2.5003
144	11	9.2102
145	11	9.2102
146	6	-1.7303
147	11	9.2102
148	11	9.2102
detection1	detection2	cost
3	4	-4.8231
3	6	-3.2674
4	6	-5.6071
8	9	-3.7143
10	11	-4.8231
13	15	-3.2674
14	17	-5.6071
13	18	-3.2674
15	18	-4.8231
16	19	-3.2674
2	20	15.2143
22	23	-5.6071
1	24	17.7539
5	25	14.5743
22	26	-5.6071
23	26	-4.8231
22	27	-4.8231
23	27	-5.6071
26	27	-5.6071
22	28	-3.2674
23	28	-4.8231
26	28	-3.7143
27	28	-5.6071
1	29	19.0675
24	29	-3.2674
3	30	17.7539
4	30	16.443
6	30	14.6553
3	31	18.2456
4	31	17.1071
6	31	15.3715
30	31	-5.6071
5	32	18.7964
25	32	-3.2674
7	33	13.4073
8	34	13.3214
9	34	13.6628
12	35	14.0819
7	36	15.5276
33	36	-4.8231
12	37	16.7404
35	37	-4.8231
2	38	36.0357
20	38	13.3214
14	39	20.0604
17	39	18.2456
14	40	19.269
17	40	17.3966
39	40	-3.7143
1	41	38.086
24	41	13.4073
29	41	11.523
2	42	37.968
20	42	15.293
38	42	-4.8231
14	43	21.885
17	43	20.0604
39	43	-5.6071
40	43	-3.2674
14	44	21.4551
17	44	19.6016
39	44	-4.8231
40	44	-4.8231
43	44	-5.6071
1	45	39.8214
24	45	15.9133
29	45	13.4073
41	45	-3.2674
3	46	41.8597
4	46	40.1609
6	46	38.2821
30	46	17.1798
31	46	17.3966
5	47	40.4233
25	47	21.1441
32	47	17.7539
3	48	43.7472
4	48	42.0408
6	48	40.1609
30	48	19.0675
31	48	19.269
46	48	-5.6071
5	49	42.2933
25	49	23.0214
32	49	19.6016
47	49	-5.6071
7	50	39.8214
33	50	19.0675
36	50	17.3966
7	51	39.9726
33	51	19.6016
36	51	18.2456
50	51	-3.7143
8	52	39.8214
9	52	39.9726
34	52	19
8	53	39.8593
9	53	39.8593
34	53	19.0675
52	53	-5.6071
10	54	38.5552
11	54	36.4045
7	55	41.8597
33	55	20.9559
36	55	19
50	55	-3.2674
51	55	0.30445
5	56	48.2028
25	56	28.5141
32	56	24.9005
47	56	0.30445
49	56	-1.5143
5	57	48.5554
25	57	28.4643
32	57	24.7342
47	57	0.96511
49	57	-0.67521
56	57	-5.6071
13	58	40.1609
15	58	37.968
18	58	36.2
13	59	40.4233
15	59	38.086
18	59	36.4045
58	59	-5.6071
16	60	38.086
19	60	36.0357
16	61	37.9286
19	61	36.2
60	61	-3.7143
10	62	43.9217
11	62	41.8597
54	62	-1.5143
10	63	44.1649
11	63	42.0408
54	63	-1.8214
62	63	-5.6071
13	64	41.7507
15	64	39.8593
18	64	37.9286
58	64	-3.2674
59	64	-1.5143
21	65	64.4535
10	66	45.8033
11	66	43.7472
54	66	0.30445
62	66	-5.6071
63	66	-4.8231
13	67	43.6422
15	67	41.7507
18	67	39.8214
58	67	-2.1462
59	67	-0.67521
64	67	-5.6071
16	68	42.2933
19	68	39.9726
60	68	-2.1462
61	68	0.96511
16	69	42.0408
19	69	39.8593
60	69	-3.2674
61	69	-0.67521
68	69	-5.6071
13	70	45.5338
15	70	43.6422
18	70	41.7143
58	70	-0.67521
59	70	0.53071
64	70	-3.7143
67	70	-5.6071
16	71	44.1649
19	71	41.8597
60	71	-0.67521
61	71	1.9643
68	71	-5.6071
69	71	-4.8231
12	72	47.5232
35	72	31.5222
37	72	30.2149
12	73	49.5689
35	73	32.9647
37	73	31.5222
72	73	-4.8231
12	74	51.4527
35	74	34.8256
37	74	33.3612
72	74	-3.2674
73	74	-5.6071
12	75	51.3006
35	75	37.4927
37	75	36.5267
72	75	0.96511
73	75	2.1517
74	75	1.9643
22	76	51.9068
23	76	50.9645
26	76	50.2864
27	76	49.3173
28	76	48.3954
2	77	68.8035
20	77	46.3384
38	77	26.0415
42	77	24.8452
21	78	70.3146
65	78	1.9643
12	79	53.101
35	79	38.5941
37	79	37.4927
72	79	0.53071
73	79	0.96511
74	79	0.30445
75	79	-4.8231
22	80	54.5037
23	80	53.5428
26	80	52.8937
27	80	51.9068
28	80	50.9645
76	80	-4.8231
21	81	71.48
65	81	5.8845
78	81	-3.2674
14	82	56.885
17	82	54.993
39	82	30.7807
40	82	30.4044
43	82	28.9098
44	82	28.663
14	83	56.8571
17	83	54.9643
39	83	31.1069
40	83	30.546
43	83	29.2526
44	83	28.9098
82	83	-5.6071
14	84	58.777
17	84	56.885
39	84	32.6536
40	84	32.295
43	84	30.7807
44	84	30.546
82	84	-5.6071
83	84	-4.8231
1	85	77.7627
24	85	53.101
29	85	51.2091
41	85	32.25
45	85	30.546
2	86	78.0144
20	86	55.4215
38	86	34.8256
42	86	33.3612
77	86	2.1517
2	87	77.7627
20	87	55.0789
38	87	34.3146
42	87	32.6536
77	87	3.5372
86	87	-3.7143
14	88	60.6691
17	88	58.777
39	88	34.5282
40	88	34.1859
43	88	32.6536
44	88	32.4299
82	88	-3.7143
83	88	-3.2674
84	88	-5.6071
2	89	79.592
20	89	56.885
38	89	36.0768
42	89	34.3146
77	89	6.1496
86	89	-1.5143
87	89	-4.8231
1	90	81.4643
24	90	57.1072
29	90	54.993
41	90	36.2
45	90	34.1429
85	90	-2.1462
21	91	80.8784
65	91	15.293
78	91	5.8845
81	91	2.6933
5	92	76.5565
25	92	56.8571
32	92	53.101
47	92	28.663
49	92	26.7811
56	92	20.9559
57	92	20.8929
3	93	79.7564
4	93	78.0144
6	93	76.1292
30	93	54.9643
31	93	54.993
46	93	30.4044
48	93	28.5141
21	94	79.7564
65	94	17.1798
78	94	7.7607
81	94	3.8571
91	94	-3.2674
8	95	75.8717
9	95	76.1292
34	95	55.0789
52	95	28.663
53	95	28.9098
7	96	77.7627
33	96	56.885
36	96	54.9643
50	96	30.546
51	96	31.1069
55	96	28.4643
10	97	76.1292
11	97	74.0907
54	97	30.3571
62	97	24.7342
63	97	24.6786
66	97	22.8448
10	98	76.3217
11	98	74.2443
54	98	30.4044
62	98	24.9005
63	98	24.7342
66	98	23.0214
97	98	-5.6071
7	99	79.7564
33	99	58.8581
36	99	56.885
50	99	32.6536
51	99	33.3612
55	99	30.4044
96	99	-4.8231
7	100	79.592
33	100	58.75
36	100	56.885
50	100	32.295
51	100	32.6536
55	100	30.4044
96	100	-4.8231
99	100	-3.7143
16	101	72.0225
19	101	70.3146
60	101	27.0414
61	101	26.624
68	101	24.2301
69	101	23.7178
71	101	22.4287
21	102	87.9908
65	102	24.7342
78	102	15.293
81	102	11.8034
91	102	1.9643
94	102	0.96511
10	103	78.4324
11	103	76.3217
54	103	32.4299
62	103	27.0414
63	103	26.7811
66	103	25.1758
97	103	-3.2674
98	103	-4.8231
8	104	81.6453
9	104	81.9663
34	104	60.8791
52	104	34.5282
53	104	34.8256
95	104	-1.5143
8	105	81.4844
9	105	81.6453
34	105	60.6691
52	105	34.1859
53	105	34.3146
95	105	-1.5143
104	105	-3.7143
8	106	81.4844
9	106	81.4844
34	106	60.6691
52	106	34.1859
53	106	34.1429
95	106	0.53071
104	106	0.071429
105	106	-3.7143
13	107	77.8676
15	107	75.8072
18	107	73.9808
58	107	30.3571
59	107	30.4044
64	107	28.663
67	107	26.7811
70	107	24.9005
13	108	78.0144
15	108	75.8717
18	108	74.0907
58	108	30.4044
59	108	30.3571
64	108	28.9098
67	108	27.0414
70	108	25.1758
107	108	-5.6071
7	109	83.3769
33	109	62.5357
36	109	60.6691
50	109	36.0768
51	109	36.4045
55	109	34.1859
96	109	-1.5143
99	109	-2.1462
100	109	-3.7143
16	110	75.8072
19	110	74.0907
60	110	30.7807
61	110	30.4044
68	110	27.8615
69	110	27.4026
71	110	26.0415
101	110	-3.7143
13	111	79.7564
15	111	77.6996
18	111	75.8717
58	111	32.25
59	111	32.295
64	111	30.546
67	111	28.663
70	111	26.7811
107	111	-5.6071
108	111	-4.8231
22	112	78.2654
23	112	77.5733
26	112	76.5139
27	112	75.8072
28	112	75.1379
76	112	20.9559
80	112	19
2	113	96.8821
20	113	74.2443
38	113	53.5428
42	113	51.9369
77	113	20.9559
86	113	11.4286
87	113	11.8034
89	113	10.4572
8	114	85.4237
9	114	85.7316
34	114	64.6524
52	114	38.2821
53	114	38.5552
95	114	2.1517
104	114	-3.7143
105	114	-2.1462
106	114	0.96511
5	115	92.7321
25	115	72.3597
32	115	68.4269
47	115	44.8538
49	115	43.0077
56	115	37.0526
57	115	36.6892
92	115	9.4302
3	116	95.1515
4	116	93.4622
6	116	91.5816
30	116	70.1994
31	116	70.1302
46	116	45.8033
48	116	43.9217
93	116	8.1089
3	117	95.3433
4	117	93.6926
6	117	91.8164
30	117	70.3146
31	117	70.1994
46	117	46.0381
48	117	44.1649
93	117	8.6726
116	117	-5.6071
12	118	81.5448
35	118	66.4184
37	118	65.0485
72	118	27.4026
73	118	26.0415
74	118	24.2301
75	118	22.7857
79	118	20.9559
22	119	80.0229
23	119	79.3448
26	119	78.2654
27	119	77.5733
28	119	76.918
76	119	22.8448
80	119	20.8929
112	119	-5.6071
16	120	79.7564
19	120	77.6996
60	120	34.1859
61	120	34.5282
68	120	30.4044
69	120	30.3571
71	120	28.5141
101	120	3.2076
110	120	0.96511
22	121	80.7364
23	121	80.0229
26	121	78.9934
27	121	78.2654
28	121	77.5733
76	121	23.0214
80	121	20.9559
112	121	-4.8231
119	121	-5.6071
16	122	79.6537
19	122	77.6786
60	122	34.1429
61	122	34.3146
68	122	30.546
69	122	30.4044
71	122	28.663
101	122	1.9643
110	122	-0.67521
120	122	-5.6071
8	123	87.1618
9	123	87.3131
34	123	66.3457
52	123	39.8593
53	123	39.9726
95	123	4.0138
104	123	-0.67521
105	123	-1.8214
106	123	-0.67521
114	123	-3.2674
8	124	87.1429
9	124	87.2185
34	124	66.3214
52	124	39.8214
53	124	39.8593
95	124	4.4715
104	124	0.53071
105	124	-1.5143
106	124	-1.5143
114	124	-1.5143
123	124	-5.6071
10	125	85.9427
11	125	83.8487
54	125	39.9726
62	125	34.5282
63	125	34.3146
66	125	32.6536
97	125	2.6933
98	125	2.1517
103	125	0.071429
12	126	83.3769
35	126	67.8585
37	126	66.4184
72	126	28.9098
73	126	27.4026
74	126	25.5573
75	126	24.7342
79	126	22.7857
118	126	-4.8231
12	127	83.436
35	127	68.2616
37	127	66.8775
72	127	29.2526
73	127	27.8615
74	127	26.0415
75	127	24.6786
79	127	22.8448
118	127	-5.6071
126	127	-5.6071
1	128	100.4593
24	128	75.8072
29	128	73.9149
41	128	54.9643
45	128	53.1896
85	128	15.2143
90	128	11.8034
22	129	81.7859
23	129	81.1213
26	129	80.0229
27	129	79.3448
28	129	78.703
76	129	24.7342
80	129	22.7857
112	129	-3.7143
119	129	-5.6071
121	129	-4.8231
2	130	100.6582
20	130	78.0144
38	130	57.301
42	130	55.6772
77	130	24.7342
86	130	15.2143
87	130	15.5276
89	130	14.0819
113	130	-3.7143
21	131	94.3807
65	131	34.1429
78	131	24.6786
81	131	20.9559
91	131	11.523
94	131	9.6406
102	131	2.1517
1	132	102.5465
24	132	77.6996
29	132	75.9791
41	132	56.9684
45	132	55.4215
85	132	17.3966
90	132	14.6553
128	132	-3.2674
21	133	92.8214
65	133	36.4045
78	133	27.0414
81	133	23.0214
91	133	14.6553
94	133	11.8034
102	133	6.1496
131	133	-1.5143
1	134	104.3228
24	134	79.5714
29	134	77.7627
41	134	58.777
45	134	57.1072
85	134	19.0675
90	134	15.9133
128	134	-3.2674
132	134	-4.8231
21	135	97.4981
65	135	37.9286
78	135	28.4643
81	135	24.7342
91	135	15.293
94	135	13.4073
102	135	5.8845
131	135	-3.7143
133	135	-1.5143
14	136	87.1618
17	136	85.2693
39	136	61.297
40	136	60.8791
43	136	59.4226
44	136	59.1812
82	136	23.0214
83	136	22.8448
84	136	21.1441
88	136	19.269
21	137	96.055
65	137	40.1609
78	137	30.7807
81	137	26.7811
91	137	18.2456
94	137	15.5276
102	137	9.4302
131	137	0.53071
133	137	-3.7143
135	137	-1.5143
7	139	98.5676
33	139	77.6996
36	139	75.7857
50	139	51.3006
51	139	51.665
55	139	49.2857
96	139	13.3214
99	139	11.523
100	139	11.523
109	139	7.7607
8	140	98.652
9	140	98.9217
34	140	77.8676
52	140	51.4527
53	140	51.665
95	140	15.293
104	140	9.5357
105	140	9.9513
106	140	11.1425
114	140	5.75
123	140	4.4715
124	140	5.1977
3	141	108.2123
4	141	106.4651
6	141	104.5789
30	141	83.3769
31	141	83.3571
46	141	58.8581
48	141	56.9684
93	141	20.9559
116	141	5.8845
117	141	6.2802
8	142	100.6582
9	142	100.989
34	142	79.9
52	142	53.5428
53	142	53.8064
95	142	17.3966
104	142	11.523
105	142	12.262
106	142	13.6628
114	142	7.7607
123	142	6.9156
124	142	7.7607
140	142	-4.8231
5	143	107.0765
25	143	87.2185
32	143	83.3769
47	143	59.1812
49	143	57.301
56	143	51.4527
57	143	51.3006
92	143	23.0214
115	143	8.1089
21	144	105.4704
65	144	47.3929
78	144	37.9286
81	144	34.1859
91	144	24.7342
94	144	22.8448
102	144	15.293
131	144	5.75
133	144	5.1977
135	144	1.9643
137	144	1.9643
21	145	108.722
65	145	51.1786
78	145	41.7143
81	145	37.968
91	145	28.5141
94	145	26.624
102	145	19.0675
131	145	9.5357
133	145	8.6726
135	145	5.75
137	145	5.1977
144	145	-3.7143
10	146	104.5789
11	146	102.5465
54	146	58.777
62	146	53.1896
63	146	53.101
66	146	51.3006
97	146	20.9559
98	146	20.8929
103	146	19.0675
125	146	11.523
21	147	111.3135
65	147	53.101
78	147	43.6422
81	147	39.9726
91	147	30.3571
94	147	28.663
102	147	20.8929
131	147	11.523
133	147	11.1425
135	147	7.7607
137	147	7.7607
144	147	-1.5143
145	147	-4.8231
21	148	111.0872
65	148	54.993
78	148	45.5338
81	148	41.7143
91	148	32.4299
94	148	30.3571
102	148	23.0214
131	148	13.4073
133	148	11.8034
135	148	9.6406
137	148	8.1089
144	148	0.30445
145	148	-3.2674
147	148	-3.2674
1	2	-1.9559
1	3	-1.9017
2	3	-1.4354
1	4	-1.901
2	4	-1.5346
3	5	-2.3401
4	5	-2.5254
1	6	-1.7271
2	6	-1.7458
5	6	-2.2676
3	7	-1.7039
4	7	-1.9883
6	7	-1.9975
3	8	-1.6248
4	8	-1.7019
6	8	-1.5258
7	8	-2.2118
3	9	-1.5993
4	9	-1.8208
6	9	-1.7259
7	9	-2.2997
3	10	-1.7595
4	10	-2.1777
6	10	-2.2813
3	11	-1.7727
4	11	-2.2255
6	11	-2.4033
3	12	3.3326
4	12	2.8808
6	12	2.6803
3	13	-1.345
4	13	-1.7574
6	13	-2.0597
10	13	-2.3054
11	13	-2.0358
3	14	4.3459
4	14	3.8426
6	14	3.5889
12	14	-1.8015
3	15	-1.5484
4	15	-1.9463
6	15	-2.2069
10	15	-2.5178
11	15	-2.3959
3	16	-1.8328
4	16	-1.9637
6	16	-1.7836
13	16	-2.3816
15	16	-2.1698
3	17	4.455
4	17	3.9731
6	17	3.7403
12	17	-2.2775
3	18	-1.632
4	18	-1.8915
6	18	-2.1005
10	18	-2.0438
11	18	-2.1638
16	18	-1.8176
3	19	-2.0274
4	19	-1.8993
6	19	-1.7298
13	19	-1.862
15	19	-1.5841
18	19	-1.3708
1	20	2.171
3	20	1.301
4	20	1.1691
6	20	0.94757
2	21	6.5637
3	21	7.9677
4	21	7.8215
6	21	7.7652
20	21	6.5687
3	22	7.1903
4	22	7.0622
6	22	7.0064
12	22	4.0512
3	23	7.0615
4	23	6.8526
6	23	6.7728
12	23	4.6117
2	24	1.5416
3	24	2.4949
4	24	2.2891
6	24	2.0755
20	24	-2.2067
3	25	3.1735
4	25	3.5953
6	25	3.7768
3	26	7.1203
4	26	7.1169
6	26	7.0821
12	26	3.8072
3	27	7.119
4	27	6.9304
6	27	6.8588
12	27	4.3562
3	28	6.8533
4	28	6.651
6	28	6.5613
12	28	4.5435
2	29	1.7585
3	29	2.0661
4	29	1.8688
6	29	1.6596
20	29	-2.0366
1	30	1.9633
2	30	0.81539
5	30	1.5506
7	30	1.8947
8	30	1.2112
9	30	1.0169
10	30	4.9612
11	30	4.5044
12	30	-1.7233
13	30	3.9789
14	30	-2.2889
15	30	3.3419
16	30	2.8357
17	30	-2.4215
18	30	3.2616
19	30	2.8205
20	30	-1.8092
21	30	6.4802
22	30	4.1404
23	30	3.81
24	30	-1.6706
25	30	-2.108
26	30	4.8299
27	30	4.7613
28	30	3.8803
29	30	-2.0199
1	31	2.0836
2	31	0.92888
5	31	1.4557
7	31	2.0725
8	31	1.2955
9	31	1.0969
10	31	4.9017
11	31	4.7362
12	31	-1.5359
13	31	4.3702
14	31	-1.9916
15	31	3.6398
16	31	2.9565
17	31	-2.0212
18	31	3.567
19	31	2.9339
20	31	-1.7953
21	31	6.7335
22	31	4.5625
23	31	4.4667
24	31	-1.6936
25	31	-2.1129
26	31	5.0874
27	31	5.2206
28	31	4.9147
29	31	-1.9649
3	32	3.3287
4	32	3.7353
6	32	3.9424
30	32	-1.548
31	32	-1.6556
3	33	1.3884
4	33	1.2099
6	33	1.0626
8	33	1.2594
9	33	0.982
30	33	-2.0063
31	33	-1.8755
3	34	0.96855
4	34	0.8512
6	34	0.71792
7	34	1.6384
30	34	-1.5509
31	34	-1.4836
33	34	-2.0935
3	35	7.6081
4	35	7.2851
6	35	7.2649
14	35	5.639
17	35	5.8548
22	35	-1.1761
23	35	-2.0408
26	35	-1.0207
27	35	-1.8243
28	35	-1.8928
30	35	6.4223
31	35	7.3788
3	36	1.4285
4	36	1.2464
6	36	1.1025
8	36	1.1996
9	36	0.93746
30	36	-2.066
31	36	-2.0534
34	36	-2.3958
3	37	7.8701
4	37	7.5633
6	37	7.5587
14	37	5.6965
17	37	5.924
22	37	-0.84047
23	37	-1.6347
26	37	-0.68235
27	37	-1.4252
28	37	-1.4033
30	37	6.9997
31	37	7.5098
1	38	4.377
3	38	3.8901
4	38	3.7909
6	38	3.6174
21	38	6.1826
24	38	1.6127
29	38	1.8437
30	38	1.5783
31	38	1.5998
3	39	7.393
4	39	7.0921
6	39	6.9776
12	39	0.65006
30	39	5.1032
31	39	5.2641
35	39	-2.2294
37	39	-2.2708
3	40	7.1755
4	40	6.8126
6	40	6.6827
12	40	1.0799
30	40	4.9559
31	40	5.6452
35	40	-1.7573
37	40	-1.5903
2	41	3.7309
3	41	4.7259
4	41	4.6093
6	41	4.4804
20	41	1.4224
30	41	2.1975
31	41	2.3294
38	41	-1.6928
1	42	4.204
3	42	3.8366
4	42	3.7375
6	42	3.5656
21	42	5.8107
24	42	1.4801
29	42	1.7013
30	42	1.5694
31	42	1.5924
41	42	-1.9688
3	43	7.4044
4	43	7.1051
6	43	6.9909
12	43	0.77867
30	43	5.0936
31	43	5.3375
35	43	-2.2952
37	43	-2.3177
3	44	7.4651
4	44	7.1057
6	44	6.9816
12	44	0.9952
30	44	5.1365
31	44	5.6644
35	44	-2.0781
37	44	-2.141
2	45	4.0886
3	45	4.5622
4	45	4.4496
6	45	4.321
20	45	1.9507
30	45	2.0813
31	45	2.2029
38	45	-1.833
42	45	-2.0622
1	46	3.7549
2	46	3.0433
5	46	4.9531
7	46	4.4612
8	46	3.6364
9	46	3.4279
10	46	6.5315
11	46	6.2215
12	46	0.86698
13	46	6.2967
14	46	-0.2139
15	46	5.9449
16	46	4.8907
17	46	-0.16763
18	46	6.0418
19	46	5.0506
20	46	0.95959
21	46	3.5687
22	46	-1.0723
23	46	-1.1434
24	46	1.625
25	46	3.4675
26	46	-1.3749
27	46	-1.2417
28	46	-1.311
29	46	1.6135
32	46	3.6882
33	46	2.2556
34	46	1.178
35	46	-1.7654
36	46	2.3818
37	46	-1.6156
38	46	-1.5989
39	46	-2.2125
40	46	-2.0001
41	46	-1.8921
42	46	-1.6373
43	46	-2.0944
44	46	-2.2916
45	46	-1.8044
3	47	4.4381
4	47	4.7395
6	47	4.9713
30	47	2.7801
31	47	2.6113
46	47	-1.6024
1	48	3.8043
2	48	3.1105
5	48	4.7141
7	48	4.5316
8	48	3.7129
9	48	3.5078
10	48	6.5437
11	48	6.2399
12	48	0.96169
13	48	6.3061
14	48	-0.13434
15	48	5.9681
16	48	4.9563
17	48	-0.087766
18	48	6.0666
19	48	5.1193
20	48	1.0722
21	48	3.4929
22	48	-1.1641
23	48	-1.2392
24	48	1.739
25	48	3.2566
26	48	-1.4232
27	48	-1.3161
28	48	-1.3759
29	48	1.738
32	48	3.4891
33	48	2.4032
34	48	1.308
35	48	-1.7904
36	48	2.5338
37	48	-1.6413
38	48	-1.8083
39	48	-2.3637
40	48	-2.212
41	48	-1.8534
42	48	-1.8033
43	48	-2.3358
44	48	-2.3892
45	48	-1.9942
47	48	-2.0568
3	49	4.3846
4	49	4.6819
6	49	4.9146
30	49	2.8086
31	49	2.6464
46	49	-2.0588
48	49	-2.5035
3	50	4.0596
4	50	3.9706
6	50	3.902
8	50	3.7816
9	50	3.5814
30	50	2.0902
31	50	2.1509
34	50	1.9906
46	50	-1.6227
48	50	-1.8794
3	51	3.8857
4	51	3.7963
6	51	3.7249
8	51	3.9131
9	51	3.7045
30	51	1.8805
31	51	1.9324
34	51	2.2286
46	51	-1.6279
48	51	-1.8372
3	52	3.2859
4	52	3.2073
6	52	3.1276
7	52	3.8586
30	52	1.4203
31	52	1.4767
33	52	2.2095
36	52	2.033
46	52	-1.6089
48	52	-1.8258
50	52	-2.1954
51	52	-1.9867
3	53	3.1983
4	53	3.1178
6	53	3.038
7	53	3.7464
30	53	1.3312
31	53	1.3863
33	53	2.0695
36	53	1.8987
46	53	-1.6927
48	53	-1.9018
50	53	-2.2474
51	53	-2.0353
3	54	1.8744
4	54	1.9361
6	54	1.9611
13	54	5.1755
15	54	4.9602
18	54	5.1001
30	54	0.5486
31	54	0.46325
46	54	-2.0065
48	54	-1.9307
3	55	4.362
4	55	4.2778
6	55	4.2156
8	55	3.8229
9	55	3.6392
30	55	2.503
31	55	2.571
34	55	2.0064
46	55	-1.1378
48	55	-1.4543
52	55	-1.9212
53	55	-1.9626
3	56	4.4068
4	56	4.6943
6	56	4.9279
30	56	3.0484
31	56	2.8997
46	56	-1.1801
48	56	-1.0589
3	57	4.5032
4	57	4.7907
6	57	5.0229
30	57	3.18
31	57	3.0283
46	57	-0.84735
48	57	-0.76922
3	58	2.8481
4	58	2.8776
6	58	2.9037
10	58	3.4334
11	58	3.4892
16	58	3.6767
19	58	4.1377
30	58	0.93772
31	58	1.0632
46	58	-1.6868
48	58	-1.7931
54	58	-1.6633
3	59	2.8587
4	59	2.888
6	59	2.9126
10	59	3.3553
11	59	3.4087
16	59	3.741
19	59	4.212
30	59	1.0201
31	59	1.1419
46	59	-1.5781
48	59	-1.7273
54	59	-1.552
3	60	2.9043
4	60	2.9257
6	60	2.9148
13	60	3.3657
15	60	3.6501
18	60	3.717
30	60	0.87182
31	60	0.99226
46	60	-1.7417
48	60	-1.6899
58	60	-2.437
59	60	-2.4192
3	61	2.8249
4	61	2.8421
6	61	2.8308
13	61	3.1254
15	61	3.3998
18	61	3.4767
30	61	0.95851
31	61	1.076
46	61	-1.6696
48	61	-1.6203
58	61	-2.519
59	61	-2.5342
3	62	1.7983
4	62	1.8619
6	62	1.8908
13	62	5.1545
15	62	4.961
18	62	5.0931
30	62	0.5472
31	62	0.45678
46	62	-2.098
48	62	-2.2569
58	62	-0.97037
59	62	-0.95842
3	63	1.9304
4	63	1.9955
6	63	2.0225
13	63	5.14
15	63	4.9406
18	63	5.0805
30	63	0.61834
31	63	0.52052
46	63	-2.0959
48	63	-2.2749
58	63	-1.1448
59	63	-1.1556
3	64	2.8204
4	64	2.8531
6	64	2.8841
10	64	3.6336
11	64	3.6927
16	64	3.5542
19	64	3.9932
30	64	0.80568
31	64	0.88012
46	64	-1.9096
48	64	-2.1937
54	64	-2.3895
60	64	-2.1134
61	64	-2.1471
62	64	-1.4424
63	64	-1.6448
2	65	4.9051
3	65	4.6788
4	65	4.5873
6	65	4.4241
20	65	3.9412
30	65	3.0204
31	65	3.0871
38	65	2.241
42	65	2.665
46	65	0.58811
48	65	0.39134
3	66	1.8741
4	66	1.9395
6	66	1.9691
13	66	5.1227
15	66	4.9334
18	66	5.0656
30	66	0.62193
31	66	0.52664
46	66	-1.949
48	66	-2.0807
58	66	-0.76177
59	66	-0.7895
64	66	-1.1022
3	67	2.9932
4	67	3.0311
6	67	3.0644
10	67	3.7561
11	67	3.8141
16	67	3.6037
19	67	4.0382
30	67	0.99936
31	67	1.0373
46	67	-1.7445
48	67	-1.9866
54	67	-1.8693
60	67	-1.7436
61	67	-1.8159
62	67	-2.0884
63	67	-2.412
66	67	-1.7356
3	68	3.3777
4	68	3.4123
6	68	3.408
13	68	3.7938
15	68	4.0807
18	68	4.1451
30	68	1.1374
31	68	1.2561
46	68	-1.3517
48	68	-1.5479
58	68	-0.57346
59	68	0.030747
64	68	-1.7801
67	68	-2.4501
3	69	3.2519
4	69	3.2828
6	69	3.2774
13	69	3.6077
15	69	3.8897
18	69	3.9584
30	69	1.0878
31	69	1.2077
46	69	-1.4982
48	69	-1.7031
58	69	-1.0732
59	69	-0.63507
64	69	-2.0322
67	69	-2.4845
3	70	2.959
4	70	2.9985
6	70	3.033
10	70	3.7318
11	70	3.7878
16	70	3.5214
19	70	3.9586
30	70	0.97837
31	70	1.0133
46	70	-1.8332
48	70	-2.0371
54	70	-1.4885
60	70	-1.5738
61	70	-1.732
62	70	-2.6066
63	70	-2.4092
66	70	-2.2649
68	70	-2.3795
69	70	-2.4215
3	71	3.1631
4	71	3.1965
6	71	3.1924
13	71	3.5698
15	71	3.8484
18	71	3.9184
30	71	0.88055
31	71	1.0028
46	71	-1.6951
48	71	-1.8803
58	71	-0.27219
59	71	0.29096
64	71	-1.4413
67	71	-1.862
70	71	-1.8565
3	72	9.6688
4	72	9.4339
6	72	9.4351
14	72	6.8239
17	72	6.9841
22	72	3.2739
23	72	2.4076
26	72	3.4151
27	72	2.6391
28	72	2.1386
30	72	7.8969
31	72	8.2583
39	72	6.3477
40	72	7.3979
43	72	6.269
44	72	6.757
46	72	7.5226
48	72	7.3103
3	73	10.0222
4	73	9.7924
6	73	9.7975
14	73	7.2763
17	73	7.4417
22	73	3.1804
23	73	2.3344
26	73	3.315
27	73	2.5574
28	73	2.0726
30	73	8.2918
31	73	8.6524
39	73	6.9453
40	73	8.0195
43	73	6.8862
44	73	7.3861
46	73	8.1275
48	73	7.9451
3	74	10.0963
4	74	9.8688
6	74	9.8748
14	74	7.3187
17	74	7.4848
22	74	2.8583
23	74	2.0186
26	74	2.9908
27	74	2.2395
28	74	1.7597
30	74	8.3687
31	74	8.7254
39	74	7.0438
40	74	8.1078
43	74	6.9924
44	74	7.4877
46	74	8.2852
48	74	8.1176
3	75	9.3027
4	75	9.0677
6	75	9.0614
14	75	6.3085
17	75	6.4553
22	75	4.0248
23	75	3.1153
26	75	4.1771
27	75	3.3648
28	75	2.829
30	75	7.4141
31	75	7.7495
39	75	5.8093
40	75	6.7086
43	75	5.7257
44	75	6.1424
46	75	6.9611
48	75	6.7614
3	76	8.1448
4	76	8.0077
6	76	7.9497
12	76	4.6888
30	76	6.9046
31	76	7.0604
35	76	6.4374
37	76	5.8148
46	76	6.3181
48	76	6.2735
72	76	-0.62396
73	76	-0.85572
74	76	-0.83637
75	76	-1.8854
1	77	7.0918
3	77	6.8047
4	77	6.7536
6	77	6.6218
21	77	4.1587
24	77	5.2089
29	77	5.5274
30	77	5.2391
31	77	5.2783
41	77	3.6893
45	77	3.8198
46	77	2.9387
48	77	2.8009
65	77	0.50817
2	78	5.6003
3	78	5.3623
4	78	5.2802
6	78	5.1245
20	78	4.6439
30	78	3.8482
31	78	3.9109
38	78	2.9577
42	78	3.3236
46	78	1.6771
48	78	1.5108
77	78	-1.9903
3	79	9.4836
4	79	9.2524
6	79	9.2496
14	79	6.464
17	79	6.6156
22	79	3.8083
23	79	2.9171
26	79	3.9554
27	79	3.1593
28	79	2.6374
30	79	7.6334
31	79	7.9705
39	79	6.0448
40	79	6.9759
43	79	5.9724
44	79	6.4045
46	79	7.3125
48	79	7.1275
76	79	-2.3218
3	80	7.973
4	80	7.8333
6	80	7.7751
12	80	4.516
30	80	6.7218
31	80	6.8739
35	80	6.2754
37	80	5.6607
46	80	6.1761
48	80	6.1382
72	80	-0.63364
73	80	-0.84368
74	80	-0.79722
75	80	-1.669
79	80	-2.0865
2	81	5.7653
3	81	5.7376
4	81	5.6594
6	81	5.5073
20	81	4.8356
30	81	4.2869
31	81	4.3505
38	81	3.1968
42	81	3.5542
46	81	2.2192
48	81	2.0626
77	81	-0.97344
3	82	9.9147
4	82	9.6002
6	82	9.4822
12	82	4.0578
30	82	7.5264
31	82	8.0392
35	82	1.7978
37	82	1.6304
46	82	6.4101
48	82	6.2946
72	82	-2.0246
73	82	-1.6305
74	82	-1.5749
75	82	-1.7874
79	82	-1.6472
3	83	9.6888
4	83	9.3749
6	83	9.2555
12	83	3.9128
30	83	7.2802
31	83	7.7849
35	83	1.7065
37	83	1.547
46	83	6.1014
48	83	5.978
72	83	-1.7362
73	83	-2.0697
74	83	-2.0241
75	83	-1.8337
79	83	-1.6978
3	84	9.9738
4	84	9.6599
6	84	9.542
12	84	4.0155
30	84	7.5845
31	84	8.0957
35	84	1.7325
37	84	1.5577
46	84	6.4804
48	84	6.3668
72	84	-1.8552
73	84	-1.9023
74	84	-1.8624
75	84	-1.8996
79	84	-1.9345
2	85	6.6525
3	85	7.4456
4	85	7.4061
6	85	7.3283
20	85	4.9969
30	85	5.8389
31	85	5.9354
38	85	3.0483
42	85	3.0624
46	85	4.1348
48	85	4.044
77	85	-0.25786
1	86	7.2441
3	86	6.9838
4	86	6.9375
6	86	6.8094
21	86	4.852
24	86	5.4022
29	86	5.6937
30	86	5.483
31	86	5.5169
41	86	3.9117
45	86	3.9823
46	86	3.3693
48	86	3.2593
65	86	2.4251
78	86	0.85749
81	86	0.43965
85	86	-2.0933
1	87	7.1285
3	87	6.8434
4	87	6.7939
6	87	6.664
21	87	5.3235
24	87	5.2561
29	87	5.5329
30	87	5.3157
31	87	5.3476
41	87	3.6861
45	87	3.7326
46	87	3.177
48	87	3.07
65	87	3.0127
78	87	1.7032
81	87	1.5615
85	87	-2.0767
3	88	10.0686
4	88	9.7556
6	88	9.6381
12	88	3.9406
30	88	7.6773
31	88	8.1864
35	88	1.6303
37	88	1.4479
46	88	6.585
48	88	6.4731
72	88	-1.7556
73	88	-2.14
74	88	-2.1181
75	88	-1.5648
79	88	-1.6108
1	89	7.0067
3	89	6.8128
4	89	6.7628
6	89	6.633
21	89	4.9485
24	89	5.1261
29	89	5.3962
30	89	5.2864
31	89	5.3166
41	89	3.5338
45	89	3.5687
46	89	3.1693
48	89	3.0675
65	89	3.0244
78	89	2.0307
81	89	2.1941
85	89	-1.9916
2	90	6.7011
3	90	7.2653
4	90	7.2254
6	90	7.1465
20	90	5.101
30	90	5.6455
31	90	5.7387
38	90	3.2648
42	90	3.2796
46	90	3.9618
48	90	3.8795
77	90	0.85868
86	90	-1.1806
87	90	-1.6366
89	90	-1.8553
2	91	5.7809
3	91	5.9171
4	91	5.8423
6	91	5.6924
20	91	4.8054
30	91	4.52
31	91	4.5763
38	91	3.0871
42	91	3.4122
46	91	2.5925
48	91	2.4593
77	91	0.095634
86	91	-1.95
87	91	-1.5666
89	91	-1.8935
3	92	6.7893
4	92	7.0471
6	92	7.2815
30	92	5.8013
31	92	5.7021
46	92	3.4158
48	92	3.7131
1	93	6.5659
2	93	6.105
5	93	6.7445
7	93	7.6722
8	93	6.667
9	93	6.4975
10	93	8.9874
11	93	8.7318
12	93	3.848
13	93	8.8186
14	93	2.8437
15	93	8.6181
16	93	7.7508
17	93	2.8854
18	93	8.7023
19	93	7.9005
20	93	4.5942
21	93	4.3196
22	93	1.7487
23	93	1.8151
24	93	5.0807
25	93	5.3089
26	93	1.7033
27	93	1.6762
28	93	1.7753
29	93	5.1742
32	93	5.5588
33	93	6.2333
34	93	4.9028
35	93	1.403
36	93	6.3874
37	93	1.3645
38	93	2.4205
39	93	0.73986
40	93	0.71334
41	93	3.2386
42	93	2.3735
43	93	0.79753
44	93	0.44228
45	93	3.0399
47	93	3.57
49	93	3.5767
50	93	3.6415
51	93	3.4809
52	93	2.6899
53	93	2.659
54	93	5.0793
55	93	3.672
56	93	3.6452
57	93	3.8254
58	93	4.8756
59	93	4.679
60	93	3.9491
61	93	3.7094
62	93	5.0593
63	93	4.8485
64	93	5.2034
65	93	0.8426
66	93	4.9451
67	93	4.9663
68	93	3.7099
69	93	3.6355
70	93	4.8615
71	93	3.7819
72	93	-2.133
73	93	-1.6911
74	93	-1.5917
75	93	-1.4651
76	93	-1.1085
77	93	-1.1229
78	93	-0.29887
79	93	-1.3394
80	93	-1.1088
81	93	-0.81184
82	93	-2.0718
83	93	-2.3989
84	93	-2.0949
85	93	-1.6689
86	93	-1.8045
87	93	-1.9054
88	93	-1.8901
89	93	-1.804
90	93	-1.6359
91	93	-1.5829
92	93	-2.4426
2	94	5.7251
3	94	6.1071
4	94	6.0349
6	94	5.8875
20	94	4.7896
30	94	4.7468
31	94	4.8061
38	94	3.1328
42	94	3.4665
46	94	2.8667
48	94	2.7349
77	94	0.45669
86	94	-1.3938
87	94	-0.40305
89	94	0.22006
93	94	-1.5252
3	95	5.9159
4	95	5.8826
6	95	5.8379
7	95	6.3512
30	95	4.603
31	95	4.6449
33	95	5.183
36	95	5.112
46	95	2.6153
48	95	2.522
50	95	3.4338
51	95	3.7344
55	95	2.9691
93	95	-1.7388
3	96	6.7285
4	96	6.6983
6	96	6.6674
8	96	6.4569
9	96	6.3419
30	96	5.3221
31	96	5.3371
34	96	5.0542
46	96	3.4193
48	96	3.3439
52	96	3.258
53	96	3.1977
93	96	-1.996
95	96	-1.2677
3	97	4.2369
4	97	4.3315
6	97	4.3667
13	97	7.3007
15	97	7.1815
18	97	7.3066
30	97	2.918
31	97	2.7642
46	97	0.68181
48	97	0.62676
58	97	3.7919
59	97	3.6904
64	97	3.9805
67	97	3.8448
70	97	3.8611
93	97	-2.2425
3	98	4.5496
4	98	4.6473
6	98	4.6819
13	98	7.3442
15	98	7.2252
18	98	7.3526
30	98	3.2012
31	98	3.042
46	98	0.94903
48	98	0.89102
58	98	3.8922
59	98	3.7862
64	98	4.0954
67	98	3.9666
70	98	3.9912
93	98	-2.2922
3	99	6.9089
4	99	6.8809
6	99	6.852
8	99	6.3979
9	99	6.2839
30	99	5.5303
31	99	5.5448
34	99	4.987
46	99	3.6922
48	99	3.6231
52	99	3.1851
53	99	3.1277
93	99	-1.4974
95	99	-1.166
3	100	6.8144
4	100	6.7853
6	100	6.7542
8	100	6.6013
9	100	6.4854
30	100	5.4026
31	100	5.415
34	100	5.2187
46	100	3.511
48	100	3.4394
52	100	3.4772
53	100	3.4155
93	100	-1.638
95	100	-0.86517
3	101	5.5656
4	101	5.6352
6	101	5.6528
13	101	5.741
15	101	5.9617
18	101	6.0755
30	101	3.4314
31	101	3.46
46	101	1.8948
48	101	1.8224
58	101	2.661
59	101	2.7967
64	101	2.3997
67	101	2.3303
70	101	2.3725
93	101	-1.725
2	102	6.3239
3	102	6.3412
4	102	6.2714
6	102	6.1253
20	102	5.3563
30	102	5.0112
31	102	5.064
38	102	3.6519
42	102	3.9628
46	102	3.2235
48	102	3.1078
77	102	1.3318
86	102	0.014293
87	102	0.40589
89	102	0.78194
93	102	-0.86457
3	103	4.6515
4	103	4.7499
6	103	4.7837
13	103	7.2799
15	103	7.1609
18	103	7.2909
30	103	3.2825
31	103	3.1206
46	103	1.0167
48	103	0.95656
58	103	3.9028
59	103	3.7939
64	103	4.1184
67	103	3.9994
70	103	4.0365
93	103	-2.2298
3	104	6.1486
4	104	6.1186
6	104	6.0767
7	104	6.3568
30	104	4.8849
31	104	4.9269
33	104	5.2259
36	104	5.1634
46	104	2.9928
48	104	2.9094
50	104	3.589
51	104	3.8604
55	104	3.1657
93	104	-1.4418
96	104	-2.1709
99	104	-2.2196
100	104	-2.0145
3	105	6.0233
4	105	5.9904
6	105	5.9475
7	105	6.3113
30	105	4.7367
31	105	4.7774
33	105	5.157
36	105	5.0939
46	105	2.8135
48	105	2.7309
50	105	3.4341
51	105	3.7008
55	105	3.0109
93	105	-1.533
96	105	-2.1072
99	105	-2.1086
100	105	-1.9541
3	106	5.9377
4	106	5.9027
6	106	5.8591
7	106	6.2952
30	106	4.6316
31	106	4.6702
33	106	5.1196
36	106	5.0566
46	106	2.6893
48	106	2.6085
50	106	3.3186
51	106	3.5784
55	106	2.8991
93	106	-1.4843
96	106	-1.864
99	106	-1.9198
100	106	-1.7864
3	107	5.2962
4	107	5.3802
6	107	5.4325
10	107	5.9704
11	107	6.0086
16	107	5.8986
19	107	6.3095
30	107	3.4374
31	107	3.4082
46	107	1.8125
48	107	1.7732
54	107	2.3589
60	107	2.8703
61	107	2.7478
62	107	2.2404
63	107	2.4905
66	107	2.2935
68	107	2.8427
69	107	2.8211
71	107	3.081
93	107	-2.0703
97	107	-2.395
98	107	-2.5471
101	107	-2.11
103	107	-2.6802
3	108	5.3863
4	108	5.4702
6	108	5.5218
10	108	5.944
11	108	5.9822
16	108	5.9544
19	108	6.3697
30	108	3.5224
31	108	3.4907
46	108	1.8732
48	108	1.8291
54	108	2.265
60	108	2.9843
61	108	2.8563
62	108	2.1487
63	108	2.3966
66	108	2.203
68	108	2.9772
69	108	2.9538
71	108	3.2271
93	108	-2.0664
97	108	-2.2386
98	108	-2.3651
101	108	-2.1018
103	108	-2.5467
3	109	6.9586
4	109	6.9321
6	109	6.9024
8	109	6.5457
9	109	6.431
30	109	5.563
31	109	5.5728
34	109	5.1708
46	109	3.7286
48	109	3.6645
52	109	3.4623
53	109	3.4034
93	109	-1.056
95	109	-0.42885
104	109	-1.4338
105	109	-1.6059
106	109	-1.6852
3	110	5.4184
4	110	5.4874
6	110	5.5055
13	110	5.434
15	110	5.6481
18	110	5.766
30	110	3.2871
31	110	3.3174
46	110	1.785
48	110	1.7173
58	110	2.4305
59	110	2.5545
64	110	2.198
67	110	2.138
70	110	2.1891
93	110	-1.9463
107	110	-2.2675
108	110	-2.2981
3	111	5.3821
4	111	5.4674
6	111	5.5202
10	111	6.0766
11	111	6.1141
16	111	5.9004
19	111	6.3103
30	111	3.5268
31	111	3.4963
46	111	1.9258
48	111	1.8899
54	111	2.4946
60	111	2.8835
61	111	2.7683
62	111	2.389
63	111	2.6334
66	111	2.445
68	111	2.8494
69	111	2.8334
71	111	3.0899
93	111	-2.175
97	111	-2.2636
98	111	-2.1007
101	111	-1.8638
103	111	-2.0488
110	111	-2.2652
3	112	9.5
4	112	9.3784
6	112	9.3314
12	112	6.2789
30	112	8.3998
31	112	8.5365
35	112	8.3747
37	112	7.815
46	112	8.4299
48	112	8.4692
72	112	2.8159
73	112	2.7007
74	112	2.9559
75	112	2.5349
79	112	2.5243
93	112	3.1871
1	113	8.5685
3	113	8.2267
4	113	8.1941
6	113	8.0749
21	113	4.9596
24	113	6.821
29	113	7.0859
30	113	6.859
31	113	6.8826
41	113	5.4273
45	113	5.442
46	113	5.0862
48	113	5.0195
65	113	3.3943
78	113	2.5089
81	113	2.4922
85	113	2.0203
90	113	2.248
91	113	1.5493
93	113	1.0079
94	113	2.0311
102	113	-0.16531
3	114	6.534
4	114	6.5076
6	114	6.468
7	114	6.6734
30	114	5.2988
31	114	5.3379
33	114	5.5527
36	114	5.4938
46	114	3.4801
48	114	3.4057
50	114	3.9398
51	114	4.1944
55	114	3.5372
93	114	-0.6443
96	114	-1.0859
99	114	-1.4514
100	114	-1.3278
109	114	-1.9728
3	115	7.7749
4	115	8.0219
6	115	8.2519
30	115	6.8943
31	115	6.8085
46	115	4.8607
48	115	5.1557
93	115	2.7597
1	116	7.4844
2	116	7.1308
5	116	7.5189
7	116	8.5132
8	116	7.4734
9	116	7.3196
10	116	9.5477
11	116	9.3025
12	116	5.6213
13	116	9.2733
14	116	4.1418
15	116	9.1058
16	116	8.5497
17	116	4.1833
18	116	9.1801
19	116	8.6771
20	116	5.74
21	116	4.7017
22	116	3.5597
23	116	3.6485
24	116	6.0931
25	116	6.023
26	116	3.3019
27	116	3.5107
28	116	3.6331
29	116	6.2105
32	116	6.2587
33	116	7.1889
34	116	5.8584
35	116	3.1905
36	116	7.3344
37	116	3.1295
38	116	3.8062
39	116	1.8718
40	116	2.0605
41	116	4.5046
42	116	3.7737
43	116	1.932
44	116	1.6946
45	116	4.3599
47	116	4.4916
49	116	4.5254
50	116	5.014
51	116	4.8691
52	116	3.9742
53	116	3.9412
54	116	5.8166
55	116	5.0609
56	116	4.6493
57	116	4.7725
58	116	5.926
59	116	5.7594
60	116	5.2787
61	116	5.0674
62	116	5.7892
63	116	5.6341
64	116	6.2271
65	116	2.1488
66	116	5.6902
67	116	6.0558
68	116	5.12
69	116	5.0602
70	116	6.0144
71	116	5.2223
72	116	0.47573
73	116	0.16217
74	116	0.078384
75	116	0.081392
76	116	-0.10826
77	116	1.0987
78	116	1.2008
79	116	0.043161
80	116	-0.028065
81	116	0.79266
82	116	-0.56862
83	116	-0.33556
84	116	-0.51437
85	116	0.91504
86	116	0.40267
87	116	0.2954
88	116	-0.55116
89	116	0.14795
90	116	0.52306
91	116	-0.027644
92	116	1.091
94	116	-0.0499
95	116	0.25798
96	116	0.90331
97	116	3.3088
98	116	2.7126
99	116	0.63199
100	116	0.417
101	116	0.57832
102	116	-0.88755
103	116	2.0158
104	116	-0.31661
105	116	-0.30044
106	116	-0.29582
107	116	1.0871
108	116	0.87695
109	116	-0.22381
110	116	0.43694
111	116	0.63093
112	116	-0.38701
113	116	-1.2961
114	116	-1.148
115	116	-2.5592
1	117	7.5565
2	117	7.2
5	117	7.4057
7	117	8.5935
8	117	7.461
9	117	7.3075
10	117	9.9965
11	117	9.7487
12	117	5.5808
13	117	9.3865
14	117	3.9663
15	117	9.2183
16	117	8.5941
17	117	4.0073
18	117	9.2931
19	117	8.7198
20	117	5.8192
21	117	4.819
22	117	3.6507
23	117	3.7371
24	117	6.1799
25	117	5.8949
26	117	3.2593
27	117	3.6021
28	117	3.7222
29	117	6.2957
32	117	6.1261
33	117	7.2808
34	117	5.8579
35	117	3.1875
36	117	7.426
37	117	3.1294
38	117	3.9036
39	117	1.6074
40	117	1.9164
41	117	4.6163
42	117	3.8692
43	117	1.6687
44	117	1.5598
45	117	4.4714
47	117	4.3322
49	117	4.3619
50	117	5.1373
51	117	4.9888
52	117	3.9897
53	117	3.956
54	117	6.2939
55	117	5.1902
56	117	4.4695
57	117	4.5906
58	117	6.0906
59	117	5.9215
60	117	5.3649
61	117	5.1508
62	117	6.283
63	117	6.1216
64	117	6.399
65	117	2.2574
66	117	6.1886
67	117	6.2324
68	117	5.2165
69	117	5.1546
70	117	6.1944
71	117	5.3177
72	117	0.59087
73	117	0.29886
74	117	0.22695
75	117	0.18439
76	117	0.056054
77	117	1.2363
78	117	1.3092
79	117	0.16171
80	117	0.12471
81	117	0.9021
82	117	-0.5706
83	117	-0.34965
84	117	-0.50339
85	117	1.1097
86	117	0.52094
87	117	0.40683
88	117	-0.52112
89	117	0.24993
90	117	0.68864
91	117	0.062534
92	117	0.83623
94	117	0.024674
95	117	0.26136
96	117	1.0504
97	117	4.1808
98	117	3.5403
99	117	0.78218
100	117	0.54237
101	117	0.64447
102	117	-0.90037
103	117	2.8364
104	117	-0.32738
105	117	-0.30388
106	117	-0.29533
107	117	1.24
108	117	1.0161
109	117	-0.13444
110	117	0.48233
111	117	0.73812
112	117	-0.39116
113	117	-1.3062
114	117	-1.1565
115	117	-2.5236
3	118	10.8715
4	118	10.6574
6	118	10.6634
14	118	8.2841
17	118	8.4455
22	118	5.7848
23	118	4.9358
26	118	5.917
27	118	5.1606
28	118	4.6661
30	118	9.0878
31	118	9.402
39	118	8.3196
40	118	9.223
43	118	8.3002
44	118	8.7206
46	118	9.3358
48	118	9.2265
76	118	2.3058
80	118	2.2693
82	118	3.9242
83	118	4.3501
84	118	3.9035
88	118	3.9155
93	118	4.2355
112	118	-2.0807
116	118	0.38709
117	118	0.50452
3	119	9.5514
4	119	9.4304
6	119	9.3839
12	119	6.3945
30	119	8.4572
31	119	8.5935
35	119	8.4688
37	119	7.9529
46	119	8.5084
48	119	8.5506
72	119	2.9799
73	119	2.8734
74	119	3.1365
75	119	2.6847
79	119	2.6887
93	119	3.3723
116	119	-0.089781
117	119	-0.064928
118	119	-2.1699
3	120	5.8736
4	120	5.9533
6	120	5.9746
13	120	6.0018
15	120	6.2189
18	120	6.3274
30	120	3.7361
31	120	3.7665
46	120	2.4382
48	120	2.3925
58	120	3.2581
59	120	3.3828
64	120	3.0234
67	120	2.9688
70	120	3.0282
93	120	-1.3706
107	120	-0.8119
108	120	-0.43719
111	120	-1.3781
116	120	-0.31612
117	120	-0.31632
3	121	9.298
4	121	9.1729
6	121	9.1253
12	121	6.1852
30	121	8.189
31	121	8.3252
35	121	8.338
37	121	7.7222
46	121	8.2141
48	121	8.2529
72	121	2.7034
73	121	2.5983
74	121	2.8556
75	121	2.3887
79	121	2.3835
93	121	3.0065
116	121	-0.44432
117	121	-0.40763
118	121	-2.5014
3	122	5.8743
4	122	5.9521
6	122	5.9731
13	122	5.9574
15	122	6.1747
18	122	6.2849
30	122	3.7422
31	122	3.7722
46	122	2.4091
48	122	2.3599
58	122	3.1593
59	122	3.284
64	122	2.9246
67	122	2.8693
70	122	2.9271
93	122	-1.466
107	122	-1.0777
108	122	-0.80049
111	122	-1.5481
116	122	-0.37408
117	122	-0.36037
3	123	6.5726
4	123	6.5456
6	123	6.5061
7	123	6.7324
30	123	5.3267
31	123	5.3628
33	123	5.5965
36	123	5.5392
46	123	3.509
48	123	3.4386
50	123	3.922
51	123	4.1655
55	123	3.5286
93	123	-0.44764
96	123	-0.93628
99	123	-1.2017
100	123	-1.1816
109	123	-1.5765
116	123	-1.4033
117	123	-1.394
3	124	6.516
4	124	6.4882
6	124	6.4483
7	124	6.6686
30	124	5.2594
31	124	5.2942
33	124	5.5239
36	124	5.4671
46	124	3.43
48	124	3.3599
50	124	3.8154
51	124	4.0554
55	124	3.4241
93	124	-0.49072
96	124	-1.0601
99	124	-1.2836
100	124	-1.3209
109	124	-1.6439
116	124	-1.3486
117	124	-1.3415
3	125	5.2819
4	125	5.3852
6	125	5.4203
13	125	7.4571
15	125	7.3452
18	125	7.4731
30	125	3.9122
31	125	3.7434
46	125	1.6852
48	125	1.6299
58	125	4.167
59	125	4.072
64	125	4.3587
67	125	4.2482
70	125	4.2972
93	125	-1.459
107	125	-0.32697
108	125	-0.52514
111	125	-0.9245
116	125	-1.3215
117	125	-1.8037
3	126	11.0806
4	126	10.8683
6	126	10.8762
14	126	8.4653
17	126	8.6291
22	126	5.6632
23	126	4.8246
26	126	5.7926
27	126	5.0453
28	126	4.5586
30	126	9.3141
31	126	9.6298
39	126	8.5361
40	126	9.4542
43	126	8.5214
44	126	8.9486
46	126	9.6155
48	126	9.5114
76	126	2.1205
80	126	2.0995
82	126	4.2803
83	126	4.7175
84	126	4.281
88	126	4.317
93	126	4.7243
112	126	-1.7882
116	126	1.1182
117	126	1.3407
119	126	-2.324
121	126	-2.15
3	127	11.0117
4	127	10.7983
6	127	10.8048
14	127	8.3489
17	127	8.5108
22	127	5.6956
23	127	4.8496
26	127	5.827
27	127	5.0734
28	127	4.5811
30	127	9.2315
31	127	9.545
39	127	8.3979
40	127	9.3024
43	127	8.38
44	127	8.8011
46	127	9.5003
48	127	9.3933
76	127	2.2685
80	127	2.2442
82	127	4.0635
83	127	4.4887
84	127	4.0549
88	127	4.0815
93	127	4.5324
112	127	-1.6011
116	127	0.98987
117	127	1.1858
119	127	-2.2454
121	127	-2.0722
2	128	7.891
3	128	8.645
4	128	8.625
6	128	8.557
20	128	6.3248
30	128	7.1502
31	128	7.2289
38	128	4.5813
42	128	4.6355
46	128	5.8634
48	128	5.8285
77	128	2.4413
86	128	1.8334
87	128	1.5248
89	128	1.3998
93	128	2.079
113	128	-1.8802
116	128	-0.4972
117	128	-0.46102
3	129	9.5657
4	129	9.4454
6	129	9.3993
12	129	6.2954
30	129	8.4759
31	129	8.6115
35	129	8.336
37	129	7.8598
46	129	8.5465
48	129	8.5913
72	129	2.9042
73	129	2.8008
74	129	3.069
75	129	2.6072
79	129	2.6188
93	129	3.5042
116	129	0.14517
117	129	0.19408
118	129	-1.9781
126	129	-2.2888
127	129	-2.3701
1	130	8.6519
3	130	8.3303
4	130	8.2988
6	130	8.1806
21	130	4.927
24	130	6.9116
29	130	7.1756
30	130	6.9782
31	130	7.001
41	130	5.527
45	130	5.5381
46	130	5.2414
48	130	5.1795
65	130	3.4609
78	130	2.6126
81	130	2.5954
85	130	2.2796
90	130	2.5445
91	130	1.8153
93	130	1.3257
94	130	2.2654
102	130	0.47179
116	130	-0.85091
117	130	-0.83824
128	130	-2.0172
2	131	7.0646
3	131	7.1888
4	131	7.1276
6	131	6.9866
20	131	6.1143
30	131	5.9304
31	131	5.9778
38	131	4.433
42	131	4.7353
46	131	4.2998
48	131	4.2013
77	131	2.5174
86	131	1.5276
87	131	1.7581
89	131	2.1376
93	131	0.70053
113	131	-0.97502
116	131	-0.99742
117	131	-1.0287
130	131	-2.2267
2	132	7.8987
3	132	8.875
4	132	8.8583
6	132	8.7928
20	132	6.3177
30	132	7.4106
31	132	7.4888
38	132	4.5524
42	132	4.6138
46	132	6.1918
48	132	6.1633
77	132	2.2941
86	132	1.7135
87	132	1.4576
89	132	1.3691
93	132	2.6351
113	132	-1.621
116	132	0.12267
117	132	0.19923
130	132	-2.2077
2	133	7.0722
3	133	7.6152
4	133	7.5585
6	133	7.4206
20	133	6.1605
30	133	6.3989
31	133	6.4484
38	133	4.5272
42	133	4.8362
46	133	4.8375
48	133	4.7427
77	133	2.7852
86	133	1.9641
87	133	2.2149
89	133	2.6549
93	133	1.3762
113	133	0.58389
116	133	-0.31252
117	133	-0.33767
130	133	-0.85504
2	134	7.9728
3	134	8.7996
4	134	8.7825
6	134	8.7164
20	134	6.4074
30	134	7.3266
31	134	7.4038
38	134	4.6687
42	134	4.7306
46	134	6.0976
48	134	6.0691
77	134	2.5029
86	134	1.9685
87	134	1.708
89	134	1.6195
93	134	2.5792
113	134	-1.1133
116	134	0.27098
117	134	0.3655
130	134	-1.8069
2	135	7.2657
3	135	7.4937
4	135	7.434
6	135	7.2942
20	135	6.3162
30	135	6.2577
31	135	6.3042
38	135	4.6356
42	135	4.9346
46	135	4.6712
48	135	4.5782
77	135	2.7953
86	135	1.8459
87	135	2.0315
89	135	2.3949
93	135	1.2394
113	135	0.033501
116	135	-0.30418
117	135	-0.31492
130	135	-0.82939
3	136	11.7616
4	136	11.4621
6	136	11.3454
12	136	6.9807
30	136	9.322
31	136	9.799
35	136	4.6181
37	136	4.3973
46	136	8.2749
48	136	8.1687
72	136	2.2931
73	136	1.7593
74	136	1.749
75	136	2.2034
79	136	2.2437
93	136	4.5934
116	136	3.4177
117	136	4.2986
118	136	-1.5901
126	136	-1.9076
127	136	-2.004
2	137	7.4426
3	137	7.8319
4	137	7.7763
6	137	7.6392
20	137	6.5284
30	137	6.6321
31	137	6.6805
38	137	4.8902
42	137	5.1934
46	137	5.1053
48	137	5.0153
77	137	3.2087
86	137	2.3891
87	137	2.5808
89	137	2.9865
93	137	1.7897
113	137	1.4503
116	137	0.2465
117	137	0.2415
130	137	0.94662
3	138	6.5809
4	138	6.5169
6	138	6.4632
8	138	6.5763
9	138	6.7424
30	138	5.4248
31	138	5.4691
34	138	5.5156
46	138	4.0466
48	138	3.966
52	138	4.6222
53	138	4.8778
93	138	0.93598
95	138	2.0268
104	138	1.6975
105	138	2.1897
106	138	2.812
114	138	1.5963
116	138	-0.56339
117	138	-0.49982
123	138	2.224
124	138	2.6477
3	139	8.2435
4	139	8.2315
6	139	8.2086
8	139	7.2222
9	139	7.122
30	139	6.9138
31	139	6.91
34	139	5.8753
46	139	5.3029
48	139	5.2647
52	139	4.2739
53	139	4.2353
93	139	1.7667
95	139	1.48
104	139	1.2935
105	139	0.95139
106	139	0.65468
114	139	0.6451
116	139	-0.061917
117	139	0.078499
123	139	0.0039413
124	139	-0.083671
3	140	7.4836
4	140	7.4667
6	140	7.4327
7	140	7.4857
30	140	6.3118
31	140	6.3427
33	140	6.394
36	140	6.3458
46	140	4.6613
48	140	4.6074
50	140	4.8385
51	140	5.0499
55	140	4.4886
93	140	1.2631
96	140	1.1982
99	140	0.97703
100	140	1.1773
109	140	1.0432
116	140	-0.31998
117	140	-0.18336
138	140	-1.4176
139	140	-2.2278
1	141	8.033
2	141	7.8565
5	141	8.3302
7	141	9.3491
8	141	8.2067
9	141	8.0595
10	141	11.076
11	141	10.8344
12	141	6.635
13	141	10.3889
14	141	5.1213
15	141	10.2353
16	141	9.2039
17	141	5.1634
18	141	10.3048
19	141	9.3234
20	141	6.5136
21	141	5.1866
22	141	4.4708
23	141	4.5814
24	141	6.6602
25	141	6.8442
26	141	4.4615
27	141	4.4374
28	141	4.5809
29	141	6.7957
32	141	7.0843
33	141	8.0594
34	141	6.6529
35	141	4.0958
36	141	8.2003
37	141	4.0111
38	141	4.6758
39	141	2.9444
40	141	2.9822
41	141	5.1489
42	141	4.6549
43	141	3.0029
44	141	2.629
45	141	5.0368
47	141	5.4661
49	141	5.519
50	141	6.0205
51	141	5.898
52	141	4.9223
53	141	4.8904
54	141	7.3323
55	141	6.0532
56	141	5.6953
57	141	5.8002
58	141	7.1695
59	141	7.024
60	141	6.1093
61	141	5.927
62	141	7.2805
63	141	7.1441
64	141	7.4335
65	141	3.2375
66	141	7.1773
67	141	7.274
68	141	5.9535
69	141	5.9122
70	141	7.2453
71	141	6.072
72	141	1.5178
73	141	1.151
74	141	1.0761
75	141	1.3968
76	141	1.4517
77	141	2.3357
78	141	2.4258
79	141	1.3461
80	141	1.5827
81	141	2.0858
82	141	0.21415
83	141	0.54828
84	141	0.25162
85	141	2.2221
86	141	1.8523
87	141	1.7196
88	141	0.19089
89	141	1.5878
90	141	1.9775
91	141	1.4208
92	141	2.9162
94	141	1.4308
95	141	1.8633
96	141	2.9131
97	141	4.7033
98	141	4.3755
99	141	2.8032
100	141	2.5232
101	141	2.2852
102	141	0.6329
103	141	4.0661
104	141	1.4707
105	141	1.3735
106	141	1.2718
107	141	3.7595
108	141	3.503
109	141	2.1097
110	141	2.2173
111	141	3.5147
112	141	-1.2607
113	141	-0.57562
114	141	0.78916
115	141	2.1426
118	141	-1.4118
119	141	-1.4646
120	141	1.9845
121	141	-1.193
122	141	1.8353
123	141	0.40453
124	141	0.3854
125	141	3.1293
126	141	-1.6309
127	141	-1.8493
128	141	-0.76484
129	141	-1.6129
130	141	-0.93939
131	141	-0.74394
132	141	-0.8994
133	141	-1.0338
134	141	-1.2416
135	141	-1.3624
136	141	-2.1815
137	141	-1.5723
138	141	-1.08
139	141	-1.016
140	141	-1.4572
3	142	7.5704
4	142	7.5555
6	142	7.5223
7	142	7.5928
30	142	6.4128
31	142	6.4434
33	142	6.5125
36	142	6.466
46	142	4.7899
48	142	4.738
50	142	4.9883
51	142	5.1943
55	142	4.6462
93	142	1.4644
96	142	1.5479
99	142	1.3385
100	142	1.5566
109	142	1.464
116	142	-0.08881
117	142	0.055933
138	142	-0.89953
139	142	-1.6931
141	142	-1.6297
3	143	8.2124
4	143	8.4501
6	143	8.6826
30	143	7.3682
31	143	7.2961
46	143	5.2731
48	143	5.5741
93	143	3.4575
116	143	1.406
117	143	1.2733
141	143	-1.9899
2	144	7.506
3	144	7.6033
4	144	7.5459
6	144	7.4077
20	144	6.5575
30	144	6.3933
31	144	6.4372
38	144	4.8773
42	144	5.1711
46	144	4.8645
48	144	4.7792
77	144	3.1527
86	144	2.2528
87	144	2.3715
89	144	2.7094
93	144	1.6555
113	144	1.1758
116	144	0.2996
117	144	0.30963
130	144	0.85437
141	144	-1.4565
2	145	7.678
3	145	7.751
4	145	7.6948
6	145	7.5573
20	145	6.7302
30	145	6.5529
31	145	6.5957
38	145	5.0508
42	145	5.3427
46	145	5.0499
48	145	4.9679
77	145	3.3646
86	145	2.4768
87	145	2.5755
89	145	2.9057
93	145	1.9408
113	145	1.5424
116	145	0.68019
117	145	0.69763
130	145	1.3117
141	145	-1.145
3	146	6.3605
4	146	6.4684
6	146	6.5057
13	146	8.892
15	146	8.8023
18	146	8.9211
30	146	5.0119
31	146	4.8377
46	146	2.8418
48	146	2.7936
58	146	5.7449
59	146	5.6813
64	146	5.8786
67	146	5.777
70	146	5.8384
93	146	0.16005
107	146	3.0162
108	146	2.8557
111	146	2.8385
116	146	-0.2709
117	146	-0.31754
141	146	-2.3188
2	147	7.7503
3	147	7.7296
4	147	7.6731
6	147	7.5353
20	147	6.7939
30	147	6.5286
31	147	6.5699
38	147	5.1051
42	147	5.3917
46	147	5.0252
48	147	4.9444
77	147	3.4135
86	147	2.5121
87	147	2.5968
89	147	2.9136
93	147	1.9426
113	147	1.5564
116	147	0.72508
117	147	0.74302
130	147	1.3343
141	147	-1.0571
2	148	7.8101
3	148	7.8021
4	148	7.7481
6	148	7.6116
20	148	6.8713
30	148	6.617
31	148	6.6589
38	148	5.2012
42	148	5.4886
46	148	5.1421
48	148	5.0626
77	148	3.568
86	148	2.7054
87	148	2.7908
89	148	3.1228
93	148	2.115
113	148	1.9395
116	148	0.91131
117	148	0.93029
130	148	1.7884
141	148	-0.86054
offset
60
