136
detection	body_part	cost
1	3	-0.74173
2	4	-1.3497
3	3	-1.8867
4	4	-2.4704
5	1	-3.1315
6	9	-1.001
7	9	-0.49482
8	6	-2.6565
9	7	-1.7043
10	7	-0.86374
11	2	-1.8456
12	12	-0.30209
13	12	-0.64922
14	2	0.52704
15	5	-2.5506
16	8	-0.64665
17	5	-0.19825
18	8	-1.0026
19	3	-4.0217
20	4	-5.2207
21	4	-4.2208
22	3	-0.29238
23	4	-0.9331
24	9	-0.42728
25	4	-3.2295
26	9	-1.5359
27	4	-3.2472
28	6	-1.5025
29	1	-4.4257
30	6	-1.0371
31	1	-2.1211
32	2	-4.1294
33	6	-1.7436
34	1	-1.502
35	12	-1.312
36	5	-0.50932
37	7	-2.3187
38	5	-0.9451
39	5	-3.57
40	5	-3.8063
41	10	0.88019
42	5	-1.3897
43	8	-2.5646
44	11	1.2723
45	8	-2.2913
46	14	1.1437
47	8	0.167
48	4	-3.929
49	11	0.26659
50	9	-0.87475
51	11	-1.4523
52	3	-3.8223
53	5	-1.0001
54	9	-2.6229
55	11	-1.7851
56	9	-1.2041
57	5	-3.9323
58	9	-1.6753
59	10	-3.1541
60	1	-3.7038
61	12	-0.60492
62	5	-0.35813
63	12	-1.7229
64	2	-3.7421
65	12	-3.3591
66	12	-2.7253
67	14	0.067333
68	6	-2.4496
69	8	-0.27392
70	13	-3.5213
71	7	-0.22121
72	8	-0.61604
73	13	-1.6463
74	4	-2.1534
75	5	-0.38513
76	4	0.19189
77	5	0.2155
78	3	-1.9183
79	3	-3.5184
80	10	0.11688
81	11	0.40748
82	11	0.9308
83	3	-0.68899
84	9	-0.66094
85	9	-1.9446
86	11	-0.014935
87	13	-0.31872
88	2	-3.6158
89	1	-4.0525
90	9	-1.2849
91	12	-0.34466
92	13	-3.3076
93	13	0.071624
94	6	-0.84797
95	1	-1.7842
96	6	-0.26174
97	12	-1.8888
98	14	-0.065314
99	13	-2.1008
100	6	-1.427
101	6	-3.0757
102	7	-1.761
103	12	-1.1293
104	7	-1.1857
105	8	-3.4009
106	8	-4.5111
107	8	-2.7429
108	7	-2.0679
109	13	-1.4141
110	13	-1.5914
111	8	-2.9606
112	11	0.79305
113	7	-0.32219
114	13	-1.4663
115	13	0.13822
116	13	0.2408
117	13	0.61151
118	7	-1.1086
119	7	-5.9337
120	6	-0.91455
121	7	-0.20618
122	14	-1.5859
123	6	-3.2294
124	4	0.35814
125	12	-1.2875
126	14	-0.71708
127	1	-0.74077
128	6	-0.46367
129	11	9.2102
130	3	0.0094314
131	1	-3.5625
132	2	-1.4589
133	3	-0.90361
134	3	-1.1032
135	11	9.2102
136	11	9.2102
detection1	detection2	cost
1	3	-5.6071
2	4	-5.6071
6	7	-5.6071
9	10	-5.6071
12	13	-5.6071
11	14	-3.2674
15	17	-3.7143
16	18	-5.6071
1	19	18.2456
3	19	16.443
2	20	20.4477
4	20	18.7964
2	21	19.6016
4	21	17.8953
20	21	-5.6071
1	22	19.269
3	22	17.3966
19	22	-3.2674
2	23	23.0214
4	23	21.3932
20	23	-4.8231
21	23	-3.2674
6	24	21.9459
7	24	20.6393
2	25	22.1279
4	25	20.4477
20	25	-5.6071
21	25	-4.8231
23	25	-5.6071
6	26	20.6393
7	26	19.269
24	26	-5.6071
2	27	21.3311
4	27	19.6016
20	27	-4.8231
21	27	-5.6071
23	27	-3.7143
25	27	-5.6071
8	28	12.8867
5	29	15.9133
8	30	12.262
28	30	-5.6071
5	31	15.5276
29	31	-5.6071
11	32	11.523
14	32	9.6406
8	33	14.6553
28	33	-5.6071
30	33	-4.8231
5	34	17.7539
29	34	-5.6071
31	34	-4.8231
12	35	16.7404
13	35	17.9658
15	36	11.9882
17	36	8.783
9	37	18.7964
10	37	19.7992
15	38	12.8867
17	38	9.4302
36	38	-4.8231
15	39	16.2174
17	39	12.9744
36	39	-3.2674
38	39	-3.2674
15	40	15.3715
17	40	11.9882
36	40	-3.7143
38	40	-4.8231
39	40	-5.6071
15	42	17.8953
17	42	14.5743
36	42	-1.5143
38	42	-2.1462
39	42	-5.6071
40	42	-4.8231
16	43	16.2174
18	43	17.1798
16	45	17.1071
18	45	17.8953
43	45	-4.8231
16	47	18.8644
18	47	19.6016
43	47	-3.2674
45	47	-5.6071
2	48	42.5087
4	48	40.8698
20	48	14.5743
21	48	15.6053
23	48	11.9882
25	48	12.9744
27	48	14.0819
44	49	5.1977
6	50	41.3489
7	50	39.8214
24	50	12.8867
26	50	13.6628
44	51	4.6202
49	51	-4.8231
1	52	42.7945
3	52	41.0177
19	52	17.1071
22	52	17.1798
15	53	32.4299
17	53	29.2526
36	53	12.9744
38	53	12.6213
39	53	8.783
40	53	9.9513
42	53	7.2837
6	54	42.9012
7	54	41.3489
24	54	14.6553
26	54	15.3715
50	54	-5.6071
44	55	7.2837
49	55	-3.7143
51	55	-4.8231
6	56	45.5338
7	56	43.9913
24	56	17.1071
26	56	17.8953
50	56	-3.2674
54	56	-4.8231
15	57	33.1414
17	57	29.833
36	57	13.6628
38	57	12.9744
39	57	9.4302
40	57	10.3572
42	57	7.7607
53	57	-4.8231
6	58	43.4667
7	58	41.8597
24	58	15.9133
26	58	16.443
50	58	-3.2674
54	58	-4.8231
56	58	-3.7143
41	59	15.293
5	60	42.1852
29	60	18.8644
31	60	19.6016
34	60	17.1071
12	61	40.8698
13	61	41.8597
35	61	17.1071
15	62	36.5267
17	62	33.1414
36	62	17.1071
38	62	16.2174
39	62	12.8867
40	62	13.6628
42	62	11.1425
53	62	-1.5143
57	62	-3.7143
12	63	39.0581
13	63	39.9349
35	63	15.9133
61	63	-3.7143
11	64	36.2
14	64	34.8256
32	64	17.7539
12	65	41.605
13	65	42.5087
35	65	18.2456
61	65	-4.8231
63	65	-4.8231
12	66	40.7586
13	66	41.605
35	66	17.7539
61	66	-3.2674
63	66	-5.6071
65	66	-5.6071
46	67	10.3572
8	68	41.6414
28	68	21.4551
30	68	21.885
33	68	19.6016
16	69	35.7467
18	69	36.5267
43	69	12.262
45	69	11.1425
47	69	9.4302
9	71	45.2289
10	71	45.9376
37	71	19.6016
16	72	37.4927
18	72	38.243
43	72	14.0819
45	72	12.8867
47	72	11.1425
69	72	-5.6071
70	73	-4.8231
2	74	58.966
4	74	57.1903
20	74	31.5222
21	74	32.024
23	74	29.2526
25	74	29.6887
27	74	30.2149
48	74	11.523
15	75	43.9913
17	75	40.3859
36	75	25.1758
38	75	23.7178
39	75	21.1441
40	75	21.4551
42	75	19.269
53	75	8.6726
57	75	6.2802
62	75	2.6933
2	76	57.7693
4	76	55.9601
20	76	30.7807
21	76	31.1069
23	76	28.663
25	76	28.9098
27	76	29.2526
48	76	12.262
74	76	-3.7143
15	77	43.4667
17	77	39.8214
36	77	24.9005
38	77	23.3135
39	77	20.9559
40	77	21.1441
42	77	19.0675
53	77	9.4302
57	77	6.9156
62	77	3.5372
75	77	-5.6071
1	78	58.207
3	78	56.3541
19	78	32.6536
22	78	31.5222
52	78	9.9513
1	79	57.8516
3	79	55.9884
19	79	32.4299
22	79	31.1069
52	79	10.4572
78	79	-5.6071
41	80	28.2144
59	80	6.2802
44	81	20.6393
49	81	13.4073
51	81	11.4286
55	81	9.6406
44	82	20.0604
49	82	13.6628
51	82	11.523
55	82	9.9513
81	82	-5.6071
1	83	59.4226
3	83	57.5493
19	83	34.1859
22	83	32.6536
52	83	12.8867
78	83	-3.2674
79	83	-4.8231
6	84	60.2209
7	84	58.5333
24	84	33.3612
26	84	33.8406
50	84	13.4073
54	84	11.523
56	84	9.5357
58	84	9.9513
6	85	59.3958
7	85	57.6869
24	85	32.9647
26	85	33.3612
50	85	13.3214
54	85	11.4286
56	85	9.6406
58	85	9.6406
84	85	-5.6071
44	86	22.4287
49	86	15.293
51	86	13.3214
55	86	11.523
81	86	-5.6071
82	86	-4.8231
70	87	5.8845
73	87	3.2076
11	88	49.4118
14	88	47.3929
32	88	30.4044
64	88	7.7607
5	89	55.4215
29	89	32.295
31	89	32.4299
34	89	30.4044
60	89	9.4302
6	90	61.1144
7	90	59.3958
24	90	34.8256
26	90	35.2048
50	90	15.2143
54	90	13.3214
56	90	11.523
58	90	11.523
84	90	-4.8231
85	90	-5.6071
12	91	53.6601
13	91	54.388
35	91	31.1069
61	91	7.7607
63	91	7.7607
65	91	5.75
66	91	5.8845
70	92	8.5614
73	92	5.8845
87	92	-4.8231
70	93	11.4286
73	93	8.783
87	93	-1.5143
92	93	-3.7143
8	94	54.127
28	94	34.3146
30	94	34.5282
33	94	32.4299
68	94	5.8845
5	95	57.5493
29	95	34.3146
31	95	34.5282
34	95	32.4299
60	95	10.4572
89	95	-4.8231
8	96	53.5428
28	96	34.1429
30	96	34.1859
33	96	32.25
68	96	6.9156
94	96	-3.7143
12	97	55.4215
13	97	56.1293
35	97	32.9647
61	97	9.6406
63	97	9.6406
65	97	7.6429
66	97	7.7607
91	97	-5.6071
46	98	23.7178
67	98	7.7607
70	99	8.783
73	99	6.1496
87	99	-3.7143
92	99	-4.8231
93	99	-1.5143
8	100	55.9884
28	100	36.2
30	100	36.4045
33	100	34.3146
68	100	7.7607
94	100	-5.6071
96	100	-3.2674
8	101	55.6772
28	101	36.0768
30	101	36.2
33	101	34.1859
68	101	8.1089
94	101	-4.8231
96	101	-4.8231
100	101	-5.6071
9	102	57.2457
10	102	57.7693
37	102	32.4299
71	102	5.8845
12	103	57.1903
13	103	57.879
35	103	34.8256
61	103	11.523
63	103	11.523
65	103	9.5357
66	103	9.6406
91	103	-3.7143
97	103	-5.6071
9	104	56.7736
10	104	57.2457
37	104	32.295
71	104	6.2802
102	104	-5.6071
16	105	47.9126
18	105	48.2028
43	105	26.7811
45	105	24.7342
47	105	22.8448
69	105	10.3572
72	105	8.783
16	106	47.6858
18	106	47.9126
43	106	27.0414
45	106	24.9005
47	106	23.0214
69	106	11.4286
72	106	9.9513
105	106	-5.6071
16	107	47.5232
18	107	47.6858
43	107	27.4026
45	107	25.1758
47	107	23.3135
69	107	12.6213
72	107	11.2383
105	107	-3.7143
106	107	-5.6071
9	108	59.0737
10	108	59.583
37	108	34.3146
71	108	7.7607
102	108	-5.6071
104	108	-4.8231
70	109	10.4572
73	109	9.4302
87	109	9.4302
92	109	10.4572
93	109	14.0819
99	109	8.1089
70	110	9.9513
73	110	8.6726
87	110	7.7607
92	110	8.6726
93	110	12.262
99	110	6.2802
109	110	-5.6071
16	111	49.5689
18	111	49.7883
43	111	28.9098
45	111	26.7811
47	111	24.9005
69	111	12.9744
72	111	11.4286
105	111	-4.8231
106	111	-5.6071
107	111	-4.8231
44	112	28.5141
49	112	25.5573
51	112	23.08
55	112	22.1279
81	112	7.2837
82	112	5.8845
86	112	6.1496
9	113	60.9052
10	113	61.401
37	113	36.2
71	113	9.6406
102	113	-3.7143
104	113	-3.2674
108	113	-5.6071
70	114	11.8034
73	114	10.4572
87	114	8.783
92	114	9.4302
93	114	12.8867
99	114	6.9156
109	114	-4.8231
110	114	-5.6071
70	115	11.523
73	115	9.9513
87	115	7.2837
92	115	7.7607
93	115	11.1425
99	115	5.1977
109	115	-3.2674
110	115	-4.8231
114	115	-5.6071
70	116	14.0819
73	116	12.8867
87	116	11.4286
92	116	11.9882
93	116	15.3715
99	116	9.4302
109	116	-3.7143
110	116	-3.2674
114	116	-4.8231
115	116	-3.2674
70	117	13.6628
73	117	12.262
87	117	9.9513
92	117	10.3572
93	117	13.6628
99	117	7.7607
109	117	-3.2674
110	117	-3.7143
114	117	-5.6071
115	117	-4.8231
116	117	-5.6071
9	118	60.8791
10	118	61.0622
37	118	38.5552
71	118	15.6053
102	118	5.1977
104	118	3.5372
108	118	4.4715
113	118	4.0138
9	119	60.6691
10	119	60.7479
37	119	39.3267
71	119	17.9658
102	119	8.6726
104	119	6.9156
108	119	8.1089
113	119	7.7607
118	119	-3.7143
8	120	62.5357
28	120	44.1649
30	120	43.9217
33	120	42.2933
68	120	18.7964
94	120	7.2837
96	120	4.6202
100	120	6.1496
101	120	4.6202
9	121	62.5357
10	121	62.5613
37	121	41.6414
71	121	20.6393
102	121	11.1425
104	121	9.4302
108	121	10.4572
113	121	9.9513
118	121	-1.5143
119	121	-4.8231
46	122	33.3612
67	122	23.5452
98	122	11.9882
8	123	64.4535
28	123	46.3384
30	123	46.0381
33	123	44.4761
68	123	21.3932
94	123	9.9513
96	123	7.2837
100	123	8.783
101	123	7.2837
120	123	-4.8231
2	124	74.6814
4	124	72.8071
20	124	49.3173
21	124	49.2857
23	124	47.5232
25	124	47.4255
27	124	47.3929
48	124	32.6089
74	124	14.5743
76	124	12.8867
12	125	62.638
13	125	62.7655
35	125	44.8538
61	125	27.7092
63	125	25.6115
65	125	25.0659
66	125	24.0034
91	125	15.6053
97	125	14.5743
103	125	13.6628
46	126	34.8256
67	126	24.0034
98	126	11.4286
122	126	-4.8231
5	127	70.1302
29	127	47.5232
31	127	47.4255
34	127	45.635
60	127	25.5573
89	127	8.6726
95	127	7.7607
8	128	66.4184
28	128	48.5554
30	128	48.2028
33	128	46.7032
68	128	24.0034
94	128	12.6213
96	128	9.9513
100	128	11.4286
101	128	9.9513
120	128	-2.1462
123	128	-4.8231
44	129	45.8369
49	129	36.2
51	129	35.0367
55	129	32.6089
81	129	18.2456
82	129	19.4026
86	129	16.7404
112	129	21.3311
1	130	77.7627
3	130	75.8717
19	130	53.1896
22	130	51.1786
52	130	32.6089
78	130	15.3715
79	130	14.6553
83	130	12.262
5	131	72
29	131	49.5689
31	131	49.4118
34	131	47.6858
60	131	28.0636
89	131	11.1425
95	131	10.3572
127	131	-4.8231
11	132	68.3089
14	132	66.3214
32	132	49.3173
64	132	25.5573
88	132	11.4286
1	133	81.5448
3	133	79.6537
19	133	56.9684
22	133	54.9643
52	133	36.2
78	133	18.8644
79	133	18.2456
83	133	15.9133
130	133	-3.7143
1	134	81.4844
3	134	79.592
19	134	57.1072
22	134	54.993
52	134	36.8106
78	134	19.6016
79	134	18.8644
83	134	16.443
130	134	-3.2674
133	134	-5.6071
44	135	50.9338
49	135	41.6414
51	135	40.3859
55	135	38.0074
81	135	23.0214
82	135	24.0034
86	135	21.3932
112	135	24.0034
129	135	-1.8214
44	136	50.1623
49	136	41.1652
51	136	39.8214
55	136	37.4927
81	136	22.1279
82	136	23.0214
86	136	20.4477
112	136	22.4287
129	136	-1.5143
135	136	-5.6071
1	2	-1.4818
2	3	-1.9215
1	4	-2.37
3	4	-2.2743
1	5	-2.7312
2	5	-1.4391
3	5	-1.7896
4	5	-2.3538
5	6	-2.0357
5	7	-1.8863
5	8	-2.0125
5	9	-1.9148
8	9	-2.6457
5	10	-1.7163
8	10	-2.7086
5	11	-2.4318
5	12	-1.9241
5	13	-2.1801
5	14	-1.7947
2	15	-1.9948
4	15	-1.9581
5	15	-1.8219
5	16	-1.7826
9	16	-1.9738
10	16	-1.8661
2	17	-1.9446
4	17	-2.1425
5	17	-1.9218
5	18	-1.6424
9	18	-2.5058
10	18	-2.5659
2	19	1.5805
4	19	2.1046
5	19	4.9543
1	20	3.2354
3	20	3.4479
5	20	4.0601
15	20	5.2628
17	20	4.4927
19	20	-2.2624
1	21	2.9045
3	21	3.0945
5	21	3.6903
15	21	5.978
17	21	5.1608
19	21	-2.1014
2	22	1.4484
4	22	1.9583
5	22	3.9223
20	22	-1.5886
21	22	-1.6321
1	23	3.1927
3	23	3.4259
5	23	4.3366
15	23	4.7657
17	23	4.1148
19	23	-2.4423
22	23	-1.5621
5	24	4.7378
1	25	3.0676
3	25	3.2804
5	25	3.9848
15	25	5.2911
17	25	4.6134
19	25	-2.7186
22	25	-1.7722
5	26	4.3217
1	27	2.8077
3	27	3.0003
5	27	3.6157
15	27	6.3267
17	27	5.6043
19	27	-2.3328
22	27	-1.6709
5	28	0.45295
9	28	3.096
10	28	2.9722
1	29	-0.031566
2	29	0.92502
3	29	0.61055
4	29	1.5825
6	29	1.7268
7	29	1.7509
8	29	3.9894
9	29	3.5714
10	29	3.3017
11	29	2.8515
12	29	2.3208
13	29	2.2727
14	29	3.3807
15	29	3.1248
16	29	4.2213
17	29	2.6887
18	29	4.1525
19	29	-2.4453
20	29	-1.9703
21	29	-1.9105
22	29	-1.7958
23	29	-2.2236
24	29	-1.4304
25	29	-2.2263
26	29	-1.723
27	29	-1.9411
28	29	3.2133
5	30	1.5458
9	30	3.5259
10	30	3.3985
29	30	-0.60226
1	31	-0.22325
2	31	1.0867
3	31	0.40448
4	31	1.7361
6	31	1.8069
7	31	1.8277
8	31	3.7491
9	31	4.228
10	31	3.9387
11	31	2.6265
12	31	2.4472
13	31	2.3891
14	31	3.0944
15	31	3.3337
16	31	4.4929
17	31	2.8866
18	31	4.405
19	31	-1.368
20	31	-1.6587
21	31	-1.6827
22	31	-1.2637
23	31	-1.9998
24	31	-1.5075
25	31	-2.0296
26	31	-1.7879
27	31	-1.8693
28	31	-0.6184
30	31	1.738
5	32	1.3508
29	32	-2.2672
31	32	-2.142
5	33	-0.049059
9	33	2.7857
10	33	2.6534
29	33	-2.1856
31	33	-1.31
1	34	-0.065239
2	34	0.88197
3	34	0.57477
4	34	1.537
6	34	1.6847
7	34	1.7156
8	34	2.2061
9	34	3.3216
10	34	3.0609
11	34	2.6553
12	34	2.3014
13	34	2.2523
14	34	3.208
15	34	3.0229
16	34	4.0859
17	34	2.6238
18	34	4.0124
19	34	-1.9918
20	34	-1.5386
21	34	-1.5436
22	34	-1.3223
23	34	-1.6003
24	34	-1.8802
25	34	-1.6062
26	34	-1.8005
27	34	-1.428
28	34	1.2044
30	34	-0.54339
32	34	-2.1841
33	34	1.432
5	35	3.6382
29	35	-2.1958
31	35	-1.9854
34	35	-1.396
2	36	-0.10545
4	36	-0.34489
5	36	3.03
20	36	-2.0927
21	36	-2.0539
23	36	-1.1402
25	36	-2.2307
27	36	-1.72
29	36	-1.5523
31	36	-1.3666
34	36	-1.9551
5	37	2.3219
8	37	3.2407
16	37	4.8019
18	37	4.4703
28	37	-1.7033
29	37	-1.3517
30	37	-1.3104
31	37	-1.8104
33	37	-1.7198
34	37	-0.65321
2	38	0.069795
4	38	-0.18614
5	38	2.3677
20	38	-1.8444
21	38	-1.8353
23	38	-1.1349
25	38	-1.7136
27	38	-1.7523
29	38	-1.9036
31	38	-1.9532
34	38	-1.5431
2	39	-0.3225
4	39	-0.56547
5	39	2.1976
20	39	-2.1861
21	39	-2.2502
23	39	-1.6257
25	39	-2.0508
27	39	-2.0029
29	39	-1.6117
31	39	-1.9124
34	39	-0.96296
2	40	-0.16082
4	40	-0.41254
5	40	2.2865
20	40	-2.1496
21	40	-2.1599
23	40	-1.6749
25	40	-2.2209
27	40	-2.0438
29	40	-1.9583
31	40	-2.1213
34	40	-1.3143
5	41	1.5748
6	41	1.5614
7	41	1.5293
24	41	-0.47773
26	41	-0.54577
29	41	-0.89293
31	41	-0.97385
34	41	-0.73454
2	42	-0.017077
4	42	-0.26814
5	42	2.3071
20	42	-2.3867
21	42	-2.0365
23	42	-1.8894
25	42	-2.0647
27	42	-1.9206
29	42	-1.8815
31	42	-1.5166
34	42	-1.2364
5	43	1.7146
9	43	0.92606
10	43	0.661
29	43	-1.8237
31	43	-1.5452
34	43	-1.6121
37	43	-1.7115
5	44	2.5417
29	44	-1.5602
31	44	-1.3564
34	44	-1.473
41	44	3.3554
5	45	1.6873
9	45	0.74005
10	45	0.45407
29	45	-1.8349
31	45	-1.4036
34	45	-1.7023
37	45	-1.4579
5	46	2.2577
29	46	-1.6489
31	46	-1.3605
34	46	-1.3149
5	47	1.7102
9	47	0.62898
10	47	0.32989
29	47	-1.7083
31	47	-1.2892
34	47	-1.9422
37	47	-1.6854
1	48	5.6904
3	48	5.9607
5	48	7.2909
15	48	5.6258
17	48	5.2178
19	48	3.6458
22	48	4.7896
29	48	5.2299
31	48	5.5115
34	48	5.4486
36	48	3.8944
38	48	3.3869
39	48	3.7838
40	48	3.4752
42	48	3.3379
5	49	4.9931
29	49	2.5865
31	49	2.8925
34	49	2.5019
41	49	1.5673
5	50	7.0277
29	50	5.1439
31	50	5.471
34	50	5.301
41	50	2.5549
5	51	5.1321
29	51	2.7554
31	51	3.0112
34	51	2.6849
41	51	2.4229
2	52	2.962
4	52	3.4953
5	52	7.1244
20	52	1.3832
21	52	1.4427
23	52	1.7137
25	52	1.5214
27	52	1.4983
29	52	5.2538
31	52	5.4482
34	52	5.4852
48	52	-1.9216
2	53	1.361
4	53	1.099
5	53	5.8781
20	53	-0.32661
21	53	-0.37043
23	53	-0.14943
25	53	-0.13999
27	53	-0.36164
29	53	4.1148
31	53	4.2626
34	53	4.3858
48	53	-1.788
5	54	6.7483
29	54	4.9065
31	54	5.2177
34	54	5.0775
41	54	2.3706
5	55	5.3248
29	55	3.1451
31	55	3.4002
34	55	3.1173
41	55	2.1149
5	56	6.696
29	56	5.0256
31	56	5.3276
34	56	5.2397
41	56	2.1198
2	57	1.6173
4	57	1.3478
5	57	5.249
20	57	-0.18711
21	57	-0.23649
23	57	-0.027234
25	57	-0.030037
27	57	-0.2526
29	57	3.3502
31	57	3.5096
34	57	3.5965
48	57	-2.0273
5	58	6.3965
29	58	4.4639
31	58	4.7537
34	58	4.616
41	58	2.6068
5	59	5.1714
6	59	4.2139
7	59	4.1788
24	59	1.6609
26	59	1.6865
29	59	2.7503
31	59	3.0199
34	59	2.8413
44	59	2.4096
49	59	0.3177
50	59	-1.6041
51	59	0.30824
54	59	-1.9684
55	59	-0.39274
56	59	-1.3522
58	59	-1.8908
1	60	1.455
2	60	2.5811
3	60	2.1445
4	60	3.2334
6	60	3.4496
7	60	3.5204
8	60	5.4657
9	60	5.1985
10	60	4.9985
11	60	5.7803
12	60	4.549
13	60	4.5173
14	60	6.3198
15	60	4.5947
16	60	5.5151
17	60	4.3777
18	60	5.4762
19	60	-0.50298
20	60	1.4256
21	60	1.4698
22	60	0.78155
23	60	1.5474
24	60	1.6249
25	60	1.5584
26	60	1.703
27	60	1.6069
28	60	4.4279
30	60	3.3659
32	60	4.7871
33	60	4.3362
35	60	3.0462
36	60	2.0138
37	60	4.5114
38	60	2.3197
39	60	2.9169
40	60	2.5783
41	60	2.1534
42	60	2.6944
43	60	3.8788
44	60	1.9588
45	60	3.4637
46	60	2.4967
47	60	3.2523
48	60	-2.0031
49	60	0.36272
50	60	-1.6565
51	60	-0.63321
52	60	-2.5572
53	60	-1.4136
54	60	-1.7475
55	60	-0.8247
56	60	-1.3962
57	60	-1.109
58	60	-1.6142
59	60	-1.5544
5	61	6.1325
29	61	4.4153
31	61	4.6286
34	61	4.6197
60	61	-1.8587
2	62	1.5386
4	62	1.2657
5	62	5.187
20	62	-0.31364
21	62	-0.37369
23	62	-0.15333
25	62	-0.17371
27	62	-0.40616
29	62	3.3267
31	62	3.4615
34	62	3.5813
48	62	-1.8663
60	62	-1.4503
5	63	5.9934
29	63	4.0932
31	63	4.2958
34	63	4.2542
60	63	-1.9384
5	64	3.3698
29	64	1.8529
31	64	1.7221
34	64	2.1522
60	64	-2.5643
5	65	5.919
29	65	4.1313
31	65	4.3304
34	65	4.3182
60	65	-1.9991
5	66	5.8024
29	66	3.9286
31	66	4.1253
34	66	4.0962
60	66	-2.0324
5	67	4.7237
29	67	2.8684
31	67	3.0697
34	67	2.8714
60	67	-1.265
5	68	3.1815
9	68	4.2094
10	68	4.1004
29	68	0.99817
31	68	1.4697
34	68	2.7152
37	68	3.3119
60	68	-2.1876
5	69	4.679
9	69	3.9297
10	69	3.6091
29	69	2.3763
31	69	2.4737
34	69	2.6272
37	69	1.3609
60	69	-1.9451
5	70	4.5434
12	70	3.1198
13	70	2.8228
29	70	2.3855
31	70	2.6016
34	70	2.4449
35	70	0.84084
46	70	1.8215
60	70	-1.615
61	70	-1.8229
63	70	-1.6422
65	70	-2.2607
66	70	-1.9654
67	70	-1.5974
5	71	4.6021
8	71	5.2598
16	71	4.8504
18	71	4.5061
28	71	1.9728
29	71	2.3319
30	71	1.5497
31	71	2.1459
33	71	2.5882
34	71	2.6748
43	71	2.6889
45	71	2.3248
47	71	2.3156
60	71	-2.1242
68	71	-1.9693
69	71	-1.26
5	72	4.3069
9	72	3.1772
10	72	2.8372
29	72	1.9982
31	72	2.0965
34	72	2.2485
37	72	0.67291
60	72	-1.9899
71	72	-2.0884
5	73	4.5426
12	73	2.8351
13	73	2.5243
29	73	2.414
31	73	2.6149
34	73	2.4709
35	73	0.5
46	73	1.9011
60	73	-1.6531
61	73	-1.6111
63	73	-1.8328
65	73	-1.783
66	73	-2.0467
67	73	-2.0468
1	74	6.6389
3	74	6.8795
5	74	8.2615
15	74	5.6911
17	74	5.3624
19	74	4.5944
22	74	5.3893
29	74	6.2828
31	74	6.3882
34	74	6.4866
36	74	4.3766
38	74	4.0596
39	74	4.4418
40	74	4.2446
42	74	4.2524
52	74	2.5419
53	74	3.8661
57	74	3.6586
60	74	3.3413
62	74	3.5745
2	75	3.5874
4	75	3.2966
5	75	6.5971
20	75	1.7221
21	75	1.8783
23	75	1.917
25	75	1.8086
27	75	1.8575
29	75	4.7871
31	75	4.8344
34	75	5.0292
48	75	0.42529
60	75	2.0732
74	75	-2.5409
1	76	6.4062
3	76	6.6363
5	76	7.935
15	76	6.9746
17	76	6.645
19	76	4.2765
22	76	5.0542
29	76	5.8609
31	76	5.9641
34	76	6.0407
36	76	5.8121
38	76	5.4701
39	76	5.7509
40	76	5.6954
42	76	5.757
52	76	2.0762
53	76	5.5911
57	76	5.612
60	76	2.8277
62	76	5.5429
75	76	3.0503
2	77	3.5133
4	77	3.2221
5	77	6.4383
20	77	1.6332
21	77	1.8806
23	77	1.8062
25	77	1.6984
27	77	1.86
29	77	4.5888
31	77	4.6383
34	77	4.8211
48	77	0.25179
60	77	1.8427
74	77	-2.427
76	77	-1.3002
2	78	4.6562
4	78	5.1634
5	78	7.7426
20	78	3.4661
21	78	3.5085
23	78	3.7882
25	78	3.6153
27	78	3.5851
29	78	5.7975
31	78	6.399
34	78	5.9644
48	78	2.2048
60	78	3.851
74	78	-2.2143
76	78	-2.2224
2	79	4.5998
4	79	5.1036
5	79	7.7504
20	79	3.4555
21	79	3.4924
23	79	3.7779
25	79	3.6031
27	79	3.5689
29	79	5.6974
31	79	6.356
34	79	5.8613
48	79	2.3462
60	79	3.2743
74	79	-2.0123
76	79	-2.3765
5	80	7.1137
6	80	6.4076
7	80	6.3304
24	80	4.6908
26	80	4.6085
29	80	5.2378
31	80	5.4185
34	80	5.4112
44	80	5.4154
49	80	5.6002
50	80	3.6028
51	80	5.2725
54	80	3.9055
55	80	5.461
56	80	4.0115
58	80	4.0772
60	80	3.0659
5	81	6.2334
29	81	4.4789
31	81	4.6118
34	81	4.5127
41	81	4.6811
59	81	3.6241
60	81	2.0072
80	81	3.2403
5	82	6.2361
29	82	4.4651
31	82	4.5923
34	82	4.4928
41	82	5.6121
59	82	3.8682
60	82	2.0467
80	82	-0.36542
2	83	4.1288
4	83	4.629
5	83	7.2727
20	83	3.0307
21	83	3.069
23	83	3.3471
25	83	3.1792
27	83	3.1485
29	83	5.1893
31	83	5.8314
34	83	5.3425
48	83	2.0164
60	83	2.7603
74	83	-0.45888
76	83	-1.5196
5	84	7.6934
29	84	6.2502
31	84	6.416
34	84	6.485
41	84	3.7424
59	84	1.9679
60	84	3.5557
80	84	-0.15282
5	85	7.6747
29	85	6.1909
31	85	6.3502
34	85	6.4142
41	85	3.5021
59	85	1.8705
60	85	3.4447
80	85	-0.26522
5	86	6.4953
29	86	4.7876
31	86	4.909
34	86	4.8254
41	86	2.775
59	86	2.0906
60	86	2.5919
80	86	0.96317
5	87	6.3275
12	87	5.2323
13	87	4.8809
29	87	4.5451
31	87	4.6586
34	87	4.6153
35	87	2.6463
46	87	4.7726
60	87	2.3699
61	87	1.6105
63	87	0.72893
65	87	1.6369
66	87	1.2621
67	87	2.7933
5	88	4.905
29	88	3.8692
31	88	3.7447
34	88	4.1673
60	88	3.4918
1	89	2.8749
2	89	3.9401
3	89	3.4999
4	89	4.5524
6	89	5.0648
7	89	5.1412
8	89	7.3984
9	89	6.9255
10	89	6.7337
11	89	5.9196
12	89	6.2795
13	89	6.2412
14	89	6.3493
15	89	5.8763
16	89	7.0091
17	89	5.7042
18	89	6.9652
19	89	1.0645
20	89	3.1713
21	89	3.1949
22	89	2.1257
23	89	3.309
24	89	3.8534
25	89	3.3119
26	89	3.9027
27	89	3.3395
28	89	6.1779
30	89	5.5874
32	89	4.7468
33	89	6.3876
35	89	5.3118
36	89	3.8287
37	89	6.7004
38	89	4.1176
39	89	4.7117
40	89	4.4065
41	89	3.8656
42	89	4.5752
43	89	6.0458
44	89	3.7515
45	89	5.7333
46	89	4.3823
47	89	5.6374
48	89	1.4827
49	89	3.025
50	89	2.4837
51	89	2.4012
52	89	-0.14244
53	89	2.5607
54	89	2.8957
55	89	2.5119
56	89	3.4189
57	89	2.9084
58	89	2.8265
59	89	1.9393
61	89	4.095
62	89	2.8606
63	89	3.2325
64	89	1.5114
65	89	3.6763
66	89	3.2978
67	89	2.8811
68	89	4.1885
69	89	3.9525
70	89	2.3387
71	89	4.9698
72	89	4.0762
73	89	1.7616
74	89	-1.6622
75	89	-1.6113
76	89	-1.9933
77	89	-1.8041
78	89	-1.515
79	89	-2.0859
80	89	-0.70061
81	89	-1.7187
82	89	-1.2856
83	89	-1.3941
84	89	-1.4277
85	89	-1.3502
86	89	-0.54481
87	89	0.89215
88	89	-2.3654
5	90	7.3106
29	90	5.8285
31	90	5.9875
34	90	6.0528
41	90	3.4708
59	90	1.884
60	90	3.1517
80	90	-0.96791
89	90	-1.1693
5	91	7.0433
29	91	5.4779
31	91	5.5829
34	91	5.685
60	91	2.4343
70	91	2.7101
73	91	2.3978
87	91	1.6352
89	91	-1.2501
5	92	6.3561
12	92	5.2196
13	92	4.8518
29	92	4.6171
31	92	4.723
34	92	4.6874
35	92	2.6546
46	92	4.9107
60	92	2.5738
61	92	1.8588
63	92	0.94228
65	92	1.8986
66	92	1.5091
67	92	2.8717
89	92	1.1375
91	92	1.6813
5	93	5.984
12	93	4.4607
13	93	4.0642
29	93	4.2469
31	93	4.3492
34	93	4.3067
35	93	2.2791
46	93	4.634
60	93	2.2194
61	93	1.328
63	93	0.79256
65	93	1.3607
66	93	0.89655
67	93	2.3857
89	93	0.83239
91	93	1.4993
5	94	3.1884
9	94	5.7114
10	94	5.6128
29	94	1.114
31	94	1.6133
34	94	2.765
37	94	5.0021
60	94	-0.13037
71	94	2.9511
89	94	-1.1349
1	95	2.8141
2	95	3.9063
3	95	3.4381
4	95	4.5216
6	95	4.9199
7	95	4.9974
8	95	6.0502
9	95	6.3864
10	95	6.202
11	95	5.534
12	95	6.083
13	95	6.0486
14	95	5.9821
15	95	5.747
16	95	6.708
17	95	5.5761
18	95	6.6709
19	95	1.0862
20	95	3.1008
21	95	3.133
22	95	2.0269
23	95	3.2331
24	95	3.6446
25	95	3.2439
26	95	3.7049
27	95	3.2798
28	95	4.8044
30	95	4.1789
32	95	4.411
33	95	5.0126
35	95	5.0671
36	95	3.6598
37	95	6.089
38	95	3.9619
39	95	4.5416
40	95	4.2439
41	95	3.9195
42	95	4.4043
43	95	5.6879
44	95	3.787
45	95	5.393
46	95	4.2337
47	95	5.2992
48	95	1.252
49	95	2.9935
50	95	2.1518
51	95	2.3792
52	95	-0.17988
53	95	2.2139
54	95	2.5724
55	95	2.4666
56	95	3.0656
57	95	2.6001
58	95	2.541
59	95	1.962
61	95	3.6797
62	95	2.5323
63	95	2.9156
64	95	1.2428
65	95	3.3204
66	95	3.0006
67	95	2.7025
68	95	3.0787
69	95	3.4273
70	95	2.2601
71	95	4.1051
72	95	3.5703
73	95	1.7426
74	95	-1.998
75	95	-1.6657
76	95	-2.1782
77	95	-1.7834
78	95	-1.9727
79	95	-2.3958
80	95	-0.91577
81	95	-1.546
82	95	-1.5413
83	95	-1.5315
84	95	-0.98625
85	95	-1.873
86	95	-1.0043
87	95	0.57596
88	95	-1.9813
90	95	-1.6212
91	95	-1.3708
92	95	0.82899
93	95	0.5227
94	95	2.0098
5	96	4.2773
9	96	6.3144
10	96	6.2178
29	96	2.0156
31	96	2.7815
34	96	3.647
37	96	5.6926
60	96	-0.43916
71	96	4.1424
89	96	-1.3694
95	96	-1.3848
5	97	6.6461
29	97	5.075
31	97	5.183
34	97	5.2826
60	97	2.0402
70	97	2.6262
73	97	2.3477
87	97	1.2672
89	97	-1.314
92	97	1.2869
93	97	1.0915
95	97	-1.442
5	98	5.7983
29	98	4.2715
31	98	4.3798
34	98	4.304
60	98	1.982
70	98	4.7865
73	98	4.2326
87	98	2.568
89	98	-0.64707
92	98	2.6134
93	98	2.2239
95	98	-1.2286
5	99	6.4338
12	99	5.4712
13	99	4.9836
29	99	4.7119
31	99	4.819
34	99	4.7908
35	99	3.2121
46	99	4.6979
60	99	2.6864
61	99	2.4412
63	99	1.6545
65	99	2.5069
66	99	2.1827
67	99	3.2763
89	99	1.1218
91	99	1.6862
95	99	0.79906
97	99	1.2816
98	99	2.8854
5	100	3.0317
9	100	5.4565
10	100	5.3551
29	100	0.96708
31	100	1.4707
34	100	2.6167
37	100	4.7682
60	100	-0.24341
71	100	2.7791
89	100	-1.7269
95	100	-0.79833
5	101	3.3395
9	101	5.1649
10	101	5.0584
29	101	1.0568
31	101	1.7794
34	101	2.7038
37	101	4.547
60	101	-0.97995
71	101	2.7854
89	101	-2.0245
95	101	-1.1192
5	102	5.2349
8	102	6.117
16	102	6.4175
18	102	6.0704
28	102	2.8669
29	102	3.0196
30	102	2.3528
31	102	2.7767
33	102	3.4945
34	102	3.3492
43	102	4.3755
45	102	4.1411
47	102	4.2323
60	102	0.36367
68	102	1.6852
69	102	1.7708
72	102	2.2335
89	102	-1.6358
94	102	-1.9535
95	102	-1.4751
96	102	-1.9038
100	102	-1.888
101	102	-2.7121
5	103	5.9589
29	103	4.3608
31	103	4.4801
34	103	4.5682
60	103	1.2086
70	103	2.1386
73	103	1.8586
87	103	0.31919
89	103	-1.5484
92	103	0.26291
93	103	0.034579
95	103	-0.70208
99	103	0.21636
5	104	5.5725
8	104	6.0863
16	104	6.2233
18	104	5.8644
28	104	2.7725
29	104	3.3514
30	104	2.2408
31	104	3.0989
33	104	3.4136
34	104	3.6724
43	104	4.2532
45	104	4.0134
47	104	4.1164
60	104	0.74335
68	104	1.4768
69	104	1.7979
72	104	2.3125
89	104	-1.4748
94	104	-1.68
95	104	-1.9418
96	104	-1.0211
100	104	-1.8328
101	104	-2.6081
5	105	6.3658
9	105	4.0081
10	105	3.4983
29	105	4.1909
31	105	4.1839
34	105	4.4022
37	105	2.4296
60	105	2.4479
71	105	3.4655
89	105	0.68588
95	105	0.27433
102	105	-0.016152
104	105	-0.46766
5	106	6.4529
9	106	4.2072
10	106	3.682
29	106	4.2791
31	106	4.2688
34	106	4.4833
37	106	2.9186
60	106	2.5641
71	106	3.0946
89	106	0.94462
95	106	0.56006
102	106	-0.057796
104	106	-0.50802
5	107	6.3396
9	107	4.37
10	107	3.8289
29	107	4.1634
31	107	4.1506
34	107	4.3602
37	107	3.2548
60	107	2.4583
71	107	2.7315
89	107	0.92228
95	107	0.54985
102	107	-0.13377
104	107	-0.58543
5	108	4.5559
8	108	5.5495
16	108	6.1974
18	108	5.8462
28	108	2.3309
29	108	2.3121
30	108	1.8054
31	108	2.082
33	108	2.9585
34	108	2.6413
43	108	4.1685
45	108	3.9352
47	108	4.0294
60	108	-0.45417
68	108	1.309
69	108	1.5586
72	108	2.0208
89	108	-2.0276
94	108	-2.0488
95	108	-0.85929
96	108	-1.3193
100	108	-2.0041
101	108	-1.069
105	108	-0.36948
106	108	-0.4613
107	108	-0.56961
5	109	4.9703
12	109	2.6879
13	109	2.2964
29	109	3.2041
31	109	3.3625
34	109	3.3262
35	109	1.2759
46	109	1.7288
60	109	0.70626
61	109	1.8466
63	109	1.152
65	109	1.9142
66	109	1.6012
67	109	1.6718
89	109	-1.2695
91	109	0.017972
95	109	-0.70469
97	109	0.35099
98	109	-0.81988
103	109	1.0044
5	110	5.2391
12	110	2.5054
13	110	2.1083
29	110	3.4773
31	110	3.627
34	110	3.5934
35	110	1.0669
46	110	1.1943
60	110	1.0417
61	110	1.6239
63	110	0.91098
65	110	1.6976
66	110	1.3798
67	110	1.1719
89	110	-1.0466
91	110	-0.62418
95	110	-1.2172
97	110	-0.34578
98	110	-1.1008
103	110	0.38997
5	111	6.4598
9	111	3.857
10	111	3.3352
29	111	4.3021
31	111	4.2886
34	111	4.5091
37	111	2.4752
60	111	2.6611
71	111	3.7703
89	111	0.95591
95	111	0.62446
102	111	-0.018725
104	111	0.55433
108	111	0.013121
5	112	6.2723
29	112	4.6133
31	112	4.7046
34	112	4.634
41	112	5.7202
59	112	3.9631
60	112	2.8482
80	112	-0.26937
89	112	1.2377
95	112	0.87676
5	113	4.2965
8	113	5.2216
16	113	5.4638
18	113	5.1003
28	113	2.0198
29	113	2.0463
30	113	1.4877
31	113	1.8194
33	113	2.6471
34	113	2.3759
43	113	3.4839
45	113	3.2361
47	113	3.3299
60	113	-0.68345
68	113	1.1034
69	113	0.90661
72	113	1.3687
89	113	-1.7297
94	113	-1.2178
95	113	-0.75658
96	113	-1.0947
100	113	-0.95702
101	113	-0.093235
105	113	-0.28829
106	113	-0.12084
107	113	-0.034362
111	113	0.66332
5	114	4.9602
12	114	2.2831
13	114	1.9146
29	114	3.1929
31	114	3.3475
34	114	3.3097
35	114	0.84469
46	114	0.90944
60	114	0.75553
61	114	1.4149
63	114	0.69741
65	114	1.4855
66	114	1.1653
67	114	0.90878
89	114	-0.96332
91	114	-0.61309
95	114	-1.0357
97	114	-0.22889
98	114	-1.1674
103	114	0.57883
5	115	5.3342
12	115	2.4008
13	115	2.0386
29	115	3.5813
31	115	3.7247
34	115	3.6932
35	115	0.70792
46	115	0.3037
60	115	1.251
61	115	1.2706
63	115	0.53414
65	115	1.3465
66	115	1.0209
67	115	0.39637
89	115	-0.52243
91	115	-1.075
95	115	-1.2871
97	115	-0.7066
98	115	-1.3044
103	115	0.15973
5	116	4.8542
12	116	2.4727
13	116	2.0765
29	116	3.1078
31	116	3.265
34	116	3.2322
35	116	1.0624
46	116	1.5171
60	116	0.7777
61	116	1.646
63	116	0.9436
65	116	1.709
66	116	1.3929
67	116	1.4542
89	116	-0.32983
91	116	-0.063292
95	116	-1.1392
97	116	0.35416
98	116	-0.62498
103	116	1.1268
5	117	5.1399
12	117	2.3525
13	117	1.989
29	117	3.4002
31	117	3.5486
34	117	3.5191
35	117	0.92312
46	117	1.3321
60	117	1.1186
61	117	1.5061
63	117	0.786
65	117	1.5741
66	117	1.2527
67	117	1.2552
89	117	-0.22129
91	117	-0.43923
95	117	-1.0642
97	117	-0.030943
98	117	-0.63736
103	117	0.78064
5	118	6.9635
8	118	6.7149
16	118	4.868
18	118	4.431
28	118	3.1973
29	118	4.8017
30	118	2.554
31	118	4.5151
33	118	3.9045
34	118	5.0965
43	118	3.3735
45	118	3.1274
47	118	3.3063
60	118	2.7414
68	118	2.0628
69	118	1.4358
72	118	2.089
89	118	1.28
94	118	-1.0484
95	118	0.99653
96	118	-0.10039
100	118	-0.75456
101	118	0.0041445
105	118	-0.90166
106	118	-1.4426
107	118	-2.1304
111	118	-1.2261
5	119	6.667
8	119	6.3701
16	119	5.5307
18	119	5.4304
28	119	2.7693
29	119	4.4889
30	119	2.0807
31	119	4.2053
33	119	3.5075
34	119	4.7721
43	119	3.222
45	119	3.1494
47	119	3.3156
60	119	2.401
68	119	1.6729
69	119	-0.34038
72	119	0.40732
89	119	1.0851
94	119	-0.885
95	119	0.64111
96	119	0.07865
100	119	-1.0415
101	119	-0.29952
105	119	-1.9287
106	119	-2.3733
107	119	-1.7506
111	119	-2.0203
5	120	6.033
9	120	5.4816
10	120	5.3613
29	120	3.932
31	120	4.8057
34	120	5.4113
37	120	5.2046
60	120	1.8933
71	120	4.282
89	120	1.206
95	120	0.87116
102	120	3.9716
104	120	3.4642
108	120	5.2187
113	120	5.0035
118	120	-1.9413
119	120	-2.3683
5	121	6.2653
8	121	5.9575
16	121	5.4558
18	121	5.4646
28	121	2.3635
29	121	4.0747
30	121	1.6523
31	121	3.7939
33	121	3.1142
34	121	4.3539
43	121	3.2555
45	121	3.1794
47	121	3.3496
60	121	1.9593
68	121	1.4072
69	121	-0.16021
72	121	0.57475
89	121	0.58454
94	121	-1.283
95	121	0.21867
96	121	-0.29012
100	121	-1.0536
101	121	-0.33783
105	121	-1.819
106	121	-2.2908
107	121	-1.9712
111	121	-1.9349
120	121	-1.7462
5	122	5.4787
29	122	4.0269
31	122	4.0975
34	122	4.0357
60	122	2.1703
70	122	3.1718
73	122	3.0453
87	122	-1.5719
89	122	0.82796
92	122	-1.5609
93	122	-1.2518
95	122	0.63412
99	122	-1.736
109	122	0.71891
110	122	1.2994
114	122	1.4601
115	122	1.8557
116	122	0.869
117	122	1.124
5	123	5.9107
9	123	4.9347
10	123	4.8056
29	123	3.8497
31	123	4.7288
34	123	5.274
37	123	4.7586
60	123	1.7794
71	123	3.9565
89	123	1.0829
95	123	0.7441
102	123	3.6751
104	123	3.2436
108	123	4.8735
113	123	4.6942
118	123	-1.8162
119	123	-2.2435
121	123	-1.3192
1	124	7.8083
3	124	8.0165
5	124	8.0774
15	124	5.224
17	124	5.0716
19	124	5.7943
22	124	6.4282
29	124	6.0996
31	124	6.153
34	124	6.2737
36	124	3.7282
38	124	3.7911
39	124	3.4821
40	124	3.6831
42	124	3.5048
52	124	4.4292
53	124	2.6616
57	124	2.7825
60	124	4.1709
62	124	2.5845
75	124	1.1236
77	124	0.92724
78	124	2.5201
79	124	2.7272
83	124	3.3306
89	124	2.7576
95	124	2.3935
5	125	6.9444
29	125	5.374
31	125	5.4277
34	125	5.5379
60	125	2.9883
70	125	1.8216
73	125	1.8153
87	125	-1.8413
89	125	1.1761
92	125	-1.6666
93	125	-0.88719
95	125	1.0037
99	125	-2.0846
109	125	1.8614
110	125	1.953
114	125	2.342
115	125	2.4076
116	125	2.3588
117	125	2.4059
5	126	5.6091
29	126	4.1744
31	126	4.2459
34	126	4.1886
60	126	2.3604
70	126	3.1401
73	126	2.9972
87	126	-1.9667
89	126	1.0888
92	126	-2.0546
93	126	-1.6359
95	126	0.88489
99	126	-2.1952
109	126	0.90306
110	126	1.4505
114	126	1.6002
115	126	1.971
116	126	1.0357
117	126	1.2793
1	127	6.7087
2	127	6.3464
3	127	7.2989
4	127	6.9338
6	127	6.5865
7	127	6.6657
8	127	6.6523
9	127	6.2445
10	127	6.0629
11	127	7.0247
12	127	7.0067
13	127	6.9631
14	127	7.3982
15	127	6.7544
16	127	6.506
17	127	6.6058
18	127	6.4682
19	127	5.1768
20	127	5.75
21	127	5.7682
22	127	6.0147
23	127	5.888
24	127	5.661
25	127	5.8918
26	127	5.7064
27	127	5.9145
28	127	5.3012
30	127	4.9078
32	127	5.873
33	127	5.5209
35	127	6.2821
36	127	4.8997
37	127	6.1605
38	127	5.1993
39	127	5.7561
40	127	5.4824
41	127	5.0385
42	127	5.6494
43	127	5.7465
44	127	4.9996
45	127	5.5102
46	127	4.8903
47	127	5.4635
48	127	4.288
49	127	4.435
50	127	4.6968
51	127	3.9642
52	127	4.1434
53	127	3.7531
54	127	5.1191
55	127	4.0914
56	127	5.5741
57	127	4.1931
58	127	5.1855
59	127	3.8083
61	127	5.583
62	127	4.2593
63	127	5.0166
64	127	3.559
65	127	5.4379
66	127	5.2004
67	127	4.0969
68	127	4.0205
69	127	4.3009
70	127	3.6781
71	127	5.1146
72	127	4.5672
73	127	3.3221
74	127	2.9413
75	127	1.9074
76	127	2.5558
77	127	1.7422
78	127	2.4435
79	127	2.9666
80	127	1.6965
81	127	2.3283
82	127	1.8652
83	127	3.467
84	127	4.599
85	127	4.0558
86	127	1.831
87	127	-1.1739
88	127	2.296
90	127	4.5447
91	127	4.2801
92	127	-1.8073
93	127	-1.4243
94	127	2.7949
96	127	2.543
97	127	4.7015
98	127	2.2225
99	127	-1.7499
100	127	2.8584
101	127	3.0991
102	127	4.4556
103	127	5.2277
104	127	3.6874
105	127	-0.3504
106	127	-1.1434
107	127	-1.476
108	127	4.914
109	127	3.8711
110	127	3.121
111	127	-1.3616
112	127	-1.2111
113	127	5.18
114	127	3.2033
115	127	2.3025
116	127	3.7878
117	127	2.8306
118	127	-1.915
119	127	-2.1289
120	127	-1.6521
121	127	-1.7627
122	127	-1.1347
123	127	-1.9555
124	127	-2.1123
125	127	-1.9077
126	127	-1.2683
5	128	5.5852
9	128	4.295
10	128	4.1549
29	128	3.5565
31	128	4.4417
34	128	4.9299
37	128	4.2372
60	128	1.4411
71	128	3.5581
89	128	0.72389
95	128	0.37539
102	128	3.2967
104	128	2.906
108	128	4.4673
113	128	4.3138
118	128	-1.0526
119	128	-2.0074
121	128	-0.84367
127	128	-2.0078
5	129	5.9724
29	129	4.4962
31	129	4.6221
34	129	4.5809
41	129	5.8904
59	129	3.8096
60	129	3.2921
80	129	1.5946
89	129	3.8545
95	129	3.5043
127	129	7.0645
2	130	5.8831
4	130	6.3654
5	130	5.7378
20	130	4.9314
21	130	4.9732
23	130	5.2294
25	130	5.0804
27	130	5.059
29	130	3.7807
31	130	4.2581
34	130	3.9281
48	130	3.9519
60	130	2.9235
74	130	2.7244
76	130	2.3604
89	130	2.0979
95	130	1.8659
124	130	-1.9116
127	130	-0.94358
1	131	7.5595
2	131	6.1895
3	131	8.1434
4	131	6.7731
6	131	6.6552
7	131	6.7355
8	131	6.3547
9	131	6.0289
10	131	5.8506
11	131	6.2905
12	131	6.9612
13	131	6.9196
14	131	6.6691
15	131	6.5141
16	131	6.1289
17	131	6.3702
18	131	6.0947
19	131	5.8449
20	131	5.6015
21	131	5.6235
22	131	6.8566
23	131	5.7341
24	131	5.7519
25	131	5.7432
26	131	5.7988
27	131	5.7703
28	131	4.9726
30	131	4.6258
32	131	5.1148
33	131	5.1943
35	131	6.2521
36	131	4.6821
37	131	5.9549
38	131	4.9854
39	131	5.5294
40	131	5.264
41	131	5.0263
42	131	5.427
43	131	5.3828
44	131	5.123
45	131	5.1571
46	131	4.9575
47	131	5.1157
48	131	4.1516
49	131	4.5822
50	131	4.8346
51	131	4.1296
52	131	4.0329
53	131	3.5443
54	131	5.2533
55	131	4.2596
56	131	5.6957
57	131	3.9904
58	131	5.3331
59	131	3.8568
61	131	5.596
62	131	4.0644
63	131	5.0628
64	131	2.7216
65	131	5.4733
66	131	5.2519
67	131	4.236
68	131	3.7555
69	131	4.0102
70	131	3.7935
71	131	4.98
72	131	4.2837
73	131	3.4653
74	131	2.9143
75	131	1.8579
76	131	2.5991
77	131	1.7193
78	131	2.1361
79	131	2.8975
80	131	1.9304
81	131	2.6839
82	131	2.2486
83	131	3.5805
84	131	4.843
85	131	4.3556
86	131	2.2476
87	131	-0.74449
88	131	1.4276
90	131	4.851
91	131	4.4657
92	131	-1.2933
93	131	-0.93893
94	131	2.4796
96	131	2.3562
97	131	4.9032
98	131	2.6531
99	131	-1.2254
100	131	2.5392
101	131	2.7956
102	131	4.4778
103	131	5.451
104	131	3.7965
105	131	-0.0088269
106	131	-0.75333
107	131	-1.0928
108	131	4.9567
109	131	4.2164
110	131	3.5431
111	131	-0.82985
112	131	-0.60041
113	131	5.2498
114	131	3.7324
115	131	2.8909
116	131	4.4054
117	131	3.5614
118	131	-1.3109
119	131	-1.6339
120	131	-1.3175
121	131	-1.0677
122	131	-0.72997
123	131	-2.0621
124	131	-1.1802
125	131	-1.8431
126	131	-0.88982
128	131	-1.812
129	131	6.886
130	131	4.1052
5	132	5.838
29	132	4.8799
31	132	4.7922
34	132	5.1833
60	132	4.2759
89	132	2.5852
95	132	3.2918
127	132	-2.2913
131	132	-1.731
2	133	5.7737
4	133	6.2555
5	133	6.0617
20	133	4.7958
21	133	4.8453
23	133	5.0856
25	133	4.9452
27	133	4.932
29	133	4.2854
31	133	4.7719
34	133	4.4324
48	133	3.7348
60	133	3.3492
74	133	2.4586
76	133	2.1752
89	133	2.5282
95	133	2.2629
124	133	-2.098
127	133	-1.5413
131	133	-2.4313
2	134	5.6117
4	134	6.0909
5	134	6.2257
20	134	4.6635
21	134	4.7101
23	134	4.953
25	134	4.8118
27	134	4.7967
29	134	4.0771
31	134	4.6746
34	134	4.2071
48	134	3.6577
60	134	2.7576
74	134	2.4607
76	134	2.1769
89	134	1.93
95	134	1.7157
124	134	-1.8071
127	134	-1.7041
131	134	-1.6832
5	135	5.3874
29	135	3.9057
31	135	4.0355
34	135	3.9893
41	135	5.5199
59	135	3.3983
60	135	2.692
80	135	0.94908
89	135	3.1305
95	135	2.801
127	135	5.4409
131	135	6.3091
5	136	5.682
29	136	4.1917
31	136	4.3152
34	136	4.2707
41	136	5.9773
59	136	3.8847
60	136	2.954
80	136	1.2724
89	136	3.2206
95	136	2.8758
127	136	5.3106
131	136	6.2431
offset
60
