144
detection	body_part	cost
1	8	-4.2703
2	7	-0.49864
3	7	-4.3547
4	6	-4.2651
5	13	0.49996
6	6	-3.4825
7	12	-1.8433
8	13	-2.529
9	14	1.0179
10	2	-3.3508
11	1	-4.1039
12	1	0.42275
13	5	0.033191
14	5	-0.71686
15	5	-0.21921
16	12	-1.7951
17	13	-1.3317
18	13	-0.87581
19	14	-0.81886
20	3	-1.275
21	1	-0.9448
22	5	-0.6779
23	14	0.5937
24	3	-3.6797
25	10	-2.9262
26	4	-2.3591
27	9	-2.4082
28	10	-3.4729
29	11	-0.51142
30	3	-1.3594
31	4	-1.2722
32	9	-1.9031
33	10	-2.5641
34	11	-0.95443
35	11	0.52893
36	11	9.2102
37	8	-0.91255
38	8	-1.483
39	8	0.90662
40	2	0.52084
41	7	-1.5861
42	2	-0.83259
43	7	-3.3884
44	8	-2.9944
45	6	-0.041074
46	2	0.20138
47	6	-2.3246
48	6	0.12069
49	7	-3.0106
50	8	-0.95557
51	8	-1.5241
52	2	-0.016314
53	6	-1.5136
54	7	0.36857
55	2	0.79065
56	1	0.31473
57	13	0.0085788
58	1	-1.1051
59	5	0.43788
60	13	-2.2227
61	3	-0.72367
62	1	-0.57085
63	1	0.30822
64	12	-0.53728
65	4	-0.13835
66	12	-1.5009
67	12	-1.4513
68	13	-0.94149
69	13	0.85278
70	14	-1.4502
71	3	-2.0176
72	12	-0.90855
73	4	-0.79591
74	12	-1.6427
75	4	-0.28307
76	14	-0.11302
77	3	-1.2025
78	4	-0.35372
79	10	-1.4035
80	10	-1.9456
81	11	0.5145
82	4	0.26534
83	10	-2.9638
84	11	0.65409
85	11	-0.56342
86	3	-0.83355
87	3	0.17886
88	9	-0.86261
89	10	-2.445
90	11	-0.91997
91	9	-1.5108
92	9	-2.2215
93	9	-1.6783
94	11	0.63581
95	9	-0.99192
96	8	0.1717
97	8	-2.0122
98	8	-2.9722
99	11	9.2102
100	7	-3.8106
101	6	0.59204
102	6	-3.2696
103	6	1.2715
104	7	-0.88087
105	2	-2.9678
106	6	-3.9101
107	5	0.57417
108	1	-2.138
109	5	0.32704
110	13	0.29089
111	13	-3.262
112	1	-0.56776
113	1	-4.3965
114	14	-0.37019
115	3	-0.56042
116	1	-1.0332
117	5	-0.32375
118	5	-1.0341
119	13	-0.11053
120	4	-1.1954
121	10	-0.61459
122	10	-1.512
123	14	-3.4795
124	3	-3.7757
125	4	-0.97133
126	10	0.42474
127	10	-1.8508
128	10	-2.3696
129	11	0.24561
130	12	-1.7795
131	12	-2.0631
132	12	-1.127
133	10	-1.3945
134	11	-0.8736
135	3	-1.431
136	4	-0.96969
137	12	-1.159
138	12	-1.4287
139	11	-0.89702
140	4	-1.0391
141	9	-1.8323
142	9	-0.62305
143	9	-2.8041
144	9	-2.1984
detection1	detection2	cost
2	3	-3.7143
4	6	-5.6071
5	8	-3.2674
11	12	-3.7143
13	14	-5.6071
13	15	-3.7143
14	15	-5.6071
7	16	-5.6071
5	17	-1.5143
8	17	-5.6071
5	18	-1.8214
8	18	-4.8231
17	18	-5.6071
9	19	2.1517
11	21	-4.8231
12	21	-1.5143
13	22	-4.8231
14	22	-5.6071
15	22	-4.8231
9	23	0.96511
19	23	-4.8231
20	24	-4.8231
25	28	-4.8231
20	30	-1.5143
24	30	-3.7143
26	31	-5.6071
27	32	-5.6071
25	33	-3.2674
28	33	-5.6071
29	34	-4.8231
29	35	0.96511
34	35	-1.5143
29	36	18.2456
34	36	19.6016
35	36	24.9005
1	37	15.9133
1	38	16.443
37	38	-5.6071
1	39	17.8953
37	39	-1.8214
38	39	-3.7143
10	40	12.6213
2	41	16.443
3	41	15.5276
10	42	11.1425
40	42	-1.5143
2	43	18.8644
3	43	17.7539
41	43	-4.8231
1	44	20.0604
37	44	-3.2674
38	44	-3.7143
39	44	-2.1462
4	45	17.1071
6	45	15.2143
10	46	13.6628
40	46	-2.1462
42	46	-4.8231
4	47	17.3966
6	47	15.5276
45	47	-3.7143
4	48	18.2456
6	48	16.443
45	48	0.071429
47	48	-3.7143
2	49	20.0604
3	49	19.269
41	49	-3.7143
43	49	-4.8231
1	50	21.4551
37	50	-1.8214
38	50	-1.5143
39	50	0.53071
44	50	-4.8231
1	51	21.885
37	51	-1.5143
38	51	-1.8214
39	51	-0.67521
44	51	-5.6071
50	51	-5.6071
10	52	14.6553
40	52	0.53071
42	52	-3.7143
46	52	-4.8231
4	53	19.6016
6	53	17.7539
45	53	-1.5143
47	53	-4.8231
48	53	-4.8231
2	54	22.4287
3	54	21.4551
41	54	-1.5143
43	54	-3.7143
49	54	-4.8231
10	55	15.9133
40	55	3.2076
42	55	-1.5143
46	55	-2.1462
52	55	-4.8231
11	56	15.2143
12	56	15.5276
21	56	13.4073
5	57	20.9559
8	57	17.3966
17	57	15.5276
18	57	15.293
11	58	17.7539
12	58	17.1798
21	58	16.443
56	58	-1.5143
13	59	20.4477
14	59	19.6016
15	59	18.8644
22	59	17.8953
5	60	23.0214
8	60	19.6016
17	60	17.7539
18	60	17.3966
57	60	-4.8231
20	61	17.1798
24	61	15.2143
30	61	11.4286
11	62	19.6016
12	62	19.0675
21	62	18.2456
56	62	-0.67521
58	62	-5.6071
11	63	20.0604
12	63	19.269
21	63	18.8644
56	63	0.96511
58	63	-4.8231
62	63	-5.6071
7	64	20.8929
16	64	19
26	65	14.0819
31	65	12.262
7	66	20.9559
16	66	19.0675
64	66	-5.6071
7	67	21.1441
16	67	19.269
64	67	-3.7143
66	67	-5.6071
5	68	24.7342
8	68	21.1441
17	68	19.269
18	68	19.0675
57	68	-3.7143
60	68	-4.8231
5	69	26.0415
8	69	23.08
17	69	21.3311
18	69	20.6393
57	69	0.96511
60	69	-1.5143
68	69	0.071429
9	70	21.4551
19	70	23.0214
23	70	20.4477
20	71	19.269
24	71	17.1798
30	71	13.4073
61	71	-4.8231
7	72	22.7857
16	72	20.8929
64	72	-5.6071
66	72	-4.8231
67	72	-3.2674
26	73	15.9133
31	73	14.0819
65	73	-5.6071
7	74	22.8448
16	74	20.9559
64	74	-4.8231
66	74	-5.6071
67	74	-4.8231
72	74	-5.6071
26	75	16.443
31	75	14.6553
65	75	-4.8231
73	75	-5.6071
9	76	22.7857
19	76	22.4287
23	76	20.0604
70	76	-1.5143
20	77	20.9559
24	77	19
30	77	15.2143
61	77	-3.7143
71	77	-4.8231
26	78	17.7539
31	78	15.9133
65	78	-3.7143
73	78	-5.6071
75	78	-4.8231
25	79	19.6016
28	79	17.3966
33	79	15.5276
25	80	20.0604
28	80	17.7539
33	80	15.9133
79	80	-5.6071
29	81	19.6016
34	81	17.1071
35	81	13.6628
36	81	32.295
26	82	19.6016
31	82	17.7539
65	82	-1.8214
73	82	-3.7143
75	82	-3.2674
78	82	-5.6071
25	83	21.885
28	83	19.6016
33	83	17.7539
79	83	-4.8231
80	83	-5.6071
29	84	19.6016
34	84	17.3966
35	84	15.293
36	84	28.2144
81	84	-1.5143
29	85	21.3311
34	85	18.8644
35	85	15.5276
36	85	33.1414
81	85	-5.6071
84	85	-1.8214
20	86	25.1758
24	86	23.0214
30	86	19.269
61	86	0.96511
71	86	-1.5143
77	86	-2.1462
20	87	25.5573
24	87	23.3135
30	87	19.6016
61	87	1.9643
71	87	-0.67521
77	87	-0.67521
86	87	-5.6071
27	88	20.8929
32	88	19
25	89	23.3135
28	89	21.1441
33	89	19.269
79	89	-3.7143
80	89	-3.2674
83	89	-4.8231
29	90	23.8324
34	90	21.3311
35	90	17.7539
36	90	35.7053
81	90	-3.2674
84	90	0.30445
85	90	-4.8231
27	91	22.7857
32	91	20.8929
88	91	-5.6071
27	92	22.8448
32	92	20.9559
88	92	-4.8231
91	92	-5.6071
27	93	23.0214
32	93	21.1441
88	93	-3.2674
91	93	-3.7143
92	93	-5.6071
29	94	27.2482
34	94	24.6786
35	94	20.6393
36	94	39.9349
81	94	0.53071
84	94	4.4715
85	94	-0.67521
90	94	-3.2674
27	95	24.9005
32	95	23.0214
88	95	-2.1462
91	95	-3.2674
92	95	-4.8231
93	95	-5.6071
1	96	45.2968
37	96	21.885
38	96	21.4551
39	96	20.9559
44	96	17.7539
50	96	16.443
51	96	15.9133
1	97	46.3717
37	97	23.08
38	97	22.4287
39	97	21.4551
44	97	18.8644
50	97	17.8953
51	97	17.1071
96	97	-3.7143
1	98	48.1706
37	98	24.8452
38	98	24.2301
39	98	23.3135
44	98	20.6393
50	98	19.6016
51	98	18.8644
96	98	-3.2674
97	98	-5.6071
29	99	32.9647
34	99	30.7807
35	99	28.4643
36	99	38.0074
81	99	8.1089
84	99	5.8845
85	99	6.2802
90	99	5.1977
94	99	5.8845
2	100	50.5648
3	100	49.4432
41	100	26.624
43	100	24.2301
49	100	23.08
54	100	20.6393
4	101	49.7883
6	101	47.9126
45	101	25.5573
47	101	24.9005
48	101	24.6786
53	101	22.8448
4	102	50.4103
6	102	48.5554
45	102	26.624
47	102	25.5573
48	102	24.9005
53	102	23.3135
101	102	-3.7143
4	103	51.2701
6	103	49.4432
45	103	28.0636
47	103	26.624
48	103	25.5573
53	103	24.2301
101	103	0.071429
102	103	-3.7143
2	104	54.7632
3	104	53.6015
41	104	30.8274
43	104	28.4144
49	104	27.2998
54	104	24.8452
100	104	-3.2674
10	105	46.3384
40	105	30.546
42	105	28.5141
46	105	26.5714
52	105	24.7342
55	105	23.0214
4	106	52.2675
6	106	50.4103
45	106	28.4144
47	106	27.4026
48	106	26.7811
53	106	25.1758
101	106	-3.2674
102	106	-5.6071
103	106	-3.2674
13	107	51.2091
14	107	50.5648
15	107	49.9756
22	107	48.7787
59	107	23.7178
11	108	49.7883
12	108	49.4118
21	108	48.2028
56	108	27.4026
58	108	24.7342
62	108	22.8448
63	108	22.7857
13	109	53.6601
14	109	52.9826
15	109	52.3574
22	109	51.2091
59	109	26.0415
107	109	-4.8231
5	110	55.4215
8	110	51.9369
17	110	50.069
18	110	49.7883
57	110	27.0414
60	110	24.9005
68	110	23.3135
69	110	22.8448
5	111	55.9884
8	111	52.6559
17	111	50.8111
18	111	50.4103
57	111	27.8615
60	111	25.5573
68	111	24.2301
69	111	22.8448
110	111	-3.7143
11	112	51.4527
12	112	51.2091
21	112	49.7883
56	112	28.9098
58	112	26.5714
62	112	24.6786
63	112	24.7342
108	112	-4.8231
11	113	51.9369
12	113	51.4527
21	113	50.4103
56	113	29.6887
58	113	26.7811
62	113	24.9005
63	113	24.7342
108	113	-4.8231
112	113	-3.7143
9	114	55.4215
19	114	56.885
23	114	54.388
70	114	26.624
76	114	27.2482
20	115	51.9369
24	115	49.7883
30	115	46.0381
61	115	27.4026
71	115	25.1758
77	115	23.7178
86	115	19.269
87	115	19.0675
11	116	53.5428
12	116	53.1896
21	116	51.9369
56	116	31.1069
58	116	28.5141
62	116	26.624
63	116	26.5714
108	116	-3.7143
112	116	-4.8231
113	116	-4.8231
13	117	55.4215
14	117	54.9356
15	117	54.5037
22	117	53.101
59	117	28.663
107	117	-0.67521
109	117	-0.67521
13	118	55.9601
14	118	55.4215
15	118	54.9356
22	118	53.6015
59	118	28.9098
107	118	-1.5143
109	118	-2.1462
117	118	-5.6071
5	119	60.062
8	119	56.7736
17	119	54.9356
18	119	54.5037
57	119	32.024
60	119	29.6887
68	119	28.4144
69	119	26.7811
110	119	-0.67521
111	119	-3.2674
26	120	50.4103
31	120	48.5554
65	120	28.9098
73	120	27.0414
75	120	26.7811
78	120	25.1758
82	120	23.3135
25	121	51.9369
28	121	49.7883
33	121	47.9126
79	121	24.9005
80	121	24.7342
83	121	22.8448
89	121	21.1441
25	122	52.2675
28	122	50.069
33	122	48.2028
79	122	25.1758
80	122	24.9005
83	122	23.0214
89	122	21.4551
121	122	-5.6071
9	123	58.6147
19	123	59.6364
23	123	57.1903
70	123	29.6887
76	123	29.785
114	123	-3.2674
20	124	55.6772
24	124	53.5428
30	124	49.7883
61	124	31.1069
71	124	28.9098
77	124	27.4026
86	124	23.0214
87	124	22.8448
115	124	-3.7143
26	125	51.9369
31	125	50.069
65	125	30.546
73	125	28.663
75	125	28.5141
78	125	26.7811
82	125	24.9005
120	125	-4.8231
25	126	53.5428
28	126	51.4527
33	126	49.5689
79	126	26.624
80	126	26.5714
83	126	24.6786
89	126	22.8448
121	126	-4.8231
122	126	-3.2674
25	127	54.127
28	127	51.9369
33	127	50.069
79	127	27.0414
80	127	26.7811
83	127	24.9005
89	127	23.3135
121	127	-4.8231
122	127	-5.6071
126	127	-3.7143
25	128	54.5037
28	128	52.2675
33	128	50.4103
79	128	27.4026
80	128	27.0414
83	128	25.1758
89	128	23.7178
121	128	-3.2674
122	128	-4.8231
126	128	-1.8214
127	128	-5.6071
29	129	53.101
34	129	50.8111
35	129	47.9126
36	129	57.2457
81	129	26.7811
84	129	26.0415
85	129	24.9005
90	129	22.8448
94	129	20.9559
99	129	12.8867
7	130	61.0622
16	130	59.1812
64	130	32.9647
66	130	32.6536
67	130	32.4299
72	130	31.1069
74	130	30.7807
7	131	61.297
16	131	59.4226
64	131	33.3612
66	131	32.9647
67	131	32.6536
72	131	31.5222
74	131	31.1069
130	131	-5.6071
7	132	61.5828
16	132	59.7164
64	132	33.8406
66	132	33.3612
67	132	32.9647
72	132	32.024
74	132	31.5222
130	132	-3.7143
131	132	-5.6071
25	133	56.7736
28	133	54.5037
33	133	52.6559
79	133	29.6887
80	133	29.2526
83	133	27.4026
89	133	26.0415
121	133	-0.67521
122	133	-2.1462
126	133	0.30445
127	133	-3.2674
128	133	-4.8231
29	134	55.4215
34	134	53.101
35	134	50.069
36	134	59.9027
81	134	28.9098
84	134	28.4144
85	134	27.0414
90	134	24.9005
94	134	22.7857
99	134	15.3715
129	134	-4.8231
20	135	59.4226
24	135	57.301
30	135	53.5428
61	135	34.8256
71	135	32.6536
77	135	31.1069
86	135	26.7811
87	135	26.624
115	135	0.071429
124	135	-3.7143
26	136	55.6772
31	136	53.8064
65	136	34.3146
73	136	32.4299
75	136	32.295
78	136	30.546
82	136	28.663
120	136	-1.5143
125	136	-3.7143
7	137	62.9438
16	137	61.0622
64	137	34.8256
66	137	34.5282
67	137	34.3146
72	137	32.9647
74	137	32.6536
130	137	-5.6071
131	137	-4.8231
132	137	-3.2674
7	138	63.1723
16	138	61.297
64	138	35.2048
66	138	34.8256
67	138	34.5282
72	138	33.3612
74	138	32.9647
130	138	-4.8231
131	138	-5.6071
132	138	-4.8231
137	138	-5.6071
29	139	59.6364
34	139	57.1903
35	139	53.6015
36	139	66.2243
81	139	32.6089
84	139	33.1414
85	139	30.8274
90	139	28.4144
94	139	25.5573
99	139	20.8929
129	139	2.6933
134	139	0.30445
26	140	57.301
31	140	55.4215
65	140	36.0768
73	140	34.1859
75	140	34.1429
78	140	32.295
82	140	30.4044
120	140	0.96511
125	140	-1.5143
136	140	-4.8231
27	141	59.7164
32	141	57.8516
88	141	32.024
91	141	30.2149
92	141	29.6887
93	141	29.2526
95	141	27.4026
27	142	60.8791
32	142	58.9929
88	142	32.6536
91	142	30.7807
92	142	30.546
93	142	30.4044
95	142	28.5141
141	142	-1.5143
27	143	61.297
32	143	59.4226
88	143	33.3612
91	143	31.5222
92	143	31.1069
93	143	30.7807
95	143	28.9098
141	143	-4.8231
142	143	-3.7143
27	144	61.5828
32	144	59.7164
88	144	33.8406
91	144	32.024
92	144	31.5222
93	144	31.1069
95	144	29.2526
141	144	-5.6071
142	144	-1.8214
143	144	-5.6071
1	2	-1.8272
1	3	-2.3747
2	4	-1.7978
3	4	-2.4677
2	6	-1.8346
3	6	-2.3221
5	7	-1.5078
7	8	-2.1256
5	9	-1.5098
8	9	-1.7839
1	11	-2.1336
2	11	-1.3886
3	11	-1.7162
4	11	-2.1871
5	11	-1.6499
6	11	-2.1683
7	11	-1.8616
8	11	-1.3464
9	11	-1.2002
10	11	-1.9471
1	12	-1.4411
2	12	0.26111
3	12	-0.71036
4	12	-1.1488
5	12	-1.2719
6	12	-0.73562
7	12	-1.4406
8	12	-1.0648
9	12	-1.105
10	12	-2.0577
11	13	-1.0643
12	13	-0.94143
11	14	-0.88627
12	14	-0.78751
11	15	-0.98489
12	15	-0.91164
5	16	-1.6948
8	16	-2.059
11	16	-1.6167
12	16	-1.4461
7	17	-1.4858
9	17	-2.1906
11	17	-1.3737
12	17	-1.1573
16	17	-1.4949
7	18	-1.6284
9	18	-2.1215
11	18	-1.3319
12	18	-1.0951
16	18	-1.4251
5	19	-0.90587
8	19	-1.971
11	19	-1.5322
12	19	-1.4033
17	19	-1.7114
18	19	-1.5758
11	20	-1.7022
12	20	-0.68023
1	21	-2.2482
2	21	-1.6686
3	21	-1.8047
4	21	-2.1485
5	21	-1.448
6	21	-1.9792
7	21	-1.457
8	21	-1.0876
9	21	-1.4734
10	21	-1.6306
13	21	-0.37185
14	21	-0.39656
15	21	-0.59689
16	21	-1.0787
17	21	-1.0689
18	21	-1.0716
19	21	-1.5192
20	21	2.968
11	22	-1.6719
12	22	-1.48
21	22	-0.94613
5	23	-0.95103
8	23	-1.5661
11	23	-1.381
12	23	-1.2082
17	23	-1.1965
18	23	-1.0041
21	23	-1.5169
11	24	-2.2372
12	24	-0.72221
21	24	-1.0156
11	25	-1.713
12	25	-1.7518
21	25	-1.3003
11	26	-1.8949
12	26	-0.86088
13	26	-0.94193
14	26	-1.4039
15	26	-1.5659
20	26	-2.2992
21	26	-0.90671
22	26	-1.6799
24	26	-2.3404
11	27	-1.5993
12	27	-1.7044
21	27	-0.97077
25	27	-1.8953
11	28	-1.634
12	28	-1.7934
21	28	-1.2036
27	28	-2.0635
11	29	-1.5152
12	29	-1.5663
21	29	-1.1595
25	29	-1.8964
28	29	-1.1394
11	30	-2.1777
12	30	-1.3415
21	30	-1.6495
26	30	-0.82214
11	31	-1.9122
12	31	-0.88441
13	31	-1.0582
14	31	-1.2885
15	31	-1.3168
20	31	-2.1888
21	31	-1.0222
22	31	-1.3616
24	31	-1.8808
30	31	-0.73713
11	32	-1.5968
12	32	-1.4903
21	32	-0.7805
25	32	-2.2514
28	32	-1.583
11	33	-1.5782
12	33	-1.8375
21	33	-1.1034
27	33	-1.7631
29	33	-0.4124
32	33	-1.4278
11	34	-1.7221
12	34	-1.6879
21	34	-1.3977
25	34	-2.3016
28	34	-2.1019
33	34	-1.497
11	35	-1.5642
12	35	-1.366
21	35	-1.6316
25	35	-1.8647
28	35	-2.1739
33	35	-1.854
11	36	3.8731
12	36	4.5553
21	36	3.4267
25	36	5.0916
28	36	5.4221
33	36	5.9276
2	37	1.919
3	37	2.5919
11	37	3.2698
12	37	3.5047
21	37	2.9253
2	38	1.8627
3	38	2.525
11	38	3.1973
12	38	3.3933
21	38	2.8726
2	39	1.4984
3	39	2.1309
11	39	2.6516
12	39	2.7975
21	39	2.3465
11	40	6.937
12	40	7.0863
21	40	7.085
1	41	2.559
4	41	3.5719
6	41	3.8032
11	41	5.1721
12	41	5.9322
21	41	4.6596
37	41	-0.9711
38	41	-0.99106
39	41	-1.1683
11	42	5.6988
12	42	4.8657
21	42	6.3925
1	43	2.2277
4	43	3.192
6	43	3.4387
11	43	4.8408
12	43	5.538
21	43	4.3635
37	43	-1.4461
38	43	-1.6438
39	43	-1.9922
2	44	1.7842
3	44	2.402
11	44	3.4409
12	44	3.6559
21	44	3.1302
41	44	-2.0632
43	44	-2.1062
2	45	2.6302
3	45	2.6035
11	45	5.0965
12	45	4.3882
21	45	4.7255
41	45	-1.1499
43	45	-1.949
11	46	5.9635
12	46	5.1881
21	46	6.6455
2	47	3.019
3	47	3.0049
11	47	4.795
12	47	4.832
21	47	4.2943
41	47	-0.76564
43	47	-1.735
2	48	3.3833
3	48	3.3845
11	48	4.1635
12	48	4.6861
21	48	3.6754
41	48	-0.089707
43	48	-1.2932
1	49	1.8492
4	49	3.15
6	49	3.3983
11	49	5.0704
12	49	5.8066
21	49	4.5966
37	49	-1.8044
38	49	-2.065
39	49	-2.3228
44	49	-2.3665
45	49	-2.4686
47	49	-2.6065
48	49	-2.4438
2	50	1.8423
3	50	2.4425
11	50	3.8012
12	50	4.0481
21	50	3.4904
41	50	-1.731
43	50	-1.1803
49	50	-1.9022
2	51	1.717
3	51	2.3132
11	51	3.5104
12	51	3.7326
21	51	3.2058
41	51	-2.0829
43	51	-1.4578
49	51	-1.7444
11	52	4.984
12	52	4.3255
21	52	5.5776
2	53	2.8311
3	53	2.8141
11	53	4.6572
12	53	4.8832
21	53	4.1839
41	53	-0.88086
43	53	-1.8936
49	53	-2.2593
1	54	1.8257
4	54	2.9791
6	54	3.2363
11	54	4.6824
12	54	5.3762
21	54	4.2273
37	54	-1.2595
38	54	-1.7647
39	54	-2.2126
44	54	-2.2968
45	54	-1.9655
47	54	-1.993
48	54	-1.515
50	54	-1.7892
51	54	-1.6583
53	54	-1.6729
11	55	4.3693
12	55	3.7805
21	55	4.9139
1	56	1.6058
2	56	1.6749
3	56	1.9347
4	56	-0.05579
5	56	2.1977
6	56	-0.19665
7	56	4.0552
8	56	2.4848
9	56	1.0941
10	56	1.0488
13	56	4.7977
14	56	4.6902
15	56	4.4444
16	56	4.3286
17	56	2.4199
18	56	2.278
19	56	1.736
20	56	5.0842
22	56	4.6546
23	56	1.5532
24	56	5.4058
25	56	3.4093
26	56	5.8926
27	56	5.3554
28	56	3.2688
29	56	2.5485
30	56	5.333
31	56	5.9152
32	56	5.3179
33	56	3.1941
34	56	2.2507
35	56	1.6256
36	56	4.0206
37	56	-1.6395
38	56	-1.5736
39	56	-1.9955
40	56	-0.53258
41	56	-0.75794
42	56	-1.0164
43	56	-1.1454
44	56	-1.5324
45	56	-1.2004
46	56	-1.7549
47	56	-1.3461
48	56	-1.1071
49	56	-1.0334
50	56	-1.1562
51	56	-1.3822
52	56	0.31973
53	56	-0.47626
54	56	-1.0447
55	56	1.8161
7	57	3.1329
9	57	2.3448
11	57	2.8184
12	57	3.2624
16	57	3.2927
19	57	3.3958
21	57	2.5129
23	57	3.2308
56	57	-1.4551
1	58	2.1319
2	58	2.0528
3	58	2.2773
4	58	-0.19721
5	58	2.7542
6	58	-0.30275
7	58	4.7304
8	58	3.0537
9	58	1.6114
10	58	0.56089
13	58	5.5172
14	58	5.4027
15	58	5.1552
16	58	5.0063
17	58	3.0001
18	58	2.8494
19	58	2.2864
20	58	4.1451
22	58	5.412
23	58	2.089
24	58	4.7784
25	58	4.2923
26	58	7.3689
27	58	6.7989
28	58	4.1125
29	58	3.2018
30	58	4.5845
31	58	7.4818
32	58	6.8108
33	58	4.0409
34	58	2.8771
35	58	2.1968
36	58	5.591
37	58	-1.2781
38	58	-1.5982
39	58	-1.4433
40	58	-0.12643
41	58	-1.772
42	58	-2.1617
43	58	-2.1901
44	58	-2.0229
45	58	-0.81143
46	58	-2.2552
47	58	-1.4818
48	58	-1.6254
49	58	-1.8273
50	58	-1.9368
51	58	-1.9322
52	58	-1.5879
53	58	-1.7831
54	58	-1.7267
55	58	-0.86076
57	58	-1.711
11	59	1.6112
12	59	1.97
21	59	1.5892
26	59	2.2942
31	59	2.3115
56	59	-1.4258
58	59	-1.0248
7	60	2.8803
9	60	2.3654
11	60	2.7639
12	60	3.2004
16	60	3.0496
19	60	3.4555
21	60	2.4686
23	60	3.3124
56	60	-1.3375
58	60	-1.5988
11	61	0.25646
12	61	0.26719
21	61	0.62538
26	61	3.8239
31	61	3.992
56	61	-1.056
58	61	-0.72237
1	62	2.0236
2	62	1.8156
3	62	2.0647
4	62	-0.12601
5	62	2.8437
6	62	-0.23538
7	62	4.7464
8	62	3.1472
9	62	1.7773
10	62	0.21382
13	62	5.3007
14	62	5.2045
15	62	4.9744
16	62	5.0269
17	62	3.1025
18	62	2.9599
19	62	2.4506
20	62	4.2795
22	62	5.217
23	62	2.2648
24	62	4.9064
25	62	4.4505
26	62	7.195
27	62	6.8555
28	62	4.2923
29	62	3.4215
30	62	4.7292
31	62	7.3079
32	62	6.8832
33	62	4.2356
34	62	3.1121
35	62	2.4457
36	62	5.5304
37	62	-1.0852
38	62	-1.4354
39	62	-1.3143
40	62	-0.51278
41	62	-1.7216
42	62	-2.5007
43	62	-1.8494
44	62	-1.6004
45	62	-1.1672
46	62	-2.476
47	62	-1.6864
48	62	-1.5157
49	62	-1.428
50	62	-1.5828
51	62	-1.4829
52	62	-1.5074
53	62	-1.8106
54	62	-1.1047
55	62	-0.59908
57	62	-1.3702
59	62	-0.6345
60	62	-1.3793
61	62	0.072265
1	63	2.1512
2	63	1.9122
3	63	2.1525
4	63	0.11245
5	63	2.9537
6	63	-0.010663
7	63	5.2005
8	63	3.2598
9	63	1.8826
10	63	0.70169
13	63	5.4712
14	63	5.3734
15	63	5.1433
16	63	5.4811
17	63	3.2182
18	63	3.0742
19	63	2.5566
20	63	4.0228
22	63	5.3973
23	63	2.3668
24	63	4.6361
25	63	4.766
26	63	7.5412
27	63	7.3222
28	63	4.5945
29	63	3.615
30	63	4.4409
31	63	7.68
32	63	7.3674
33	63	4.5386
34	63	3.296
35	63	2.6112
36	63	5.9474
37	63	-0.80745
38	63	-1.1713
39	63	-1.1075
40	63	-0.16761
41	63	-1.1927
42	63	-1.9555
43	63	-1.5462
44	63	-1.395
45	63	-0.97326
46	63	-2.0745
47	63	-1.305
48	63	-1.07
49	63	-0.84426
50	63	-1.3545
51	63	-1.2852
52	63	-1.9406
53	63	-1.3857
54	63	-0.73355
55	63	-1.0739
57	63	-1.2203
59	63	-0.54038
60	63	-1.2468
61	63	0.025374
5	64	1.3569
8	64	1.6331
11	64	3.6209
12	64	4.1146
17	64	1.6696
18	64	1.5258
21	64	3.4636
56	64	-1.2043
57	64	-1.1831
58	64	-1.3614
60	64	-0.81951
62	64	-1.1784
63	64	-0.96124
11	65	0.46863
12	65	0.74133
13	65	1.1675
14	65	1.3996
15	65	1.6811
20	65	1.4956
21	65	0.43686
22	65	1.5203
24	65	1.7639
30	65	1.989
56	65	-0.26573
58	65	0.042871
59	65	-2.2159
61	65	-1.6057
62	65	1.0662
63	65	1.11
5	66	1.6015
8	66	1.902
11	66	3.3953
12	66	3.8751
17	66	1.9508
18	66	1.8047
21	66	3.2333
56	66	-1.397
57	66	-1.4521
58	66	-1.6321
60	66	-0.98971
62	66	-1.1492
63	66	-0.92891
5	67	1.7941
8	67	2.1192
11	67	3.1306
12	67	3.5977
17	67	2.1806
18	67	2.0316
21	67	2.9635
56	67	-1.6137
57	67	-1.685
58	67	-1.8403
60	67	-1.0829
62	67	-1.0036
63	67	-0.78668
7	68	3.08
9	68	2.2601
11	68	2.8467
12	68	3.3024
16	68	3.2517
19	68	3.2823
21	68	2.549
23	68	3.1424
56	68	-1.2138
58	68	-1.4301
62	68	-1.2956
63	68	-1.2104
64	68	-0.42588
66	68	-0.53035
67	68	-0.54674
7	69	2.4169
9	69	2.7838
11	69	2.5357
12	69	2.9321
16	69	2.6034
19	69	3.9233
21	69	2.2664
23	69	3.8346
56	69	-1.2186
58	69	-1.3159
62	69	-1.3185
63	69	-1.2043
64	69	-0.5126
66	69	-0.64862
67	69	-0.69563
5	70	1.1598
8	70	1.2957
11	70	2.0058
12	70	2.2117
17	70	1.636
18	70	1.7831
21	70	1.7547
56	70	-0.93592
57	70	-1.7211
58	70	-1.0781
60	70	-2.0839
62	70	-1.3381
63	70	-1.2466
68	70	-1.8933
69	70	-1.9649
11	71	0.19903
12	71	0.20025
21	71	0.46955
26	71	4.0013
31	71	4.1857
56	71	-0.94253
58	71	-1.651
62	71	-0.78618
63	71	-0.52957
65	71	-1.0725
5	72	1.3762
8	72	1.6572
11	72	3.2667
12	72	3.769
17	72	1.7003
18	72	1.5642
21	72	3.1077
56	72	-1.6211
57	72	-1.5589
58	72	-1.0924
60	72	-1.1474
62	72	-1.8325
63	72	-1.7114
68	72	-0.81196
69	72	-0.69779
11	73	0.23801
12	73	0.51311
13	73	1.1782
14	73	1.4254
15	73	1.7204
20	73	1.3328
21	73	0.21052
22	73	1.5435
24	73	1.6096
30	73	1.8541
56	73	-0.45261
58	73	-0.62823
59	73	-2.119
61	73	-1.7253
62	73	0.26028
63	73	-0.20018
71	73	-1.3369
5	74	1.5831
8	74	1.8874
11	74	3.2869
12	74	3.7625
17	74	1.9418
18	74	1.8025
21	74	3.1335
56	74	-1.5691
57	74	-1.8485
58	74	-1.3599
60	74	-1.3435
62	74	-1.9376
63	74	-1.801
68	74	-0.95947
69	74	-0.84032
11	75	0.53214
12	75	0.76112
13	75	1.3246
14	75	1.5621
15	75	1.8459
20	75	1.3827
21	75	0.52359
22	75	1.686
24	75	1.6387
30	75	1.8642
56	75	-0.67898
58	75	-0.63272
59	75	-1.7653
61	75	-1.8483
62	75	0.10822
63	75	-0.13805
71	75	-1.5403
5	76	1.3489
8	76	1.4685
11	76	1.9694
12	76	2.2121
17	76	1.788
18	76	1.9418
21	76	1.6949
56	76	-1.1115
57	76	-2.0606
58	76	-1.2537
60	76	-1.8901
62	76	-1.5559
63	76	-1.4888
68	76	-2.1132
69	76	-1.5618
11	77	-0.05702
12	77	-0.043052
21	77	0.32559
26	77	3.5676
31	77	3.751
56	77	-1.5056
58	77	-1.4514
62	77	-0.91243
63	77	-0.65766
65	77	-0.87355
73	77	-1.0076
75	77	-1.2533
11	78	0.20232
12	78	0.46757
13	78	1.1693
14	78	1.4305
15	78	1.7381
20	78	1.3175
21	78	0.18758
22	78	1.5463
24	78	1.5997
30	78	1.8655
56	78	-0.77113
58	78	-1.2791
59	78	-1.5779
61	78	-2.0121
62	78	-0.58591
63	78	-1.316
71	78	-1.8039
77	78	-1.3424
11	79	1.9276
12	79	2.1236
21	79	1.7735
27	79	3.5746
29	79	3.8862
32	79	3.5359
34	79	3.5631
35	79	2.7536
36	79	5.6445
56	79	-1.6067
58	79	-1.4478
62	79	-1.3927
63	79	-1.36
11	80	1.9389
12	80	2.1253
21	80	1.7883
27	80	3.3446
29	80	4.0308
32	80	3.2969
34	80	3.7185
35	80	2.8983
36	80	5.7628
56	80	-1.5104
58	80	-1.2955
62	80	-1.4419
63	80	-1.35
11	81	1.2982
12	81	1.4546
21	81	1.0866
25	81	1.3811
28	81	1.459
33	81	1.5625
56	81	-1.5496
58	81	-1.4199
62	81	-1.2652
63	81	-1.2014
79	81	-1.8007
80	81	-1.8619
11	82	0.33809
12	82	0.58419
13	82	1.1693
14	82	1.446
15	82	1.7678
20	82	1.5292
21	82	0.34167
22	82	1.5582
24	82	1.8127
30	82	2.1029
56	82	-1.1605
58	82	-1.9206
59	82	-1.1741
61	82	-2.1565
62	82	-1.4035
63	82	-2.0563
71	82	-2.2394
77	82	-1.5997
11	83	1.7926
12	83	1.9817
21	83	1.6436
27	83	3.2834
29	83	4.0093
32	83	3.2435
34	83	3.7143
35	83	2.952
36	83	5.5094
56	83	-1.8204
58	83	-1.5571
62	83	-1.4911
63	83	-1.4706
81	83	-1.5926
11	84	1.2946
12	84	1.4786
21	84	1.0725
25	84	1.7922
28	84	1.9183
33	84	2.0551
56	84	-1.625
58	84	-1.575
62	84	-1.2045
63	84	-1.2163
79	84	-1.4558
80	84	-1.2843
83	84	-1.8902
11	85	1.2712
12	85	1.4253
21	85	1.0641
25	85	1.4473
28	85	1.5313
33	85	1.6442
56	85	-1.6586
58	85	-1.5643
62	85	-1.3767
63	85	-1.3307
79	85	-1.7489
80	85	-1.7574
83	85	-2.1594
11	86	-0.18265
12	86	-0.17904
21	86	0.034298
26	86	4.0679
31	86	4.2687
56	86	-1.3638
58	86	-1.9486
62	86	-1.8721
63	86	-1.519
65	86	0.53164
73	86	0.39108
75	86	-0.063606
78	86	-0.0057951
82	86	-0.73698
11	87	-0.31519
12	87	-0.14994
21	87	-0.17578
26	87	4.1488
31	87	4.355
56	87	-1.2335
58	87	-1.8294
62	87	-1.8132
63	87	-1.4378
65	87	0.8405
73	87	0.69162
75	87	0.15254
78	87	0.25786
82	87	-0.56709
11	88	0.77159
12	88	1.062
21	88	0.76889
25	88	2.5252
28	88	2.9318
33	88	3.0354
56	88	-1.0792
58	88	-1.8748
62	88	-1.4553
63	88	-1.5491
79	88	-1.6322
80	88	-1.7818
83	88	-2.0626
11	89	1.6291
12	89	1.8341
21	89	1.4768
27	89	3.4597
29	89	3.7799
32	89	3.4359
34	89	3.4933
35	89	2.7905
36	89	5.0429
56	89	-1.7737
58	89	-1.9041
62	89	-1.5268
63	89	-1.5767
81	89	-1.2261
84	89	-1.2989
85	89	-1.6087
88	89	-1.8015
11	90	1.2674
12	90	1.4119
21	90	1.0688
25	90	1.3302
28	90	1.409
33	90	1.5232
56	90	-1.7018
58	90	-1.6066
62	90	-1.5214
63	90	-1.473
79	90	-1.8573
80	90	-1.911
83	90	-2.1926
89	90	-1.8404
11	91	0.75615
12	91	1.0335
21	91	0.76753
25	91	2.4052
28	91	2.8209
33	91	2.9298
56	91	-1.2246
58	91	-1.7407
62	91	-1.829
63	91	-1.3423
79	91	-2.0297
80	91	-2.1902
83	91	-2.2968
89	91	-2.1547
11	92	0.79911
12	92	1.055
21	92	0.81253
25	92	2.4471
28	92	2.8522
33	92	2.964
56	92	-1.2843
58	92	-1.9239
62	92	-1.4901
63	92	-1.6771
79	92	-2.2336
80	92	-2.2709
83	92	-2.1673
89	92	-2.0899
11	93	0.9565
12	93	1.187
21	93	0.97676
25	93	2.5484
28	93	2.9467
33	93	3.0609
56	93	-1.3219
58	93	-1.7446
62	93	-1.3231
63	93	-1.5738
79	93	-1.9827
80	93	-2.0933
83	93	-2.0162
89	93	-1.9478
11	94	1.2617
12	94	1.4005
21	94	1.0695
25	94	1.0332
28	94	1.0978
33	94	1.2076
56	94	-1.5562
58	94	-1.441
62	94	-1.5425
63	94	-1.4036
79	94	-2.0562
80	94	-2.0543
83	94	-2.1261
89	94	-1.6893
11	95	1.0462
12	95	1.2642
21	95	1.0807
25	95	2.4647
28	95	2.8718
33	95	2.989
56	95	-1.5948
58	95	-1.5919
62	95	-1.7378
63	95	-1.3885
79	95	-1.5791
80	95	-1.7437
83	95	-1.6015
89	95	-1.4624
2	96	4.5058
3	96	4.9978
11	96	6.2363
12	96	6.3338
21	96	6.0768
41	96	2.3484
43	96	3.0558
49	96	3.0784
54	96	3.2559
56	96	3.4479
58	96	3.6968
62	96	3.6996
63	96	3.8786
2	97	4.4412
3	97	4.9343
11	97	6.3211
12	97	6.3978
21	97	6.1681
41	97	2.1487
43	97	2.8665
49	97	2.9159
54	97	3.079
56	97	3.5445
58	97	3.7367
62	97	3.7413
63	97	3.8922
2	98	4.3192
3	98	4.802
11	98	6.3915
12	98	6.4685
21	98	6.2411
41	98	2.0864
43	98	2.7956
49	98	2.8572
54	98	3.022
56	98	3.6656
58	98	3.8804
62	98	3.8972
63	98	4.0545
11	99	3.9643
12	99	4.0686
21	99	3.8319
25	99	3.3276
28	99	3.4388
33	99	3.6132
56	99	1.8905
58	99	1.8466
62	99	1.6232
63	99	1.6473
79	99	1.6512
80	99	1.9064
83	99	1.7776
89	99	1.4218
1	100	3.797
4	100	5.3515
6	100	5.6359
11	100	7.1695
12	100	7.6358
21	100	6.8953
37	100	2.2547
38	100	2.0465
39	100	1.9137
44	100	2.3298
45	100	2.7003
47	100	2.8247
48	100	3.027
50	100	2.6685
51	100	2.5108
53	100	3.2949
56	100	4.3166
58	100	4.9008
62	100	5.0577
63	100	5.3543
96	100	-1.3645
97	100	-2.0531
98	100	-2.2584
2	101	5.0106
3	101	5.1693
11	101	7.4446
12	101	7.426
21	101	7.0858
41	101	3.1404
43	101	3.2569
49	101	3.6384
54	101	3.5809
56	101	4.8353
58	101	6.1184
62	101	5.9787
63	101	5.4236
100	101	-1.648
2	102	5.1392
3	102	5.3053
11	102	7.0968
12	102	7.2665
21	102	6.7431
41	102	3.3637
43	102	3.4981
49	102	3.8974
54	102	3.8647
56	102	4.4263
58	102	5.6669
62	102	5.5466
63	102	5.3758
100	102	-1.5972
2	103	5.1432
3	103	5.312
11	103	6.7042
12	103	7.0586
21	103	6.355
41	103	3.4677
43	103	3.6148
49	103	4.0374
54	103	4.0257
56	103	3.9841
58	103	5.136
62	103	4.9991
63	103	5.2291
100	103	-1.4343
1	104	3.4313
4	104	5.1928
6	104	5.4808
11	104	6.9643
12	104	7.4204
21	104	6.6962
37	104	1.9168
38	104	1.7101
39	104	1.5756
44	104	2.0074
45	104	2.6304
47	104	2.7254
48	104	2.8913
50	104	2.348
51	104	2.1972
53	104	3.1875
56	104	4.1666
58	104	4.7402
62	104	4.9136
63	104	5.1979
96	104	-0.99959
97	104	-2.1505
98	104	-2.4276
101	104	-2.417
102	104	-2.4472
103	104	-2.0011
11	105	7.0786
12	105	6.7429
21	105	7.4996
56	105	7.7273
58	105	6.1097
62	105	6.2272
63	105	5.7395
2	106	4.9189
3	106	5.0825
11	106	7.0688
12	106	7.2205
21	106	6.7174
41	106	3.1355
43	106	3.2702
49	106	3.6691
54	106	3.6376
56	106	4.4187
58	106	5.6524
62	106	5.5361
63	106	5.3251
100	106	-1.7795
104	106	-2.322
11	107	4.6334
12	107	4.8265
21	107	4.7759
26	107	5.0908
31	107	5.2058
56	107	2.2798
58	107	2.4573
62	107	2.528
63	107	2.6799
65	107	3.3981
73	107	3.2897
75	107	3.4567
78	107	3.196
82	107	3.0707
1	108	4.2558
2	108	4.1793
3	108	4.5838
4	108	2.7648
5	108	5.3256
6	108	2.6373
7	108	7.3237
8	108	5.6392
9	108	4.3162
10	108	3.5825
13	108	7.5488
14	108	7.5536
15	108	7.4238
16	108	7.6197
17	108	5.6467
18	108	5.5636
19	108	4.8744
20	108	7.535
22	108	7.5742
23	108	4.7942
24	108	8.1147
25	108	6.8917
26	108	9.0913
27	108	8.7644
28	108	6.8763
29	108	5.9676
30	108	7.9998
31	108	9.2069
32	108	8.8557
33	108	6.9015
34	108	5.7955
35	108	5.3293
36	108	6.3784
37	108	2.5973
38	108	2.4077
39	108	2.5452
40	108	1.797
41	108	1.9334
42	108	1.5574
43	108	2.2847
44	108	2.4789
45	108	0.77871
46	108	1.7501
47	108	0.92131
48	108	1.374
49	108	2.6142
50	108	2.52
51	108	2.541
52	108	1.9655
53	108	0.9984
54	108	2.8788
55	108	2.0365
57	108	3.5505
59	108	4.9047
60	108	3.3925
61	108	5.6187
64	108	6.0381
65	108	7.0283
66	108	5.8648
67	108	5.7361
68	108	3.5865
69	108	2.9525
70	108	2.0226
71	108	5.7815
72	108	6.2928
73	108	7.1071
74	108	5.948
75	108	6.7021
76	108	2.5303
77	108	5.6384
78	108	7.0772
79	108	4.5007
80	108	4.2665
81	108	3.1968
82	108	6.9509
83	108	4.3224
84	108	3.6707
85	108	3.1711
86	108	5.9239
87	108	6.1615
88	108	7.7732
89	108	4.5888
90	108	2.972
91	108	7.732
92	108	7.3696
93	108	6.983
94	108	2.6679
95	108	6.8511
96	108	-1.7732
97	108	-1.5484
98	108	-1.5984
99	108	-0.10113
100	108	-2.006
101	108	-1.6854
102	108	-1.8581
103	108	-1.7432
104	108	-1.7288
105	108	-1.847
106	108	-1.8222
107	108	-1.2936
11	109	4.4141
12	109	4.6053
21	109	4.5547
26	109	4.9066
31	109	5.0194
56	109	2.0499
58	109	2.2205
62	109	2.2893
63	109	2.4383
65	109	3.1966
73	109	3.0871
75	109	3.2478
78	109	2.9934
82	109	2.8716
108	109	-1.3114
7	110	5.9891
9	110	4.4115
11	110	5.6151
12	110	5.9512
16	110	6.1843
19	110	5.1495
21	110	5.4579
23	110	5.131
56	110	3.465
58	110	3.6795
62	110	3.5822
63	110	3.7573
64	110	4.6948
66	110	4.7241
67	110	4.8021
70	110	2.734
72	110	4.6169
74	110	4.6721
76	110	3.3032
108	110	-1.4362
7	111	5.5943
9	111	4.5233
11	111	5.4345
12	111	5.768
16	111	5.7942
19	111	5.2856
21	111	5.2747
23	111	5.2747
56	111	3.231
58	111	3.4319
62	111	3.3301
63	111	3.5013
64	111	4.2665
66	111	4.2802
67	111	4.3434
70	111	2.9407
72	111	4.1891
74	111	4.2274
76	111	3.5634
108	111	-1.5494
1	112	4.3055
2	112	4.2272
3	112	4.6455
4	112	2.7652
5	112	5.2732
6	112	2.634
7	112	7.1695
8	112	5.5865
9	112	4.2924
10	112	3.2171
13	112	7.5282
14	112	7.5377
15	112	7.4115
16	112	7.4682
17	112	5.5946
18	112	5.5138
19	112	4.8448
20	112	7.382
22	112	7.5564
23	112	4.7681
24	112	7.8722
25	112	6.7339
26	112	8.8295
27	112	8.5247
28	112	6.7253
29	112	5.9133
30	112	7.7868
31	112	8.9416
32	112	8.6147
33	112	6.7513
34	112	5.7458
35	112	5.2886
36	112	6.2398
37	112	2.6346
38	112	2.4492
39	112	2.6016
40	112	1.415
41	112	1.9383
42	112	1.2633
43	112	2.3057
44	112	2.5236
45	112	0.9184
46	112	1.4732
47	112	0.87118
48	112	1.3567
49	112	2.6281
50	112	2.5561
51	112	2.5873
52	112	1.6934
53	112	0.95831
54	112	2.9068
55	112	1.7685
57	112	3.5008
59	112	4.8954
60	112	3.3526
61	112	5.6647
64	112	5.8304
65	112	6.7505
66	112	5.6734
67	112	5.5614
68	112	3.5427
69	112	2.9427
70	112	2.0527
71	112	5.6856
72	112	6.0858
73	112	6.8259
74	112	5.7559
75	112	6.4387
76	112	2.5563
77	112	5.772
78	112	6.7909
79	112	4.3765
80	112	4.1502
81	112	3.2039
82	112	6.6582
83	112	4.2166
84	112	3.6756
85	112	3.1891
86	112	5.7179
87	112	5.6082
88	112	7.4662
89	112	4.4832
90	112	3.0033
91	112	7.4167
92	112	7.0896
93	112	6.734
94	112	2.7084
95	112	6.6036
96	112	-1.572
97	112	-1.4898
98	112	-1.5732
99	112	0.049976
100	112	-1.9635
101	112	-1.4291
102	112	-1.7531
103	112	-1.765
104	112	-2.0362
105	112	-2.2059
106	112	-1.8099
107	112	-0.84015
109	112	-0.85628
110	112	-1.7659
111	112	-1.845
1	113	4.3483
2	113	4.1225
3	113	4.5256
4	113	2.4939
5	113	5.4374
6	113	2.3684
7	113	7.4424
8	113	5.7489
9	113	4.4386
10	113	3.6665
13	113	7.7758
14	113	7.7829
15	113	7.6566
16	113	7.7363
17	113	5.7581
18	113	5.6781
19	113	4.9876
20	113	7.16
22	113	7.805
23	113	4.9115
24	113	7.732
25	113	7.1158
26	113	9.4728
27	113	9.1681
28	113	7.1025
29	113	6.144
30	113	7.616
31	113	9.5913
32	113	9.262
33	113	7.1302
34	113	5.9763
35	113	5.519
36	113	6.5444
37	113	2.7597
38	113	2.5736
39	113	2.703
40	113	1.9078
41	113	1.9635
42	113	1.6041
43	113	2.3145
44	113	2.6548
45	113	0.40459
46	113	1.7836
47	113	0.69417
48	113	1.1432
49	113	2.638
50	113	2.7047
51	113	2.7224
52	113	2.0031
53	113	0.77513
54	113	2.9059
55	113	2.0812
57	113	3.757
59	113	5.2321
60	113	3.61
61	113	5.2284
64	113	6.2448
65	113	7.485
66	113	6.0815
67	113	5.9604
68	113	3.8081
69	113	3.1757
70	113	2.2276
71	113	5.368
72	113	6.5032
73	113	7.5729
74	113	6.173
75	113	7.1743
76	113	2.7421
77	113	5.2513
78	113	7.5553
79	113	4.8453
80	113	4.6147
81	113	3.4655
82	113	7.4442
83	113	4.675
84	113	3.9473
85	113	3.4413
86	113	5.4781
87	113	5.6989
88	113	8.3136
89	113	4.9476
90	113	3.2412
91	113	8.2955
92	113	7.9381
93	113	7.5556
94	113	2.9329
95	113	7.4522
96	113	-1.2491
97	113	-1.8771
98	113	-1.9034
99	113	0.3614
100	113	-2.1473
101	113	-1.5925
102	113	-2.5496
103	113	-2.0192
104	113	-1.8127
105	113	-2.4289
106	113	-2.211
107	113	-0.66523
109	113	-0.76705
110	113	-1.7464
111	113	-1.7129
5	114	2.8826
8	114	3.1249
11	114	3.9295
12	114	4.0987
17	114	3.4737
18	114	3.5692
21	114	3.7502
56	114	1.9846
57	114	1.1089
58	114	2.0175
60	114	1.3876
62	114	1.8708
63	114	1.9737
68	114	1.3174
69	114	1.6587
108	114	-1.6529
110	114	-1.5974
111	114	-1.8559
112	114	-1.5074
113	114	-1.4335
11	115	2.7131
12	115	2.8851
21	115	2.8586
26	115	7.2512
31	115	7.4571
56	115	1.0478
58	115	1.0538
62	115	0.96668
63	115	0.93568
65	115	5.1335
73	115	5.2599
75	115	4.9805
78	115	5.2566
82	115	5.098
108	115	-1.4318
112	115	-0.12817
113	115	-1.3786
1	116	4.3744
2	116	4.1117
3	116	4.5287
4	116	2.633
5	116	5.4428
6	116	2.504
7	116	7.1796
8	116	5.7536
9	116	4.4654
10	116	2.7673
13	116	7.6341
14	116	7.6451
15	116	7.5214
16	116	7.476
17	116	5.763
18	116	5.6852
19	116	5.0055
20	116	7.7407
22	116	7.6657
23	116	4.9326
24	116	8.3172
25	116	6.9119
26	116	9.133
27	116	8.6798
28	116	6.9056
29	116	6.039
30	116	8.2051
31	116	9.2479
32	116	8.7722
33	116	6.9336
34	116	5.8762
35	116	5.4304
36	116	6.3484
37	116	2.7668
38	116	2.5866
39	116	2.7353
40	116	1.0342
41	116	1.9081
42	116	0.78227
43	116	2.2744
44	116	2.6678
45	116	0.67934
46	116	0.98653
47	116	0.78396
48	116	1.2635
49	116	2.5909
50	116	2.7051
51	116	2.7351
52	116	1.1946
53	116	0.87412
54	116	2.8715
55	116	1.2584
57	116	3.7535
59	116	5.094
60	116	3.6147
61	116	5.8577
64	116	5.925
65	116	7.1249
66	116	5.777
67	116	5.6718
68	116	3.8073
69	116	3.2098
70	116	2.298
71	116	6.0139
72	116	6.1832
73	116	7.2082
74	116	5.8666
75	116	6.8271
76	116	2.8017
77	116	5.8906
78	116	7.184
79	116	4.6624
80	116	4.4408
81	116	3.4164
82	116	7.0647
83	116	4.51
84	116	3.8881
85	116	3.4019
86	116	6.1576
87	116	6.3179
88	116	7.7463
89	116	4.7792
90	116	3.2166
91	116	7.717
92	116	7.3973
93	116	7.049
94	116	2.923
95	116	6.9427
96	116	-1.1782
97	116	-1.8223
98	116	-1.9309
99	116	0.4165
100	116	-2.0277
101	116	-1.9624
102	116	-2.3043
103	116	-2.0592
104	116	-1.7038
105	116	-1.706
106	116	-2.3781
107	116	-0.39721
109	116	-0.48432
110	116	-1.501
111	116	-1.5632
114	116	-1.2993
115	116	3.7913
11	117	4.6777
12	117	4.8892
21	117	4.8239
26	117	5.3753
31	117	5.5051
56	117	2.4514
58	117	2.6928
62	117	2.7974
63	117	2.9591
65	117	3.8434
73	117	3.7629
75	117	3.9383
78	117	3.6995
82	117	3.6001
108	117	-2.0426
112	117	-1.531
113	117	-1.5856
116	117	-1.0355
11	118	4.7174
12	118	4.9202
21	118	4.8645
26	118	5.1507
31	118	5.2759
56	118	2.4693
58	118	2.6862
62	118	2.784
63	118	2.9389
65	118	3.5724
73	118	3.4845
75	118	3.6558
78	118	3.4135
82	118	3.309
108	118	-1.9746
112	118	-1.6789
113	118	-1.7211
116	118	-1.238
7	119	5.4357
9	119	4.4491
11	119	5.3472
12	119	5.6775
16	119	5.6387
19	119	5.2079
21	119	5.1903
23	119	5.2018
56	119	3.1788
58	119	3.3803
62	119	3.2868
63	119	3.4548
64	119	4.183
66	119	4.1859
67	119	4.2368
70	119	2.9513
72	119	4.1161
74	119	4.1433
76	119	3.5697
108	119	-1.2387
112	119	-1.6377
113	119	-1.4853
114	119	-1.8318
116	119	-1.4718
11	120	3.3868
12	120	3.4083
13	120	3.1562
14	120	3.5142
15	120	3.9051
20	120	4.5503
21	120	3.5547
22	120	3.6137
24	120	4.7983
30	120	5.2049
56	120	1.2983
58	120	1.2778
59	120	2.5886
61	120	2.6831
62	120	1.2912
63	120	1.4192
71	120	2.7719
77	120	2.8631
86	120	2.8434
87	120	3.0609
107	120	-1.7449
108	120	-1.3956
109	120	-2.1424
112	120	-0.58694
113	120	-0.91095
115	120	-1.5448
116	120	-0.020289
117	120	-1.8362
118	120	-2.0033
11	121	4.4124
12	121	4.484
21	121	4.3914
27	121	6.7224
29	121	5.4709
32	121	6.7531
34	121	5.2767
35	121	4.8369
36	121	5.3787
56	121	2.3625
58	121	2.4013
62	121	2.2718
63	121	2.2965
81	121	2.9669
84	121	3.355
85	121	2.9242
88	121	4.2184
90	121	2.8038
91	121	4.3214
92	121	4.5454
93	121	4.7141
94	121	2.6234
95	121	4.7724
99	121	1.3981
108	121	-1.7086
112	121	-1.2582
113	121	-1.3082
116	121	-0.89426
11	122	4.3544
12	122	4.4242
21	122	4.3321
27	122	6.5923
29	122	5.6178
32	122	6.6197
34	122	5.4248
35	122	4.9826
36	122	5.5701
56	122	2.2755
58	122	2.304
62	122	2.1725
63	122	2.1958
81	122	3.1621
84	122	3.5754
85	122	3.125
88	122	4.044
90	122	3.0015
91	122	4.1389
92	122	4.3547
93	122	4.5177
94	122	2.803
95	122	4.5666
99	122	1.7719
108	122	-1.6919
112	122	-1.2733
113	122	-1.277
116	122	-0.91782
5	123	2.8361
8	123	3.0763
11	123	3.9054
12	123	4.0795
17	123	3.4189
18	123	3.5113
21	123	3.7254
56	123	1.9967
57	123	1.1737
58	123	2.0452
60	123	1.4496
62	123	1.9022
63	123	2.0079
68	123	1.3852
69	123	1.7196
108	123	-1.5565
110	123	-2.1703
111	123	-2.1194
112	123	-1.3666
113	123	-1.3414
116	123	-1.2024
119	123	-1.9368
11	124	2.4658
12	124	2.6317
21	124	2.6296
26	124	6.9007
31	124	7.1063
56	124	0.79038
58	124	0.7933
62	124	0.70565
63	124	0.67498
65	124	4.8379
73	124	4.9674
75	124	4.7104
78	124	4.9682
82	124	4.8148
108	124	-2.0183
112	124	-1.4658
113	124	-2.3216
116	124	-1.9697
120	124	-1.3318
11	125	2.9551
12	125	2.9967
13	125	3.179
14	125	3.5476
15	125	3.9481
20	125	4.4837
21	125	3.116
22	125	3.6471
24	125	4.7385
30	125	5.1552
56	125	0.88954
58	125	0.91715
59	125	2.6126
61	125	2.6647
62	125	0.93899
63	125	1.0818
71	125	2.7697
77	125	2.8648
86	125	2.8833
87	125	3.1081
107	125	-1.6126
108	125	-1.6977
109	125	-2.0575
112	125	-0.80839
113	125	-1.5139
115	125	-1.6927
116	125	-0.39923
117	125	-1.9528
118	125	-2.2721
124	125	-1.6715
11	126	4.6474
12	126	4.7185
21	126	4.6313
27	126	6.8161
29	126	5.2918
32	126	6.8514
34	126	5.1004
35	126	4.6756
36	126	5.084
56	126	2.671
58	126	2.7202
62	126	2.5999
63	126	2.6224
81	126	2.797
84	126	3.1357
85	126	2.7539
88	126	4.3934
90	126	2.6504
91	126	4.5117
92	126	4.7423
93	126	4.9138
94	126	2.5074
95	126	4.9905
99	126	1.1247
108	126	-1.2286
112	126	-1.7033
113	126	-1.3541
116	126	-1.4782
11	127	4.4691
12	127	4.5371
21	127	4.4497
27	127	6.5967
29	127	5.665
32	127	6.6256
34	127	5.4752
35	127	5.0445
36	127	5.5524
56	127	2.4266
58	127	2.4561
62	127	2.3302
63	127	2.3508
81	127	3.2489
84	127	3.634
85	127	3.2145
88	127	4.0831
90	127	3.1037
91	127	4.1848
92	127	4.4005
93	127	4.5621
94	127	2.927
95	127	4.6191
99	127	1.8726
108	127	-1.5844
112	127	-1.6973
113	127	-1.6875
116	127	-1.364
11	128	4.2961
12	128	4.3643
21	128	4.2737
27	128	6.4367
29	128	5.7919
32	128	6.4624
34	128	5.6037
35	128	5.1725
36	128	5.7153
56	128	2.2167
58	128	2.2398
62	128	2.1107
63	128	2.1318
81	128	3.4257
84	128	3.8295
85	128	3.3968
88	128	3.8797
90	128	3.2853
91	128	3.9735
92	128	4.1832
93	128	4.3415
94	128	3.096
95	128	4.3897
99	128	2.2069
108	128	-1.9438
112	128	-1.4921
113	128	-1.5
116	128	-1.1677
11	129	3.453
12	129	3.5495
21	129	3.3314
25	129	3.0471
28	129	3.1435
33	129	3.3223
56	129	1.5405
58	129	1.5415
62	129	1.3636
63	129	1.4065
79	129	1.4861
80	129	1.6364
83	129	1.5768
89	129	1.4365
108	129	-1.2661
112	129	-0.95855
113	129	-0.99145
116	129	-0.75305
121	129	-1.8309
122	129	-1.853
126	129	-1.4513
127	129	-1.2885
128	129	-1.2278
5	130	4.0937
8	130	4.405
11	130	5.2905
12	130	5.5665
17	130	4.5098
18	130	4.4741
21	130	5.306
56	130	2.673
57	130	2.1493
58	130	3.0839
60	130	2.1709
62	130	3.0422
63	130	3.0036
68	130	2.2839
69	130	1.9455
108	130	-1.2014
110	130	-1.8826
111	130	-1.9415
112	130	-1.645
113	130	-1.3567
116	130	-1.4792
119	130	-1.1751
5	131	4.0054
8	131	4.3217
11	131	5.372
12	131	5.6407
17	131	4.4292
18	131	4.3942
21	131	5.388
56	131	2.7344
57	131	2.1046
58	131	3.1244
60	131	2.1282
62	131	3.078
63	131	3.035
68	131	2.2512
69	131	1.8902
108	131	-1.3393
110	131	-1.9786
111	131	-1.9227
112	131	-1.8686
113	131	-1.5376
116	131	-1.6806
119	131	-1.0828
5	132	3.8417
8	132	4.1731
11	132	5.2794
12	132	5.546
17	132	4.2835
18	132	4.2394
21	132	5.2927
56	132	2.6115
57	132	1.9903
58	132	2.9912
60	132	2.0144
62	132	2.9392
63	132	2.8959
68	132	2.1499
69	132	1.7581
108	132	-1.6665
110	132	-2.0818
111	132	-1.826
112	132	-1.869
113	132	-1.8419
116	132	-1.6158
119	132	-0.91156
11	133	4.1039
12	133	4.1738
21	133	4.0791
27	133	6.1921
29	133	5.8353
32	133	6.2159
34	133	5.6519
35	133	5.2321
36	133	5.7237
56	133	2.0113
58	133	2.0353
62	133	1.9067
63	133	1.9285
81	133	3.5551
84	133	3.9472
85	133	3.5338
88	133	3.6196
90	133	3.4345
91	133	3.7113
92	133	3.9177
93	133	4.0739
94	133	3.2568
95	133	4.1205
99	133	2.4712
108	133	-1.7728
112	133	-1.4559
113	133	-1.4542
116	133	-1.1539
129	133	-0.47482
11	134	3.4207
12	134	3.514
21	134	3.3008
25	134	3.0525
28	134	3.1449
33	134	3.3226
56	134	1.5162
58	134	1.5128
62	134	1.3386
63	134	1.3802
79	134	1.4722
80	134	1.6125
83	134	1.554
89	134	1.4261
108	134	-1.4035
112	134	-1.1034
113	134	-1.1513
116	134	-0.91803
121	134	-2.0154
122	134	-2.1081
126	134	-1.6572
127	134	-1.7673
128	134	-1.7962
133	134	-1.2389
11	135	2.3521
12	135	2.518
21	135	2.5293
26	135	6.7635
31	135	6.9688
56	135	0.67677
58	135	0.67485
62	135	0.58657
63	135	0.56118
65	135	4.738
73	135	4.8694
75	135	4.6279
78	135	4.8728
82	135	4.7228
108	135	-2.1497
112	135	-1.617
113	135	-2.2525
116	135	-2.1254
120	135	-0.30701
125	135	-0.28954
11	136	2.8144
12	136	2.8579
13	136	3.1887
14	136	3.5652
15	136	3.9726
20	136	4.2293
21	136	2.9762
22	136	3.664
24	136	4.4888
30	136	4.9084
56	136	0.78006
58	136	0.80439
59	136	2.6747
61	136	2.4288
62	136	0.83143
63	136	0.96972
71	136	2.5423
77	136	2.639
86	136	2.6757
87	136	2.9017
107	136	-1.4277
108	136	-1.9584
109	136	-1.4676
112	136	-1.3924
113	136	-2.1172
115	136	-1.503
116	136	-1.3713
117	136	-1.5975
118	136	-1.6218
124	136	-2.1523
135	136	-1.2093
5	137	3.9502
8	137	4.2619
11	137	4.9307
12	137	5.2156
17	137	4.3668
18	137	4.3307
21	137	4.9412
56	137	2.3064
57	137	2.006
58	137	2.7344
60	137	2.0293
62	137	2.6933
63	137	2.6593
68	137	2.1418
69	137	1.8081
108	137	-1.3924
110	137	-2.075
111	137	-1.9413
112	137	-1.2441
113	137	-1.4535
116	137	-1.1304
119	137	-1.241
5	138	3.734
8	138	4.052
11	138	4.9796
12	138	5.2578
17	138	4.1594
18	138	4.1226
21	138	4.9904
56	138	2.3322
57	138	1.828
58	138	2.7405
60	138	1.8499
62	138	2.6944
63	138	2.6567
68	138	1.9747
69	138	1.6068
108	138	-1.5925
110	138	-2.3143
111	138	-1.8214
112	138	-1.3982
113	138	-1.7082
116	138	-1.2326
119	138	-1.0625
11	139	3.605
12	139	3.6833
21	139	3.4918
25	139	3.0697
28	139	3.1465
33	139	3.3168
56	139	1.7129
58	139	1.6849
62	139	1.5206
63	139	1.5567
79	139	1.3823
80	139	1.4921
83	139	1.4311
89	139	1.3321
108	139	-1.6113
112	139	-1.6037
113	139	-1.5722
116	139	-1.3863
121	139	-1.9529
122	139	-2.1091
126	139	-1.6066
127	139	-1.9075
128	139	-2.0133
133	139	-1.8068
11	140	2.9194
12	140	2.967
13	140	3.4435
14	140	3.8304
15	140	4.247
20	140	3.9195
21	140	3.0839
22	140	3.9292
24	140	4.1884
30	140	4.616
56	140	0.94219
58	140	0.9769
59	140	2.938
61	140	2.1558
62	140	1.0139
63	140	1.152
71	140	2.2874
77	140	2.3808
86	140	2.4583
87	140	2.6958
107	140	-1.0895
108	140	-1.7913
109	140	-1.0699
112	140	-1.5471
113	140	-1.5758
115	140	-1.198
116	140	-1.7058
117	140	-1.2651
118	140	-1.2116
124	140	-1.7986
135	140	-0.94583
11	141	3.3867
12	141	3.4037
21	141	3.5735
25	141	4.7833
28	141	5.2392
33	141	5.3659
56	141	1.2399
58	141	1.2428
62	141	1.1816
63	141	1.2432
79	141	2.8004
80	141	2.7954
83	141	2.9446
89	141	3.0884
108	141	-2.0438
112	141	-1.4623
113	141	-1.8296
116	141	-1.3529
121	141	-1.7462
122	141	-2.1092
126	141	-1.2887
127	141	-2.1868
128	141	-2.273
133	141	-2.0505
11	142	2.961
12	142	3.0013
21	142	3.1466
25	142	4.9505
28	142	5.4187
33	142	5.5468
56	142	0.89391
58	142	0.95968
62	142	0.91363
63	142	0.99195
79	142	2.8331
80	142	2.8383
83	142	2.9853
89	142	3.116
108	142	-1.6796
112	142	-1.2796
113	142	-1.5293
116	142	-1.352
121	142	-1.2898
122	142	-1.4089
126	142	-1.3644
127	142	-1.5342
128	142	-1.7582
133	142	-2.1683
11	143	3.0515
12	143	3.0797
21	143	3.2361
25	143	4.8103
28	143	5.2708
33	143	5.3981
56	143	0.92746
58	143	0.95678
62	143	0.90074
63	143	0.96963
79	143	2.7889
80	143	2.7884
83	143	2.9374
89	143	3.0764
108	143	-1.8419
112	143	-1.3331
113	143	-1.9655
116	143	-1.3544
121	143	-1.9196
122	143	-2.062
126	143	-1.5238
127	143	-2.2065
128	143	-2.4326
133	143	-2.0541
11	144	3.1851
12	144	3.2055
21	144	3.3709
25	144	4.7133
28	144	5.1708
33	144	5.2977
56	144	1.0448
58	144	1.0531
62	144	0.99347
63	144	1.056
79	144	2.7407
80	144	2.7394
83	144	2.8893
89	144	3.0299
108	144	-1.9639
112	144	-1.5051
113	144	-1.8265
116	144	-1.3703
121	144	-1.5415
122	144	-1.8662
126	144	-1.0612
127	144	-1.9237
128	144	-2.0905
133	144	-1.7248
offset
60
