154
detection	body_part	cost
1	7	-1.4904
2	7	-0.58972
3	8	-0.63152
4	8	-0.26999
5	6	-1.3061
6	14	-0.50213
7	2	-1.9635
8	1	-2.8207
9	3	-0.062343
10	6	-0.11926
11	1	-2.5112
12	12	-0.53742
13	14	0.012122
14	1	-2.0963
15	4	-0.32825
16	9	-1.3974
17	10	-2.0656
18	4	-0.24865
19	9	-0.56992
20	11	-0.56183
21	11	0.20405
22	9	-1.7194
23	9	-1.5612
24	11	-0.79546
25	11	-3.9778
26	12	0.17488
27	14	0.30133
28	12	-1.2315
29	14	0.057298
30	12	-0.002744
31	10	-4.4169
32	14	0.27012
33	10	-2.9038
34	4	-0.54649
35	13	-2.3573
36	13	-1.5213
37	14	0.21752
38	4	-0.89293
39	4	-5.0388
40	4	0.31886
41	4	-0.75763
42	3	-0.078623
43	3	-3.9627
44	5	-2.9058
45	5	-0.86623
46	5	-3.0112
47	1	-3.4078
48	1	-2.5897
49	7	-4.0593
50	5	-0.95516
51	5	-0.17842
52	7	-3.5409
53	8	-0.43625
54	6	-1.6657
55	8	-1.3797
56	2	-0.77946
57	2	-1.3799
58	2	-2.2684
59	2	-2.6996
60	2	-1.1926
61	10	-2.1575
62	10	-3.2923
63	3	-3.4305
64	4	-4.2704
65	10	-1.8526
66	5	-0.14742
67	10	-2.0919
68	3	-3.2639
69	3	-4.3867
70	4	-1.1106
71	5	-2.0291
72	5	-2.4718
73	5	-0.52887
74	3	-2.5857
75	9	-0.84815
76	8	-2.9627
77	9	-1.1827
78	8	-4.6593
79	8	-3.0824
80	9	0.43128
81	9	-0.66781
82	8	-1.3
83	9	-0.89235
84	8	-2.57
85	8	-0.94043
86	11	-0.52137
87	11	-1.5905
88	2	0.33515
89	1	-6.5413
90	8	-1.6396
91	2	-4.3458
92	14	-0.10018
93	2	0.38756
94	12	-1.8651
95	13	-0.81853
96	12	-0.54399
97	13	-3.1864
98	13	-3.6543
99	13	-1.8541
100	14	0.35763
101	14	0.13912
102	7	-4.5313
103	12	-0.37359
104	13	-2.6263
105	6	-4.8251
106	13	-0.86362
107	7	-1.5966
108	2	-1.8689
109	7	-2.1747
110	7	-2.3186
111	7	-1.5254
112	5	0.14401
113	1	-1.5444
114	1	-2.7819
115	6	-0.037155
116	13	-1.485
117	2	-3.9944
118	6	-0.83237
119	7	-1.0365
120	13	-4.0913
121	3	-0.1225
122	6	-3.0181
123	1	-2.5037
124	7	-1.5634
125	6	-1.3264
126	11	0.89121
127	6	0.039485
128	1	-3.7336
129	6	-0.69176
130	6	-0.16884
131	13	-0.85006
132	11	0.23287
133	3	-0.22048
134	1	-2.3049
135	9	-0.75963
136	12	-0.7897
137	12	-0.79857
138	10	0.16682
139	10	-0.10106
140	11	0.40659
141	11	0.13519
142	3	-1.7096
143	3	-1.5262
144	9	-0.64771
145	12	-0.50108
146	10	-0.14728
147	10	-0.54214
148	5	-0.12325
149	4	-0.30638
150	14	-1.9438
151	4	0.27987
152	14	-3.6967
153	9	-0.83197
154	12	-2.1723
detection1	detection2	cost
1	2	-5.6071
3	4	-5.6071
5	10	-5.6071
8	11	-5.6071
6	13	-5.6071
8	14	-4.8231
11	14	-5.6071
15	18	-5.6071
16	19	-4.8231
20	21	-5.6071
16	22	9.4302
19	22	8.783
16	23	10.3572
19	23	9.9513
22	23	-5.6071
20	24	33.8406
21	24	32.024
20	25	38.0074
21	25	36.2
24	25	-3.2674
12	26	17.1798
6	27	38.7105
13	27	37.6517
12	28	20.0604
26	28	-1.5143
6	29	36.6892
13	29	35.414
27	29	-0.67521
12	30	24.8452
26	30	3.5372
28	30	-2.1462
17	31	29.9767
6	32	38.0074
13	32	36.6892
27	32	0.53071
29	32	-5.6071
17	33	32.6536
31	33	-4.8231
15	34	29.833
18	34	28.2144
35	36	-4.8231
6	37	48.715
13	37	47.3929
27	37	5.8845
29	37	4.6202
32	37	3.2076
15	38	31.5222
18	38	29.785
34	38	-2.1462
15	39	33.1414
18	39	31.4763
34	39	-3.7143
38	39	-3.7143
15	40	36.6486
18	40	35.0367
34	40	-0.67521
38	40	0.30445
39	40	-3.2674
15	41	35.7467
18	41	34.0136
34	41	0.30445
38	41	-3.2674
39	41	-3.2674
40	41	-1.5143
9	42	38.086
9	43	40.4233
42	43	-3.2674
44	45	-5.6071
44	46	-5.6071
45	46	-4.8231
8	47	50.4103
11	47	50.069
14	47	48.2028
8	48	50.8111
11	48	50.4103
14	48	48.5554
47	48	-5.6071
1	49	56.5502
2	49	55.9601
44	50	-3.2674
45	50	-2.1462
46	50	-4.8231
44	51	-3.2674
45	51	-3.7143
46	51	-4.8231
50	51	-3.7143
1	52	58.966
2	52	58.3431
49	52	-4.8231
3	53	63.6271
4	53	62.842
5	54	58.6147
10	54	56.7736
3	55	68.8035
4	55	67.8823
53	55	0.30445
7	56	64.826
7	57	66.7087
56	57	-5.6071
7	58	66.9256
56	58	-4.8231
57	58	-5.6071
7	59	67.1899
56	59	-3.2674
57	59	-3.7143
58	59	-5.6071
7	60	69.3649
56	60	-0.67521
57	60	-1.5143
58	60	-3.2674
59	60	-4.8231
17	61	66.8775
31	61	38.5552
33	61	37.0526
17	62	67.3816
31	62	38.2821
33	62	36.6892
61	62	-5.6071
9	63	72.8517
42	63	28.9098
43	63	25.5573
15	64	70.3146
18	64	68.5213
34	64	34.5282
38	64	31.5222
39	64	30.7807
40	64	28.5141
41	64	27.4026
17	65	68.7095
31	65	40.4233
33	65	38.904
61	65	-5.6071
62	65	-4.8231
44	66	17.1798
45	66	17.1071
46	66	15.293
50	66	13.6628
51	66	13.3214
17	67	69.7369
31	67	39.9726
33	67	38.2821
61	67	-3.2674
62	67	-4.8231
65	67	-3.7143
9	68	74.2223
42	68	29.785
43	68	26.624
63	68	-4.8231
9	69	74.6814
42	69	30.593
43	69	27.2998
63	69	-5.6071
68	69	-5.6071
15	70	72.7178
18	70	70.9338
34	70	36.6892
38	70	33.8406
39	70	32.9647
40	70	30.546
41	70	29.6887
64	70	-4.8231
44	71	19.0675
45	71	19.269
46	71	17.1798
50	71	15.2143
51	71	15.5276
66	71	-3.2674
44	72	19
45	72	19.0675
46	72	17.1071
50	72	15.293
51	72	15.293
66	72	-4.8231
71	72	-5.6071
44	73	19.0675
45	73	19
46	73	17.1798
50	73	15.5276
51	73	15.2143
66	73	-5.6071
71	73	-3.7143
72	73	-5.6071
9	74	76.0649
42	74	31.5222
43	74	28.4144
63	74	-3.2674
68	74	-5.6071
69	74	-4.8231
16	75	75.1812
19	75	73.9149
22	75	58.6147
23	75	58.207
3	76	83.5147
4	76	82.9817
53	76	15.5276
55	76	16.2174
16	77	75.7212
19	77	74.5068
22	77	59.0737
23	77	58.6147
75	77	-5.6071
3	78	84.0838
4	78	83.5147
53	78	15.293
55	78	15.3715
76	78	-5.6071
3	79	84.6882
4	79	84.0838
53	79	15.2143
55	79	14.6553
76	79	-3.7143
78	79	-5.6071
16	80	76.918
19	80	75.8072
22	80	60.1415
23	80	59.583
75	80	-1.8214
77	80	-3.7143
16	81	77.0029
19	81	75.7212
22	81	60.4586
23	81	60.062
75	81	-5.6071
77	81	-4.8231
80	81	-1.5143
3	82	85.3272
4	82	84.8047
53	82	17.3966
55	82	17.8953
76	82	-5.6071
78	82	-4.8231
79	82	-3.2674
16	83	77.5312
19	83	76.3004
22	83	60.9052
23	83	60.4586
75	83	-4.8231
77	83	-5.6071
80	83	-3.2674
81	83	-5.6071
3	84	85.8852
4	84	85.3272
53	84	17.1798
55	84	17.1071
76	84	-4.8231
78	84	-5.6071
79	84	-4.8231
82	84	-5.6071
3	85	86.478
4	85	85.8852
53	85	17.1071
55	85	16.443
76	85	-3.2674
78	85	-4.8231
79	85	-5.6071
82	85	-3.7143
84	85	-5.6071
20	86	71.2301
21	86	70.9338
24	86	63.8534
25	86	63.6271
20	87	71.5707
21	87	71.2301
24	87	63.1723
25	87	62.842
86	87	-5.6071
7	88	80.0843
56	88	7.7607
57	88	5.8845
58	88	5.75
59	88	5.8845
60	88	4.4715
8	89	82.0263
11	89	81.6051
14	89	79.7564
47	89	24.2301
48	89	23.7178
3	90	94.0814
4	90	93.2491
53	90	23.0214
55	90	18.2456
76	90	11.8034
78	90	9.9513
79	90	8.1089
82	90	11.523
84	90	9.6406
85	90	7.7607
7	91	82.4456
56	91	10.4572
57	91	8.6726
58	91	8.1089
59	91	7.7607
60	91	5.75
88	91	-3.2674
6	92	85.7124
13	92	83.8684
27	92	59.0737
29	92	54.127
32	92	52.2675
37	92	46.9998
7	93	83.8487
56	93	11.523
57	93	9.6406
58	93	9.5357
59	93	9.6406
60	93	8.1089
88	93	-3.7143
91	93	-3.2674
12	94	86.6304
26	94	62.5357
28	94	59.0737
30	94	54.5037
35	95	47.9126
36	95	46.3384
12	96	87.1429
26	96	63.1723
28	96	59.583
30	96	54.9356
94	96	-5.6071
35	97	47.6858
36	97	46.0381
95	97	-5.6071
35	98	47.5232
36	98	45.8033
95	98	-3.7143
97	98	-5.6071
35	99	47.4255
36	99	45.635
95	99	-1.8214
97	99	-3.7143
98	99	-5.6071
6	100	87.1618
13	100	85.3079
27	100	61.401
29	100	56.3541
32	100	54.5037
37	100	49.4432
92	100	-4.8231
6	101	87.5584
13	101	85.7124
27	101	60.9052
29	101	55.9884
32	101	54.127
37	101	48.7787
92	101	-5.6071
100	101	-5.6071
1	102	92.6069
2	102	92.1226
49	102	28.9098
52	102	26.7811
12	103	88.9615
26	103	64.9497
28	103	61.401
30	103	56.7736
94	103	-4.8231
96	103	-5.6071
35	104	49.5689
36	104	47.9126
95	104	-4.8231
97	104	-5.6071
98	104	-4.8231
99	104	-3.2674
5	105	91.2556
10	105	89.4062
54	105	25.1758
35	106	51.3006
36	106	49.5689
95	106	-2.1462
97	106	-3.2674
98	106	-3.7143
99	106	-3.2674
104	106	-4.8231
1	107	96.7619
2	107	96.2624
49	107	32.9647
52	107	30.7807
102	107	-3.2674
7	108	95.1515
56	108	22.8448
57	108	20.9559
58	108	20.8929
59	108	20.9559
60	108	19.269
88	108	7.6429
91	108	6.2802
93	108	3.8571
1	109	105.0892
2	109	104.5629
49	109	41.1652
52	109	38.904
102	109	5.1977
107	109	0.96511
1	110	105.6447
2	110	105.0892
49	110	41.6414
52	110	39.3267
102	110	6.1496
107	110	1.9643
109	110	-5.6071
1	111	107.4511
2	111	106.9044
49	111	43.4667
52	111	41.1652
102	111	7.7607
107	111	3.5372
109	111	-4.8231
110	111	-5.6071
44	112	57.1072
45	112	58.1251
46	112	55.5068
50	112	52.8937
51	112	54.993
66	112	39.5176
71	112	35.414
72	112	36.8511
73	112	38.3212
8	113	104.2427
11	113	103.9055
14	113	102.0407
47	113	46.3384
48	113	46.0381
89	113	15.2143
8	114	106.103
11	114	105.7713
14	114	103.9055
47	114	48.2028
48	114	47.9126
89	114	17.1071
113	114	-5.6071
5	115	109.1221
10	115	107.2796
54	115	43.0077
105	115	10.4572
35	116	68.2379
36	116	66.4184
95	116	14.0819
97	116	13.6628
98	116	13.4073
99	116	13.3214
104	116	11.8034
106	116	9.6406
7	117	106.1345
56	117	35.6638
57	117	33.8406
58	117	34.4002
59	117	35.0367
60	117	34.0136
88	117	22.1279
91	117	22.4287
93	117	18.7964
108	117	9.9513
5	118	108.0263
10	118	106.1345
54	118	46.9998
105	118	23.5452
115	118	22.8448
1	119	109.8724
2	119	109.9182
49	119	53.6601
52	119	52.6559
102	119	27.7092
107	119	27.2482
109	119	27.8615
110	119	29.6887
111	119	29.2526
35	120	70.1994
36	120	68.4269
95	120	15.5276
97	120	15.293
98	120	15.2143
99	120	15.293
104	120	13.4073
106	120	11.4286
116	120	-4.8231
9	121	108.0263
42	121	62.9438
43	121	61.5828
63	121	37.6517
68	121	35.0367
69	121	36.0768
74	121	33.4488
5	122	109.9182
10	122	108.0263
54	122	48.7787
105	122	24.7342
115	122	23.0214
118	122	-5.6071
8	123	107.9798
11	123	108.0263
14	123	106.1345
47	123	52.6559
48	123	53.101
89	123	28.8606
113	123	15.9133
114	123	15.5276
1	124	111.765
2	124	111.8101
49	124	55.4215
52	124	54.388
102	124	28.8606
107	124	28.2144
109	124	28.4144
110	124	30.2149
111	124	29.6887
119	124	-5.6071
5	125	112.8119
10	125	110.9662
54	125	46.7032
105	125	14.0819
115	125	-3.7143
118	125	22.8448
122	125	22.7857
20	126	104.0662
21	126	103.5996
24	126	89.7015
25	126	88.3466
86	126	26.3605
87	126	25.5573
5	127	111.8851
10	127	109.9944
54	127	51.2091
105	127	27.4026
115	127	25.1758
118	127	-3.2674
122	127	-4.8231
125	127	24.7342
8	128	109.9182
11	128	109.9944
14	128	108.1038
47	128	54.9356
48	128	55.4215
89	128	31.5222
113	128	18.2456
114	128	17.7539
123	128	-4.8231
5	129	111.75
10	129	109.8571
54	129	49.4432
105	129	23.3135
115	129	19.6016
118	129	-2.1462
122	129	-3.2674
125	129	19.0675
127	129	-1.8214
5	130	114.2624
10	130	112.4092
54	130	48.2028
105	130	15.5276
115	130	-1.5143
118	130	21.1441
122	130	20.9559
125	130	-4.8231
127	130	22.7857
129	130	17.1071
35	131	74.0907
36	131	72.3597
95	131	19.0675
97	131	19
98	131	19.0675
99	131	19.269
104	131	17.1071
106	131	15.293
116	131	-0.67521
120	131	-3.2674
20	132	106.3865
21	132	105.8978
24	132	91.3825
25	132	89.9408
86	132	28.9098
87	132	28.0636
126	132	-4.8231
9	133	111.8851
42	133	66.9256
43	133	65.6388
63	133	41.8597
68	133	39.2501
69	133	40.2736
74	133	37.6517
121	133	-3.2674
8	134	111.8101
11	134	111.8851
14	134	109.9944
47	134	56.7736
48	134	57.2457
89	134	33.0089
113	134	18.8644
114	134	18.2456
123	134	-3.2674
128	134	-5.6071
16	135	108.1038
19	135	106.1345
22	135	93.6926
23	135	93.9578
75	135	38.3212
77	135	39.5176
80	135	42.0408
81	135	36.8511
83	135	38.086
12	136	111.8851
26	136	87.4452
28	136	86.1916
30	136	83.0807
94	136	34.0136
96	136	35.414
103	136	34.1859
12	137	111.8101
26	137	87.3131
28	137	85.9427
30	137	82.7438
94	137	32.6536
96	137	34.0136
103	137	32.7427
136	137	-5.6071
17	138	108.3515
31	138	88.4587
33	138	87.4452
61	138	44.4761
62	138	45.5338
65	138	42.9012
67	138	45.1269
17	139	108.2123
31	139	87.7655
33	139	86.7065
61	139	43.4667
62	139	44.4761
65	139	41.8597
67	139	43.9913
138	139	-5.6071
20	140	107.7313
21	140	107.2796
24	140	93.4622
25	140	92.0866
86	140	29.785
87	140	29.0571
126	140	-3.7143
132	140	-4.8231
20	141	108.2123
21	141	107.7313
24	141	93.2669
25	141	91.8164
86	141	30.593
87	141	29.785
126	141	-3.2674
132	141	-5.6071
140	141	-5.6071
9	142	113.702
42	142	68.5919
43	142	67.1899
63	142	42.5087
68	142	39.9349
69	142	40.8698
74	142	38.2821
121	142	-1.8214
133	142	-4.8231
9	143	113.6576
42	143	68.4269
43	143	66.9256
63	143	41.605
68	143	39.0581
69	143	39.9349
74	143	37.3731
121	143	-1.5143
133	143	-3.2674
142	143	-5.6071
16	144	109.9944
19	144	108.0263
22	144	95.5695
23	144	95.8299
75	144	39.8214
77	144	40.9808
80	144	43.4316
81	144	38.3212
83	144	39.5176
135	144	-5.6071
12	145	113.7759
26	145	89.3322
28	145	88.0659
30	145	84.9404
94	145	35.3305
96	145	36.6892
103	145	35.414
136	145	-5.6071
137	145	-4.8231
17	146	110.2381
31	146	90.2162
33	146	89.1841
61	146	46.0715
62	146	47.0983
65	146	44.4761
67	146	46.637
138	146	-5.6071
139	146	-4.8231
17	147	110.1011
31	147	89.5355
33	147	88.4587
61	147	45.0928
62	147	46.0715
65	147	43.4667
67	147	45.5338
138	147	-4.8231
139	147	-5.6071
146	147	-5.6071
44	148	70.3837
45	148	71.2301
46	148	68.686
50	148	66.1514
51	148	67.8823
66	148	50.4412
71	148	46.637
72	148	47.7831
73	148	48.9694
112	148	7.6429
15	149	111.8101
18	149	109.9182
34	149	82.4854
38	149	77.9096
39	149	78.8276
40	149	78.0982
41	149	74.6814
64	149	46.0715
70	149	45.5338
6	150	123.8185
13	150	121.9914
27	150	92.8928
29	150	89.0543
32	150	87.1618
37	150	79.7564
92	150	30.8274
100	150	29.785
101	150	29.0571
15	151	115.5939
18	151	113.702
34	151	86.1534
38	151	81.6051
39	151	82.4854
40	151	81.7056
41	151	78.3489
64	151	49.3173
70	151	48.6831
149	151	-3.7143
6	152	126.1443
13	152	124.3222
27	152	94.7318
29	152	91.0013
32	152	89.1099
37	152	81.5448
92	152	33.2734
100	152	32.295
101	152	31.5222
150	152	-4.8231
16	153	122.4609
19	153	121.0472
22	153	106.103
23	153	105.7713
75	153	40.1609
77	153	39.9726
80	153	39.8214
81	153	38.2821
83	153	38.086
135	153	28.4144
144	153	27.8615
12	154	134.3759
26	154	110.0402
28	154	106.8574
30	154	102.3836
94	154	40.4233
96	154	40.1609
103	154	38.2821
136	154	34.8256
137	154	33.1414
145	154	34.0136
1	3	-1.5426
2	3	1.2842
1	4	-1.3054
2	4	1.7293
1	5	-2.3541
2	5	-2.5856
1	8	-1.3828
2	8	-1.8382
3	8	-1.6582
4	8	-1.6444
5	8	-1.2857
6	8	-1.4603
7	8	-1.8431
8	9	-1.7446
1	10	-2.3852
2	10	-2.0984
8	10	-1.7088
1	11	-1.6658
2	11	-1.7961
3	11	-1.6018
4	11	-1.7382
5	11	-1.0038
6	11	-1.4345
7	11	-2.4524
9	11	2.1782
10	11	-0.27699
8	12	-1.5627
11	12	-1.5162
8	13	-1.4551
11	13	-1.4207
1	14	-1.6362
2	14	-1.4712
3	14	-1.1602
4	14	-1.4167
5	14	-1.6053
6	14	-1.5084
7	14	-2.2365
9	14	0.2661
10	14	-0.84131
12	14	-1.7401
13	14	-1.6458
8	15	-1.8914
9	15	-0.039894
11	15	-1.3413
14	15	-1.5389
8	16	-1.9143
11	16	-1.7887
14	16	-1.6335
8	17	-1.6003
11	17	-1.5183
14	17	-1.8593
16	17	-2.0602
8	18	-1.6403
9	18	0.035825
11	18	-1.316
14	18	-1.128
8	19	-1.5662
11	19	-1.6966
14	19	-1.2608
17	19	-1.754
8	20	-0.22106
11	20	-0.19396
14	20	-0.45414
17	20	-1.6174
8	21	-0.029076
11	21	-0.0052094
14	21	-0.24551
17	21	-1.4489
8	22	4.6183
11	22	4.62
14	22	4.6364
17	22	4.4606
8	23	4.455
11	23	4.4482
14	23	4.4633
17	23	4.8793
8	24	1.6927
11	24	1.7145
14	24	1.6098
17	24	1.3614
8	25	1.8306
11	25	1.8509
14	25	1.7512
17	25	1.262
8	26	5.8591
11	26	5.8958
14	26	5.9834
8	27	1.8122
11	27	1.8232
14	27	1.7493
8	28	5.5052
11	28	5.5199
14	28	5.5977
8	29	2.3568
11	29	2.3676
14	29	2.2979
8	30	5.5374
11	30	5.5383
14	30	5.6242
8	31	3.6472
11	31	3.7115
14	31	3.6196
16	31	0.89012
19	31	0.86414
20	31	4.6126
21	31	4.3422
22	31	-2.1947
23	31	-2.0943
24	31	-2.1447
25	31	-2.0106
8	32	2.4052
11	32	2.416
14	32	2.3484
8	33	3.6797
11	33	3.7451
14	33	3.6561
16	33	1.0195
19	33	1.0043
20	33	4.6093
21	33	4.3515
22	33	-2.0591
23	33	-1.9908
24	33	-2.0192
25	33	-1.8095
8	34	5.1616
9	34	4.5939
11	34	5.1955
14	34	5.4384
6	35	3.888
8	35	4.2612
11	35	4.3153
12	35	1.977
13	35	4.0811
14	35	4.3247
26	35	-1.9881
27	35	-2.2233
28	35	-2.0155
29	35	-2.0645
30	35	-1.7828
32	35	-1.6467
6	36	3.9325
8	36	4.1484
11	36	4.2016
12	36	2.1551
13	36	4.1253
14	36	4.2125
26	36	-1.8413
27	36	-2.1766
28	36	-1.9706
29	36	-2.1043
30	36	-2.0607
32	36	-1.9676
8	37	2.2849
11	37	2.3
14	37	2.2408
35	37	-0.33142
36	37	-0.5397
8	38	5.4739
9	38	4.9314
11	38	5.5115
14	38	5.7724
8	39	5.1137
9	39	4.5678
11	39	5.1476
14	39	5.399
8	40	4.8751
9	40	4.2145
11	40	4.9027
14	40	5.1507
8	41	5.4421
9	41	4.7745
11	41	5.4736
14	41	5.7381
8	42	4.8375
11	42	4.5398
14	42	6.2665
15	42	4.5401
18	42	4.7939
34	42	-1.596
38	42	-1.6747
39	42	-2.1046
40	42	-2.2007
41	42	-1.9787
8	43	4.9966
11	43	4.8754
14	43	6.6256
15	43	4.5292
18	43	4.7837
34	43	-2.0969
38	43	-2.2268
39	43	-2.2407
40	43	-1.8698
41	43	-2.3271
8	44	4.7804
11	44	4.8016
14	44	5.1208
15	44	3.3046
18	44	3.1999
34	44	-1.4637
38	44	-2.0837
39	44	-2.0525
40	44	-1.6205
41	44	-2.4088
8	45	4.9279
11	45	4.9447
14	45	5.2621
15	45	3.6577
18	45	3.5543
34	45	-1.0364
38	45	-1.755
39	45	-1.5812
40	45	-1.538
41	45	-2.17
8	46	4.6603
11	46	4.6826
14	46	5.0039
15	46	3.2629
18	46	3.16
34	46	-1.534
38	46	-1.9948
39	46	-1.8966
40	46	-1.5264
41	46	-2.386
1	47	5.5209
2	47	5.7898
3	47	6.0769
4	47	6.029
5	47	5.1796
6	47	4.0807
7	47	7.2778
9	47	3.481
10	47	5.8972
12	47	4.5052
13	47	4.1242
15	47	5.2452
16	47	4.3121
17	47	4.656
18	47	5.5309
19	47	4.7253
20	47	3.4374
21	47	3.1614
22	47	-1.5934
23	47	-1.5875
24	47	0.41459
25	47	0.38387
26	47	-1.1059
27	47	0.29353
28	47	-1.438
29	47	-0.2343
30	47	-1.8986
31	47	-1.0926
32	47	-0.20607
33	47	-0.97367
34	47	-2.1059
35	47	-1.5925
36	47	-1.4261
37	47	0.17371
38	47	-2.1007
39	47	-1.7228
40	47	-1.362
41	47	-1.8989
42	47	-1.9612
43	47	-2.3207
44	47	-1.5508
45	47	-1.807
46	47	-1.2784
1	48	5.5515
2	48	5.8161
3	48	6.1618
4	48	6.1134
5	48	5.4614
6	48	4.1983
7	48	7.046
9	48	3.6788
10	48	6.169
12	48	4.5608
13	48	4.2413
15	48	5.231
16	48	4.3796
17	48	4.7294
18	48	5.5156
19	48	4.7901
20	48	3.5119
21	48	3.2384
22	48	-1.3851
23	48	-1.3861
24	48	0.49776
25	48	0.46273
26	48	-0.85411
27	48	0.40649
28	48	-1.1942
29	48	-0.13012
30	48	-1.714
31	48	-0.98272
32	48	-0.18074
33	48	-0.85933
34	48	-1.7646
35	48	-1.4243
36	48	-1.3497
37	48	0.19179
38	48	-1.8112
39	48	-1.4113
40	48	-1.098
41	48	-1.5985
42	48	-1.7152
43	48	-1.8698
44	48	-1.4309
45	48	-1.716
46	48	-1.179
3	49	6.1448
4	49	5.9054
5	49	5.5093
8	49	5.6451
10	49	5.8641
11	49	5.7654
14	49	6.3064
47	49	-1.7001
48	49	-1.6128
8	50	4.9405
11	50	4.9626
14	50	5.2914
15	50	3.5373
18	50	3.4391
34	50	-1.1716
38	50	-1.4418
39	50	-1.3227
40	50	-0.94038
41	50	-1.6214
47	50	-1.5368
48	50	-1.4415
8	51	4.8555
11	51	4.8763
14	51	5.1984
15	51	3.8042
18	51	3.705
34	51	-0.96098
38	51	-1.3693
39	51	-1.3517
40	51	-1.1377
41	51	-1.6453
47	51	-1.4766
48	51	-1.3637
3	52	6.0602
4	52	5.8211
5	52	5.3442
8	52	5.2818
10	52	5.7028
11	52	5.4032
14	52	5.9399
47	52	-1.9654
48	52	-1.8007
1	53	3.309
2	53	4.8131
8	53	4.5071
11	53	4.5488
14	53	4.8462
47	53	-1.5792
48	53	-1.5543
49	53	-2.497
52	53	-2.3419
1	54	5.2407
2	54	5.3855
8	54	3.9829
11	54	5.2077
14	54	5.7148
47	54	-2.3915
48	54	-2.0968
49	54	-2.3917
52	54	-1.9318
1	55	3.2283
2	55	4.9574
8	55	4.266
11	55	4.2991
14	55	4.5876
47	55	-1.3024
48	55	-1.3216
49	55	-2.4329
52	55	-2.2981
8	56	4.9233
11	56	5.1203
14	56	5.4621
47	56	-1.5479
48	56	-1.7485
8	57	4.9957
11	57	5.1945
14	57	5.5364
47	57	-1.6831
48	57	-2.026
8	58	4.9388
11	58	5.1361
14	58	5.4761
47	58	-2.1059
48	58	-2.4759
8	59	4.9048
11	59	5.1005
14	59	5.4388
47	59	-2.5266
48	59	-2.5078
8	60	5.3158
11	60	5.5105
14	60	5.8473
47	60	-1.6421
48	60	-1.6256
8	61	7.2134
11	61	7.2606
14	61	7.2327
16	61	7.8478
19	61	8.0031
20	61	7.3165
21	61	7.0894
22	61	5.6577
23	61	5.6862
24	61	3.7946
25	61	3.8322
47	61	4.7618
48	61	4.8454
8	62	7.2285
11	62	7.2751
14	62	7.2462
16	62	7.7416
19	62	7.8942
20	62	7.7907
21	62	7.5606
22	62	5.5193
23	62	5.5457
24	62	4.1686
25	62	4.1932
47	62	4.7175
48	62	4.7935
8	63	7.0514
11	63	7.0764
14	63	8.8671
15	63	7.5839
18	63	7.8271
34	63	3.435
38	63	3.6228
39	63	3.6072
40	63	3.5912
41	63	3.6777
47	63	5.5779
48	63	5.8048
8	64	7.8446
9	64	7.1827
11	64	7.8443
14	64	8.1399
42	64	2.9984
43	64	3.3156
44	64	3.5393
45	64	3.1176
46	64	3.5166
47	64	5.1288
48	64	5.3773
50	64	3.4902
51	64	2.8979
63	64	-2.1147
8	65	7.2005
11	65	7.247
14	65	7.22
16	65	7.8603
19	65	8.0184
20	65	7.3512
21	65	7.1267
22	65	5.6731
23	65	5.6997
24	65	3.899
25	65	3.9414
47	65	4.8325
48	65	4.919
8	66	7.7113
11	66	7.7103
14	66	8.0661
15	66	6.4199
18	66	6.3443
34	66	1.7325
38	66	1.876
39	66	1.7161
40	66	1.7824
41	66	1.8074
47	66	3.5843
48	66	3.7246
64	66	-1.7335
8	67	7.098
11	67	7.1447
14	67	7.1152
16	67	7.5655
19	67	7.7168
20	67	7.9113
21	67	7.6841
22	67	5.3189
23	67	5.3427
24	67	4.3298
25	67	4.3526
47	67	4.5827
48	67	4.6583
8	68	7.288
11	68	7.2639
14	68	9.0431
15	68	7.3301
18	68	7.5738
34	68	3.1471
38	68	3.307
39	68	3.314
40	68	3.3244
41	68	3.3694
47	68	5.9934
48	68	5.8986
64	68	-2.4219
8	69	7.1042
11	69	7.1183
14	69	8.9065
15	69	7.3522
18	69	7.5949
34	69	3.2424
38	69	3.4121
39	69	3.4152
40	69	3.4201
41	69	3.4784
47	69	5.695
48	69	5.8162
64	69	-2.2981
8	70	7.6874
9	70	7.005
11	70	7.6868
14	70	7.9811
42	70	2.7961
43	70	3.107
44	70	3.7089
45	70	3.2986
46	70	3.7013
47	70	4.96
48	70	5.2027
50	70	3.6842
51	70	3.1153
63	70	-1.8976
66	70	-1.5999
68	70	-2.0633
69	70	-2.021
8	71	7.8902
11	71	7.8888
14	71	8.2518
15	71	6.286
18	71	6.2135
34	71	1.6983
38	71	1.8694
39	71	1.717
40	71	1.8032
41	71	1.8355
47	71	4.0231
48	71	4.1691
64	71	-1.5097
70	71	-2.1253
8	72	7.8048
11	72	7.8034
14	72	8.1635
15	72	6.3098
18	72	6.2361
34	72	1.672
38	72	1.8344
39	72	1.6751
40	72	1.7487
41	72	1.7841
47	72	3.8436
48	72	3.9873
64	72	-1.9089
70	72	-2.2761
8	73	7.802
11	73	7.801
14	73	8.1583
15	73	6.5204
18	73	6.4459
34	73	1.8387
38	73	1.9953
39	73	1.8283
40	73	1.8886
41	73	1.9306
47	73	3.7639
48	73	3.907
64	73	-1.6072
70	73	-1.8425
8	74	7.3548
11	74	7.2924
14	74	9.0762
15	74	7.2077
18	74	7.4512
34	74	3.0566
38	74	3.2048
39	74	3.2247
40	74	3.25
41	74	3.2766
47	74	6.2001
48	74	5.9984
64	74	-1.9967
70	74	-1.6883
8	75	6.7624
11	75	6.6972
14	75	6.8299
17	75	6.2193
31	75	4.4296
33	75	4.2661
47	75	5.7983
48	75	5.9899
61	75	-1.4739
62	75	-1.3711
65	75	-1.4226
67	75	-0.93441
1	76	7.1787
2	76	8.269
8	76	7.5826
11	76	7.5996
14	76	7.9387
47	76	3.1825
48	76	3.3004
49	76	3.7428
52	76	4.1096
8	77	6.7483
11	77	6.6829
14	77	6.814
17	77	6.1277
31	77	4.3676
33	77	4.2066
47	77	5.7014
48	77	5.8827
61	77	-2.0035
62	77	-1.8182
65	77	-2.0584
67	77	-1.2571
1	78	6.8864
2	78	8.0297
8	78	7.5799
11	78	7.5963
14	78	7.9327
47	78	3.0927
48	78	3.2042
49	78	3.2814
52	78	3.6309
1	79	6.4977
2	79	7.6936
8	79	7.3705
11	79	7.3876
14	79	7.7207
47	79	2.7738
48	79	2.8827
49	79	2.7477
52	79	3.0838
8	80	6.6232
11	80	6.5577
14	80	6.6857
17	80	5.6199
31	80	4.5388
33	80	4.4625
47	80	5.4186
48	80	5.583
61	80	-1.104
62	80	-1.2239
65	80	-0.84393
67	80	-1.08
8	81	6.5518
11	81	6.4883
14	81	6.6211
17	81	6.1984
31	81	4.4323
33	81	4.2719
47	81	5.6411
48	81	5.8396
61	81	-1.6932
62	81	-1.6981
65	81	-1.6806
67	81	-1.3981
1	82	7.1374
2	82	8.2088
8	82	7.4255
11	82	7.4434
14	82	7.7834
47	82	3.0642
48	82	3.185
49	82	3.733
52	82	4.0897
8	83	6.5623
11	83	6.4982
14	83	6.6296
17	83	6.218
31	83	4.4633
33	83	4.3036
47	83	5.5708
48	83	5.7584
61	83	-2.0888
62	83	-2.0628
65	83	-2.2073
67	83	-1.903
1	84	6.7866
2	84	7.9097
8	84	7.4156
11	84	7.433
14	84	7.7702
47	84	2.9661
48	84	3.0811
49	84	3.2249
52	84	3.5659
1	85	6.4554
2	85	7.6304
8	85	7.2373
11	85	7.2552
14	85	7.5893
47	85	2.6826
48	85	2.7947
49	85	2.7573
52	85	3.0873
8	86	6.0177
11	86	6.0347
14	86	5.9917
17	86	3.1579
31	86	4.3466
33	86	4.5747
47	86	4.0095
48	86	4.0574
61	86	-1.5075
62	86	-1.0679
65	86	-1.8691
67	86	-0.49772
8	87	5.9555
11	87	5.9715
14	87	5.9278
17	87	3.4916
31	87	4.5377
33	87	4.754
47	87	3.8771
48	87	3.9188
61	87	-1.6314
62	87	-1.2544
65	87	-2.0274
67	87	-0.86123
8	88	7.5155
11	88	7.7166
14	88	8.0572
47	88	0.2142
48	88	0.40712
1	89	8.4436
2	89	8.7321
3	89	7.709
4	89	7.7011
5	89	8.3411
6	89	6.6211
7	89	6.6008
9	89	6.014
10	89	9.0384
12	89	8.9203
13	89	6.6617
15	89	8.1287
16	89	7.9892
17	89	7.3045
18	89	8.4074
19	89	8.3572
20	89	6.028
21	89	5.8274
22	89	2.9071
23	89	2.9726
24	89	3.7258
25	89	3.5492
26	89	3.9336
27	89	3.8422
28	89	4.0047
29	89	3.5327
30	89	3.8717
31	89	3.0037
32	89	3.4922
33	89	2.9364
34	89	2.3788
35	89	3.4518
36	89	3.4916
37	89	3.3406
38	89	2.5263
39	89	2.6584
40	89	2.6817
41	89	2.5636
42	89	0.35437
43	89	0.39711
44	89	2.7759
45	89	2.4631
46	89	2.858
49	89	4.3805
50	89	2.7291
51	89	2.4853
52	89	4.4695
53	89	3.1463
54	89	5.3686
55	89	2.6914
56	89	3.056
57	89	2.7346
58	89	3.115
59	89	3.5219
60	89	3.1298
61	89	-1.4753
62	89	-1.3304
63	89	-2.1361
64	89	-2.4043
65	89	-1.4858
66	89	-1.9849
67	89	-1.3795
68	89	-1.991
69	89	-2.0864
70	89	-2.2482
71	89	-1.7744
72	89	-1.8452
73	89	-1.6923
74	89	-1.7718
75	89	-1.8641
76	89	-1.5325
77	89	-1.9
78	89	-1.4892
79	89	-1.8325
80	89	-1.7908
81	89	-1.5529
82	89	-1.7798
83	89	-1.7215
84	89	-1.762
85	89	-2.0666
86	89	-1.5596
87	89	-1.5247
88	89	-2.2738
1	90	6.5346
2	90	8.0919
8	90	8.1765
11	90	8.1824
14	90	8.5034
47	90	3.4353
48	90	3.4973
49	90	2.1205
52	90	2.4118
89	90	0.38957
8	91	7.5676
11	91	7.7665
14	91	8.1041
47	91	0.77899
48	91	0.9555
89	91	-2.0798
8	92	6.2628
11	92	6.2669
14	92	6.2614
35	92	5.3627
36	92	5.3989
47	92	3.8599
48	92	3.8765
89	92	-0.62945
8	93	7.4543
11	93	7.6593
14	93	7.9998
47	93	0.27715
48	93	0.49795
89	93	-1.674
8	94	6.8569
11	94	6.8179
14	94	6.9665
35	94	4.3153
36	94	4.0201
47	94	4.834
48	94	5.0304
89	94	-1.9668
6	95	5.6518
8	95	6.8349
11	95	6.8748
12	95	8.4958
13	95	5.7678
14	95	6.9571
26	95	6.2849
27	95	2.8712
28	95	5.974
29	95	2.8788
30	95	5.9043
32	95	2.8164
37	95	2.5383
47	95	4.2244
48	95	4.32
89	95	-1.0383
92	95	-1.9954
94	95	4.2661
8	96	6.9851
11	96	6.9447
14	96	7.0922
35	96	3.4877
36	96	3.173
47	96	4.9095
48	96	5.0955
89	96	-2.085
95	96	2.4413
6	97	5.653
8	97	6.8346
11	97	6.8736
12	97	9.0021
13	97	5.771
14	97	6.9543
26	97	6.5096
27	97	2.868
28	97	6.4496
29	97	2.8829
30	97	6.5316
32	97	2.8224
37	97	2.5435
47	97	4.15
48	97	4.2386
89	97	-1.1186
92	97	-2.0366
94	97	1.0529
96	97	5.2413
6	98	5.6815
8	98	6.8674
11	98	6.9056
12	98	8.3186
13	98	5.8015
14	98	6.985
26	98	5.8156
27	98	2.8913
28	98	5.7194
29	98	2.9143
30	98	5.7783
32	98	2.856
37	98	2.5766
47	98	4.1191
48	98	4.2013
89	98	-1.1187
92	98	-2.1328
94	98	0.67413
96	98	1.5046
6	99	5.6453
8	99	6.904
11	99	6.9416
12	99	8.0038
13	99	5.7675
14	99	7.0195
26	99	5.4777
27	99	2.8316
28	99	5.3612
29	99	2.8658
30	99	5.4076
32	99	2.8093
37	99	2.5223
47	99	4.0978
48	99	4.1742
89	99	-1.0843
92	99	-2.1168
94	99	0.52064
96	99	1.3508
8	100	6.1882
11	100	6.1938
14	100	6.1891
35	100	5.3197
36	100	5.3544
47	100	3.8709
48	100	3.8942
89	100	-0.56151
95	100	-1.4552
97	100	-1.3681
98	100	-1.2893
99	100	-1.0731
8	101	6.3229
11	101	6.3272
14	101	6.3224
35	101	5.3827
36	101	5.4159
47	101	3.9781
48	101	3.9963
89	101	-0.34553
95	101	-1.3668
97	101	-1.2905
98	101	-1.2283
99	101	-1.0234
3	102	5.5302
4	102	5.3019
5	102	7.7928
8	102	7.3804
10	102	8.1423
11	102	7.4789
14	102	8.0573
47	102	3.0393
48	102	3.2276
53	102	0.78586
54	102	3.8856
55	102	0.16598
76	102	-2.0302
78	102	-2.5526
79	102	-2.1906
82	102	-2.1483
84	102	-2.3081
85	102	-1.88
89	102	-1.6072
90	102	0.61554
8	103	6.7456
11	103	6.7068
14	103	6.8543
35	103	2.8212
36	103	2.4928
47	103	4.6976
48	103	4.8883
89	103	-1.8611
95	103	0.33859
97	103	-1.264
98	103	-0.22044
99	103	0.57366
6	104	5.3229
8	104	6.547
11	104	6.5883
12	104	8.4454
13	104	5.441
14	104	6.6688
26	104	6.2176
27	104	2.4485
28	104	5.9048
29	104	2.4782
30	104	5.8361
32	104	2.4166
37	104	2.1059
47	104	3.873
48	104	3.9672
89	104	-1.2987
92	104	-1.9731
94	104	4.0724
96	104	4.6241
100	104	-1.5327
101	104	-1.2967
103	104	4.8359
1	105	7.6403
2	105	7.8165
8	105	5.8189
11	105	6.9138
14	105	7.4992
47	105	0.69507
48	105	0.50868
49	105	3.2344
52	105	3.217
89	105	-2.0945
102	105	-2.5026
6	106	5.1587
8	106	6.6586
11	106	6.6986
12	106	8.9717
13	106	5.2788
14	106	6.7787
26	106	6.4832
27	106	2.2347
28	106	6.3953
29	106	2.2814
30	106	6.4593
32	106	2.2219
37	106	1.8961
47	106	3.9813
48	106	4.0681
89	106	-0.90855
92	106	-2.161
94	106	3.3899
96	106	4.8055
100	106	-1.9141
101	106	-1.7427
103	106	4.2172
3	107	5.3857
4	107	5.1555
5	107	7.7596
8	107	7.3812
10	107	8.1107
11	107	7.4793
14	107	8.0565
47	107	3.0565
48	107	3.2386
53	107	0.76143
54	107	3.8795
55	107	0.47116
76	107	-1.8293
78	107	-2.2199
79	107	-2.2757
82	107	-1.73
84	107	-2.147
85	107	-2.059
89	107	-1.1288
90	107	0.24756
105	107	-1.271
8	108	9.1284
11	108	9.3384
14	108	9.6786
47	108	2.123
48	108	2.3934
89	108	2.0015
3	109	6.4705
4	109	6.2465
5	109	8.9961
8	109	9.428
10	109	9.3491
11	109	9.5143
14	109	10.0939
47	109	5.276
48	109	5.4234
53	109	2.23
54	109	5.1288
55	109	1.6328
76	109	-0.22454
78	109	-0.38634
79	109	-0.45975
82	109	-0.12997
84	109	-0.27065
85	109	-0.40425
89	109	1.9533
90	109	-1.7631
105	109	1.1442
3	110	6.1945
4	110	5.9677
5	110	8.8729
8	110	9.2954
10	110	9.2287
11	110	9.3815
14	110	9.9573
47	110	5.0941
48	110	5.2397
53	110	1.9962
54	110	4.9618
55	110	1.3615
76	110	-0.29516
78	110	-0.45437
79	110	-0.52836
82	110	-0.17091
84	110	-0.30555
85	110	-0.43701
89	110	1.7156
90	110	-1.6133
105	110	0.9407
3	111	6.0602
4	111	5.8328
5	111	8.8418
8	111	9.2367
10	111	9.197
11	111	9.3227
14	111	9.9
47	111	5.0584
48	111	5.2037
53	111	1.8456
54	111	4.9669
55	111	1.2213
76	111	-0.47573
78	111	-0.6299
79	111	-0.69584
82	111	-0.35644
84	111	-0.48349
85	111	-0.60345
89	111	1.7518
90	111	-1.4774
105	111	1.146
8	112	10.8592
11	112	10.8669
14	112	11.2883
15	112	9.8797
18	112	9.8383
34	112	5.4089
38	112	5.8424
39	112	5.5622
40	112	5.5474
41	112	5.8646
47	112	9.0688
48	112	9.2186
64	112	5.0583
70	112	5.1941
89	112	8.6851
1	113	9.1821
2	113	9.4883
3	113	8.476
4	113	8.4815
5	113	8.9036
6	113	8.0333
7	113	6.7122
9	113	10.522
10	113	9.613
12	113	11.0107
13	113	8.0746
15	113	10.8815
16	113	10.7331
17	113	9.3813
18	113	11.1585
19	113	11.0925
20	113	7.9513
21	113	7.7643
22	113	5.6837
23	113	5.7752
24	113	5.8563
25	113	5.6908
26	113	5.9556
27	113	5.55
28	113	6.1367
29	113	5.2786
30	113	6.0792
31	113	5.4109
32	113	5.2557
33	113	5.3606
34	113	5.3144
35	113	5.0537
36	113	5.1265
37	113	5.1621
38	113	5.3825
39	113	5.5967
40	113	5.7055
41	113	5.4737
42	113	4.9954
43	113	4.6851
44	113	4.7796
45	113	4.5273
46	113	4.887
49	113	5.549
50	113	4.749
51	113	4.6023
52	113	5.7279
53	113	4.6803
54	113	5.9248
55	113	4.3706
56	113	4.4047
57	113	4.2495
58	113	4.6291
59	113	5.0109
60	113	4.7158
61	113	2.0468
62	113	1.8137
63	113	2.0071
64	113	2.4605
65	113	2.0836
66	113	1.251
67	113	1.8561
68	113	2.4857
69	113	1.9711
70	113	2.5236
71	113	1.3285
72	113	1.2768
73	113	1.1114
74	113	2.5839
75	113	3.8191
76	113	1.5875
77	113	3.5835
78	113	1.3529
79	113	1.4254
80	113	3.2862
81	113	4.0021
82	113	1.7677
83	113	3.7411
84	113	1.5394
85	113	1.5451
86	113	2.479
87	113	2.3864
88	113	1.0565
90	113	-1.1067
91	113	1.4649
92	113	1.3312
93	113	0.74214
94	113	3.9927
95	113	2.6808
96	113	3.6425
97	113	2.4461
98	113	2.1826
99	113	1.9246
100	113	1.5168
101	113	1.1383
102	113	2.6355
103	113	3.7213
104	113	2.6261
105	113	3.7587
106	113	2.1438
107	113	2.0459
108	113	-2.5084
109	113	-1.0137
110	113	-1.2172
111	113	-1.397
112	113	6.6208
1	114	9.0367
2	114	9.3444
3	114	8.4431
4	114	8.4494
5	114	8.697
6	114	8.0498
7	114	6.5221
9	114	10.8474
10	114	9.4072
12	114	11.0584
13	114	8.0912
15	114	10.8301
16	114	10.8375
17	114	9.3633
18	114	11.107
19	114	11.1956
20	114	7.9779
21	114	7.7917
22	114	5.7925
23	114	5.8863
24	114	5.8995
25	114	5.7355
26	114	5.9996
27	114	5.5904
28	114	6.1893
29	114	5.3203
30	114	6.1376
31	114	5.4203
32	114	5.2985
33	114	5.3719
34	114	5.2845
35	114	5.0474
36	114	5.1227
37	114	5.2106
38	114	5.3458
39	114	5.5671
40	114	5.6831
41	114	5.4413
42	114	5.3345
43	114	4.9992
44	114	4.7708
45	114	4.5219
46	114	4.8791
49	114	5.4338
50	114	4.7401
51	114	4.5989
52	114	5.6173
53	114	4.6875
54	114	5.7258
55	114	4.3877
56	114	4.2459
57	114	4.0942
58	114	4.4759
59	114	4.8591
60	114	4.5652
61	114	2.1273
62	114	1.9013
63	114	2.3355
64	114	2.4945
65	114	2.1702
66	114	1.3073
67	114	1.9524
68	114	2.8064
69	114	2.3007
70	114	2.5715
71	114	1.3807
72	114	1.335
73	114	1.1756
74	114	2.9045
75	114	4.0334
76	114	1.6666
77	114	3.8067
78	114	1.4391
79	114	1.5124
80	114	3.521
81	114	4.2227
82	114	1.8536
83	114	3.9709
84	114	1.632
85	114	1.639
86	114	2.6268
87	114	2.5353
88	114	0.93672
90	114	-0.98178
91	114	1.3554
92	114	1.5109
93	114	0.65055
94	114	4.2019
95	114	2.8059
96	114	3.8596
97	114	2.5768
98	114	2.3184
99	114	2.0642
100	114	1.7044
101	114	1.331
102	114	2.6724
103	114	3.949
104	114	2.7653
105	114	3.5999
106	114	2.3053
107	114	2.137
108	114	-2.4997
109	114	-1.3851
110	114	-1.5878
111	114	-1.7753
112	114	6.1349
1	115	8.431
2	115	8.6109
8	115	8.8365
11	115	10.0155
14	115	10.5464
47	115	3.5633
48	115	3.485
49	115	4.2968
52	115	4.3377
89	115	0.77597
102	115	1.5201
107	115	1.033
109	115	-1.5676
110	115	-1.8689
111	115	-2.2868
113	115	-1.6215
114	115	-2.1493
6	116	6.8787
8	116	8.4833
11	116	8.5135
12	116	10.3281
13	116	6.9964
14	116	8.6021
26	116	7.9171
27	116	4.3439
28	116	7.7973
29	116	4.3529
30	116	7.8392
32	116	4.3058
37	116	4.1429
47	116	6.2363
48	116	6.2958
89	116	2.8652
92	116	1.8483
94	116	6.1555
96	116	6.8862
100	116	2.1071
101	116	1.7798
103	116	7.0581
113	116	-0.69677
114	116	-1.0163
8	117	9.1986
11	117	9.4387
14	117	9.7888
47	117	2.4649
48	117	2.0546
89	117	2.6945
113	117	1.0935
114	117	1.1286
1	118	8.6663
2	118	8.8569
8	118	10.3012
11	118	10.9455
14	118	11.7572
47	118	5.6659
48	118	5.6107
49	118	4.3478
52	118	4.4043
89	118	3.7
102	118	1.405
107	118	1.1985
109	118	0.71969
110	118	0.67847
111	118	0.51313
113	118	4.0195
114	118	4.3457
3	119	6.7085
4	119	6.5729
5	119	9.6162
8	119	10.3541
10	119	9.927
11	119	10.4592
14	119	11.1212
47	119	7.4329
48	119	7.616
53	119	4.233
54	119	7.0261
55	119	4.5086
76	119	2.7817
78	119	2.7015
79	119	2.5878
82	119	2.7534
84	119	2.6415
85	119	2.5458
89	119	6.4162
90	119	3.4463
105	119	6.4662
113	119	8.542
114	119	9.0018
115	119	6.9376
118	119	-1.6766
6	120	6.9074
8	120	8.6616
11	120	8.6913
12	120	10.7927
13	120	7.0233
14	120	8.7819
26	120	8.4113
27	120	4.389
28	120	8.3037
29	120	4.3929
30	120	8.3528
32	120	4.3448
37	120	4.1856
47	120	6.4973
48	120	6.5571
89	120	3.2495
92	120	1.8002
94	120	6.7917
96	120	7.1843
100	120	2.0313
101	120	1.7256
103	120	7.4067
113	120	-0.12107
114	120	-0.4637
8	121	9.3058
11	121	8.8425
14	121	10.5254
15	121	9.3878
18	121	9.6409
34	121	5.4564
38	121	5.4037
39	121	5.6256
40	121	5.8807
41	121	5.606
47	121	7.5595
48	121	7.2943
64	121	2.9381
70	121	3.0859
89	121	6.0462
113	121	3.5504
114	121	3.376
1	122	8.4501
2	122	8.6391
8	122	10.2564
11	122	10.9015
14	122	11.7133
47	122	5.6074
48	122	5.5508
49	122	4.0918
52	122	4.1438
89	122	3.7903
102	122	1.0684
107	122	0.83772
109	122	0.20433
110	122	0.15667
111	122	-0.021949
113	122	4.0623
114	122	4.3818
119	122	-1.7352
1	123	8.506
2	123	8.8675
3	123	8.4559
4	123	8.4898
5	123	8.4565
6	123	7.4611
7	123	8.3257
9	123	10.7051
10	123	9.2466
12	123	9.9423
13	123	7.5029
15	123	11.196
16	123	10.0843
17	123	9.4448
18	123	11.4802
19	123	10.439
20	123	7.722
21	123	7.538
22	123	4.5698
23	123	4.7178
24	123	5.8891
25	123	5.768
26	123	4.6759
27	123	5.2897
28	123	4.5888
29	123	4.9533
30	123	4.6172
31	123	5.5569
32	123	4.945
33	123	5.5282
34	123	5.3816
35	123	4.6945
36	123	4.8314
37	123	4.9783
38	123	5.3418
39	123	5.6829
40	123	5.9091
41	123	5.4956
42	123	5.8372
43	123	5.4334
44	123	5.628
45	123	5.4145
46	123	5.7561
49	123	4.8319
50	123	5.5613
51	123	5.4815
52	123	5.1043
53	123	4.9802
54	123	5.5408
55	123	4.9817
56	123	7.6506
57	123	7.605
58	123	8.0533
59	123	8.5084
60	123	8.2742
61	123	1.7885
62	123	1.6637
63	123	3.5693
64	123	2.4058
65	123	1.8727
66	123	2.1053
67	123	1.8894
68	123	3.9064
69	123	3.5075
70	123	2.6688
71	123	1.99
72	123	2.069
73	123	1.9872
74	123	3.97
75	123	2.9646
76	123	1.6279
77	123	2.8561
78	123	1.5428
79	123	1.7892
80	123	2.8172
81	123	3.2271
82	123	1.8917
83	123	3.0949
84	123	1.8146
85	123	1.9879
86	123	2.3329
87	123	2.3645
88	123	5.2167
90	123	0.90813
91	123	5.8132
92	123	1.2302
93	123	5.4343
94	123	3.3533
95	123	2.3261
96	123	3.1312
97	123	2.2551
98	123	2.1311
99	123	1.999
100	123	1.3854
101	123	1.0954
102	123	2.3856
103	123	3.3282
104	123	2.5426
105	123	3.4906
106	123	2.2852
107	123	2.1864
108	123	4.6354
109	123	0.35341
110	123	0.22428
111	123	0.025063
112	123	-0.38534
115	123	0.04174
116	123	-0.24479
117	123	-1.6479
118	123	-0.029504
119	123	-1.4517
120	123	-0.11
121	123	1.6955
122	123	0.097394
3	124	5.5564
4	124	5.3512
5	124	9.4288
8	124	10.1909
10	124	9.7396
11	124	10.296
14	124	10.9582
47	124	7.2594
48	124	7.4411
53	124	2.679
54	124	6.7887
55	124	3.0498
76	124	1.3223
78	124	1.2649
79	124	1.1747
82	124	1.314
84	124	1.225
85	124	1.1515
89	124	6.1696
90	124	2.1741
105	124	6.0461
113	124	8.3117
114	124	8.9489
115	124	7.5235
118	124	-2.122
122	124	-2.5542
123	124	-1.6794
1	125	8.2543
2	125	8.4337
8	125	8.7197
11	125	9.8847
14	125	10.435
47	125	3.458
48	125	3.3811
49	125	4.1034
52	125	4.1462
89	125	0.70603
102	125	1.3802
107	125	0.97308
109	125	-1.5553
110	125	-1.8272
111	125	-2.1711
113	125	-1.6921
114	125	-1.9982
119	125	6.303
123	125	0.29397
124	125	6.8492
8	126	7.1175
11	126	7.1276
14	126	7.0896
17	126	6.012
31	126	6.3832
33	126	6.5201
47	126	5.4631
48	126	5.4904
61	126	1.2714
62	126	1.1637
65	126	1.1809
67	126	1.2041
89	126	2.1919
113	126	-1.2244
114	126	-1.4576
123	126	-0.084184
1	127	8.3214
2	127	8.5092
8	127	9.1137
11	127	9.7
14	127	10.5053
47	127	4.1288
48	127	4.0194
49	127	3.9368
52	127	3.9866
89	127	1.7991
102	127	0.9082
107	127	0.67707
109	127	-0.022156
110	127	-0.07292
111	127	-0.25431
113	127	1.6293
114	127	2.1267
119	127	-1.6916
123	127	-0.08852
124	127	-2.3922
1	128	8.2901
2	128	8.6559
3	128	8.2518
4	128	8.2874
5	128	7.6169
6	128	7.4196
7	128	7.162
9	128	9.6142
10	128	8.4142
12	128	9.6681
13	128	7.4618
15	128	10.6591
16	128	9.7528
17	128	9.2998
18	128	10.9444
19	128	10.106
20	128	7.6314
21	128	7.4483
22	128	4.2232
23	128	4.3778
24	128	5.8285
25	128	5.7114
26	128	4.4957
27	128	5.2767
28	128	4.3016
29	128	4.94
30	128	4.3433
31	128	5.4447
32	128	4.9333
33	128	5.4191
34	128	4.8799
35	128	4.6107
36	128	4.7522
37	128	4.9743
38	128	4.83
39	128	5.1859
40	128	5.4273
41	128	4.9955
42	128	4.8308
43	128	4.4533
44	128	5.3006
45	128	5.0909
46	128	5.4311
49	128	4.6522
50	128	5.2351
51	128	5.1605
52	128	4.9311
53	128	4.824
54	128	4.7605
55	128	4.8397
56	128	6.6742
57	128	6.6377
58	128	7.1052
59	128	7.5781
60	128	7.3603
61	128	1.7296
62	128	1.6107
63	128	2.7217
64	128	2.0026
65	128	1.8199
66	128	1.8344
67	128	1.8471
68	128	3.0532
69	128	2.6651
70	128	2.2818
71	128	1.7147
72	128	1.7992
73	128	1.7225
74	128	3.1218
75	128	2.7769
76	128	1.5165
77	128	2.6753
78	128	1.4363
79	128	1.6856
80	128	2.6477
81	128	3.0469
82	128	1.7857
83	128	2.9212
84	128	1.7131
85	128	1.8891
86	128	2.3445
87	128	2.3792
88	128	4.3113
90	128	0.74931
91	128	4.9402
92	128	1.3033
93	128	4.5581
94	128	3.2485
95	128	2.3353
96	128	3.032
97	128	2.2681
98	128	2.148
99	128	2.0194
100	128	1.4612
101	128	1.1751
102	128	2.3058
103	128	3.2357
104	128	2.5603
105	128	2.8082
106	128	2.3145
107	128	2.1262
108	128	3.8179
109	128	0.16376
110	128	0.033434
111	128	-0.17327
112	128	-0.6237
115	128	-0.1205
116	128	-0.39989
117	128	-2.3083
118	128	-1.5352
119	128	-2.0215
120	128	-0.27278
121	128	-1.1162
122	128	-1.5473
124	128	-2.2286
125	128	0.32586
126	128	0.041436
127	128	0.87148
1	129	8.1503
2	129	8.3373
8	129	9.4483
11	129	10.1626
14	129	10.9854
47	129	4.7482
48	129	4.6968
49	129	3.7436
52	129	3.788
89	129	3.153
102	129	0.53878
107	129	0.24314
109	129	-0.71472
110	129	-0.77945
111	129	-0.83991
113	129	4.156
114	129	4.5835
119	129	-0.78921
123	129	-1.5128
124	129	-1.8741
128	129	-2.0939
1	130	8.3074
2	130	8.4876
8	130	8.4271
11	130	9.5557
14	130	10.1557
47	130	3.1946
48	130	3.1232
49	130	4.1217
52	130	4.1629
89	130	0.52458
102	130	1.3015
107	130	0.90613
109	130	-1.5297
110	130	-1.7183
111	130	-2.0087
113	130	-1.4659
114	130	-1.6762
119	130	5.9565
123	130	0.61053
124	130	6.4932
128	130	0.73814
6	131	6.8543
8	131	8.3102
11	131	8.3427
12	131	10.7612
13	131	6.9685
14	131	8.4347
26	131	8.5686
27	131	4.3353
28	131	8.2515
29	131	4.3381
30	131	8.1712
32	131	4.2894
37	131	4.1295
47	131	6.2204
48	131	6.2865
89	131	3.1082
92	131	1.7192
94	131	6.4865
96	131	6.8947
100	131	1.9311
101	131	1.6472
103	131	7.1047
113	131	-0.073837
114	131	-0.41872
123	131	-0.78768
128	131	-0.5491
8	132	7.0698
11	132	7.0794
14	132	7.0412
17	132	5.8892
31	132	6.2259
33	132	6.3598
47	132	5.3957
48	132	5.4215
61	132	1.1109
62	132	1.0006
65	132	1.0202
67	132	1.0354
89	132	2.1477
113	132	-1.2509
114	132	-1.4915
123	132	0.019221
128	132	0.14388
8	133	7.3492
11	133	6.8229
14	133	8.4995
15	133	9.7142
18	133	9.9684
34	133	5.8007
38	133	5.7435
39	133	5.971
40	133	6.2328
41	133	5.9513
47	133	5.0745
48	133	4.7392
64	133	3.3441
70	133	3.4953
89	133	3.3082
113	133	1.9038
114	133	1.8607
123	133	-1.9125
128	133	-0.74901
1	134	8.0026
2	134	8.37
3	134	8.063
4	134	8.1
5	134	7.3229
6	134	7.3771
7	134	6.7022
9	134	9.0665
10	134	8.1199
12	134	9.4588
13	134	7.4195
15	134	10.628
16	134	9.5751
17	134	9.2513
18	134	10.9133
19	134	9.9267
20	134	7.6527
21	134	7.4707
22	134	4.0663
23	134	4.2228
24	134	5.8677
25	134	5.752
26	134	4.2715
27	134	5.2614
28	134	4.1157
29	134	4.9258
30	134	4.1633
31	134	5.4295
32	134	4.9199
33	134	5.4058
34	134	4.8825
35	134	4.5345
36	134	4.6772
37	134	4.966
38	134	4.8309
39	134	5.1894
40	134	5.4343
41	134	4.9998
42	134	4.289
43	134	3.9164
44	134	5.3074
45	134	5.0993
46	134	5.4383
49	134	4.4233
50	134	5.2434
51	134	5.1708
52	134	4.7055
53	134	4.6928
54	134	4.4865
55	134	4.7144
56	134	6.2286
57	134	6.1912
58	134	6.6606
59	134	7.1343
60	134	6.918
61	134	1.78
62	134	1.6623
63	134	2.2004
64	134	2.0687
65	134	1.8723
66	134	1.883
67	134	1.8982
68	134	2.536
69	134	2.145
70	134	2.3473
71	134	1.7688
72	134	1.8511
73	134	1.7742
74	134	2.6073
75	134	2.7189
76	134	1.4404
77	134	2.6184
78	134	1.3613
79	134	1.6074
80	134	2.59
81	134	2.9885
82	134	1.7092
83	134	2.8642
84	134	1.6377
85	134	1.8114
86	134	2.4417
87	134	2.4742
88	134	3.8569
90	134	0.50166
91	134	4.4872
92	134	1.3617
93	134	4.0942
94	134	3.1555
95	134	2.3309
96	134	2.9415
97	134	2.2635
98	134	2.144
99	134	2.0163
100	134	1.5213
101	134	1.2376
102	134	2.1634
103	134	3.1451
104	134	2.5539
105	134	2.6971
106	134	2.3134
107	134	1.9951
108	134	3.2839
109	134	-0.012057
110	134	-0.1146
111	134	-0.24367
112	134	-0.85954
115	134	0.27692
116	134	-0.63098
117	134	-2.1138
118	134	-2.0282
119	134	-1.7449
120	134	-0.44968
121	134	-1.1863
122	134	-2.1419
124	134	-1.8418
125	134	0.71092
126	134	0.1485
127	134	0.57991
129	134	-1.4473
130	134	1.1106
131	134	-0.30954
132	134	0.24467
133	134	1.813
8	135	8.2557
11	135	8.1885
14	135	8.3548
17	135	7.9898
31	135	6.8027
33	135	6.6906
47	135	9.5016
48	135	9.7381
61	135	1.8399
62	135	1.6569
65	135	1.7465
67	135	1.1371
89	135	7.0349
113	135	6.7501
114	135	7.0175
123	135	-1.7418
128	135	-1.2227
134	135	-0.6126
8	136	9.3316
11	136	9.2879
14	136	9.4744
35	136	6.274
36	136	6.0453
47	136	9.1986
48	136	9.4267
89	136	6.2385
95	136	2.7512
97	136	2.441
98	136	2.0823
99	136	1.8854
104	136	2.7889
106	136	2.2194
113	136	6.8782
114	136	7.1909
116	136	1.3708
120	136	1.4621
123	136	-1.5804
128	136	-1.6442
131	136	1.2642
134	136	-0.99161
8	137	9.3388
11	137	9.295
14	137	9.4797
35	137	5.7948
36	137	5.558
47	137	9.1274
48	137	9.3528
89	137	6.0956
95	137	2.0945
97	137	1.7708
98	137	1.3994
99	137	1.189
104	137	2.1032
106	137	1.5049
113	137	6.6567
114	137	6.9813
116	137	0.94241
120	137	1.2883
123	137	-1.7937
128	137	-1.7918
131	137	1.7315
134	137	-1.1583
8	138	8.8031
11	138	8.8469
14	138	8.8484
16	138	10.8578
19	138	11.0687
20	138	7.0492
21	138	6.8559
22	138	9.0232
23	138	9.0547
24	138	4.8319
25	138	4.9915
47	138	8.461
48	138	8.5686
75	138	9.1843
77	138	8.6618
80	138	7.3325
81	138	8.9017
83	138	8.6518
86	138	3.4697
87	138	3.253
89	138	6.9379
113	138	6.7476
114	138	7.1361
123	138	-1.2554
126	138	0.074161
128	138	-1.7864
132	138	0.31781
134	138	-1.2587
135	138	1.0782
8	139	8.938
11	139	8.9809
14	139	8.9813
16	139	10.8122
19	139	11.0166
20	139	6.9664
21	139	6.7741
22	139	8.9537
23	139	8.9841
24	139	4.7406
25	139	4.8976
47	139	8.5167
48	139	8.6279
75	139	9.1185
77	139	8.7689
80	139	7.4038
81	139	9.024
83	139	8.7597
86	139	3.3893
87	139	3.1724
89	139	6.8962
113	139	6.5188
114	139	6.8921
123	139	-1.0297
126	139	0.10018
128	139	-1.5365
132	139	0.34216
134	139	-1.6577
135	139	1.129
8	140	7.0136
11	140	7.0242
14	140	6.9864
17	140	5.7625
31	140	6.1568
33	140	6.2949
47	140	5.3955
48	140	5.4239
61	140	1.0574
62	140	0.94906
65	140	0.96918
67	140	0.99306
89	140	2.1925
113	140	-1.3372
114	140	-1.5867
123	140	0.040904
128	140	0.17261
134	140	0.27522
138	140	0.47408
139	140	0.4977
8	141	7.1418
11	141	7.1509
14	141	7.1132
17	141	5.8834
31	141	6.2221
33	141	6.3556
47	141	5.4964
48	141	5.5213
61	141	1.1273
62	141	1.0145
65	141	1.0387
67	141	1.0495
89	141	2.293
113	141	-1.1174
114	141	-1.357
123	141	-0.060347
128	141	0.067892
134	141	0.16686
138	141	0.39665
139	141	0.41937
8	142	6.8302
11	142	6.3877
14	142	8.0716
15	142	9.8111
18	142	10.064
34	142	5.923
38	142	5.8694
39	142	6.0932
40	142	6.3498
41	142	6.0741
47	142	5.3083
48	142	5.0711
64	142	3.4849
70	142	3.6278
89	142	4.1593
113	142	2.279
114	142	2.2181
123	142	-2.1709
128	142	-1.254
134	142	-0.45388
8	143	7.4133
11	143	6.9886
14	143	8.6769
15	143	9.8135
18	143	10.0653
34	143	5.9382
38	143	5.8882
39	143	6.1081
40	143	6.3594
41	143	6.0894
47	143	5.8465
48	143	5.5974
64	143	3.4971
70	143	3.6336
89	143	4.5783
113	143	2.5074
114	143	2.4458
123	143	-2.1015
128	143	-1.5699
134	143	-0.75268
8	144	7.992
11	144	7.9267
14	144	8.093
17	144	7.9449
31	144	6.7606
33	144	6.649
47	144	9.2467
48	144	9.4836
61	144	1.7365
62	144	1.5489
65	144	1.6407
67	144	1.0185
89	144	6.7524
113	144	6.2778
114	144	6.5089
123	144	-1.8358
128	144	-1.3242
134	144	-0.75563
138	144	-0.082853
139	144	0.33843
8	145	9.067
11	145	9.0254
14	145	9.2119
35	145	5.8646
36	145	5.6295
47	145	8.9448
48	145	9.174
89	145	5.9624
95	145	2.2042
97	145	1.8822
98	145	1.5129
99	145	1.3042
104	145	2.2173
106	145	1.6241
113	145	6.4174
114	145	6.6952
116	145	0.81118
120	145	1.1322
123	145	-1.4528
128	145	-1.4036
131	145	1.5428
134	145	-0.76558
8	146	8.6244
11	146	8.6698
14	146	8.6713
16	146	10.7328
19	146	10.9436
20	146	6.8043
21	146	6.6126
22	146	8.8948
23	146	8.9262
24	146	4.6182
25	146	4.7795
47	146	8.2895
48	146	8.3982
75	146	9.4032
77	146	8.9997
80	146	7.6573
81	146	9.2475
83	146	8.9958
86	146	3.2882
87	146	3.075
89	146	6.7494
113	146	6.3641
114	146	6.6949
123	146	-1.3133
126	146	0.39493
128	146	-1.7873
132	146	0.63434
134	146	-1.3238
135	146	1.9206
140	146	0.78924
141	146	0.71152
144	146	0.81596
8	147	8.7048
11	147	8.7495
14	147	8.7498
16	147	10.5915
19	147	10.7953
20	147	6.5801
21	147	6.3901
22	147	8.7321
23	147	8.7629
24	147	4.397
25	147	4.5567
47	147	8.2905
48	147	8.4032
75	147	9.2354
77	147	9.0612
80	147	7.7951
81	147	9.3021
83	147	9.0976
86	147	3.0825
87	147	2.8701
89	147	6.6576
113	147	6.0929
114	147	6.4023
123	147	-1.3357
126	147	0.57167
128	147	-1.8999
132	147	0.81036
134	147	-1.6008
135	147	1.4855
140	147	0.96562
141	147	0.88691
144	147	0.68416
8	148	9.0434
11	148	9.0619
14	148	9.4835
15	148	7.9822
18	148	7.9399
34	148	3.2083
38	148	3.6697
39	148	3.3302
40	148	3.3071
41	148	3.637
47	148	7.242
48	148	7.3996
64	148	3.2841
70	148	3.5124
89	148	6.7322
113	148	7.1221
114	148	7.5506
123	148	-0.67757
128	148	-1.0696
134	148	-0.6117
8	149	8.8785
9	149	10.2245
11	149	8.8939
14	149	9.2362
42	149	7.1251
43	149	7.5752
44	149	4.5188
45	149	4.2765
46	149	4.5439
47	149	8.2676
48	149	8.572
50	149	4.3516
51	149	4.1788
63	149	6.1056
66	149	2.1595
68	149	6.2296
69	149	6.4135
71	149	2.402
72	149	2.3838
73	149	2.1108
74	149	6.4464
89	149	7.0154
112	149	-1.0859
113	149	5.8181
114	149	6.1649
121	149	0.050679
123	149	-1.3301
128	149	-1.29
133	149	-1.801
134	149	-0.86775
142	149	-2.1185
143	149	-1.798
148	149	0.90936
8	150	6.7715
11	150	6.7706
14	150	6.7709
35	150	5.5464
36	150	5.5478
47	150	4.7624
48	150	4.7657
89	150	1.8712
95	150	1.8059
97	150	1.9394
98	150	2.0476
99	150	2.2285
104	150	2.2151
106	150	2.4053
113	150	-1.0407
114	150	-1.2517
116	150	-0.27299
120	150	-0.65502
123	150	-0.0025601
128	150	0.19601
131	150	-0.85573
134	150	0.35295
8	151	8.3051
9	151	9.6267
11	151	8.3252
14	151	8.6675
42	151	6.5345
43	151	6.9965
44	151	4.6694
45	151	4.4273
46	151	4.6937
47	151	7.7198
48	151	8.0279
50	151	4.5014
51	151	4.3285
63	151	5.5513
66	151	2.3064
68	151	5.6671
69	151	5.8548
71	151	2.5423
72	151	2.5243
73	151	2.256
74	151	5.8793
89	151	6.4443
112	151	-0.98134
113	151	5.0638
114	151	5.3679
121	151	-0.24323
123	151	-1.4467
128	151	-0.71832
133	151	-1.3187
134	151	-0.40388
142	151	-1.3456
143	151	-0.95402
148	151	0.96879
8	152	6.7906
11	152	6.7893
14	152	6.7896
35	152	5.519
36	152	5.5192
47	152	4.7725
48	152	4.7747
89	152	1.9079
95	152	1.8015
97	152	1.9295
98	152	2.0312
99	152	2.2056
104	152	2.2088
106	152	2.396
113	152	-0.91059
114	152	-1.1112
116	152	-0.21202
120	152	-0.55146
123	152	0.013334
128	152	0.21006
131	152	-0.69144
134	152	0.36431
8	153	6.8299
11	153	6.7621
14	153	6.9049
17	153	7.9787
31	153	6.5891
33	153	6.5063
47	153	6.7963
48	153	6.969
61	153	0.61323
62	153	0.73922
65	153	0.69186
67	153	1.0916
89	153	2.8333
113	153	-1.337
114	153	-1.6874
123	153	0.84834
128	153	0.90262
134	153	1.1277
138	153	3.6874
139	153	3.5794
146	153	4.1131
147	153	4.1215
8	154	7.9302
11	154	7.8838
14	154	8.0432
35	154	4.6659
36	154	4.5155
47	154	6.6226
48	154	6.7853
89	154	2.1578
95	154	-0.01982
97	154	-0.42944
98	154	-0.52105
99	154	-0.34792
104	154	-0.10379
106	154	-0.73693
113	154	-1.0602
114	154	-1.2942
116	154	-2.2965
120	154	-2.0757
123	154	0.97979
128	154	1.3561
131	154	-1.6334
134	154	1.6146
offset
60
