154
detection	body_part	cost
1	3	-2.731
2	4	-0.90218
3	5	-0.4782
4	14	-1.1067
5	13	-1.5373
6	14	-1.8498
7	13	-1.6671
8	1	-3.8036
9	12	-1.6444
10	2	-3.6882
11	4	-1.0398
12	10	-2.6521
13	9	-3.0724
14	11	-1.9356
15	1	-4.5453
16	9	-1.3319
17	11	9.2102
18	2	-3.7854
19	12	-1.9843
20	12	-2.8229
21	12	-2.4897
22	11	9.2102
23	4	-1.9628
24	8	-0.087591
25	13	-2.4803
26	14	-2.2124
27	8	-1.3315
28	4	-1.1292
29	11	-0.44693
30	3	-3.1496
31	3	-1.77
32	9	-2.9781
33	10	-3.0921
34	11	-2.513
35	1	-5.6575
36	2	-5.3928
37	1	-3.2054
38	12	-3.4319
39	13	-2.408
40	14	-2.8018
41	4	-2.0449
42	3	-2.6435
43	5	-2.9117
44	10	-0.16682
45	10	-2.7517
46	11	-3.3528
47	1	-5.4958
48	9	-1.8375
49	11	-0.23985
50	2	-4.4942
51	6	-2.4158
52	12	-2.6041
53	13	-2.8875
54	14	-3.8948
55	14	-0.88713
56	3	-1.973
57	4	-1.5722
58	5	-0.11234
59	8	-2.2625
60	3	-3.3632
61	8	-1.5058
62	5	-0.45337
63	8	-2.1045
64	9	-1.6944
65	9	-2.7695
66	10	-3.1003
67	2	-4.509
68	1	-5.8337
69	11	-3.3876
70	8	-0.96967
71	12	-2.5536
72	13	-3.0387
73	14	-1.0245
74	14	-2.6897
75	6	-2.9647
76	6	-3.9342
77	6	-2.3558
78	4	-1.7164
79	7	-1.0021
80	7	-2.0148
81	7	-1.6526
82	3	-2.2042
83	4	-1.2779
84	5	-1.0534
85	3	-3.0958
86	5	-0.21689
87	8	-0.28711
88	9	-1.8296
89	10	-1.2986
90	11	-1.6583
91	2	-3.5724
92	1	-4.7306
93	5	-3.9683
94	5	-1.4769
95	4	-4.0634
96	10	-0.66658
97	5	-0.61639
98	3	-3.0872
99	9	-1.2216
100	11	-0.0014558
101	6	-2.6773
102	8	-0.37323
103	13	-2.7673
104	12	-1.6834
105	12	-2.3512
106	2	-4.2499
107	1	-4.9519
108	13	-1.3573
109	8	-4.9682
110	6	-3.7335
111	7	-4.8908
112	5	-2.6899
113	5	-4.9285
114	8	-5.2577
115	4	-4.5852
116	10	-3.575
117	10	-1.2686
118	11	-3.8991
119	2	-5.0421
120	3	-3.5401
121	7	-1.1278
122	7	-1.2583
123	9	-3.1031
124	9	-1.5251
125	7	-1.5892
126	7	-3.9986
127	1	-6.2049
128	7	-2.3893
129	1	-3.1981
130	12	-2.722
131	13	-2.4256
132	6	-4.7083
133	6	-2.6171
134	14	-2.9354
135	6	-3.8271
136	10	-0.98212
137	11	-1.0818
138	4	-1.947
139	11	-2.0881
140	3	-3.9718
141	10	-2.5619
142	9	-2.5944
143	2	-5.3633
144	1	-6.8386
145	12	-2.4667
146	13	-1.9947
147	13	-2.7841
148	6	-3.0251
149	8	-4.9931
150	14	-1.4901
151	6	-4.4829
152	7	-2.9459
153	14	-1.9192
154	7	-4.3057
detection1	detection2	cost
4	6	-5.6071
5	7	-5.6071
2	11	9.9513
8	15	13.3214
13	16	-4.8231
14	17	66.4184
10	18	13.3214
9	19	19.0675
9	20	19
19	20	-5.6071
9	21	19.0675
19	21	-3.7143
20	21	-5.6071
14	22	66.9256
17	22	-1.8214
2	23	34.8256
11	23	17.3966
5	25	26.624
7	25	24.7342
4	26	28.9098
6	26	27.0414
24	27	17.1798
2	28	36.6892
11	28	19.269
23	28	-5.6071
14	29	9.9513
17	29	63.7781
22	29	62.9438
1	30	42.0408
1	31	44.1649
30	31	-4.8231
13	32	14.0819
16	32	12.8867
12	33	15.9133
14	34	13.6628
17	34	64.5779
22	34	63.4506
29	34	-3.7143
8	35	40.1609
15	35	19.6016
10	36	38.086
18	36	17.3966
8	37	41.8597
15	37	21.1441
35	37	-4.8231
9	38	41.8597
19	38	15.293
20	38	15.5276
21	38	15.9133
5	39	47.6858
7	39	45.8033
25	39	13.6628
4	40	49.7883
6	40	47.9126
26	40	13.4073
2	41	56.9684
11	41	39.8214
23	41	15.5276
28	41	13.6628
1	42	58.9929
30	42	9.5357
31	42	7.7607
3	43	62.5613
12	44	34.8256
33	44	11.523
12	45	36.2
33	45	13.4073
44	45	-3.2674
14	46	34.1859
17	46	73.7827
22	46	71.2983
29	46	17.1798
34	46	13.4073
8	47	55.2219
15	47	34.5282
35	47	7.6429
37	47	5.8845
13	48	36.4045
16	48	34.8256
32	48	15.2143
14	49	36.0768
17	49	78.0144
22	49	75.5272
29	49	19.6016
34	49	15.9133
46	49	-3.2674
10	50	55.0789
18	50	34.3146
36	50	9.5357
9	52	62.638
19	52	36.0768
20	52	36.2
21	52	36.4045
38	52	13.3214
5	53	66.4184
7	53	64.5281
25	53	32.295
39	53	11.523
4	54	68.4269
6	54	66.5395
26	54	32.25
40	54	11.523
4	55	70.1994
6	55	68.3089
26	55	34.1859
40	55	13.6628
54	55	-4.8231
1	56	77.7627
30	56	28.5141
31	56	26.7811
42	56	11.523
2	57	77.7627
11	57	60.6429
23	57	36.2
28	57	34.3146
41	57	13.3214
3	58	77.7627
43	58	8.6726
24	59	36.0768
27	59	39.9349
1	60	79.592
30	60	30.546
31	60	28.9098
42	60	13.6628
56	60	-4.8231
24	61	38.086
27	61	40.7586
59	61	-4.8231
3	62	79.6537
43	62	10.4572
58	62	-5.6071
24	63	37.968
27	63	41.605
59	63	-5.6071
61	63	-5.6071
13	64	51.2091
16	64	49.4118
32	64	30.546
48	64	8.1089
13	65	53.101
16	65	51.3006
32	65	32.4299
48	65	9.9513
64	65	-5.6071
12	66	56.9684
33	66	34.1859
44	66	15.5276
45	66	13.3214
10	67	74.0907
18	67	53.337
36	67	28.5141
50	67	11.523
8	68	77.8676
15	68	57.1072
35	68	30.3571
37	68	28.5141
47	68	15.2143
14	69	58.777
17	69	87.7655
22	69	84.1424
29	69	41.7507
34	69	37.968
46	69	17.1071
49	69	15.5276
24	70	51.1786
27	70	54.388
59	70	7.7607
61	70	6.2802
63	70	5.8845
9	71	83.3571
19	71	56.885
20	71	56.8571
21	71	56.885
38	71	34.3146
52	71	13.6628
5	72	87.2185
7	72	85.3272
25	72	53.101
39	72	32.295
53	72	13.3214
4	73	89.1099
6	73	87.2185
26	73	53.101
40	73	32.4299
54	73	13.4073
55	73	11.4286
4	74	90.9468
6	74	89.0543
26	74	55.0789
40	74	34.5282
54	74	15.5276
55	74	13.4073
73	74	-4.8231
51	75	17.1071
51	76	17.1798
75	76	-5.6071
51	77	19.0675
75	77	-4.8231
76	77	-5.6071
2	78	100.6582
11	78	83.436
23	78	58.75
28	78	56.8571
41	78	36.2
57	78	15.5276
79	80	-5.6071
79	81	-3.7143
80	81	-5.6071
1	82	102.5465
30	82	53.101
31	82	51.1786
42	82	36.0768
56	82	17.3966
60	82	15.9133
2	83	102.6929
11	83	85.4237
23	83	60.6691
28	83	58.777
41	83	38.2821
57	83	17.7539
78	83	-4.8231
3	84	102.4325
43	84	32.9647
58	84	17.1798
62	84	15.293
1	85	104.3228
30	85	54.9643
31	85	53.101
42	85	37.9286
56	85	19.0675
60	85	17.3966
82	85	-4.8231
3	86	104.2427
43	86	34.5282
58	86	19
62	86	17.1071
84	86	-4.8231
24	87	62.5613
27	87	64.3289
59	87	19
61	87	17.1798
63	87	17.1071
70	87	4.0138
13	88	78.2028
16	88	76.5565
32	88	56.9684
48	88	34.3146
64	88	20.0604
65	88	18.2456
12	89	79.7564
33	89	56.8571
44	89	37.968
45	89	36.0768
66	89	15.293
14	90	77.6996
17	90	101.121
22	90	96.9336
29	90	60.6691
34	90	56.885
46	90	36.0357
49	90	34.3146
69	90	11.4286
10	91	96.7619
18	91	75.9791
36	91	51.2091
50	91	34.1859
67	91	15.2143
8	92	100.6582
15	92	79.9
35	92	53.101
37	92	51.3006
47	92	37.968
68	92	15.293
3	93	111.8851
43	93	41.8597
58	93	27.8615
62	93	26.0415
84	93	7.2837
86	93	4.6202
3	94	111.9901
43	94	42.0408
58	94	28.4144
62	94	26.624
84	94	8.783
86	94	6.1496
93	94	-5.6071
2	95	113.6576
11	95	96.7619
23	95	72.5614
28	95	70.6821
41	95	49.5689
57	95	28.9098
78	95	8.783
83	95	8.5614
12	96	85.2693
33	96	62.9438
44	96	44.4761
45	96	42.0408
66	96	21.4551
89	96	1.9643
3	97	115.6667
43	97	45.635
58	97	31.5222
62	97	29.6887
84	97	9.9513
86	97	7.2837
93	97	-3.7143
94	97	-3.2674
1	98	117.4429
30	98	68.5919
31	98	66.9256
42	98	51.665
56	98	32.6536
60	98	30.546
82	98	10.3572
85	98	7.7607
13	99	87.2185
16	99	85.2693
32	99	66.9256
48	99	44.4761
64	99	28.9098
65	99	27.0414
88	99	8.783
14	100	87.2185
17	100	111.9901
22	100	107.7313
29	100	70.4756
34	100	66.7087
46	100	45.8033
49	100	43.6422
69	100	21.4551
90	100	3.5372
51	101	37.9286
75	101	13.3214
76	101	13.4073
77	101	11.523
24	102	79.9
27	102	79.3654
59	102	36.4045
61	102	34.3146
63	102	34.5282
70	102	21.885
87	102	10.4572
5	103	113.6576
7	103	111.765
25	103	79.6537
39	103	59.1812
53	103	40.1609
72	103	19.6016
9	104	111.8101
19	104	85.4237
20	104	85.3272
21	104	85.2693
38	104	62.9438
52	104	42.2933
71	104	21.1441
9	105	111.8851
19	105	85.5585
20	105	85.4237
21	105	85.3272
38	105	63.1723
52	105	42.6161
71	105	21.4551
104	105	-5.6071
10	106	109.9182
18	106	89.1099
36	106	64.826
50	106	47.9126
67	106	29.6887
91	106	8.783
8	107	113.6576
15	107	92.8393
35	107	66.7087
37	107	64.6524
47	107	51.665
68	107	29.2526
92	107	8.783
5	108	117.4429
7	108	115.5503
25	108	83.436
39	108	62.9438
53	108	43.9217
72	108	23.3135
103	108	-3.7143
24	109	87.4452
27	109	90.6734
59	109	44.4761
61	109	43.0077
63	109	42.6161
70	109	29.2526
87	109	18.8644
102	109	9.4302
51	110	54.127
75	110	30.2149
76	110	29.6887
77	110	27.8615
101	110	11.4286
79	111	28.4144
80	111	27.8615
81	111	27.4026
3	112	144.9191
43	112	79.6948
58	112	63.6523
62	112	61.9965
84	112	42.1852
86	112	42.0408
93	112	44.4761
94	112	46.0715
97	112	42.5087
3	113	149.0589
43	113	83.9272
58	113	67.8823
62	113	66.2243
84	113	46.3051
86	113	46.105
93	113	48.1706
94	113	49.7257
97	113	46.0715
112	113	-3.2674
24	114	102.8716
27	114	101.2034
59	114	59.4226
61	114	57.301
63	114	57.5493
70	114	44.8538
87	114	33.3612
102	114	15.5276
109	114	16.7404
2	115	151.5225
11	115	134.1105
23	115	109.2143
28	115	107.342
41	115	87.5584
57	115	67.3816
78	115	44.5794
83	115	42.1852
95	115	37.173
12	116	123.1209
33	116	100.4593
44	116	81.6453
45	116	79.592
66	116	58.777
89	116	36.2
96	116	30.546
12	117	123.1209
33	117	100.6582
44	117	81.9663
45	117	79.7564
66	117	58.9929
89	117	36.6892
96	117	30.3571
116	117	-3.7143
14	118	121.2282
17	118	138.5815
22	118	133.7559
29	118	104.3228
34	118	100.5422
46	118	79.6537
49	118	77.6786
69	118	55.0789
90	118	36.2
100	118	26.624
10	119	140.252
18	119	119.4485
36	119	94.7318
50	119	77.6996
67	119	58.75
91	119	36.0357
106	119	24.2301
1	120	155.4617
30	120	106.0872
31	120	104.1786
42	120	89.0543
56	120	70.1994
60	120	68.4269
82	120	45.5
85	120	43.6422
98	120	31.5222
79	121	47.4255
80	121	47.3929
81	121	47.4255
111	121	15.3715
79	122	47.5232
80	122	47.4255
81	122	47.3929
111	122	14.6553
121	122	-5.6071
13	123	125.0541
16	123	123.2305
32	123	104.1946
48	123	81.4844
64	123	66.3457
65	123	64.4535
88	123	40.1609
99	123	31.1069
13	124	125
16	124	123.1209
32	124	104.3228
48	124	81.6453
64	124	66.3457
65	124	64.4535
88	124	40.7586
99	124	30.546
123	124	-3.7143
79	125	51.1786
80	125	51.2091
81	125	51.3006
111	125	19.6016
121	125	-3.2674
122	125	-2.1462
79	126	51.2091
80	126	51.1786
81	126	51.2091
111	126	18.8644
121	126	-3.7143
122	126	-3.2674
125	126	-5.6071
8	127	149.7895
15	127	128.9959
35	127	102.302
37	127	100.4593
47	127	87.1618
68	127	64.4535
92	127	41.7143
107	127	29.6887
79	128	53.101
80	128	53.0714
81	128	53.101
111	128	20.6393
121	128	-1.8214
122	128	-1.5143
125	128	-4.8231
126	128	-5.6071
8	129	151.6802
15	129	130.8859
35	129	104.1946
37	129	102.351
47	129	89.0543
68	129	66.3457
92	129	43.6071
107	129	31.5222
127	129	-5.6071
9	130	151.5113
19	130	125
20	130	125.0135
21	130	125.0541
38	130	102.302
52	130	81.4844
71	130	60.6691
104	130	32.6536
105	130	32.9647
5	131	157.1786
7	131	155.2857
25	131	123.1209
39	131	102.4325
53	131	83.436
72	131	62.638
103	131	36.0768
108	131	32.295
51	132	85.2693
75	132	60.6691
76	132	60.6429
77	132	58.75
101	132	39.8593
110	132	26.0415
51	133	85.3272
75	133	60.7479
76	133	60.6691
77	133	58.777
101	133	39.9726
110	133	25.5573
132	133	-5.6071
4	134	160.9749
6	134	159.0822
26	134	125.2162
40	134	104.5789
54	134	85.5585
55	134	83.5344
73	134	64.6524
74	134	62.638
51	135	87.1618
75	135	62.5613
76	135	62.5357
77	135	60.6429
101	135	41.7507
110	135	27.8615
132	135	-5.6071
133	135	-4.8231
12	136	142.0477
33	136	119.3779
44	136	100.5422
45	136	98.5169
66	136	77.6996
89	136	55.0789
96	136	49.4118
116	136	11.4286
117	136	11.8034
14	137	140.1429
17	137	154.1926
22	137	149.1618
29	137	123.162
34	137	119.3779
46	137	98.5169
49	137	96.6243
69	137	73.9149
90	137	54.993
100	137	45.635
118	137	11.523
2	138	172.3314
11	138	155.2967
23	138	130.7952
28	138	128.904
41	138	107.9798
57	138	87.1618
78	138	64.6524
83	138	62.9438
95	138	51.3006
115	138	24.6229
14	139	142.0357
17	139	155.8789
22	139	150.8339
29	139	125.0541
34	139	121.2699
46	139	100.4095
49	139	98.5169
69	139	75.8072
90	139	56.885
100	139	47.5232
118	139	13.4073
137	139	-5.6071
1	140	174.2537
30	140	125.0135
31	140	123.162
42	140	107.9798
56	140	89.0357
60	140	87.1618
82	140	64.5281
85	140	62.5613
98	140	49.5689
120	140	11.8034
12	141	145.8214
33	141	123.2305
44	141	104.4349
45	141	102.351
66	141	81.5448
89	141	58.9929
96	141	53.101
116	141	15.293
117	141	15.293
136	141	-3.2674
13	142	145.8214
16	142	143.9404
32	142	125.1216
48	142	102.4325
64	142	87.1618
65	142	85.2693
88	142	61.297
99	142	51.3006
123	142	13.6628
124	142	13.3214
10	143	164.7916
18	143	143.9759
36	143	119.3214
50	143	102.2857
67	143	83.3769
91	143	60.6691
106	143	47.9126
119	143	17.1798
8	144	170.4688
15	144	149.6527
35	144	123.1209
37	144	121.2143
47	144	107.9798
68	144	85.2693
92	144	62.638
107	144	49.5689
127	144	13.6628
129	144	11.8034
9	145	172.3314
19	145	145.8682
20	145	145.8331
21	145	145.8214
38	145	123.2305
52	145	102.4325
71	145	81.4844
104	145	53.101
105	145	53.1896
130	145	13.6628
5	146	178.0097
7	146	176.1169
25	146	143.9759
39	146	123.3264
53	146	104.3228
72	146	83.5344
103	146	56.8571
108	146	53.0714
131	146	13.4073
5	147	179.9024
7	147	178.0097
25	147	145.8682
39	147	125.2162
53	147	106.2133
72	147	85.4237
103	147	58.75
108	147	54.9643
131	147	15.293
146	147	-5.6071
51	148	108.0263
75	148	83.436
76	148	83.3769
77	148	81.4844
101	148	62.638
110	148	47.9126
132	148	15.293
133	148	15.2143
135	148	13.4073
24	149	147.8181
27	149	148.784
59	149	104.4349
61	149	102.6929
63	149	102.5465
70	149	89.2026
87	149	78.0144
102	149	61.9191
109	149	53.101
114	149	41.0177
4	150	183.6786
6	150	181.7857
26	150	147.8181
40	150	127.106
54	150	108.1038
55	150	106.1345
73	150	87.2185
74	150	85.2693
134	150	15.293
51	151	109.9182
75	151	85.3272
76	151	85.2693
77	151	83.3769
101	151	64.5281
110	151	49.7883
132	151	17.1798
133	151	17.1071
135	151	15.293
148	151	-5.6071
79	152	83.6721
80	152	83.5344
81	152	83.436
111	152	49.4118
121	152	28.9098
122	152	28.663
125	152	25.5573
126	152	25.1758
128	152	23.3135
4	153	185.5714
6	153	183.6786
26	153	149.7097
40	153	128.9959
54	153	109.9944
55	153	108.0263
73	153	89.1099
74	153	87.1618
134	153	17.1798
150	153	-5.6071
79	154	85.5585
80	154	85.4237
81	154	85.3272
111	154	51.3006
121	154	30.7807
122	154	30.546
125	154	27.4026
126	154	27.0414
128	154	25.1758
152	154	-5.6071
1	2	-1.5444
2	3	-1.6956
4	5	-2.0409
5	6	-1.7341
4	7	-2.1786
6	7	-1.8163
1	8	-2.3405
2	8	-2.1467
3	8	-2.2848
4	8	-1.2619
5	8	-1.4761
6	8	-1.3041
7	8	-1.5823
5	9	-2.0646
7	9	-1.7947
8	9	-1.5444
8	10	-2.2936
1	11	3.2888
3	11	1.3966
8	11	3.0601
8	12	0.97152
8	13	1.5887
12	13	-2.1036
8	14	0.60289
12	14	-2.1646
1	15	-0.64271
2	15	0.21104
3	15	0.50937
4	15	0.90851
5	15	1.2207
6	15	0.86005
7	15	1.2176
9	15	2.287
10	15	2.6998
11	15	-2.0172
12	15	-1.9239
13	15	-1.696
14	15	-1.7135
8	16	1.5757
12	16	-1.8119
15	16	-1.6104
8	17	6.7995
12	17	6.0709
15	17	8.8269
8	18	1.8608
15	18	-2.4196
5	19	2.3904
7	19	2.3154
8	19	1.554
15	19	-2.0336
5	20	2.4971
7	20	2.4253
8	20	1.4223
15	20	-2.0949
5	21	2.6606
7	21	2.5932
8	21	1.3533
15	21	-2.0999
8	22	7.543
12	22	4.5158
15	22	8.1899
1	23	5.8133
3	23	4.7504
8	23	7.0127
15	23	4.8807
8	24	0.48981
15	24	-1.081
4	25	2.1004
6	25	2.1128
8	25	0.69315
9	25	2.6068
15	25	-1.7483
19	25	-2.3786
20	25	-2.4346
21	25	-2.2889
5	26	2.9219
7	26	2.886
8	26	0.40238
15	26	-1.6327
25	26	-2.2987
8	27	0.029309
15	27	-0.047004
1	28	5.781
3	28	3.3448
8	28	7.0808
15	28	5.1394
8	29	2.4892
12	29	1.5989
15	29	0.40524
2	30	2.8967
8	30	6.6046
11	30	0.71622
15	30	5.6355
23	30	-2.2264
28	30	-2.1078
2	31	2.8871
8	31	6.8807
11	31	0.68953
15	31	5.8564
23	31	-2.2145
28	31	-2.0979
8	32	4.8084
12	32	1.3814
15	32	2.5572
8	33	3.6522
13	33	2.1296
14	33	1.3064
15	33	1.3523
16	33	2.4219
17	33	6.5725
22	33	5.6423
29	33	-1.7149
32	33	-2.4087
8	34	2.9754
12	34	1.8626
15	34	0.98207
33	34	-2.0004
1	35	1.2244
2	35	2.3021
3	35	2.6593
4	35	2.8377
5	35	3.4905
6	35	2.8069
7	35	3.5192
9	35	4.6325
10	35	5.4175
11	35	0.12929
12	35	1.0305
13	35	1.7139
14	35	0.60848
16	35	1.5887
17	35	5.5721
18	35	4.0525
19	35	2.3025
20	35	2.2197
21	35	2.1025
22	35	4.4461
23	35	-1.7654
24	35	2.9996
25	35	1.3881
26	35	0.83324
27	35	6.6893
28	35	-1.604
29	35	-1.2782
30	35	-2.3107
31	35	-2.1772
32	35	-1.9558
33	35	-1.7066
34	35	-1.7673
8	36	3.8021
15	36	2.022
35	36	-2.5626
1	37	1.3093
2	37	2.4166
3	37	2.8294
4	37	3.0393
5	37	3.7409
6	37	3.0103
7	37	3.7693
9	37	4.843
10	37	5.1313
11	37	0.31941
12	37	1.2258
13	37	1.9435
14	37	0.78917
16	37	1.8167
17	37	5.7773
18	37	3.7082
19	37	2.6048
20	37	2.5134
21	37	2.389
22	37	4.7104
23	37	-2.1905
24	37	3.351
25	37	1.671
26	37	1.0576
27	37	7.1257
28	37	-2.0954
29	37	-1.074
30	37	-2.1585
31	37	-2.1558
32	37	-1.5443
33	37	-1.4803
34	37	-1.6842
36	37	-2.2492
5	38	3.742
7	38	3.7116
8	38	4.0782
15	38	2.0153
25	38	1.188
35	38	-1.66
37	38	-1.2729
4	39	3.0654
6	39	3.1064
8	39	3.1913
9	39	4.4452
15	39	1.2305
19	39	1.3755
20	39	1.5188
21	39	1.6197
26	39	0.83663
35	39	-1.6601
37	39	-1.3507
38	39	-2.0928
5	40	4.0149
7	40	4.0011
8	40	2.4508
15	40	0.67961
25	40	1.4099
35	40	-1.5216
37	40	-1.3136
39	40	-2.1357
1	41	6.9757
3	41	5.7311
8	41	8.2405
15	41	7.0142
30	41	2.8051
31	41	2.4606
35	41	2.825
37	41	2.635
2	42	4.9048
8	42	7.7248
11	42	2.918
15	42	6.6619
23	42	0.85253
28	42	0.92276
35	42	3.5649
37	42	4.0535
41	42	-1.6276
2	43	5.1141
8	43	6.5589
11	43	3.3249
15	43	5.2268
23	43	0.22709
28	43	1.2757
35	43	1.6415
37	43	1.4458
41	43	-2.2863
8	44	5.4313
13	44	4.2703
14	44	2.8626
15	44	3.602
16	44	4.5819
17	44	6.7222
22	44	5.8381
29	44	1.2002
32	44	1.7447
34	44	0.88355
35	44	0.63058
37	44	0.4698
8	45	5.2346
13	45	3.944
14	45	3.0282
15	45	3.3891
16	45	4.2389
17	45	6.7046
22	45	5.8112
29	45	1.5364
32	45	1.4223
34	45	1.2574
35	45	0.49591
37	45	0.34878
8	46	4.3339
12	46	3.0738
15	46	2.6315
33	46	0.9451
35	46	0.21309
37	46	0.054943
44	46	-2.1359
45	46	-2.3113
1	47	2.6271
2	47	4.0124
3	47	4.3555
4	47	3.9244
5	47	4.7672
6	47	3.902
7	47	4.8033
9	47	6.1246
10	47	6.3783
11	47	2.0054
12	47	2.7177
13	47	3.4719
14	47	1.9934
16	47	3.3713
17	47	5.9241
18	47	5.2503
19	47	4.2681
20	47	4.1811
21	47	4.0605
22	47	4.6505
23	47	-0.29949
24	47	4.6368
25	47	3.0372
26	47	2.2097
27	47	7.6229
28	47	-0.33833
29	47	0.34759
30	47	-0.89909
31	47	-1.0961
32	47	0.87616
33	47	0.47549
34	47	-0.23222
36	47	2.2926
38	47	1.4161
39	47	0.48501
40	47	0.089075
41	47	-1.2275
42	47	-2.3065
43	47	-1.5813
44	47	-1.6051
45	47	-1.7958
46	47	-1.5089
8	48	6.0334
12	48	3.4847
15	48	4.4375
33	48	1.585
35	48	1.2905
37	48	1.1676
44	48	-1.9836
45	48	-2.175
47	48	-1.7939
8	49	4.2359
12	49	2.89
15	49	2.5361
33	49	0.78889
35	49	0.19144
37	49	0.03279
44	49	-1.9596
45	49	-2.2318
47	49	-1.4548
8	50	4.8562
15	50	3.4243
35	50	1.5804
37	50	1.4572
47	50	-2.1348
8	51	2.7649
15	51	1.1801
35	51	-0.89982
37	51	-0.89076
47	51	-2.2877
5	52	5.0754
7	52	5.0618
8	52	5.4533
15	52	3.8186
25	52	3.2054
35	52	0.8132
37	52	0.70359
39	52	1.273
47	52	-2.0422
4	53	4.1552
6	53	4.2116
8	53	4.6874
9	53	5.682
15	53	3.0732
19	53	3.0182
20	53	3.1072
21	53	3.1478
26	53	2.4891
35	53	0.36447
37	53	0.1601
38	53	1.2139
40	53	1.0968
47	53	-1.6659
52	53	-2.4022
5	54	4.9707
7	54	4.9612
8	54	3.7946
15	54	2.2947
25	54	2.779
35	54	-0.011319
37	54	-0.19256
39	54	1.0863
47	54	-1.6051
53	54	-2.2135
5	55	4.9043
7	55	4.8949
8	55	3.8233
15	55	2.3349
25	55	2.7034
35	55	0.081129
37	55	-0.096034
39	55	1.0718
47	55	-1.4664
53	55	-1.8337
2	56	6.5313
8	56	9.0553
11	56	4.6527
15	56	7.9409
23	56	2.9439
28	56	3.0515
35	56	5.4618
37	56	5.8175
41	56	0.89246
47	56	3.587
1	57	8.3017
3	57	6.6279
8	57	9.7046
15	57	8.7064
30	57	5.0296
31	57	4.846
35	57	5.9554
37	57	6.0502
42	57	2.4219
43	57	1.473
47	57	3.2435
56	57	-1.565
2	58	6.7121
8	58	8.6795
11	58	5.0158
15	58	7.6213
23	58	2.1947
28	58	3.3567
35	58	4.9312
37	58	4.8711
41	58	1.1564
47	58	2.3312
57	58	-2.086
8	59	3.8041
15	59	2.4284
35	59	0.026722
37	59	-0.079703
47	59	-2.0378
2	60	6.3688
8	60	8.9599
11	60	4.5151
15	60	7.8226
23	60	2.8626
28	60	2.9721
35	60	5.3228
37	60	5.654
41	60	0.98307
47	60	3.4376
57	60	-1.9144
8	61	3.7202
15	61	2.3647
35	61	0.05722
37	61	-0.033458
47	61	-2.1544
2	62	6.4779
8	62	8.6567
11	62	4.779
15	62	7.61
23	62	1.9547
28	62	3.1198
35	62	4.9626
37	62	4.9113
41	62	0.94635
47	62	2.4158
57	62	-2.4047
8	63	3.8084
15	63	2.4424
35	63	0.10865
37	63	0.0099661
47	63	-2.0665
8	64	7.3351
12	64	5.2073
15	64	5.9031
33	64	3.7304
35	64	3.6332
37	64	3.6048
44	64	1.6926
45	64	1.3599
47	64	1.5336
8	65	7.3327
12	65	5.1928
15	65	5.9127
33	65	3.7389
35	65	3.6849
37	65	3.6633
44	65	1.7896
45	65	1.4805
47	65	1.63
8	66	6.7482
13	66	5.3927
14	66	4.5109
15	66	5.1538
16	66	5.6767
17	66	7.4015
22	66	6.5276
29	66	3.2815
32	66	3.4563
34	66	3.1228
35	66	2.8853
37	66	2.8141
46	66	1.456
47	66	1.0343
48	66	1.2281
49	66	1.1321
64	66	-1.6669
65	66	-1.9982
8	67	6.2783
15	67	4.9713
35	67	3.5614
37	67	3.6027
47	67	2.0585
1	68	4.2871
2	68	5.7134
3	68	6.1223
4	68	5.2884
5	68	6.3187
6	68	5.2747
7	68	6.3613
9	68	7.6402
10	68	7.2932
11	68	3.8142
12	68	4.3644
13	68	4.9772
14	68	3.615
16	68	4.9121
17	68	6.6557
18	68	6.2697
19	68	6.122
20	68	6.0497
21	68	5.9441
22	68	5.3111
23	68	1.8622
24	68	6.6505
25	68	4.9479
26	68	3.8958
27	68	9.0352
28	68	1.8702
29	68	2.2667
30	68	0.88682
31	68	0.61093
32	68	3.0532
33	68	2.6387
34	68	1.7855
36	68	4.2922
38	68	4.1467
39	68	2.9888
40	68	2.1703
41	68	0.19712
42	68	-0.33495
43	68	0.76779
44	68	0.63335
45	68	0.55107
46	68	0.082369
48	68	1.2714
49	68	-0.006066
50	68	2.7677
51	68	4.4951
52	68	1.8261
53	68	0.7275
54	68	0.31932
55	68	0.15894
56	68	-2.3077
57	68	-1.8234
58	68	-2.0508
59	68	2.1562
60	68	-2.2187
61	68	2.2084
62	68	-2.009
63	68	1.9767
64	68	-1.9297
65	68	-1.9277
66	68	-1.7778
67	68	-2.4754
8	69	5.7768
12	69	4.1829
15	69	4.3003
33	69	2.6331
35	69	2.3062
37	69	2.2051
44	69	1.0275
45	69	1.2208
47	69	0.85642
66	69	-2.233
68	69	-1.4413
8	70	5.2219
15	70	3.9416
35	70	2.1163
37	70	2.0401
47	70	0.65949
68	70	-1.3855
5	71	6.3846
7	71	6.3811
8	71	6.9472
15	71	5.4623
25	71	4.807
35	71	3.2561
37	71	3.2064
39	71	3.4487
47	71	1.3989
53	71	1.49
68	71	-2.0555
4	72	5.3439
6	72	5.4077
8	72	6.1378
9	72	6.799
15	72	4.7317
19	72	4.3379
20	72	4.398
21	72	4.4095
26	72	3.8482
35	72	2.5837
37	72	2.4402
38	72	3.0623
40	72	2.9164
47	72	1.0145
52	72	1.1696
54	72	1.2637
55	72	1.0317
68	72	-1.7558
71	72	-2.1483
5	73	5.746
7	73	5.7391
8	73	5.0917
15	73	3.779
25	73	3.7225
35	73	1.8724
37	73	1.7413
39	73	2.5582
47	73	0.55127
53	73	1.1147
68	73	-1.6483
72	73	-2.1574
5	74	5.7397
7	74	5.7329
8	74	5.1033
15	74	3.7948
25	74	3.7078
35	74	1.9117
37	74	1.7835
39	74	2.554
47	74	0.61531
53	74	1.1391
68	74	-1.5903
72	74	-2.3372
8	75	4.3844
15	75	2.7689
35	75	0.86453
37	75	0.7587
47	75	-0.36716
68	75	-2.2059
8	76	4.5402
15	76	2.9098
35	76	0.98312
37	76	0.86515
47	76	-0.29286
68	76	-2.2922
8	77	4.6523
15	77	3.0212
35	77	1.1032
37	77	0.98192
47	77	-0.1642
68	77	-2.3468
1	78	10.0437
3	78	7.2819
8	78	11.4069
15	78	10.5334
30	78	7.15
31	78	7.0346
35	78	8.3146
37	78	8.4617
42	78	5.0211
43	78	2.839
47	78	6.3575
56	78	3.288
58	78	1.3459
60	78	3.6527
62	78	1.5273
68	78	3.5189
8	79	5.1049
15	79	3.7764
24	79	4.2731
27	79	5.0284
35	79	2.1935
37	79	2.1666
47	79	0.974
51	79	1.9383
59	79	1.1892
61	79	1.3364
63	79	1.1023
68	79	-2.1313
70	79	-1.784
75	79	-2.2879
76	79	-2.485
77	79	-2.4552
8	80	5.0786
15	80	3.7363
24	80	4.2934
27	80	5.0033
35	80	2.1145
37	80	2.0814
47	80	0.85809
51	80	1.7521
59	80	1.3115
61	80	1.4787
63	80	1.234
68	80	-1.9727
70	80	-1.7406
75	80	-2.2036
76	80	-2.3816
77	80	-2.461
8	81	5.1314
15	81	3.7767
24	81	4.2796
27	81	4.9477
35	81	2.1271
37	81	2.0863
47	81	0.84463
51	81	1.666
59	81	1.4079
61	81	1.597
63	81	1.3417
68	81	-1.9332
70	81	-1.5748
75	81	-2.1535
76	81	-2.3284
77	81	-2.4458
2	82	8.1016
8	82	10.9207
11	82	6.2245
15	82	9.8336
23	82	4.5372
28	82	4.6522
35	82	7.594
37	82	7.9352
41	82	3.0276
47	82	6.1463
57	82	1.1586
68	82	4.3813
78	82	-1.9195
1	83	10.0739
3	83	7.3447
8	83	11.5431
15	83	10.6885
30	83	7.2197
31	83	7.1075
35	83	8.5148
37	83	8.6689
42	83	5.1246
43	83	2.8861
47	83	6.6073
56	83	3.5026
58	83	1.3751
60	83	3.8943
62	83	1.5617
68	83	3.987
82	83	-1.5545
2	84	7.8843
8	84	10.3912
11	84	6.2277
15	84	9.4738
23	84	3.5078
28	84	4.7133
35	84	7.3288
37	84	7.323
41	84	2.7307
47	84	5.3986
57	84	1.6584
68	84	2.5601
78	84	-1.9819
83	84	-1.8028
2	85	8.1167
8	85	10.7608
11	85	6.2542
15	85	9.66
23	85	4.5915
28	85	4.7061
35	85	7.4034
37	85	7.7325
41	85	3.1314
47	85	5.9322
57	85	1.3722
68	85	4.0534
78	85	-2.7008
83	85	-2.2181
2	86	7.9716
8	86	10.3353
11	86	6.3161
15	86	9.4119
23	86	3.5998
28	86	4.7984
35	86	7.27
37	86	7.2582
41	86	2.7762
47	86	5.3377
57	86	1.6603
68	86	2.5731
78	86	-1.5823
83	86	-1.9319
8	87	5.1445
15	87	3.8978
35	87	2.2438
37	87	2.1846
47	87	0.98934
68	87	-2.1525
79	87	-0.97984
80	87	-0.85843
81	87	-0.63974
8	88	8.9748
12	88	6.7256
15	88	7.7412
33	88	5.2847
35	88	6.0937
37	88	6.1278
44	88	3.61
45	88	3.555
47	88	4.6516
66	88	1.5624
68	88	2.5303
8	89	8.3565
13	89	6.9391
14	89	5.475
15	89	6.9183
16	89	7.2215
17	89	7.7439
22	89	6.8754
29	89	4.3011
32	89	5.2331
34	89	4.1729
35	89	5.0562
37	89	5.027
46	89	2.9749
47	89	3.5673
48	89	3.6562
49	89	2.8072
64	89	2.1415
65	89	2.092
68	89	1.438
69	89	1.2322
88	89	-2.1331
8	90	7.618
12	90	6.3194
15	90	6.2766
33	90	4.9907
35	90	4.6034
37	90	4.5275
44	90	3.7888
45	90	3.9429
47	90	3.4014
66	90	2.2084
68	90	1.5483
89	90	-0.80494
8	91	7.4536
15	91	6.2365
35	91	4.9841
37	91	5.0895
47	91	3.9138
68	91	2.3983
1	92	5.8991
2	92	7.1912
3	92	7.5164
4	92	6.537
5	92	7.707
6	92	6.5283
7	92	7.7536
9	92	9.1524
10	92	8.4275
11	92	5.3176
12	92	5.8772
13	92	6.3917
14	92	5.0664
16	92	6.3535
17	92	7.2395
18	92	7.459
19	92	7.765
20	92	7.7124
21	92	7.6265
22	92	5.8321
23	92	3.4381
24	92	7.9941
25	92	6.5241
26	92	5.3173
27	92	10.0185
28	92	3.4565
29	92	3.8619
30	92	2.4824
31	92	2.1645
32	92	4.6669
33	92	4.3567
34	92	3.4384
36	92	5.746
38	92	6.084
39	92	4.8488
40	92	3.8332
41	92	2.1933
42	92	1.3094
43	92	2.9049
44	92	2.7417
45	92	2.7127
46	92	2.0368
48	92	3.4751
49	92	1.9789
50	92	4.7627
51	92	6.2841
52	92	4.4769
53	92	3.076
54	92	2.3034
55	92	2.1674
56	92	-0.32084
57	92	0.30297
58	92	0.57479
59	92	4.6394
60	92	-0.22861
61	92	4.7701
62	92	0.61138
63	92	4.5581
64	92	1.1778
65	92	1.1399
66	92	0.62461
67	92	2.694
69	92	0.095455
70	92	2.3326
71	92	1.6704
72	92	0.83744
73	92	0.35657
74	92	0.23986
75	92	4.233
76	92	3.9426
77	92	3.7182
78	92	-1.9178
79	92	3.4181
80	92	3.2661
81	92	3.0631
82	92	-2.1335
83	92	-1.6979
84	92	-1.6953
85	92	-2.2146
86	92	-1.4772
87	92	1.6496
88	92	-1.6678
89	92	-1.5273
90	92	-0.69934
91	92	-2.4891
2	93	8.4752
8	93	10.776
11	93	6.8324
15	93	9.8398
23	93	4.1482
28	93	5.3183
35	93	7.7426
37	93	7.7073
41	93	3.1631
47	93	5.8289
57	93	1.9716
68	93	3.3831
78	93	-0.10606
83	93	-0.44082
92	93	0.36792
2	94	8.3825
8	94	10.6985
11	94	6.7394
15	94	9.756
23	94	4.0565
28	94	5.2203
35	94	7.6507
37	94	7.6113
41	94	3.0409
47	94	5.7261
57	94	1.8241
68	94	3.2807
78	94	-0.23224
83	94	-0.5447
92	94	0.34244
1	95	10.3965
3	95	8.5857
8	95	11.748
15	95	10.8398
30	95	7.4828
31	95	7.3884
35	95	8.6713
37	95	8.7842
42	95	5.3415
43	95	4.5184
47	95	6.7518
56	95	3.58
58	95	3.4259
60	95	3.8635
62	95	3.6466
68	95	4.4146
82	95	0.48382
84	95	2.6107
85	95	0.39599
86	95	2.0155
92	95	0.9979
93	95	-1.8459
94	95	-1.8334
8	96	8.5529
13	96	7.1948
14	96	6.1048
15	96	7.1022
16	96	7.4601
17	96	8.3092
22	96	7.4356
29	96	5.0102
32	96	5.509
34	96	4.8945
35	96	5.3049
37	96	5.2709
46	96	3.8275
47	96	3.8705
48	96	3.9125
49	96	3.6581
64	96	2.3307
65	96	2.2785
68	96	1.9038
69	96	2.4754
88	96	-1.1739
90	96	-1.3764
92	96	-0.55493
2	97	8.3204
8	97	10.7102
11	97	6.6777
15	97	9.7812
23	97	3.9934
28	97	5.1668
35	97	7.7055
37	97	7.6724
41	97	3.0219
47	97	5.8134
57	97	1.8627
68	97	3.4338
78	97	-0.073885
83	97	-0.41054
92	97	0.46367
95	97	-2.0902
2	98	9.0654
8	98	11.7601
11	98	7.2686
15	98	10.6179
23	98	5.7063
28	98	5.8191
35	98	8.3866
37	98	8.6688
41	98	4.4047
47	98	6.8918
57	98	3.0349
68	98	5.0011
78	98	1.508
83	98	1.8666
92	98	2.1313
95	98	-1.8956
8	99	9.1695
12	99	7.2847
15	99	7.8935
33	99	6.0267
35	99	6.273
37	99	6.2859
44	99	4.6262
45	99	4.5501
47	99	4.8606
66	99	3.0633
68	99	3.0272
89	99	0.87661
92	99	0.24735
96	99	-1.5472
8	100	7.4848
12	100	5.8311
15	100	6.1463
33	100	4.4974
35	100	4.5243
37	100	4.4484
44	100	3.2888
45	100	3.4262
47	100	3.361
66	100	1.7548
68	100	1.5816
89	100	-0.64389
92	100	-0.49823
96	100	-1.5293
8	101	6.0059
15	101	4.3792
35	101	2.5427
37	101	2.4022
47	101	1.3411
68	101	-0.46356
79	101	2.6603
80	101	2.55
81	101	2.363
92	101	-1.8934
8	102	6.4873
15	102	5.3116
35	102	3.9681
37	102	3.9163
47	102	3.0003
68	102	0.97878
79	102	2.5163
80	102	2.7355
81	102	2.9876
92	102	-1.8867
4	103	5.7996
6	103	5.8695
8	103	7.8844
9	103	8.6129
15	103	6.5942
19	103	6.2168
20	103	6.2551
21	103	6.2432
26	103	4.4208
35	103	4.8365
37	103	4.7119
38	103	5.1204
40	103	3.6613
47	103	3.6168
52	103	3.7192
54	103	2.5097
55	103	2.4103
68	103	1.622
71	103	2.1218
73	103	1.1693
74	103	0.88818
92	103	-0.67365
5	104	8.1007
7	104	8.1034
8	104	9.0856
15	104	7.7035
25	104	6.6696
35	104	5.9339
37	104	5.8906
39	104	5.4771
47	104	4.5199
53	104	4.1082
68	104	2.5331
72	104	2.6967
92	104	-0.28969
103	104	-1.9727
5	105	8.1131
7	105	8.1166
8	105	9.0922
15	105	7.7037
25	105	6.699
35	105	5.9298
37	105	5.8843
39	105	5.5278
47	105	4.5117
53	105	4.1827
68	105	2.5225
72	105	2.8309
92	105	-0.21187
103	105	-1.9275
8	106	8.406
15	106	7.2708
35	106	6.1748
37	106	6.2897
47	106	5.2955
68	106	4.413
92	106	3.4191
1	107	7.053
2	107	8.435
3	107	8.9828
4	107	7.2159
5	107	8.467
6	107	7.2121
7	107	8.5127
9	107	9.9333
10	107	9.1029
11	107	6.6483
12	107	6.8798
13	107	7.2299
14	107	5.9109
16	107	7.1936
17	107	8.0449
18	107	8.0902
19	107	8.6493
20	107	8.5942
21	107	8.5074
22	107	6.7102
23	107	4.9082
24	107	8.8454
25	107	7.388
26	107	6.1071
27	107	10.8292
28	107	4.9302
29	107	4.8194
30	107	3.7898
31	107	3.4996
32	107	5.6877
33	107	5.5275
34	107	4.4322
36	107	6.3802
38	107	7.1605
39	107	5.9017
40	107	4.7706
41	107	3.8381
42	107	2.7145
43	107	4.7577
44	107	4.1292
45	107	4.0666
46	107	3.1616
48	107	4.7448
49	107	3.0659
50	107	5.3698
51	107	7.3847
52	107	5.8397
53	107	4.3243
54	107	3.367
55	107	3.2215
56	107	1.3247
57	107	2.3694
58	107	2.8711
59	107	6.0007
60	107	1.4264
61	107	6.1548
62	107	2.9334
63	107	5.9498
64	107	2.8371
65	107	2.8274
66	107	2.2593
67	107	3.487
69	107	1.4134
70	107	4.1819
71	107	3.5462
72	107	2.3832
73	107	1.5774
74	107	1.4371
75	107	5.8174
76	107	5.6671
77	107	5.5703
78	107	0.82508
79	107	5.7054
80	107	5.4959
81	107	5.2323
82	107	0.047928
83	107	0.97773
84	107	0.74631
85	107	0.24152
86	107	0.44686
87	107	3.8614
88	107	0.75527
89	107	-0.2796
90	107	-1.4452
91	107	0.91796
93	107	-1.882
94	107	-1.8936
95	107	-1.952
96	107	-1.3924
97	107	-1.9618
98	107	-2.2508
99	107	-1.7866
100	107	-1.4808
101	107	4.3202
102	107	1.3444
103	107	-1.4466
104	107	-1.6917
105	107	-1.7576
106	107	-2.1769
4	108	5.8384
6	108	5.9085
8	108	7.7994
9	108	8.4576
15	108	6.5143
19	108	6.0787
20	108	6.1137
21	108	6.0986
26	108	4.4598
35	108	4.7723
37	108	4.6485
38	108	5.0064
40	108	3.7022
47	108	3.566
52	108	3.6485
54	108	2.5683
55	108	2.4787
68	108	1.6056
71	108	2.1482
73	108	1.3088
74	108	1.0601
92	108	-0.69314
104	108	-1.9535
105	108	-1.8013
107	108	-1.4775
8	109	7.4311
15	109	6.2261
35	109	4.8184
37	109	4.7346
47	109	3.8358
68	109	1.874
79	109	2.732
80	109	2.8595
81	109	3.0264
92	109	-0.42563
107	109	-2.0144
8	110	7.2073
15	110	5.5416
35	110	3.6971
37	110	3.5235
47	110	2.4462
68	110	0.49072
79	110	4.2167
80	110	4.1039
81	110	3.8926
92	110	-0.92364
107	110	-2.2653
8	111	7.3233
15	111	5.9975
24	111	6.2101
27	111	6.6354
35	111	4.6196
37	111	4.5462
47	111	3.6301
51	111	4.3898
59	111	3.8334
61	111	3.9844
63	111	3.8407
68	111	1.5149
70	111	2.2287
75	111	2.1817
76	111	2.3185
77	111	2.6278
87	111	3.0844
92	111	-0.86383
101	111	-0.56005
102	111	2.5847
107	111	-2.2011
109	111	-2.6471
110	111	-2.3978
2	112	11.79
8	112	14.7429
11	112	10.186
15	112	13.9795
23	112	7.5147
28	112	8.8323
35	112	12.3923
37	112	12.3815
41	112	7.0032
47	112	10.9115
57	112	6.2831
68	112	9.502
78	112	5.8248
83	112	5.7276
92	112	8.3756
95	112	5.5072
107	112	7.9588
2	113	11.6367
8	113	14.6155
11	113	10.0327
15	113	13.8532
23	113	7.3587
28	113	8.6789
35	113	12.274
37	113	12.2614
41	113	6.8398
47	113	10.7931
57	113	6.1076
68	113	9.3836
78	113	5.629
83	113	5.5349
92	113	8.2614
95	113	5.214
107	113	7.7137
8	114	10.2969
15	114	9.167
35	114	8.0657
37	114	7.9911
47	114	7.2562
68	114	5.7515
79	114	6.4772
80	114	6.477
81	114	6.5045
92	114	4.1458
107	114	4.0925
111	114	4.6721
1	115	14.2076
3	115	9.8586
8	115	15.4954
15	115	14.7254
30	115	11.6617
31	115	11.6317
35	115	12.9525
37	115	13.069
42	115	9.6963
43	115	6.243
47	115	11.2765
56	115	8.3172
58	115	4.8535
60	115	8.6254
62	115	5.1089
68	115	9.8088
82	115	6.7779
84	115	3.9116
85	115	6.8658
86	115	3.8571
92	115	8.4413
93	115	3.5711
94	115	3.7004
97	115	3.8681
98	115	6.5628
107	115	7.9126
112	115	-1.9938
113	115	-2.2742
8	116	10.9582
13	116	9.9624
14	116	8.0525
15	116	9.624
16	116	10.225
17	116	9.8623
22	116	9.0023
29	116	6.9458
32	116	8.4233
34	116	6.8363
35	116	8.104
37	116	8.0869
46	116	5.8628
47	116	6.8954
48	116	7.0819
49	116	5.7734
64	116	5.757
65	116	5.7749
68	116	5.4947
69	116	4.8145
88	116	3.6334
90	116	2.3198
92	116	3.6518
99	116	3.8922
100	116	2.4368
107	116	2.6732
8	117	10.8509
13	117	9.7952
14	117	8.0981
15	117	9.505
16	117	10.055
17	117	9.8949
22	117	9.0314
29	117	7.0092
32	117	8.2486
34	117	6.9013
35	117	7.9767
37	117	7.9581
46	117	5.9451
47	117	6.7603
48	117	6.8861
49	117	5.854
64	117	5.5398
65	117	5.5519
68	117	5.3386
69	117	4.9288
88	117	3.3887
90	117	2.5293
92	117	3.5115
99	117	3.5385
100	117	2.6244
107	117	2.4899
8	118	9.4521
12	118	7.6609
15	118	8.2146
33	118	6.4391
35	118	6.8047
37	118	6.7475
44	118	5.3889
45	118	5.5078
47	118	5.8102
66	118	4.1734
68	118	4.3972
89	118	2.9273
92	118	2.6678
96	118	2.7401
107	118	1.8161
116	118	-2.2442
117	118	-2.1948
8	119	10.511
15	119	9.3576
35	119	8.1647
37	119	8.307
47	119	7.2467
68	119	6.3194
92	119	5.1305
107	119	3.1007
2	120	10.8829
8	120	14.2729
11	120	9.0039
15	120	13.1704
23	120	7.3426
28	120	7.4635
35	120	11.0139
37	120	11.3174
41	120	6.2934
47	120	9.5874
57	120	5.105
68	120	7.9705
78	120	3.4891
83	120	3.5289
92	120	6.2707
95	120	3.2486
107	120	5.9752
115	120	-2.2948
8	121	10.7664
15	121	9.4927
24	121	5.8947
27	121	5.493
35	121	8.3133
37	121	8.2337
47	121	7.4504
51	121	7.2628
59	121	3.4875
61	121	3.5064
63	121	3.5001
68	121	5.6982
70	121	2.1009
75	121	5.439
76	121	5.5685
77	121	5.8465
87	121	2.7765
92	121	4.0387
101	121	3.6083
102	121	0.94146
107	121	3.9563
109	121	0.9062
110	121	4.2564
114	121	-1.7429
8	122	10.7014
15	122	9.424
24	122	6.113
27	122	5.719
35	122	8.2342
37	122	8.1534
47	122	7.3651
51	122	7.1448
59	122	3.692
61	122	3.713
63	122	3.7033
68	122	5.5955
70	122	2.2867
75	122	5.295
76	122	5.4227
77	122	5.7046
87	122	2.9633
92	122	3.9192
101	122	3.4274
102	122	1.1124
107	122	3.7547
109	122	1.0104
110	122	3.9523
114	122	-2.0231
8	123	11.2346
12	123	9.4892
15	123	10.0582
33	123	8.1729
35	123	8.6977
37	123	8.725
44	123	6.7408
45	123	6.7588
47	123	7.5033
66	123	5.4325
68	123	6.3153
89	123	3.9262
92	123	4.5473
96	123	2.9753
107	123	4.0562
116	123	-2.2157
117	123	-2.0804
8	124	11.0462
12	124	9.5732
15	124	9.8578
33	124	8.2734
35	124	8.4807
37	124	8.5053
44	124	6.8622
45	124	6.8788
47	124	7.2725
66	124	5.5755
68	124	6.0491
89	124	4.1322
92	124	4.2553
96	124	3.177
107	124	3.6684
116	124	-2.0751
117	124	-1.9437
8	125	10.6375
15	125	9.3679
24	125	5.281
27	125	5.9432
35	125	8.2002
37	125	8.1219
47	125	7.3458
51	125	7.3429
59	125	2.7077
61	125	2.8342
63	125	2.7038
68	125	5.6186
70	125	1.2771
75	125	5.5709
76	125	5.6949
77	125	5.9696
87	125	1.9542
92	125	4.0021
101	125	3.8437
102	125	0.12975
107	125	4.0037
109	125	0.22903
110	125	4.5345
114	125	-2.2436
8	126	10.6383
15	126	9.3652
24	126	5.5392
27	126	5.3707
35	126	8.1868
37	126	8.1077
47	126	7.3264
51	126	7.2099
59	126	3.1341
61	126	3.1485
63	126	3.147
68	126	5.5823
70	126	1.754
75	126	5.4136
76	126	5.5363
77	126	5.8147
87	126	2.4284
92	126	3.9479
101	126	3.6514
102	126	0.57071
107	126	3.88
109	126	0.57156
110	126	4.2477
114	126	-2.331
1	127	9.5897
2	127	9.9297
3	127	10.42
4	127	9.0403
5	127	10.4386
6	127	9.0375
7	127	10.4876
9	127	12.1041
10	127	10.3926
11	127	8.0721
12	127	9.1039
13	127	9.3506
14	127	8.1477
16	127	9.3321
17	127	9.6081
18	127	9.4457
19	127	10.8403
20	127	10.8027
21	127	10.7328
22	127	8.1751
23	127	6.2529
24	127	9.7019
25	127	9.4386
26	127	8.0208
27	127	11.3248
28	127	6.2822
29	127	7.1133
30	127	6.1891
31	127	5.8473
32	127	7.7965
33	127	7.7958
34	127	6.7522
36	127	7.8677
38	127	9.3817
39	127	8.031
40	127	6.8034
41	127	5.4311
42	127	5.0617
43	127	6.8318
44	127	6.5175
45	127	6.5141
46	127	5.6655
48	127	6.9551
49	127	5.6139
50	127	7.0264
51	127	9.393
52	127	8.1918
53	127	6.6849
54	127	5.6325
55	127	5.5238
56	127	3.6315
57	127	4.152
58	127	4.9231
59	127	7.0069
60	127	3.8011
61	127	7.1244
62	127	5.0211
63	127	6.9762
64	127	5.3481
65	127	5.3679
66	127	5.0573
67	127	5.5169
69	127	4.2821
70	127	5.5144
71	127	6.4021
72	127	5.1962
73	127	4.2319
74	127	4.1247
75	127	7.638
76	127	7.5217
77	127	7.3964
78	127	2.6258
79	127	7.1951
80	127	7.1117
81	127	6.9695
82	127	1.7433
83	127	2.5551
84	127	3.4946
85	127	2.0967
86	127	3.5824
87	127	5.462
88	127	3.9693
89	127	3.2445
90	127	2.02
91	127	4.255
93	127	3.0803
94	127	3.1727
95	127	2.2374
96	127	2.5029
97	127	3.3285
98	127	0.27358
99	127	2.5443
100	127	1.9009
101	127	6.0201
102	127	4.1971
103	127	2.5885
104	127	3.362
105	127	3.2318
106	127	4.2309
108	127	2.6312
109	127	2.277
110	127	4.1639
111	127	3.5658
112	127	-2.1267
113	127	-1.5603
114	127	-1.222
115	127	-1.289
116	127	-1.7274
117	127	-1.6132
118	127	-1.4071
119	127	-1.9047
120	127	-2.3646
121	127	-0.78269
122	127	-0.79196
123	127	-1.9231
124	127	-1.6781
125	127	-1.2423
126	127	-1.1803
8	128	10.4358
15	128	9.1624
24	128	5.3616
27	128	5.6565
35	128	7.9817
37	128	7.9033
47	128	7.1213
51	128	7.0613
59	128	2.957
61	128	2.9696
63	128	2.9702
68	128	5.3782
70	128	1.5794
75	128	5.2787
76	128	5.3977
77	128	5.6764
87	128	2.2532
92	128	3.7482
101	128	3.5477
102	128	0.38609
107	128	3.6904
109	128	0.40014
110	128	4.1168
114	128	-2.4133
127	128	-1.6161
1	129	9.5528
2	129	9.9457
3	129	10.4125
4	129	9.0669
5	129	10.4472
6	129	9.0643
7	129	10.4963
9	129	12.0758
10	129	10.3098
11	129	8.0891
12	129	9.0954
13	129	9.3027
14	129	8.1499
16	129	9.2852
17	129	9.5955
18	129	9.363
19	129	10.8151
20	129	10.7781
21	129	10.7086
22	129	8.1627
23	129	6.2706
24	129	9.7056
25	129	9.4518
26	129	8.0527
27	129	11.3197
28	129	6.2998
29	129	7.1194
30	129	6.1517
31	129	5.809
32	129	7.7513
33	129	7.7902
34	129	6.7598
36	129	7.7844
38	129	9.3612
39	129	8.0496
40	129	6.8416
41	129	5.4461
42	129	5.0251
43	129	6.8069
44	129	6.5179
45	129	6.5171
46	129	5.6809
48	129	6.9164
49	129	5.6302
50	129	6.9439
51	129	9.2889
52	129	8.1788
53	129	6.7126
54	129	5.6793
55	129	5.5715
56	129	3.5982
57	129	4.1659
58	129	4.8992
59	129	7.0205
60	129	3.7694
61	129	7.1372
62	129	4.9957
63	129	6.9904
64	129	5.3225
65	129	5.3431
66	129	5.0728
67	129	5.436
69	129	4.311
70	129	5.5385
71	129	6.406
72	129	5.2391
73	129	4.2926
74	129	4.1865
75	129	7.5364
76	129	7.4227
77	129	7.2978
78	129	2.6403
79	129	7.1562
80	129	7.075
81	129	6.9351
82	129	1.7094
83	129	2.5705
84	129	3.4582
85	129	2.066
86	129	3.5419
87	129	5.4918
88	129	3.9643
89	129	3.2834
90	129	2.0727
91	129	4.1823
93	129	3.029
94	129	3.1196
95	129	2.2433
96	129	2.556
97	129	3.2709
98	129	0.27093
99	129	2.5731
100	129	1.9571
101	129	5.924
102	129	4.2454
103	129	2.6678
104	129	3.4167
105	129	3.2872
106	129	4.153
108	129	2.7125
109	129	2.3591
110	129	4.1191
111	129	3.6053
112	129	-2.131
113	129	-1.4116
114	129	-1.3694
115	129	-1.1978
116	129	-1.5845
117	129	-1.4617
118	129	-1.3066
119	129	-1.5529
120	129	-2.0103
121	129	-1.0793
122	129	-1.0743
123	129	-1.6942
124	129	-1.4797
125	129	-1.5768
126	129	-1.5034
128	129	-1.951
5	130	10.2341
7	130	10.2381
8	130	11.4975
15	130	10.1982
25	130	8.8223
35	130	8.6512
37	130	8.6154
39	130	7.6158
47	130	7.4263
53	130	6.3519
68	130	5.9964
72	130	5.2081
92	130	4.1273
103	130	2.7547
107	130	3.6961
108	130	2.7951
127	130	-1.9604
129	130	-1.8962
4	131	8.4547
6	131	8.5277
8	131	10.1552
9	131	10.6872
15	131	8.9694
19	131	8.3967
20	131	8.4212
21	131	8.3969
26	131	7.0826
35	131	7.4611
37	131	7.35
38	131	7.426
40	131	6.3455
47	131	6.4472
52	131	6.2527
54	131	5.339
55	131	5.3121
68	131	4.9667
71	131	5.1218
73	131	4.4532
74	131	4.3539
92	131	3.244
104	131	3.3627
105	131	3.4962
107	131	2.5839
127	131	-1.8811
129	131	-1.7258
130	131	-2.0298
8	132	10.4028
15	132	8.7617
35	132	7.0063
37	132	6.8251
47	132	5.8159
68	132	4.0518
79	132	4.7672
80	132	4.7259
81	132	4.5863
92	132	2.2224
107	132	1.9584
111	132	1.2614
121	132	-1.7596
122	132	-1.9437
125	132	-2.3085
126	132	-2.5468
127	132	-2.5681
128	132	-2.2845
129	132	-2.1135
8	133	10.616
15	133	8.9721
35	133	7.2151
37	133	7.0317
47	133	6.0213
68	133	4.2468
79	133	4.5515
80	133	4.5053
81	133	4.3602
92	133	2.4089
107	133	2.0816
111	133	0.9967
121	133	-2.0735
122	133	-2.2953
125	133	-2.5783
126	133	-2.4379
127	133	-2.2395
128	133	-2.0019
129	133	-2.1303
5	134	8.7002
7	134	8.6963
8	134	8.3993
15	134	7.3237
25	134	6.8411
35	134	5.9801
37	134	5.8901
39	134	5.9995
47	134	5.106
53	134	5.1126
68	134	3.7754
72	134	3.8899
92	134	2.215
103	134	3.4492
107	134	1.5801
108	134	3.3308
127	134	-1.4352
129	134	-1.3149
131	134	-2.2561
8	135	10.2708
15	135	8.6299
35	135	6.8704
37	135	6.6907
47	135	5.6799
68	135	3.9156
79	135	4.9003
80	135	4.8603
81	135	4.7219
92	135	2.0843
107	135	1.8263
111	135	1.4615
121	135	-1.4875
122	135	-1.6799
125	135	-1.9138
126	135	-2.194
127	135	-2.4717
128	135	-2.5724
129	135	-2.0772
8	136	12.1968
13	136	11.4688
14	136	9.2066
15	136	10.8909
16	136	11.7277
17	136	10.8676
22	136	10.0103
29	136	8.1012
32	136	9.9676
34	136	7.9936
35	136	9.4519
37	136	9.4347
46	136	7.0462
47	136	8.2984
48	136	8.6682
49	136	6.9757
64	136	7.3602
65	136	7.386
68	136	7.0352
69	136	6.0455
88	136	5.4797
90	136	3.6973
92	136	5.4374
99	136	5.6684
100	136	3.9609
107	136	4.6845
118	136	1.2433
123	136	1.683
124	136	1.9223
127	136	0.50169
129	136	0.3878
8	137	10.4987
12	137	8.795
15	137	9.2965
33	137	7.6093
35	137	7.9688
37	137	7.9138
44	137	6.6024
45	137	6.7124
47	137	7.0316
66	137	5.4423
68	137	5.748
89	137	4.3772
92	137	4.2022
96	137	4.1642
107	137	3.5284
116	137	1.0797
117	137	1.4036
127	137	-0.24704
129	137	-0.34235
136	137	-1.8169
1	138	14.7119
3	138	10.9083
8	138	15.904
15	138	15.0806
30	138	12.0262
31	138	11.9705
35	138	13.1661
37	138	13.2861
42	138	10.0151
43	138	6.9502
47	138	11.4317
56	138	8.5408
58	138	5.6952
60	138	8.8408
62	138	5.9152
68	138	9.7845
82	138	6.7655
84	138	4.6031
85	138	6.8578
86	138	4.4077
92	138	8.1283
93	138	3.3885
94	138	3.3944
97	138	3.5071
98	138	6.2865
107	138	7.3664
112	138	1.8934
113	138	1.9414
120	138	5.1968
127	138	4.2296
129	138	3.7983
8	139	10.6333
12	139	8.7011
15	139	9.434
33	139	7.5135
35	139	8.1129
37	139	8.0583
44	139	6.5061
45	139	6.6176
47	139	7.1806
66	139	5.3482
68	139	5.9078
89	139	4.2856
92	139	4.3786
96	139	4.0764
107	139	3.7228
116	139	1.05
117	139	1.3774
127	139	-0.010201
129	139	-0.10389
136	139	-2.0104
2	140	13.368
8	140	15.9193
11	140	11.5464
15	140	14.8051
23	140	9.9361
28	140	10.05
35	140	12.6633
37	140	12.9499
41	140	8.7245
47	140	11.2321
57	140	7.4476
68	140	9.6003
78	140	5.8741
83	140	5.9884
92	140	7.9188
95	140	4.9382
107	140	7.3093
115	140	2.0301
127	140	3.5985
129	140	3.5587
138	140	-2.157
8	141	12.1542
13	141	11.259
14	141	9.0869
15	141	10.8456
16	141	11.5169
17	141	10.6913
22	141	9.8324
29	141	7.988
32	141	9.7565
34	141	7.8814
35	141	9.4076
37	141	9.3906
46	141	6.9459
47	141	8.2549
48	141	8.452
49	141	6.8795
64	141	7.1382
65	141	7.1625
68	141	6.9935
69	141	5.9637
88	141	5.2617
90	141	3.6638
92	141	5.4147
99	141	5.4195
100	141	3.9445
107	141	4.6681
118	141	1.4839
123	141	1.5531
124	141	1.785
127	141	0.57153
129	141	0.46414
137	141	-1.6049
139	141	-1.7332
8	142	12.3244
12	142	10.9607
15	142	11.1585
33	142	9.6607
35	142	9.8591
37	142	9.8803
44	142	8.2593
45	142	8.2944
47	142	8.6987
66	142	7.0329
68	142	7.6072
89	142	5.6619
92	142	6.0921
96	142	4.8703
107	142	5.7053
116	142	1.5617
117	142	1.4209
127	142	1.2834
129	142	1.1633
136	142	-2.0994
141	142	-2.2815
8	143	11.4695
15	143	10.3399
35	143	9.162
37	143	9.3138
47	143	8.2782
68	143	7.4249
92	143	6.3754
107	143	4.8604
127	143	3.4973
129	143	3.4422
1	144	11.2652
2	144	12.5559
3	144	12.6291
4	144	9.9412
5	144	11.5755
6	144	9.9405
7	144	11.6242
9	144	13.3421
10	144	11.6035
11	144	10.7498
12	144	10.2895
13	144	10.3937
14	144	9.0905
16	144	10.38
17	144	10.402
18	144	10.6507
19	144	12.109
20	144	12.075
21	144	12.0091
22	144	8.984
23	144	8.9765
24	144	12.1474
25	144	10.6164
26	144	8.9686
27	144	13.8034
28	144	9.0007
29	144	8.1004
30	144	7.8933
31	144	7.5565
32	144	8.8835
33	144	9.0305
34	144	7.7555
36	144	9.0941
38	144	10.7001
39	144	9.2677
40	144	7.8152
41	144	8.0201
42	144	6.7797
43	144	8.6745
44	144	7.8188
45	144	7.8247
46	144	6.7415
48	144	8.1021
49	144	6.6946
50	144	8.2565
51	144	11.4248
52	144	9.577
53	144	8.0059
54	144	6.725
55	144	6.626
56	144	5.3781
57	144	6.6802
58	144	6.867
59	144	9.549
60	144	5.5465
61	144	9.67
62	144	6.9426
63	144	9.522
64	144	6.6096
65	144	6.6354
66	144	6.4833
67	144	6.7827
69	144	5.4836
70	144	8.1317
71	144	7.9344
72	144	6.6542
73	144	5.4582
74	144	5.3637
75	144	9.6989
76	144	9.5912
77	144	9.4697
78	144	5.2013
79	144	9.4994
80	144	9.4252
81	144	9.2918
82	144	3.538
83	144	5.1913
84	144	5.2772
85	144	3.892
86	144	5.2388
87	144	8.1298
88	144	5.4236
89	144	4.8948
90	144	3.4465
91	144	5.5894
93	144	4.1622
94	144	4.1615
95	144	4.3055
96	144	4.2269
97	144	4.281
98	144	2.2243
99	144	4.2374
100	144	3.3438
101	144	8.1353
102	144	7.0676
103	144	4.3712
104	144	5.3159
105	144	5.1929
106	144	5.3045
108	144	4.425
109	144	5.1952
110	144	6.5062
111	144	6.3706
112	144	1.5739
113	144	2.2268
114	144	2.6084
115	144	1.2971
116	144	0.84625
117	144	0.80269
118	144	0.51948
119	144	1.77
120	144	0.52273
121	144	2.6771
122	144	2.546
123	144	1.4047
124	144	1.3504
125	144	3.0357
126	144	2.7817
128	144	2.9867
130	144	1.6332
131	144	0.60988
132	144	3.8984
133	144	3.5109
134	144	0.43113
135	144	3.9122
136	144	-1.7994
137	144	-1.4065
138	144	-2.0882
139	144	-1.6643
140	144	-2.098
141	144	-1.9027
142	144	-1.9561
143	144	-2.4229
5	145	11.7852
7	145	11.7912
8	145	12.5825
15	145	11.2906
25	145	10.4034
35	145	9.7927
37	145	9.7509
39	145	9.212
47	145	8.594
53	145	7.9953
68	145	7.2342
72	145	6.9268
92	145	5.555
103	145	4.7597
107	145	5.1509
108	145	4.871
127	145	0.96754
129	145	0.83876
131	145	1.7034
144	145	-2.0392
4	146	9.6994
6	146	9.7738
8	146	11.2047
9	146	11.8397
15	146	10.0398
19	146	9.5657
20	146	9.5848
21	146	9.5547
26	146	8.331
35	146	8.6
37	146	8.486
38	146	8.6181
40	146	7.602
47	146	7.6297
52	146	7.474
54	146	6.6254
55	146	6.614
68	146	6.2521
71	146	6.3687
73	146	5.7998
74	146	5.7244
92	146	4.7247
104	146	4.7194
105	146	4.8153
107	146	4.1881
127	146	0.52715
129	146	0.40945
130	146	1.2259
134	146	1.5443
144	146	-1.6732
145	146	-1.8978
4	147	9.6272
6	147	9.7016
8	147	11.2333
9	147	11.824
15	147	10.0696
19	147	9.5523
20	147	9.5709
21	147	9.5404
26	147	8.2593
35	147	8.6323
37	147	8.5185
38	147	8.607
40	147	7.5304
47	147	7.6641
52	147	7.4658
54	147	6.5538
55	147	6.5423
68	147	6.2918
71	147	6.3633
73	147	5.7286
74	147	5.6533
92	147	4.7728
104	147	4.7232
105	147	4.8169
107	147	4.2466
127	147	0.62276
129	147	0.50768
130	147	1.326
134	147	1.5363
144	147	-1.643
145	147	-2.2018
8	148	11.4632
15	148	9.8187
35	148	8.065
37	148	7.8802
47	148	6.8735
68	148	5.1065
79	148	7.8406
80	148	7.83
81	148	7.7191
92	148	3.2986
107	148	2.872
111	148	5.0825
121	148	2.9004
122	148	2.8253
125	148	2.913
126	148	2.833
127	148	-0.25285
128	148	2.8986
129	148	-0.23708
144	148	-2.3858
8	149	10.7482
15	149	9.6037
35	149	8.4431
37	149	8.3589
47	149	7.6312
68	149	6.1373
79	149	6.8728
80	149	6.9465
81	149	7.0495
92	149	4.7631
107	149	4.3862
111	149	5.4192
121	149	5.1032
122	149	5.267
125	149	4.4029
126	149	4.7023
127	149	1.859
128	149	4.5151
129	149	1.739
144	149	-2.1094
5	150	9.6816
7	150	9.6778
8	150	9.6076
15	150	8.5695
25	150	7.8494
35	150	7.3164
37	150	7.2255
39	150	7.0384
47	150	6.5
53	150	6.1811
68	150	5.2989
72	150	5.0314
92	150	3.9253
103	150	4.67
107	150	3.4237
108	150	4.577
127	150	0.2342
129	150	0.12468
131	150	1.189
144	150	-1.5878
146	150	-2.1726
147	150	-2.2157
8	151	11.4699
15	151	9.8253
35	151	8.0706
37	151	7.8861
47	151	6.8791
68	151	5.1124
79	151	7.7116
80	151	7.7004
81	151	7.5889
92	151	3.3051
107	151	2.878
111	151	4.9523
121	151	2.7834
122	151	2.7088
125	151	2.7997
126	151	2.7212
127	151	-0.22088
128	151	2.7905
129	151	-0.2002
144	151	-2.3961
8	152	10.9985
15	152	9.7217
24	152	9.9358
27	152	10.2582
35	152	8.5451
37	152	8.4622
47	152	7.6915
51	152	8.2693
59	152	7.4981
61	152	7.5955
63	152	7.5056
68	152	5.9689
70	152	5.9446
75	152	6.5457
76	152	6.6347
77	152	6.9193
87	152	6.6898
92	152	4.4532
101	152	4.9789
102	152	5.136
107	152	4.2735
109	152	3.6299
110	152	5.1925
114	152	2.404
127	152	1.2133
129	152	1.1381
132	152	3.0202
133	152	3.3379
135	152	2.8093
144	152	-2.2145
148	152	-1.9845
149	152	-2.5726
151	152	-2.168
5	153	9.6495
7	153	9.6457
8	153	9.5663
15	153	8.5286
25	153	7.8191
35	153	7.2761
37	153	7.1854
39	153	7.0102
47	153	6.4606
53	153	6.1544
68	153	5.2621
72	153	5.0086
92	153	3.8919
103	153	4.6505
107	153	3.3981
108	153	4.5587
127	153	0.21729
129	153	0.10858
131	153	1.2491
144	153	-1.4815
146	153	-2.1165
147	153	-2.1985
8	154	10.9178
15	154	9.6407
24	154	9.7415
27	154	10.078
35	154	8.4629
37	154	8.3804
47	154	7.6093
51	154	8.2236
59	154	7.3041
61	154	7.4027
63	154	7.3117
68	154	5.8873
70	154	5.7491
75	154	6.5054
76	154	6.5928
77	154	6.8771
87	154	6.4956
92	154	4.373
101	154	4.9474
102	154	4.9446
107	154	4.1973
109	154	3.4274
110	154	5.1508
114	154	2.2204
127	154	1.1788
129	154	1.1103
132	154	3.0559
133	154	3.3656
135	154	2.8556
144	154	-2.2848
148	154	-2.4418
149	154	-2.6007
151	154	-2.6242
offset
60
