127
detection	body_part	cost
1	9	-2.2296
2	10	-0.39726
3	10	-1.5217
4	12	0.33873
5	12	-1.1253
6	11	0.27417
7	12	-0.79868
8	10	0.48231
9	10	1.1943
10	13	0.61281
11	13	0.029194
12	13	0.21665
13	14	0.62337
14	14	0.047685
15	14	0.12803
16	12	0.7076
17	13	1.0627
18	14	0.62277
19	4	-1.6105
20	4	-2.001
21	4	-1.0803
22	4	-1.2967
23	5	0.13852
24	3	-0.10033
25	3	1.2373
26	4	-0.14003
27	3	-1.3062
28	3	-0.92429
29	5	-2.7817
30	5	-2.9246
31	3	-0.70856
32	3	0.59615
33	3	-0.13787
34	13	0.66581
35	5	0.83567
36	3	0.26826
37	1	-1.2168
38	13	0.87403
39	8	1.3441
40	11	9.2102
41	6	0.60664
42	1	-0.65908
43	6	0.50615
44	6	0.38399
45	11	9.2102
46	6	0.049515
47	6	0.02633
48	1	-1.7679
49	1	-3.3868
50	6	0.16684
51	7	1.3086
52	1	0.29248
53	1	-1.0402
54	6	0.72326
55	6	-0.55876
56	6	-0.69685
57	7	1.1257
58	7	0.7387
59	7	0.73479
60	6	-0.41104
61	7	0.88108
62	6	0.59909
63	2	1.0263
64	10	0.62454
65	10	0.93826
66	11	0.98574
67	2	-2.2209
68	3	0.87914
69	2	-0.44766
70	9	0.75429
71	10	-0.032436
72	14	0.74358
73	11	0.97247
74	4	-0.045366
75	2	-3.4021
76	9	0.28396
77	14	0.33337
78	2	-0.23751
79	3	0.085955
80	1	-1.7146
81	4	-0.24819
82	2	-1.4448
83	2	-2.542
84	5	-0.53276
85	8	-1.1992
86	2	0.068161
87	10	-0.73025
88	13	-0.95922
89	13	1.1291
90	14	0.0096401
91	11	0.33565
92	14	0.1587
93	3	-1.1318
94	6	-1.9525
95	1	-3.7972
96	9	-0.60066
97	12	-0.94458
98	8	-4.1171
99	9	-0.18875
100	12	-0.81602
101	8	-2.8668
102	12	-0.05702
103	10	0.81569
104	10	-0.1458
105	13	-0.29956
106	10	-0.36973
107	13	-1.0044
108	14	-0.16794
109	14	-0.072093
110	14	0.68916
111	14	0.70088
112	4	-0.87343
113	7	-3.3478
114	4	-0.39452
115	7	-1.0578
116	9	-0.5983
117	12	-0.99116
118	8	-3.5084
119	9	-0.13412
120	12	-0.72373
121	8	-2.2568
122	11	0.93293
123	4	0.33338
124	7	-4.128
125	9	0.36388
126	12	-0.11165
127	7	-0.31442
detection1	detection2	cost
2	3	-5.6071
4	5	-3.2674
4	7	0.96511
5	7	-3.2674
2	8	0.96511
3	8	-0.67521
2	9	1.9643
3	9	0.53071
8	9	-5.6071
10	11	-5.6071
10	12	-3.7143
11	12	-5.6071
13	14	-3.7143
13	15	-1.8214
14	15	-5.6071
4	16	3.2076
5	16	-0.67521
7	16	-3.7143
10	17	-4.8231
11	17	-3.2674
12	17	-1.5143
13	18	-4.8231
14	18	-4.8231
15	18	-3.2674
19	20	-5.6071
19	21	-3.7143
20	21	-5.6071
19	22	-5.6071
20	22	-4.8231
21	22	-3.2674
24	25	-5.6071
19	26	-3.7143
20	26	-3.2674
21	26	-2.1462
22	26	-5.6071
24	27	-3.2674
25	27	-1.5143
24	28	-4.8231
25	28	-3.2674
27	28	-5.6071
23	29	-3.7143
23	30	-3.2674
29	30	-5.6071
24	31	-3.2674
25	31	-2.1462
27	31	-4.8231
28	31	-5.6071
24	32	1.9643
25	32	3.5372
27	32	-2.1462
28	32	-0.67521
31	32	-1.5143
24	33	-1.5143
25	33	-0.67521
27	33	-3.2674
28	33	-3.7143
31	33	-5.6071
32	33	-1.8214
10	34	7.7607
11	34	7.6429
12	34	7.7607
17	34	6.2802
23	35	0.071429
29	35	-3.7143
30	35	-3.2674
24	36	0.96511
25	36	1.9643
27	36	-1.8214
28	36	-1.5143
31	36	-3.2674
32	36	-3.2674
33	36	-4.8231
10	38	9.6406
11	38	9.5357
12	38	9.6406
17	38	8.1089
34	38	-5.6071
6	40	15.3715
37	42	-3.2674
41	43	1.9643
41	44	3.8571
43	44	-5.6071
6	45	25.9881
40	45	7.7607
41	46	-5.6071
43	46	2.1517
44	46	4.0138
41	47	-4.8231
43	47	0.30445
44	47	2.1517
46	47	-5.6071
37	48	-3.2674
42	48	-1.5143
37	49	-3.7143
42	49	-3.2674
48	49	-5.6071
41	50	4.0138
43	50	-4.8231
44	50	-5.6071
46	50	3.8571
47	50	1.9643
37	52	-1.5143
42	52	-0.67521
48	52	-5.6071
49	52	-4.8231
37	53	-1.5143
42	53	-3.2674
48	53	-3.2674
49	53	-4.8231
52	53	-3.7143
41	54	0.96511
43	54	-3.2674
44	54	-2.1462
46	54	0.30445
47	54	-1.5143
50	54	-3.2674
41	55	4.4715
43	55	-3.2674
44	55	-3.7143
46	55	4.0138
47	55	2.1517
50	55	-5.6071
54	55	-3.7143
41	56	6.2802
43	56	-2.1462
44	56	-3.2674
46	56	5.8845
47	56	4.0138
50	56	-4.8231
54	56	-1.8214
55	56	-5.6071
51	57	-5.6071
51	58	-4.8231
57	58	-5.6071
51	59	-3.2674
57	59	-3.7143
58	59	-5.6071
41	60	6.9156
43	60	-0.67521
44	60	-1.5143
46	60	6.2802
47	60	4.4715
50	60	-3.2674
54	60	-1.5143
55	60	-4.8231
56	60	-5.6071
51	61	-3.2674
57	61	-4.8231
58	61	-5.6071
59	61	-4.8231
41	62	7.7607
43	62	0.96511
44	62	0.30445
46	62	6.9156
47	62	5.1977
50	62	-1.5143
54	62	-0.67521
55	62	-3.2674
56	62	-3.7143
60	62	-5.6071
2	64	32.295
3	64	30.4044
8	64	25.1758
9	64	25.5573
2	65	32.25
3	65	30.3571
8	65	24.9005
9	65	25.1758
64	65	-5.6071
6	66	28.4144
40	66	5.8845
45	66	9.9513
63	67	-3.2674
24	68	17.8953
25	68	18.7964
27	68	14.6553
28	68	15.3715
31	68	13.6628
32	68	9.9513
33	68	11.9882
36	68	9.4302
63	69	11.8034
67	69	9.5357
1	70	39.3267
2	71	34.1859
3	71	32.295
8	71	27.0414
9	71	27.4026
64	71	-5.6071
65	71	-4.8231
13	72	24.9005
14	72	25.5573
15	72	26.0415
18	72	23.3135
6	73	29.2526
40	73	7.7607
45	73	14.0819
66	73	-3.2674
19	74	25.6115
20	74	26.624
21	74	27.7092
22	74	24.0034
26	74	22.4287
63	75	8.6726
67	75	5.8845
69	75	-3.2674
1	76	40.7586
70	76	-4.8231
13	77	26.7811
14	77	27.4026
15	77	27.8615
18	77	25.1758
72	77	-5.6071
63	78	0.071429
67	78	-3.2674
69	78	11.8034
75	78	7.7607
24	79	21.3311
25	79	22.1279
27	79	18.2456
28	79	18.8644
31	79	17.1071
32	79	13.6628
33	79	15.3715
36	79	12.8867
68	79	-3.7143
37	80	12.8867
42	80	12.9744
48	80	8.6726
49	80	9.4302
52	80	6.9156
53	80	8.783
19	81	28.2144
20	81	29.2526
21	81	30.3571
22	81	26.624
26	81	25.0659
74	81	-4.8231
63	82	7.7607
67	82	4.4715
69	82	-0.67521
75	82	-4.8231
78	82	5.75
63	83	11.1425
67	83	8.1089
69	83	-3.2674
75	83	-4.8231
78	83	9.5357
82	83	-3.7143
23	84	28.8606
29	84	25.9881
30	84	27.2998
35	84	23.3135
39	85	22.0674
63	86	14.6553
67	86	11.8034
69	86	-3.2674
75	86	-1.5143
78	86	13.3214
82	86	0.071429
83	86	-3.7143
2	87	37.9286
3	87	36.0357
8	87	30.546
9	87	30.7807
64	87	-1.5143
65	87	-1.8214
71	87	-3.2674
10	88	28.663
11	88	28.5141
12	88	28.4643
17	88	27.0414
34	88	13.4073
38	88	11.523
10	89	29.2526
11	89	28.9098
12	89	28.663
17	89	27.8615
34	89	14.0819
38	89	12.262
88	89	-3.7143
13	90	28.663
14	90	29.2526
15	90	29.6887
18	90	27.0414
72	90	-3.7143
77	90	-5.6071
6	91	33.3612
40	91	11.4286
45	91	15.293
66	91	-1.5143
73	91	-3.2674
13	92	28.5141
14	92	28.9098
15	92	29.2526
18	92	26.7811
72	92	-3.2674
77	92	-4.8231
90	92	-5.6071
24	93	23.8324
25	93	24.6786
27	93	20.6393
28	93	21.3311
31	93	19.6016
32	93	15.9133
33	93	17.8953
36	93	15.3715
68	93	-1.5143
79	93	-4.8231
41	94	12.262
43	94	16.7404
44	94	17.9658
46	94	10.4572
47	94	11.1425
50	94	16.5921
54	94	12.6213
55	94	15.293
56	94	16.7404
60	94	15.6053
62	94	14.5743
37	95	15.3715
42	95	15.6053
48	95	11.1425
49	95	11.9882
52	95	9.4302
53	95	11.4286
80	95	-4.8231
1	96	44.4761
70	96	-1.5143
76	96	-3.7143
4	97	38.0074
5	97	35.2048
7	97	32.6536
16	97	28.9098
39	98	21.9459
85	98	-4.8231
1	99	44.8538
70	99	-1.8214
76	99	-3.2674
96	99	-5.6071
4	100	38.5941
5	100	35.6638
7	100	32.9647
16	100	29.2526
97	100	-5.6071
39	101	20.6393
85	101	-3.2674
98	101	-5.6071
4	102	39.2501
5	102	36.2
7	102	33.3612
16	102	29.6887
97	102	-3.7143
100	102	-5.6071
2	103	40.1609
3	103	38.2821
8	103	33.3612
9	103	33.8406
64	103	0.96511
65	103	1.9643
71	103	-0.67521
87	103	-1.5143
2	104	39.9726
3	104	38.086
8	104	32.9647
9	104	33.3612
64	104	0.30445
65	104	0.96511
71	104	-1.5143
87	104	-3.2674
103	104	-5.6071
10	105	30.3571
11	105	30.4044
12	105	30.546
17	105	28.5141
34	105	15.293
38	105	13.4073
88	105	-3.2674
89	105	0.30445
2	106	39.8214
3	106	37.9286
8	106	32.4299
9	106	32.6536
64	106	0.30445
65	106	0.071429
71	106	-1.5143
87	106	-5.6071
103	106	-1.8214
104	106	-3.7143
10	107	30.546
11	107	30.4044
12	107	30.3571
17	107	28.9098
34	107	15.293
38	107	13.4073
88	107	-5.6071
89	107	-3.2674
105	107	-3.7143
13	108	30.546
14	108	31.1069
15	108	31.5222
18	108	28.9098
72	108	-1.8214
77	108	-3.7143
90	108	-5.6071
92	108	-4.8231
13	109	30.4044
14	109	30.7807
15	109	31.1069
18	109	28.663
72	109	-1.5143
77	109	-3.2674
90	109	-4.8231
92	109	-5.6071
108	109	-5.6071
13	110	30.4044
14	110	30.4044
15	110	30.546
18	110	28.4643
72	110	0.53071
77	110	-0.67521
90	110	-1.5143
92	110	-3.2674
108	110	-1.8214
109	110	-3.7143
13	111	30.7807
14	111	30.4044
15	111	30.3571
18	111	28.663
72	111	3.5372
77	111	2.6933
90	111	2.1517
92	111	0.30445
108	111	1.9643
109	111	0.071429
110	111	-3.7143
19	112	30.593
20	112	31.4763
21	112	32.4299
22	112	28.9098
26	112	27.2482
74	112	-1.8214
81	112	-3.2674
51	113	17.9658
57	113	16.5921
58	113	17.9658
59	113	19.4026
61	113	16.7404
19	114	29.785
20	114	30.593
21	114	31.4763
22	114	28.0636
26	114	26.3605
74	114	-1.5143
81	114	-2.1462
112	114	-5.6071
51	115	16.7404
57	115	15.293
58	115	16.5921
59	115	17.9658
61	115	15.293
113	115	-5.6071
1	116	46.3384
70	116	0.30445
76	116	-1.8214
96	116	-5.6071
99	116	-4.8231
4	117	39.8214
5	117	37.0526
7	117	34.5282
16	117	30.7807
97	117	-5.6071
100	117	-4.8231
102	117	-3.2674
39	118	23.3135
85	118	-3.2674
98	118	-5.6071
101	118	-4.8231
1	119	46.7032
70	119	0.071429
76	119	-1.5143
96	119	-4.8231
99	119	-5.6071
116	119	-5.6071
4	120	40.3859
5	120	37.4927
7	120	34.8256
16	120	31.1069
97	120	-4.8231
100	120	-5.6071
102	120	-4.8231
117	120	-5.6071
39	121	22.0674
85	121	-2.1462
98	121	-4.8231
101	121	-5.6071
118	121	-5.6071
6	122	36.2
40	122	15.9133
45	122	21.9459
66	122	4.6202
73	122	0.96511
91	122	-0.67521
19	123	33.1414
20	123	34.0567
21	123	35.0367
22	123	31.4763
26	123	29.833
74	123	0.30445
81	123	-1.8214
112	123	-4.8231
114	123	-3.2674
51	124	20.6393
57	124	19.269
58	124	20.6393
59	124	22.0674
61	124	19.4026
113	124	-4.8231
115	124	-3.2674
1	125	48.5554
70	125	1.9643
76	125	0.30445
96	125	-3.2674
99	125	-3.7143
116	125	-4.8231
119	125	-5.6071
4	126	42.1852
5	126	39.3267
7	126	36.6892
16	126	32.9647
97	126	-3.2674
100	126	-3.7143
102	126	-3.2674
117	126	-4.8231
120	126	-5.6071
51	127	19.7992
57	127	18.2456
58	127	19.4026
59	127	20.6393
61	127	17.9658
113	127	-3.2674
115	127	-3.7143
124	127	-3.2674
1	2	-1.834
1	3	-2.0621
2	6	-0.56745
3	6	-0.95039
1	8	-1.7202
6	8	-2.2074
1	9	-1.6418
6	9	-2.1726
4	10	-2.146
5	10	-1.8353
7	10	-1.2982
4	11	-2.0719
5	11	-1.8078
7	11	-1.2876
4	12	-1.9483
5	12	-1.7493
7	12	-1.2968
10	13	-2.1977
11	13	-2.1025
12	13	-2.0034
10	14	-2.2818
11	14	-2.1955
12	14	-2.1249
10	15	-2.2545
11	15	-2.2517
12	15	-2.1966
10	16	-0.64834
11	16	-0.72776
12	16	-0.79996
4	17	-2.0976
5	17	-2.2781
7	17	-1.7962
13	17	-2.0741
14	17	-2.0804
15	17	-2.0879
16	17	-1.0329
10	18	-1.7633
11	18	-1.6413
12	18	-1.5018
17	18	-2.1698
19	23	-1.9904
20	23	-1.7058
21	23	-1.5692
22	23	-1.6526
19	24	-2.0848
20	24	-1.9739
21	24	-1.876
22	24	-1.7246
19	25	-2.1595
20	25	-2.1746
21	25	-1.9994
22	25	-1.8006
23	26	-1.2865
24	26	-1.4236
25	26	-1.3912
19	27	-2.1585
20	27	-2.0161
21	27	-1.8699
22	27	-1.9558
26	27	-1.8133
19	28	-2.2369
20	28	-2.0932
21	28	-1.98
22	28	-1.9711
26	28	-1.7675
19	29	-2.4052
20	29	-2.1746
21	29	-1.9858
22	29	-2.0365
26	29	-1.6953
19	30	-2.3732
20	30	-2.065
21	30	-1.9108
22	30	-2.1876
26	30	-1.8919
19	31	-2.056
20	31	-2.0489
21	31	-2.0632
22	31	-1.8453
26	31	-1.6223
19	32	-1.9385
20	32	-1.8776
21	32	-1.7656
22	32	-1.7433
26	32	-1.449
19	33	-1.7452
20	33	-1.7353
21	33	-1.7073
22	33	-1.532
26	33	-1.2876
4	34	-0.38188
5	34	-0.53601
7	34	-0.62417
13	34	0.48027
14	34	0.16054
15	34	0.071604
16	34	-0.86949
18	34	0.058183
19	35	-2.0363
20	35	-1.9458
21	35	-1.6041
22	35	-2.1329
26	35	-1.8194
19	36	-1.5446
20	36	-1.5081
21	36	-1.4382
22	36	-1.355
26	36	-1.0955
1	37	-1.539
2	37	-1.5149
3	37	-1.5367
4	37	-1.0923
5	37	-1.3357
6	37	-0.95375
7	37	-1.7462
8	37	-1.5227
9	37	-1.4695
10	37	-1.4489
11	37	-1.3997
12	37	-1.6906
13	37	-1.6071
14	37	-1.3103
15	37	-1.1665
16	37	-1.6379
17	37	-1.3569
18	37	-1.3617
19	37	-1.1083
20	37	-0.97598
21	37	-0.84321
22	37	-1.0316
23	37	-1.3911
24	37	-1.2272
25	37	-0.98463
26	37	-0.91882
27	37	-2.0952
28	37	-1.5332
29	37	-1.4284
30	37	-1.3685
31	37	-1.1638
32	37	-0.60669
33	37	-0.27288
34	37	-0.36651
35	37	-1.056
36	37	-1.7894
4	38	-0.25893
5	38	-0.39834
7	38	-0.47203
13	38	0.52356
14	38	0.19947
15	38	0.10527
16	38	-0.67599
18	38	0.12029
37	38	-0.056708
37	39	-1.4302
2	40	2.6567
3	40	2.509
8	40	2.4528
9	40	2.7428
37	40	0.72194
37	41	-0.72157
1	42	-1.0022
2	42	-0.90208
3	42	-0.90602
4	42	-0.54761
5	42	-0.67007
6	42	-0.62378
7	42	-0.89971
8	42	-0.94222
9	42	-0.9011
10	42	-0.54736
11	42	-0.55739
12	42	-0.87333
13	42	-1.0656
14	42	-0.88669
15	42	-0.77261
16	42	-0.76674
17	42	-0.36959
18	42	-1.0183
19	42	-2.0103
20	42	-1.776
21	42	-1.5779
22	42	-1.9561
23	42	-1.5848
24	42	-1.2846
25	42	-1.1555
26	42	-1.7908
27	42	-1.38
28	42	-1.2571
29	42	-2.0028
30	42	-1.9662
31	42	-1.1662
32	42	-0.84541
33	42	-1.0832
34	42	-1.093
35	42	-1.6007
36	42	-0.29034
38	42	-0.63779
39	42	-1.5436
40	42	0.33041
41	42	-0.56682
37	43	-0.84252
42	43	-0.74319
37	44	-0.64648
42	44	-0.53348
2	45	4.08
3	45	4.0387
8	45	4.3898
9	45	4.6565
37	45	1.7772
42	45	1.2435
37	46	-1.424
42	46	-0.35949
37	47	-1.6816
42	47	-0.0070661
1	48	-1.6683
2	48	-1.2899
3	48	-1.2985
4	48	-1.4092
5	48	-1.667
6	48	-0.80197
7	48	-1.9829
8	48	-1.3817
9	48	-1.3146
10	48	-1.1933
11	48	-1.1176
12	48	-1.3466
13	48	-1.3192
14	48	-0.95092
15	48	-0.81298
16	48	-2.0185
17	48	-1.1073
18	48	-1.0158
19	48	-1.4214
20	48	-1.3314
21	48	-1.1879
22	48	-1.4272
23	48	-1.6995
24	48	-1.6636
25	48	-1.5292
26	48	-1.3982
27	48	-2.1226
28	48	-1.8426
29	48	-1.8081
30	48	-1.7532
31	48	-1.6093
32	48	-1.5935
33	48	-1.1644
34	48	-1.2393
35	48	-1.53
36	48	-1.0014
38	48	-1.0211
39	48	-1.8854
40	48	0.054421
41	48	2.1933
43	48	-0.88793
44	48	-1.1172
45	48	0.60512
46	48	0.88407
47	48	2.7878
1	49	-1.4525
2	49	-1.1481
3	49	-1.1548
4	49	-1.151
5	49	-1.3443
6	49	-0.66752
7	49	-1.6208
8	49	-1.1771
9	49	-1.1144
10	49	-0.95172
11	49	-0.89414
12	49	-1.1446
13	49	-1.2236
14	49	-0.86254
15	49	-0.72625
16	49	-1.6637
17	49	-0.84325
18	49	-0.9504
19	49	-1.6369
20	49	-1.5028
21	49	-1.337
22	49	-1.6478
23	49	-1.8618
24	49	-1.9461
25	49	-1.7604
26	49	-1.6243
27	49	-2.5035
28	49	-2.2896
29	49	-1.9311
30	49	-1.8378
31	49	-2.1115
32	49	-1.8203
33	49	-1.7594
34	49	-1.4485
35	49	-1.607
36	49	-2.0845
38	49	-1.1238
39	49	-1.8814
40	49	0.04017
41	49	0.94307
43	49	-0.40865
44	49	-0.7347
45	49	0.58355
46	49	0.51219
47	49	0.95796
37	50	-1.0006
42	50	-0.70133
48	50	-1.1242
49	50	-0.88445
37	51	-1.3046
39	51	-0.917
41	51	-0.87297
42	51	-1.6545
43	51	-1.6409
44	51	-1.3966
46	51	-1.3955
47	51	-1.5209
48	51	-2.095
49	51	-2.2058
50	51	-2.0425
1	52	-1.5442
2	52	-1.0944
3	52	-1.0968
4	52	-1.1813
5	52	-1.5064
6	52	-0.7065
7	52	-1.7604
8	52	-1.2179
9	52	-1.1387
10	52	-1.0433
11	52	-0.97721
12	52	-1.208
13	52	-1.0894
14	52	-0.7586
15	52	-0.62911
16	52	-1.9107
17	52	-0.92417
18	52	-0.79575
19	52	-1.7234
20	52	-1.6335
21	52	-1.4697
22	52	-1.7613
23	52	-1.9339
24	52	-1.7469
25	52	-1.6381
26	52	-1.7593
27	52	-2.1711
28	52	-1.9536
29	52	-1.9413
30	52	-1.9653
31	52	-1.8161
32	52	-1.5647
33	52	-1.4812
34	52	-1.1056
35	52	-1.7424
36	52	-1.3541
38	52	-1.0784
39	52	-1.7614
40	52	-0.31206
41	52	1.7858
43	52	-0.75289
44	52	-1.0525
45	52	0.004091
46	52	2.3139
47	52	2.2959
50	52	-1.0443
51	52	-1.7823
1	53	-1.1306
2	53	-0.85541
3	53	-0.84917
4	53	-0.79067
5	53	-0.91885
6	53	-0.48363
7	53	-1.1193
8	53	-0.79936
9	53	-0.74145
10	53	-0.57586
11	53	-0.54372
12	53	-0.80573
13	53	-0.89894
14	53	-0.62277
15	53	-0.49569
16	53	-1.1162
17	53	-0.41631
18	53	-0.68255
19	53	-2.2045
20	53	-2.126
21	53	-1.9664
22	53	-1.9118
23	53	-2.1597
24	53	-1.8442
25	53	-1.6119
26	53	-1.643
27	53	-2.0903
28	53	-1.9401
29	53	-1.9129
30	53	-1.9988
31	53	-1.9147
32	53	-1.696
33	53	-1.9454
34	53	-0.81672
35	53	-1.7416
36	53	-1.821
38	53	-0.80411
39	53	-1.7038
40	53	-0.39128
41	53	1.4983
43	53	-0.44341
44	53	-0.99975
45	53	-0.2038
46	53	2.1066
47	53	2.4148
50	53	-1.1981
51	53	-1.7631
37	54	-2.0348
42	54	-1.2222
48	54	-0.87499
49	54	-0.94568
51	54	-2.2796
52	54	-0.60555
53	54	-1.0299
37	55	-1.2563
42	55	-0.88128
48	55	-1.1942
49	55	-1.0937
51	55	-1.9647
52	55	-1.1345
53	55	-1.5956
37	56	-1.0463
42	56	-0.77595
48	56	-1.2293
49	56	-1.0933
51	56	-1.5177
52	56	-1.2393
53	56	-1.7261
37	57	-0.97479
39	57	-0.4083
41	57	-0.52092
42	57	-1.1672
43	57	-0.94586
44	57	-0.6067
46	57	-1.023
47	57	-1.1021
48	57	-1.8787
49	57	-1.9233
50	57	-1.1008
52	57	-1.7604
53	57	-1.7841
54	57	-1.7396
55	57	-1.9362
56	57	-1.9045
37	58	-1.2428
39	58	-0.038377
41	58	-0.56403
42	58	-1.4851
43	58	-1.236
44	58	-0.98883
46	58	-1.0237
47	58	-1.1135
48	58	-1.8431
49	58	-1.9774
50	58	-1.3608
52	58	-1.5651
53	58	-1.6236
54	58	-1.7355
55	58	-1.9806
56	58	-1.9525
37	59	-1.2132
39	59	0.56682
41	59	-0.53851
42	59	-1.5029
43	59	-1.4061
44	59	-1.2341
46	59	-0.9662
47	59	-1.062
48	59	-1.8533
49	59	-1.9265
50	59	-1.5103
52	59	-1.594
53	59	-1.6983
54	59	-1.7513
55	59	-2.0544
56	59	-2.0386
37	60	-1.4668
42	60	-1.1522
48	60	-1.0556
49	60	-0.98425
51	60	-0.74537
52	60	-1.1112
53	60	-1.3891
57	60	-1.7706
58	60	-2.153
59	60	-2.3418
37	61	-0.83245
39	61	0.52466
41	61	-0.20581
42	61	-0.95942
43	61	-0.6681
44	61	-0.3913
46	61	-0.64998
47	61	-0.70548
48	61	-1.6072
49	61	-1.6147
50	61	-0.6789
52	61	-1.6666
53	61	-1.7937
54	61	-1.2503
55	61	-1.275
56	61	-1.0743
60	61	-1.6748
37	62	-1.613
42	62	-1.3167
48	62	-1.0537
49	62	-1.0269
51	62	-0.25968
52	62	-1.1569
53	62	-1.2287
57	62	-0.96345
58	62	-1.4968
59	62	-1.9342
61	62	-2.0816
37	63	1.973
42	63	1.3371
48	63	2.2993
49	63	2.1457
52	63	2.2048
53	63	1.6297
1	64	3.4764
6	64	2.1745
37	64	4.1665
40	64	0.98238
42	64	4.3903
45	64	3.7109
48	64	3.4056
49	64	3.6186
52	64	3.0678
53	64	3.5505
1	65	3.2952
6	65	2.2346
37	65	3.8476
40	65	1.1838
42	65	4.0306
45	65	4.0598
48	65	3.1024
49	65	3.3016
52	65	2.7714
53	65	3.2215
2	66	3.8375
3	66	3.7235
8	66	3.646
9	66	3.8394
37	66	2.8957
42	66	2.8448
48	66	2.243
49	66	2.3681
52	66	1.92
53	66	2.1526
64	66	-1.8346
65	66	-1.7938
37	67	2.2771
42	67	1.5823
48	67	2.6297
49	67	2.4549
52	67	2.5145
53	67	1.8779
19	68	1.6608
20	68	1.596
21	68	1.5723
22	68	1.6894
26	68	1.7735
37	68	4.0627
42	68	3.3117
48	68	4.5402
49	68	4.0432
52	68	4.2475
53	68	3.5114
37	69	-1.7248
42	69	-2.0847
48	69	-1.5835
49	69	-1.675
52	69	-1.5183
53	69	-1.9406
2	70	4.5146
3	70	4.569
8	70	4.1182
9	70	3.9499
37	70	7.2674
42	70	8.2257
48	70	6.0218
49	70	6.5601
52	70	5.5203
53	70	6.7081
64	70	-1.8185
65	70	-1.8045
1	71	3.6429
6	71	2.1015
37	71	4.2662
40	71	1.0165
42	71	4.5284
45	71	3.4151
48	71	3.5344
49	71	3.7627
52	71	3.2163
53	71	3.7415
66	71	-2.0284
70	71	-1.5068
10	72	2.4378
11	72	2.5932
12	72	2.7457
17	72	2.2297
34	72	1.6081
37	72	2.3257
38	72	1.5668
42	72	2.2894
48	72	1.7975
49	72	1.8594
52	72	1.6159
53	72	1.7581
2	73	3.4927
3	73	3.3681
8	73	3.2373
9	73	3.42
37	73	2.4963
42	73	2.4631
48	73	1.8653
49	73	2.0005
52	73	1.5573
53	73	1.8094
64	73	-1.9648
65	73	-1.881
71	73	-2.2331
23	74	1.3137
24	74	4.7701
25	74	4.9846
27	74	4.4746
28	74	4.8447
29	74	1.4677
30	74	1.3012
31	74	5.0626
32	74	4.1138
33	74	5.2792
35	74	1.3232
36	74	4.9954
37	74	5.8804
42	74	6.9488
48	74	5.5301
49	74	6.151
52	74	5.4321
53	74	6.7301
68	74	-2.3201
37	75	-0.93692
42	75	-1.7466
48	75	-0.56643
49	75	-0.73048
52	75	-0.785
53	75	-1.4651
2	76	4.2373
3	76	4.2914
8	76	3.8662
9	76	3.7085
37	76	7.7865
42	76	8.7825
48	76	6.6241
49	76	7.216
52	76	6.1937
53	76	7.5165
64	76	-1.6056
65	76	-1.5874
71	76	-2.0818
10	77	2.5005
11	77	2.6484
12	77	2.7931
17	77	2.3039
34	77	1.7286
37	77	2.5223
38	77	1.7033
42	77	2.5169
48	77	2.0141
49	77	2.087
52	77	1.847
53	77	2.0151
37	78	1.7579
42	78	1.038
48	78	2.1255
49	78	1.9359
52	78	1.9968
53	78	1.3257
19	79	1.5643
20	79	1.5094
21	79	1.4916
22	79	1.6089
26	79	1.707
37	79	3.6683
42	79	3.2761
48	79	4.1772
49	79	3.8581
52	79	4.0111
53	79	3.6169
74	79	-0.71888
1	80	1.2595
2	80	0.963
3	80	0.99446
4	80	1.8156
5	80	1.3898
6	80	1.009
7	80	0.97436
8	80	0.93682
9	80	0.94322
10	80	0.81948
11	80	0.9633
12	80	0.81192
13	80	0.66605
14	80	0.8921
15	80	0.95868
16	80	0.89987
17	80	0.8698
18	80	0.83288
19	80	-0.27353
20	80	-0.25075
21	80	-0.21683
22	80	-0.14227
23	80	0.093392
24	80	0.14067
25	80	0.063481
26	80	-0.0080498
27	80	0.11342
28	80	0.048544
29	80	0.36755
30	80	0.30306
31	80	0.010183
32	80	0.4802
33	80	0.083317
34	80	0.58886
35	80	0.27596
36	80	0.31069
38	80	0.54525
39	80	0.79532
40	80	-0.47254
41	80	4.0734
43	80	3.0472
44	80	2.7996
45	80	-0.070034
46	80	4.4368
47	80	4.9823
50	80	2.9588
51	80	1.5042
54	80	3.7098
55	80	3.0177
56	80	2.8113
57	80	1.4012
58	80	1.4423
59	80	1.3152
60	80	2.9564
61	80	1.2199
62	80	2.9278
63	80	-0.54788
64	80	-0.9665
65	80	-1.1044
66	80	-1.2102
67	80	-2.1538
68	80	-1.6741
69	80	5.8115
70	80	-1.1738
71	80	-0.90135
72	80	-1.4294
73	80	-1.5087
74	80	-0.74622
75	80	6.0961
76	80	-0.91469
77	80	-1.2221
78	80	-0.98481
79	80	0.25814
23	81	1.5605
24	81	5.058
25	81	5.2506
27	81	4.8204
28	81	5.1678
29	81	1.7215
30	81	1.5577
31	81	5.3998
32	81	4.561
33	81	5.6319
35	81	1.5865
36	81	5.4056
37	81	5.9992
42	81	7.0135
48	81	5.761
49	81	6.3405
52	81	5.7215
53	81	6.8753
68	81	-0.78661
79	81	-1.7328
80	81	-0.65134
37	82	-0.31025
42	82	-1.1275
48	82	0.085311
49	82	-0.10369
52	82	-0.12166
53	82	-0.8449
80	82	6.1805
37	83	-1.04
42	83	-1.954
48	83	-0.68505
49	83	-0.88645
52	83	-0.99275
53	83	-1.774
80	83	6.0047
19	84	3.9314
20	84	3.8239
21	84	3.9244
22	84	4.0652
26	84	4.255
37	84	4.6168
42	84	5.0673
48	84	4.1882
49	84	4.5476
52	84	4.0301
53	84	4.8105
74	84	-0.5694
80	84	-1.8469
81	84	-1.6204
37	85	3.8461
42	85	4.2704
48	85	3.3406
49	85	3.6086
51	85	5.1387
52	85	3.2288
53	85	4.0538
57	85	5.2257
58	85	5.1155
59	85	4.8748
61	85	4.8749
80	85	-2.0914
37	86	-1.2495
42	86	-0.89088
48	86	-1.1851
49	86	-1.4283
52	86	-0.89433
53	86	-0.75953
80	86	6.2445
1	87	4.0183
6	87	2.63
37	87	4.0629
40	87	1.8023
42	87	4.3569
45	87	3.8873
48	87	3.3808
49	87	3.6257
52	87	3.0989
53	87	3.6657
66	87	-0.26956
70	87	-0.59128
73	87	-0.97454
76	87	-0.97968
80	87	-1.0015
4	88	2.6756
5	88	2.5882
7	88	2.5399
13	88	2.8508
14	88	2.6753
15	88	2.6372
16	88	2.5066
18	88	2.6587
37	88	3.4247
42	88	3.685
48	88	2.8207
49	88	3.02
52	88	2.6817
53	88	3.118
72	88	-0.10943
77	88	-0.77028
80	88	-1.1435
4	89	2.3631
5	89	2.2466
7	89	2.1669
13	89	3.0423
14	89	2.8504
15	89	2.8065
16	89	2.1327
18	89	2.8527
37	89	3.0711
42	89	3.2611
48	89	2.4955
49	89	2.665
52	89	2.3591
53	89	2.7256
72	89	0.77503
77	89	-0.067723
80	89	-1.1535
10	90	2.5493
11	90	2.6914
12	90	2.8302
17	90	2.3619
34	90	1.8256
37	90	2.5218
38	90	1.813
42	90	2.545
48	90	2.0216
49	90	2.1064
52	90	1.863
53	90	2.0587
80	90	-1.2497
88	90	-1.5735
89	90	-1.5015
2	91	3.7149
3	91	3.5986
8	91	3.4812
9	91	3.6546
37	91	2.8315
42	91	2.8588
48	91	2.2077
49	91	2.3664
52	91	1.9109
53	91	2.2182
64	91	-0.99834
65	91	-0.74148
71	91	-1.3273
80	91	-1.3207
87	91	-2.0236
10	92	2.4424
11	92	2.5801
12	92	2.7153
17	92	2.2574
34	92	1.661
37	92	2.4363
38	92	1.6416
42	92	2.4388
48	92	1.9557
49	92	2.0303
52	92	1.8022
53	92	1.9737
80	92	-1.1863
88	92	-1.6315
89	92	-1.5734
19	93	1.993
20	93	1.9451
21	93	1.9348
22	93	2.0415
26	93	2.1454
37	93	2.5993
42	93	2.3042
48	93	3.0856
49	93	2.8261
52	93	2.945
53	93	2.6559
74	93	0.090605
80	93	0.82618
81	93	-0.4613
37	94	-0.14168
42	94	0.020695
48	94	-0.0089319
49	94	-0.056295
51	94	1.7851
52	94	0.52814
53	94	1.5131
57	94	1.6482
58	94	1.6587
59	94	1.6357
61	94	1.4736
80	94	-1.2034
1	95	1.901
2	95	1.1787
3	95	1.2129
4	95	2.2865
5	95	1.8586
6	95	1.2737
7	95	1.4364
8	95	1.1793
9	95	1.1907
10	95	0.95672
11	95	1.1116
12	95	0.96996
13	95	0.91619
14	95	1.1453
15	95	1.2117
16	95	1.3652
17	95	0.99984
18	95	1.0898
19	95	0.36391
20	95	0.39503
21	95	0.43597
22	95	0.50055
23	95	0.50143
24	95	-0.30747
25	95	-0.40048
26	95	0.64067
27	95	-0.30104
28	95	-0.38316
29	95	0.78145
30	95	0.71744
31	95	-0.42375
32	95	0.15887
33	95	-0.35659
34	95	0.81037
35	95	0.69846
36	95	-0.11354
38	95	0.7811
39	95	1.037
40	95	-0.13147
41	95	1.9841
43	95	0.69549
44	95	0.49878
45	95	0.20029
46	95	2.2821
47	95	2.5235
50	95	0.69996
51	95	1.645
54	95	1.3943
55	95	0.80528
56	95	0.63721
57	95	1.5619
58	95	1.6068
59	95	1.4852
60	95	0.82732
61	95	1.4054
62	95	0.84762
63	95	-1.0247
64	95	-1.0096
65	95	-1.1901
66	95	-1.2352
67	95	-1.9015
68	95	-1.8418
69	95	5.388
70	95	-1.4081
71	95	-1.1461
72	95	-1.6095
73	95	-1.6139
74	95	-0.11046
75	95	5.7261
76	95	-1.5035
77	95	-1.5792
78	95	-0.18
79	95	-0.5854
81	95	-0.21835
82	95	5.9738
83	95	5.6884
84	95	-1.8519
85	95	-1.5471
86	95	5.9056
87	95	-1.526
88	95	-1.6208
89	95	-1.5515
90	95	-1.6994
91	95	-1.7013
92	95	-1.5952
93	95	0.81857
94	95	1.3501
2	96	4.2925
3	96	4.3498
8	96	3.9559
9	96	3.8049
37	96	7.3427
42	96	8.1313
48	96	6.2817
49	96	6.8562
52	96	5.9165
53	96	7.1677
64	96	-0.66086
65	96	-0.73948
71	96	-1.2123
80	96	-1.1034
87	96	-1.9419
95	96	-1.5534
10	97	3.6737
11	97	3.524
12	97	3.3745
17	97	3.7764
34	97	2.6532
37	97	7.0345
38	97	2.5856
42	97	7.9245
48	97	5.9923
49	97	6.5447
52	97	5.5788
53	97	6.781
80	97	-1.1741
88	97	-2.1477
89	97	-2.0468
95	97	-1.8605
37	98	3.3786
42	98	3.7487
48	98	2.8735
49	98	3.1135
51	98	4.0432
52	98	2.7612
53	98	3.5092
57	98	4.0598
58	98	4.2064
59	98	4.1944
61	98	4.178
80	98	-1.936
95	98	-1.672
2	99	4.2572
3	99	4.317
8	99	3.9288
9	99	3.7769
37	99	6.9544
42	99	7.8677
48	99	5.8805
49	99	6.4137
52	99	5.4908
53	99	6.6438
64	99	-0.48698
65	99	-0.62729
71	99	-1.0581
80	99	-1.2669
87	99	-1.9375
95	99	-1.4521
10	100	3.5831
11	100	3.427
12	100	3.2693
17	100	3.7001
34	100	2.6044
37	100	6.6074
38	100	2.5467
42	100	7.4859
48	100	5.5481
49	100	6.0639
52	100	5.1113
53	100	6.228
80	100	-1.3967
88	100	-1.8445
89	100	-1.7727
95	100	-1.633
37	101	3.0992
42	101	3.4294
48	101	2.5666
49	101	2.7878
51	101	3.6246
52	101	2.4326
53	101	3.134
57	101	3.6187
58	101	3.7772
59	101	3.7723
61	101	3.7271
80	101	-1.9512
95	101	-1.6437
10	102	3.4874
11	102	3.3248
12	102	3.1586
17	102	3.6193
34	102	2.5623
37	102	6.4087
38	102	2.5179
42	102	7.1905
48	102	5.3555
49	102	5.8295
52	102	4.9079
53	102	5.9251
80	102	-1.2356
88	102	-1.5267
89	102	-1.4119
95	102	-1.7771
1	103	4.1505
6	103	2.0007
37	103	4.6181
40	103	0.9576
42	103	5.0591
45	103	2.5404
48	103	3.9405
49	103	4.2456
52	103	3.6755
53	103	4.3959
66	103	-1.0712
70	103	0.53383
73	103	-1.2112
76	103	-0.21539
80	103	-0.95996
91	103	-1.3786
95	103	-1.6175
96	103	-1.6868
99	103	-1.5675
1	104	4.1472
6	104	2.0477
37	104	4.4529
40	104	1.0767
42	104	4.8405
45	104	2.7456
48	104	3.7819
49	104	4.0637
52	104	3.5142
53	104	4.1766
66	104	-0.90839
70	104	0.20432
73	104	-1.176
76	104	-0.3875
80	104	-0.90839
91	104	-1.3792
95	104	-1.5194
96	104	-1.5917
99	104	-1.4984
4	105	2.9773
5	105	2.9154
7	105	2.8924
13	105	2.0655
14	105	1.8923
15	105	1.8523
16	105	2.873
18	105	1.8636
37	105	3.9483
42	105	4.2895
48	105	3.3693
49	105	3.5982
52	105	3.2551
53	105	3.7698
72	105	-1.1507
77	105	-1.6873
80	105	-0.78528
90	105	-1.8896
92	105	-1.7853
95	105	-1.3141
97	105	-1.4961
100	105	-1.1518
102	105	-0.78225
1	106	3.902
6	106	2.5217
37	106	3.9643
40	106	1.7339
42	106	4.283
45	106	3.599
48	106	3.2948
49	106	3.5508
52	106	3.0239
53	106	3.6186
66	106	-0.025641
70	106	-0.44228
73	106	-0.68172
76	106	-0.84907
80	106	-1.1383
91	106	-1.4989
95	106	-1.7055
96	106	-1.8245
99	106	-1.7203
4	107	2.7329
5	107	2.6447
7	107	2.5939
13	107	2.6318
14	107	2.4538
15	107	2.4139
16	107	2.5689
18	107	2.4398
37	107	3.481
42	107	3.758
48	107	2.9042
49	107	3.1086
52	107	2.7827
53	107	3.234
72	107	-0.02354
77	107	-0.57913
80	107	-1.0246
90	107	-1.2963
92	107	-1.508
95	107	-1.5317
97	107	-1.6023
100	107	-1.2502
102	107	-0.8749
10	108	2.662
11	108	2.7983
12	108	2.9311
17	108	2.4833
34	108	1.975
37	108	2.5527
38	108	1.9718
42	108	2.596
48	108	2.0658
49	108	2.1579
52	108	1.9168
53	108	2.1302
80	108	-1.2035
88	108	-2.0847
89	108	-1.158
95	108	-1.6778
105	108	-1.5224
107	108	-2.1273
10	109	2.5488
11	109	2.6806
12	109	2.8098
17	109	2.3727
34	109	1.8101
37	109	2.3949
38	109	1.8009
42	109	2.4208
48	109	1.9198
49	109	2.0042
52	109	1.7729
53	109	1.9672
80	109	-1.2563
88	109	-2.3521
89	109	-1.742
95	109	-1.6623
105	109	-1.4588
107	109	-2.1917
10	110	2.3073
11	110	2.4302
12	110	2.5521
17	110	2.1378
34	110	1.4889
37	110	1.9334
38	110	1.4736
42	110	1.9327
48	110	1.4721
49	110	1.5457
52	110	1.3248
53	110	1.4924
80	110	-1.3387
88	110	-2.1362
89	110	-2.2844
95	110	-1.2632
105	110	-1.2937
107	110	-2.0673
10	111	2.0778
11	111	2.1939
12	111	2.3106
17	111	1.9136
34	111	1.2046
37	111	1.4132
38	111	1.1883
42	111	1.3963
48	111	0.96082
49	111	1.0289
52	111	0.81217
53	111	0.96537
80	111	-0.84902
88	111	-1.9005
89	111	-2.0977
95	111	-0.78778
105	111	-1.1822
107	111	-1.9461
23	112	1.7147
24	112	4.8847
25	112	5.0583
27	112	4.668
28	112	4.9854
29	112	1.8761
30	112	1.7067
31	112	5.1828
32	112	4.4316
33	112	5.3719
35	112	1.7464
36	112	5.1455
37	112	5.404
42	112	6.2714
48	112	5.117
49	112	5.6203
52	112	5.0135
53	112	6.001
68	112	-0.37628
79	112	-1.1663
80	112	-0.90557
84	112	-1.7269
93	112	-2.1233
95	112	-0.95534
37	113	3.7385
39	113	0.82532
41	113	3.4828
42	113	4.3058
43	113	4.1271
44	113	4.3395
46	113	3.2988
47	113	3.5041
48	113	3.5244
49	113	3.8015
50	113	4.4867
52	113	3.558
53	113	4.4132
54	113	4.2082
55	113	4.5794
56	113	4.7851
60	113	4.924
62	113	5.0829
80	113	-1.5993
85	113	-0.90674
94	113	-1.9642
95	113	-1.7908
98	113	-1.8285
101	113	-1.9519
23	114	1.4982
24	114	4.8099
25	114	4.9824
27	114	4.5864
28	114	4.8953
29	114	1.6592
30	114	1.4878
31	114	5.0738
32	114	4.3267
33	114	5.2404
35	114	1.5301
36	114	4.9997
37	114	5.1925
42	114	6.0217
48	114	4.8408
49	114	5.3403
52	114	4.6979
53	114	5.6761
68	114	-0.62817
79	114	-1.3384
80	114	-0.97922
84	114	-1.4242
93	114	-2.252
95	114	-1.0071
37	115	3.5594
39	115	0.49074
41	115	3.3364
42	115	4.1082
43	115	3.9887
44	115	4.2126
46	115	3.131
47	115	3.3353
48	115	3.2872
49	115	3.57
50	115	4.3538
52	115	3.2825
53	115	4.1415
54	115	4.036
55	115	4.4344
56	115	4.6574
60	115	4.791
62	115	4.9455
80	115	-1.9133
85	115	-1.0839
94	115	-1.7866
95	115	-1.5812
98	115	-2.2119
101	115	-2.4679
2	116	4.2457
3	116	4.3044
8	116	3.9292
9	116	3.7834
37	116	7.0595
42	116	7.7771
48	116	6.031
49	116	6.6006
52	116	5.6874
53	116	6.9151
64	116	-0.38329
65	116	-0.47067
71	116	-0.85548
80	116	-1.0028
87	116	-2.3101
95	116	-1.0318
103	116	-2.0198
104	116	-2.2563
106	116	-2.2389
10	117	3.556
11	117	3.4082
12	117	3.2606
17	117	3.6572
34	117	2.5708
37	117	6.7487
38	117	2.5128
42	117	7.5775
48	117	5.7346
49	117	6.2857
52	117	5.3403
53	117	6.5273
80	117	-1.3239
88	117	-2.2626
89	117	-1.8823
95	117	-1.3036
105	117	-1.9211
107	117	-1.7892
37	118	3.3972
42	118	3.7349
48	118	2.9382
49	118	3.157
51	118	3.7036
52	118	2.8516
53	118	3.5472
57	118	3.6913
58	118	3.8136
59	118	3.7767
61	118	3.7451
80	118	-1.4782
95	118	-1.9689
113	118	-2.4794
115	118	-2.0349
2	119	4.3034
3	119	4.3643
8	119	3.9907
9	119	3.8428
37	119	6.802
42	119	7.7025
48	119	5.766
49	119	6.2948
52	119	5.4002
53	119	6.5347
64	119	-0.12307
65	119	-0.26792
71	119	-0.59805
80	119	-1.1266
87	119	-2.2979
95	119	-1.1206
103	119	-1.7461
104	119	-2.1785
106	119	-2.217
10	120	3.6179
11	120	3.4667
12	120	3.3138
17	120	3.7306
34	120	2.6867
37	120	6.4549
38	120	2.641
42	120	7.3269
48	120	5.4295
49	120	5.9443
52	120	5.0145
53	120	6.1199
80	120	-1.5244
88	120	-2.2595
89	120	-1.847
95	120	-1.2952
105	120	-1.9837
107	120	-1.8069
37	121	3.1571
42	121	3.4599
48	121	2.6737
49	121	2.8768
51	121	3.3363
52	121	2.5676
53	121	3.2254
57	121	3.3053
58	121	3.4369
59	121	3.4046
61	121	3.3491
80	121	-1.5298
95	121	-1.9443
113	121	-2.5379
115	121	-2.1233
2	122	3.331
3	122	3.2036
8	122	3.0279
9	122	3.1866
37	122	2.0308
42	122	2.0669
48	122	1.427
49	122	1.5918
52	122	1.1431
53	122	1.4611
64	122	-1.0798
65	122	-0.92821
71	122	-1.2463
80	122	-0.85164
87	122	-1.9177
95	122	-0.78561
103	122	-1.0079
104	122	-1.0519
106	122	-1.5121
23	123	1.8577
24	123	4.5886
25	123	4.7635
27	123	4.3795
28	123	4.7018
29	123	2.0268
30	123	1.8618
31	123	4.9153
32	123	4.1703
33	123	5.1223
35	123	1.9068
36	123	4.9155
37	123	5.0005
42	123	5.8926
48	123	4.7635
49	123	5.2759
52	123	4.6969
53	123	5.6767
68	123	-0.25603
79	123	-0.65322
80	123	-0.3352
84	123	-1.4615
93	123	-1.5386
95	123	-0.35358
37	124	3.2345
39	124	0.4392
41	124	3.3626
42	124	3.8227
43	124	3.8902
44	124	4.0768
46	124	3.1997
47	124	3.3788
48	124	3.0626
49	124	3.3446
50	124	4.2162
52	124	3.1313
53	124	3.9808
54	124	3.9941
55	124	4.2995
56	124	4.4759
60	124	4.5982
62	124	4.7353
80	124	-1.2055
85	124	-1.3039
94	124	-2.0364
95	124	-0.91326
98	124	-2.149
101	124	-2.2717
118	124	-2.5465
121	124	-2.3993
2	125	4.2243
3	125	4.2862
8	125	3.9279
9	125	3.7845
37	125	6.6765
42	125	7.5628
48	125	5.6749
49	125	6.1974
52	125	5.3296
53	125	6.4419
64	125	0.052926
65	125	-0.085656
71	125	-0.34682
80	125	-0.8325
87	125	-1.8644
95	125	-0.87321
103	125	-0.95354
104	125	-1.56
106	125	-1.7359
10	126	3.1758
11	126	3.0184
12	126	2.8594
17	126	3.2935
34	126	2.244
37	126	6.3081
38	126	2.2015
42	126	7.1696
48	126	5.3131
49	126	5.8236
52	126	4.9157
53	126	6.0041
80	126	-1.1803
88	126	-1.6569
89	126	-1.2263
95	126	-1.0005
105	126	-1.6293
107	126	-1.3121
37	127	3.1581
39	127	-0.40125
41	127	3.2241
42	127	3.6578
43	127	3.6939
44	127	3.8874
46	127	3.03
47	127	3.1939
48	127	2.9176
49	127	3.1699
50	127	4.0114
52	127	2.9194
53	127	3.6958
54	127	3.7503
55	127	4.0632
56	127	4.2546
60	127	4.356
62	127	4.4701
80	127	-1.3304
85	127	-1.7825
94	127	-2.2197
95	127	-1.4314
98	127	-2.1222
101	127	-1.7168
118	127	-1.5758
121	127	-1.2636
offset
60
