146
detection	body_part	cost
1	7	-4.1483
2	7	-2.7747
3	7	0.42208
4	7	-2.3267
5	12	0.75569
6	12	-0.92352
7	7	-1.4588
8	7	-1.7433
9	12	-1.2748
10	12	-1.4197
11	11	9.2102
12	11	9.2102
13	12	-0.065027
14	6	0.94279
15	8	0.25117
16	12	0.3845
17	5	-4.9324
18	5	0.055909
19	6	-0.077832
20	8	0.83634
21	6	-1.737
22	9	0.9504
23	5	1.2917
24	6	0.71101
25	6	0.60355
26	11	-0.29457
27	9	0.063968
28	4	-4.0918
29	11	9.2102
30	11	-0.65566
31	11	-0.40922
32	9	0.003654
33	9	-0.64907
34	9	-0.31542
35	3	-3.4848
36	3	-4.9049
37	4	-2.4843
38	9	-0.5647
39	10	0.52453
40	10	0.089436
41	10	0.06819
42	11	-1.0887
43	11	-0.76141
44	9	-0.021451
45	9	-2.521
46	10	0.49618
47	10	0.00098932
48	11	-0.32121
49	11	-0.91488
50	9	-0.048756
51	9	-0.01768
52	9	-1.1497
53	10	1.2443
54	11	-0.24256
55	11	-0.2145
56	9	-0.066553
57	2	-5.3106
58	1	-7.2047
59	12	0.54862
60	13	0.91746
61	13	1.0615
62	14	1.1706
63	14	-0.019526
64	14	0.13932
65	12	-0.82979
66	13	0.43669
67	13	0.70078
68	14	0.062348
69	14	-0.81325
70	1	1.1065
71	12	-1.8811
72	12	-1.3839
73	13	0.58387
74	13	0.64825
75	14	0.7348
76	12	-1.2144
77	12	-0.60958
78	13	1.1601
79	13	1.1034
80	13	1.3138
81	14	-0.52429
82	14	-0.46205
83	14	0.15658
84	6	-4.0179
85	8	1.075
86	8	0.84358
87	1	0.71046
88	1	0.18869
89	11	9.2102
90	14	0.083162
91	7	-0.82672
92	8	-0.12681
93	8	0.55382
94	1	0.26209
95	6	-0.4825
96	11	9.2102
97	7	-2.1396
98	8	1.1134
99	8	-0.79558
100	1	0.52118
101	1	-0.43941
102	1	-1.1679
103	11	9.2102
104	11	9.2102
105	11	9.2102
106	8	1.0075
107	11	9.2102
108	4	0.36953
109	11	9.2102
110	8	1.1307
111	8	1.2439
112	11	9.2102
113	3	0.37449
114	3	-0.96614
115	3	0.78944
116	10	0.23699
117	4	-2.1635
118	5	-0.41122
119	3	0.70707
120	2	0.51848
121	2	0.089289
122	11	9.2102
123	3	1.3005
124	3	0.24373
125	10	-0.21065
126	5	-2.422
127	11	9.2102
128	2	-1.5458
129	11	9.2102
130	3	0.59162
131	10	-1.2006
132	10	-0.62485
133	11	9.2102
134	11	-0.56718
135	14	0.25651
136	11	-0.23023
137	5	1.2453
138	11	9.2102
139	10	-0.33208
140	10	-0.93343
141	11	9.2102
142	2	0.11419
143	2	1.0486
144	11	9.2102
145	10	0.35895
146	14	0.10045
detection1	detection2	cost
1	2	-5.6071
1	3	-3.7143
2	3	-5.6071
1	4	-4.8231
2	4	-5.6071
3	4	-4.8231
5	6	-3.7143
1	7	-3.2674
2	7	-2.1462
3	7	-0.67521
4	7	-3.2674
1	8	-3.7143
2	8	-3.2674
3	8	-2.1462
4	8	-4.8231
7	8	-5.6071
5	9	-4.8231
6	9	-4.8231
5	10	-3.2674
6	10	-5.6071
9	10	-5.6071
11	12	-5.6071
5	13	0.96511
6	13	-2.1462
9	13	-1.5143
10	13	-3.2674
5	16	-1.5143
6	16	-1.5143
9	16	-3.7143
10	16	-3.2674
13	16	-1.5143
17	18	-3.7143
14	19	-1.5143
15	20	-4.8231
14	21	-2.1462
19	21	-4.8231
17	23	-3.7143
18	23	-2.1462
14	24	1.9643
19	24	-3.2674
21	24	-3.2674
14	25	-1.5143
19	25	-2.1462
21	25	-4.8231
24	25	-1.8214
11	26	0.30445
12	26	0.96511
22	27	-4.8231
11	29	22.4287
12	29	24.2301
26	29	19.0675
11	30	2.1517
12	30	2.6933
26	30	-5.6071
29	30	19
11	31	2.6933
12	31	2.1517
26	31	-1.5143
29	31	24.6786
30	31	-1.8214
22	32	-3.7143
27	32	-4.8231
22	33	-2.1462
27	33	-4.8231
32	33	-3.7143
22	34	-0.67521
27	34	-3.2674
32	34	-1.8214
33	34	-5.6071
35	36	-5.6071
28	37	-5.6071
22	38	27.0414
27	38	28.663
32	38	26.624
33	38	30.4044
34	38	32.295
39	40	-5.6071
39	41	-3.7143
40	41	-5.6071
11	42	3.8571
12	42	4.0138
26	42	-3.2674
29	42	20.9559
30	42	-4.8231
31	42	-3.2674
11	43	4.0138
12	43	3.8571
26	43	-2.1462
29	43	22.8448
30	43	-3.2674
31	43	-4.8231
42	43	-5.6071
22	44	1.9643
27	44	-0.67521
32	44	0.30445
33	44	-3.2674
34	44	-4.8231
38	44	34.1429
22	45	23.7178
27	45	25.1758
32	45	23.0214
33	45	26.7811
34	45	28.663
38	45	-3.2674
44	45	30.4044
39	46	-5.6071
40	46	-4.8231
41	46	-3.2674
39	47	-3.2674
40	47	-4.8231
41	47	-5.6071
46	47	-3.7143
11	48	5.8845
12	48	6.2802
26	48	-1.8214
29	48	19.269
30	48	-3.7143
31	48	-0.67521
42	48	-4.8231
43	48	-3.2674
11	49	5.75
12	49	5.8845
26	49	-1.5143
29	49	21.1441
30	49	-3.2674
31	49	-2.1462
42	49	-5.6071
43	49	-4.8231
48	49	-5.6071
22	50	1.9643
27	50	-0.67521
32	50	-0.67521
33	50	-3.2674
34	50	-3.7143
38	50	32.295
44	50	-4.8231
45	50	28.4643
22	51	3.2076
27	51	0.53071
32	51	0.96511
33	51	-2.1462
34	51	-3.2674
38	51	34.1859
44	51	-5.6071
45	51	30.3571
50	51	-5.6071
22	52	22.4287
27	52	23.7178
32	52	21.4551
33	52	25.1758
34	52	27.0414
38	52	-0.67521
44	52	28.663
45	52	-4.8231
50	52	26.624
51	52	28.5141
39	53	-3.7143
40	53	-3.2674
41	53	-2.1462
46	53	-5.6071
47	53	-3.2674
11	54	7.7607
12	54	7.6429
26	54	0.96511
29	54	23.3135
30	54	-0.67521
31	54	-1.5143
42	54	-3.2674
43	54	-3.7143
48	54	-3.2674
49	54	-4.8231
11	55	8.1089
12	55	7.7607
26	55	1.9643
29	55	25.1758
30	55	0.53071
31	55	-1.8214
42	55	-2.1462
43	55	-3.2674
48	55	-1.5143
49	55	-3.2674
54	55	-5.6071
22	56	24.8452
27	56	26.0415
32	56	23.7178
33	56	27.4026
34	56	29.2526
38	56	-0.67521
44	56	30.7807
45	56	-3.7143
50	56	28.663
51	56	30.546
52	56	-4.8231
5	59	30.3571
6	59	33.4488
9	59	30.8274
10	59	32.4299
13	59	34.8256
16	59	28.9098
60	61	-5.6071
62	63	-3.7143
62	64	0.071429
63	64	-3.7143
5	65	28.663
6	65	31.5222
9	65	28.8606
10	65	30.3571
13	65	32.4299
16	65	26.624
59	65	-3.2674
60	66	-5.6071
61	66	-4.8231
60	67	-4.8231
61	67	-5.6071
66	67	-5.6071
62	68	-4.8231
63	68	-4.8231
64	68	-1.5143
62	69	-1.5143
63	69	-4.8231
64	69	-4.8231
68	69	-3.7143
58	70	-3.7143
5	71	31.3382
6	71	34.1859
9	71	31.5222
10	71	33.0089
13	71	35.0367
16	71	29.2526
59	71	-3.2674
65	71	-4.8231
5	72	29.9767
6	72	32.7427
9	72	30.0721
10	72	31.5222
13	72	33.4488
16	72	27.7092
59	72	-2.1462
65	72	-5.6071
71	72	-5.6071
60	73	-3.2674
61	73	-2.1462
66	73	-4.8231
67	73	-3.2674
60	74	-3.2674
61	74	-3.7143
66	74	-4.8231
67	74	-5.6071
73	74	-3.7143
62	75	-3.7143
63	75	-2.1462
64	75	0.96511
68	75	-4.8231
69	75	-1.5143
5	76	34.0136
6	76	36.8511
9	76	34.1859
10	76	35.6638
13	76	37.6517
16	76	31.8878
59	76	-1.8214
65	76	-2.1462
71	76	-4.8231
72	76	-3.2674
5	77	31.3382
6	77	34.0136
9	77	31.3382
10	77	32.7427
13	77	34.5282
16	77	28.8606
59	77	-0.67521
65	77	-3.7143
71	77	-4.8231
72	77	-5.6071
76	77	-3.7143
60	78	-1.5143
61	78	-0.67521
66	78	-3.2674
67	78	-2.1462
73	78	-5.6071
74	78	-3.2674
60	79	-1.5143
61	79	-1.8214
66	79	-3.2674
67	79	-3.7143
73	79	-3.2674
74	79	-5.6071
78	79	-3.7143
60	80	-0.67521
61	80	-1.5143
66	80	-2.1462
67	80	-3.2674
73	80	-1.5143
74	80	-4.8231
78	80	-1.8214
79	80	-5.6071
62	81	-0.67521
63	81	-1.8214
64	81	-0.67521
68	81	-3.2674
69	81	-3.2674
75	81	-3.2674
62	82	0.53071
63	82	-1.5143
64	82	-1.5143
68	82	-2.1462
69	82	-3.7143
75	82	-1.5143
81	82	-5.6071
62	83	1.9643
63	83	-0.67521
64	83	-1.8214
68	83	-0.67521
69	83	-3.2674
75	83	0.30445
81	83	-3.7143
82	83	-5.6071
14	84	36.0768
19	84	30.3571
21	84	30.8274
24	84	26.624
25	84	31.4763
15	85	33.0089
20	85	30.3571
15	86	31.5222
20	86	28.8606
85	86	-5.6071
58	87	27.4026
70	87	26.7811
58	88	29.2526
70	88	28.663
87	88	-5.6071
11	89	20.6393
12	89	21.3311
26	89	12.8867
29	89	17.9658
30	89	11.1425
31	89	14.0819
42	89	10.3572
43	89	11.4286
48	89	7.7607
49	89	8.783
54	89	8.5614
55	89	9.9513
62	90	0.96511
63	90	0.071429
64	90	0.96511
68	90	-1.5143
69	90	-1.5143
75	90	-2.1462
81	90	-5.6071
82	90	-4.8231
83	90	-3.2674
1	91	43.4316
2	91	44.8538
3	91	46.3051
4	91	43.6422
7	91	39.5176
8	91	40.9808
15	92	34.1859
20	92	31.5222
85	92	-5.6071
86	92	-4.8231
15	93	29.9767
20	93	27.2998
85	93	-1.5143
86	93	-3.2674
92	93	-1.8214
58	94	31.5222
70	94	30.7807
87	94	-3.2674
88	94	-4.8231
14	95	38.3212
19	95	32.7427
21	95	33.0089
24	95	28.8606
25	95	33.4488
84	95	-3.7143
11	96	43.9913
12	96	45.5338
26	96	38.2821
29	96	17.1798
30	96	37.3731
31	96	42.4729
42	96	38.243
43	96	39.9726
48	96	35.7467
49	96	37.4927
54	96	38.5941
55	96	40.3859
89	96	24.9005
1	97	43.3612
2	97	44.7168
3	97	46.105
4	97	43.4316
7	97	39.3649
8	97	40.7586
91	97	-4.8231
15	98	38.3212
20	98	35.6638
85	98	-2.1462
86	98	-0.67521
92	98	-3.2674
93	98	2.1517
15	99	34.0136
20	99	31.3382
85	99	-3.2674
86	99	-3.7143
92	99	-4.8231
93	99	-3.2674
98	99	-1.8214
58	100	26.624
70	100	25.5573
87	100	-3.2674
88	100	-2.1462
94	100	-1.5143
58	101	28.4144
70	101	27.4026
87	101	-3.7143
88	101	-3.2674
94	101	-3.2674
100	101	-5.6071
58	102	30.2149
70	102	29.2526
87	102	-3.2674
88	102	-3.7143
94	102	-4.8231
100	102	-3.7143
101	102	-5.6071
11	103	23.0214
12	103	22.8448
26	103	15.9133
29	103	30.8274
30	103	14.0819
31	103	13.3214
42	103	11.8034
43	103	11.523
48	103	10.4572
49	103	9.9513
54	103	7.7607
55	103	7.6429
89	103	6.2802
96	103	37.9286
11	104	23.3135
12	104	23.0214
26	104	16.443
29	104	32.4299
30	104	14.6553
31	104	13.4073
42	104	12.262
43	104	11.8034
48	104	11.1425
49	104	10.4572
54	104	8.1089
55	104	7.7607
89	104	8.1089
96	104	39.8214
103	104	-5.6071
11	105	24.2301
12	105	23.7178
26	105	17.8953
29	105	35.7053
30	105	16.2174
31	105	14.0819
42	105	13.6628
43	105	12.8867
48	105	12.9744
49	105	11.9882
54	105	9.4302
55	105	8.6726
89	105	11.8034
96	105	43.6071
103	105	-1.8214
104	105	-3.7143
15	106	32.7427
20	106	30.0721
85	106	0.53071
86	106	-0.67521
92	106	-0.67521
93	106	-3.7143
98	106	2.1517
99	106	-3.2674
11	107	24.7342
12	107	24.6786
26	107	17.3966
29	107	30.3571
30	107	15.5276
31	107	15.293
42	107	13.4073
43	107	13.3214
48	107	11.8034
49	107	11.523
54	107	9.5357
55	107	9.6406
89	107	5.1977
96	107	36.0768
103	107	-4.8231
104	107	-3.2674
105	107	0.30445
28	108	41.605
37	108	40.7586
11	109	27.2998
12	109	26.624
26	109	21.3932
29	109	39.9349
30	109	19.7992
31	109	17.1071
42	109	17.1798
43	109	16.2174
48	109	16.7404
49	109	15.6053
54	109	12.9744
55	109	11.9882
89	109	15.9133
96	109	47.4255
103	109	2.1517
104	109	0.30445
105	109	-3.2674
107	109	3.8571
15	110	39.3649
20	110	36.6892
85	110	0.30445
86	110	0.96511
92	110	-1.5143
93	110	1.9643
98	110	-3.2674
99	110	-2.1462
106	110	0.30445
15	111	35.414
20	111	32.7427
85	111	0.96511
86	111	0.30445
92	111	-0.67521
93	111	-1.5143
98	111	0.96511
99	111	-3.2674
106	111	-4.8231
110	111	-1.8214
11	112	31.4763
12	112	32.4299
26	112	24.0034
29	112	18.8644
30	112	22.4287
31	112	25.9881
42	112	22.0674
43	112	23.3135
48	112	19.4026
49	112	20.6393
54	112	20.6393
55	112	22.0674
89	112	4.6202
96	112	15.5276
103	112	15.5276
104	112	17.3966
105	112	21.1441
107	112	13.4073
109	112	24.7342
35	113	35.0367
36	113	33.4488
35	114	36.6486
36	114	35.0367
113	114	-5.6071
35	115	39.9349
36	115	38.2821
113	115	-1.8214
114	115	-3.7143
39	116	17.8953
40	116	17.1071
41	116	16.443
46	116	16.2174
47	116	14.6553
53	116	14.5743
28	117	39.2501
37	117	38.2821
108	117	-3.2674
17	118	50.2864
18	118	47.0983
23	118	48.3954
35	119	17.1798
36	119	17.1071
113	119	26.624
114	119	28.5141
115	119	32.295
57	120	28.9098
57	121	30.593
120	121	-5.6071
11	122	32.295
12	122	33.1414
26	122	24.6786
29	122	21.3311
30	122	23.0214
31	122	26.2014
42	122	22.4287
43	122	23.5452
48	122	19.7992
49	122	20.8929
54	122	20.6393
55	122	21.9459
89	122	4.6202
96	122	17.7539
103	122	14.0819
104	122	15.9133
105	122	19.6016
107	122	11.8034
109	122	23.0214
112	122	-4.8231
35	123	36.0768
36	123	34.5282
113	123	-5.6071
114	123	-4.8231
115	123	-1.5143
119	123	26.5714
35	124	37.6517
36	124	36.0768
113	124	-4.8231
114	124	-5.6071
115	124	-3.2674
119	124	28.4643
123	124	-5.6071
39	125	21.3932
40	125	20.4477
41	125	19.6016
46	125	19.7992
47	125	17.8953
53	125	18.2456
116	125	-3.2674
17	126	52.8937
18	126	49.7257
23	126	50.9645
118	126	-4.8231
11	127	39.8214
12	127	40.9808
26	127	32.7427
29	127	20.8929
30	127	31.3382
31	127	35.414
42	127	31.3382
43	127	32.7427
48	127	28.663
49	127	30.0721
54	127	30.3571
55	127	31.8878
89	127	14.5743
96	127	7.7607
103	127	25.5573
104	127	27.4026
105	127	31.1069
107	127	23.3135
109	127	34.5282
112	127	2.6933
122	127	4.0138
57	128	31.4763
120	128	-4.8231
121	128	-5.6071
11	129	31.1069
12	129	31.5222
26	129	23.3135
29	129	27.7092
30	129	21.4551
31	129	23.08
42	129	20.0604
43	129	20.6393
48	129	17.7539
49	129	18.2456
54	129	17.1071
55	129	17.8953
89	129	4.0138
96	129	27.4026
103	129	6.1496
104	129	7.7607
105	129	11.1425
107	129	3.5372
109	129	14.0819
112	129	4.4715
122	129	2.1517
127	129	13.3214
35	130	41.8597
36	130	40.2736
113	130	-0.67521
114	130	-2.1462
115	130	-3.7143
119	130	32.295
123	130	-1.5143
124	130	-3.2674
39	131	22.1279
40	131	21.3311
41	131	20.6393
46	131	20.4477
47	131	18.8644
53	131	18.7964
116	131	-3.2674
125	131	-4.8231
39	132	23.0214
40	132	22.1279
41	132	21.3311
46	132	21.3932
47	132	19.6016
53	132	19.7992
116	132	-2.1462
125	132	-5.6071
131	132	-5.6071
11	133	30.546
12	133	30.4044
26	133	23.3135
29	133	35.414
30	133	21.4551
31	133	20.8929
42	133	19.269
43	133	19.0675
48	133	17.7539
49	133	17.3966
54	133	15.293
55	133	15.2143
89	133	9.9513
96	133	38.5552
103	133	0.071429
104	133	0.30445
105	133	1.9643
107	133	-1.5143
109	133	3.5372
112	133	15.5276
122	133	13.4073
127	133	24.6786
129	133	3.8571
11	134	33.2734
12	134	32.6089
26	134	27.2482
29	134	44.4761
30	134	25.6115
31	134	23.08
42	134	23.0214
43	134	22.1279
48	134	22.4287
49	134	21.3932
54	134	18.7964
55	134	17.8953
89	134	19.6016
96	134	49.7883
103	134	6.1496
104	134	4.6202
105	134	1.9643
107	134	6.9156
109	134	-1.5143
112	134	26.7811
122	134	24.7342
127	134	36.0357
129	134	15.2143
133	134	3.8571
62	135	19.269
63	135	16.7404
64	135	14.5743
68	135	16.5921
69	135	14.0819
75	135	16.7404
81	135	12.6213
82	135	11.2383
83	135	9.9513
90	135	11.4286
11	136	34.0136
12	136	33.2734
26	136	28.2144
29	136	46.0715
30	136	26.624
31	136	23.8324
42	136	24.0034
43	136	23.0214
48	136	23.5452
49	136	22.4287
54	136	19.7992
55	136	18.7964
89	136	21.3311
96	136	51.665
103	136	7.7607
104	136	6.1496
105	136	3.2076
107	136	8.6726
109	136	-0.67521
112	136	28.663
122	136	26.624
127	136	37.9286
129	136	17.1071
133	136	5.75
134	136	-5.6071
17	137	50.8111
18	137	47.7831
23	137	48.6831
118	137	-3.2674
126	137	-3.2674
11	138	41.3489
12	138	42.4729
26	138	34.1859
29	138	22.7857
30	138	32.7427
31	138	36.6892
42	138	32.6536
43	138	34.0136
48	138	29.9767
49	138	31.3382
54	138	31.5222
55	138	33.0089
89	138	15.6053
96	138	8.783
103	138	26.0415
104	138	27.8615
105	138	31.5222
107	138	23.7178
109	138	34.8256
112	138	3.5372
122	138	4.4715
127	138	-5.6071
129	138	13.4073
133	138	24.7342
134	138	36.0768
136	138	37.968
39	139	23.08
40	139	22.4287
41	139	21.885
46	139	21.3311
47	139	20.0604
53	139	19.6016
116	139	-1.8214
125	139	-2.1462
131	139	-4.8231
132	139	-3.2674
39	140	23.8324
40	140	23.08
41	140	22.4287
46	140	22.1279
47	140	20.6393
53	140	20.4477
116	140	-1.5143
125	140	-3.2674
131	140	-5.6071
132	140	-4.8231
139	140	-5.6071
11	141	64.4535
12	141	66.0053
26	141	58.723
29	141	36.6892
30	141	57.7693
31	141	62.7655
42	141	58.5333
43	141	60.2209
48	141	55.9884
49	141	57.6869
54	141	58.6147
55	141	60.3531
89	141	43.9913
96	141	12.9744
103	141	55.9884
104	141	57.8516
105	141	61.5828
107	141	53.8064
109	141	65.0485
112	141	32.9647
122	141	34.5282
127	141	23.0214
129	141	43.7472
133	141	55.0789
134	141	66.4184
136	141	68.3089
138	141	22.8448
57	142	33.4488
120	142	-1.5143
121	142	-1.8214
128	142	-3.7143
57	143	36.6486
120	143	0.53071
121	143	-0.67521
128	143	-2.1462
142	143	-3.7143
11	144	38.243
12	144	39.0581
26	144	30.593
29	144	26.0415
30	144	28.9098
31	144	31.8878
42	144	28.2144
43	144	29.2526
48	144	25.6115
49	144	26.624
54	144	26.2014
55	144	27.4026
89	144	10.3572
96	144	17.8953
103	144	17.8953
104	144	19.6016
105	144	23.08
107	144	15.3715
109	144	26.0415
112	144	0.071429
122	144	-1.5143
127	144	2.6933
129	144	4.4715
133	144	15.5276
134	144	26.7811
136	144	28.663
138	144	2.1517
141	144	32.25
39	145	25.5573
40	145	24.8452
41	145	24.2301
46	145	23.8324
47	145	22.4287
53	145	22.1279
116	145	0.30445
125	145	-1.5143
131	145	-3.7143
132	145	-3.2674
139	145	-4.8231
140	145	-5.6071
62	146	22.0674
63	146	19.7992
64	146	17.8953
68	146	19.4026
69	146	17.1798
75	146	19.269
81	146	15.293
82	146	14.0819
83	146	12.9744
90	146	13.9152
135	146	-3.7143
1	14	-1.675
2	14	-1.9671
3	14	-2.2555
4	14	-2.283
7	14	-2.1794
8	14	-1.942
1	15	-2.3878
2	15	-1.8116
3	15	-1.6723
4	15	-2.0303
7	15	-2.4131
8	15	-2.334
1	19	-1.4102
2	19	-1.5917
3	19	-1.7921
4	19	-1.9585
7	19	-2.0027
8	19	-2.2492
1	20	-1.4393
2	20	-1.5867
3	20	-1.3559
4	20	-1.3437
7	20	-1.5341
8	20	-1.1012
1	21	-1.9444
2	21	-2.1834
3	21	-2.4378
4	21	-2.5585
7	21	-2.3882
8	21	-2.4611
1	24	-1.6974
2	24	-1.8812
3	24	-2.0509
4	24	-2.204
7	24	-2.1813
8	24	-2.4222
1	25	-1.8315
2	25	-2.089
3	25	-2.2862
4	25	-2.4016
7	25	-2.0884
8	25	-2.4464
17	28	-2.0314
18	28	-1.8916
23	28	-1.5055
28	35	-2.3429
28	36	-2.5144
17	37	-1.654
18	37	-1.7474
23	37	-1.3274
35	37	-2.2278
36	37	-2.3132
11	39	-1.3058
12	39	-1.5589
22	39	7.2675
26	39	-1.5927
27	39	7.6447
29	39	5.961
30	39	-1.5451
31	39	-1.4059
32	39	7.8593
33	39	8.1674
34	39	8.0757
38	39	-1.8097
11	40	-1.1404
12	40	-1.4826
22	40	7.0321
26	40	-1.6754
27	40	7.4318
29	40	6.0295
30	40	-1.5629
31	40	-1.4622
32	40	7.6808
33	40	8.0103
34	40	7.9278
38	40	-1.9732
11	41	-0.81475
12	41	-1.198
22	41	6.8843
26	41	-1.658
27	41	7.3076
29	41	6.2721
30	41	-1.5763
31	41	-1.5767
32	41	7.5704
33	41	7.9056
34	41	7.8258
38	41	-1.8874
39	42	-1.1718
40	42	-1.118
41	42	-1.1276
39	43	-1.0751
40	43	-1.047
41	43	-1.0856
39	44	8.3221
40	44	8.2915
41	44	8.2043
39	45	-1.2542
40	45	-1.2076
41	45	-1.2487
11	46	-0.96226
12	46	-1.2676
22	46	6.9453
26	46	-1.7739
27	46	7.3223
29	46	5.5979
30	46	-1.8342
31	46	-1.7062
32	46	7.5283
33	46	7.8791
34	46	7.8101
38	46	-1.4992
42	46	-1.6379
43	46	-1.5015
44	46	8.1606
45	46	-1.524
11	47	-0.44679
12	47	-0.81695
22	47	6.6375
26	47	-1.6782
27	47	7.0585
29	47	6.0295
30	47	-1.8649
31	47	-1.8039
32	47	7.2824
33	47	7.6524
34	47	7.5925
38	47	-1.8715
42	47	-1.6545
43	47	-1.5826
44	47	7.9729
45	47	-1.3012
39	48	-0.93346
40	48	-0.80213
41	48	-0.71379
46	48	-1.4543
47	48	-1.3987
39	49	-1.0452
40	49	-0.93946
41	49	-0.88829
46	49	-1.5257
47	49	-1.4907
39	50	8.8052
40	50	8.8736
41	50	8.8237
46	50	8.7154
47	50	8.5537
39	51	8.7128
40	51	8.7799
41	51	8.7207
46	51	8.6336
47	51	8.4719
39	52	0.1283
40	52	-0.20557
41	52	-0.52609
46	52	-0.47511
47	52	-0.73427
11	53	-0.76534
12	53	-1.0638
22	53	6.5763
26	53	-1.9111
27	53	6.9528
29	53	5.1285
30	53	-2.1287
31	53	-1.9154
32	53	7.1322
33	53	7.5069
34	53	7.4526
38	53	-1.3601
42	53	-2.0185
43	53	-1.8204
44	53	7.8048
45	53	-1.2859
48	53	-1.9139
49	53	-1.9284
50	53	8.3306
51	53	8.2646
52	53	-0.7514
39	54	-0.48189
40	54	-0.37267
41	54	-0.33187
46	54	-0.8881
47	54	-0.8316
53	54	-1.2081
39	55	-0.61679
40	55	-0.5326
41	55	-0.52556
46	55	-0.99792
47	55	-1
53	55	-1.2847
39	56	-0.0083321
40	56	-0.17208
41	56	-0.42459
46	56	-0.25427
47	56	-0.63618
53	56	-0.42442
1	58	3.3317
2	58	3.2392
3	58	3.1598
4	58	3.1856
5	58	1.8434
6	58	1.8822
7	58	3.1815
8	58	3.0614
9	58	1.7678
10	58	1.7874
11	58	-0.67326
12	58	-0.63283
13	58	1.5068
14	58	3.0163
15	58	2.0587
16	58	1.4233
17	58	-2.1121
18	58	-2.3275
19	58	3.0368
20	58	1.776
21	58	2.9407
22	58	0.30335
23	58	-1.9706
24	58	2.9293
25	58	2.8886
26	58	-1.4059
27	58	0.29053
28	58	-2.1069
29	58	0.62014
30	58	-1.4448
31	58	-1.3057
32	58	0.10905
33	58	0.38058
34	58	0.46246
35	58	-2.0188
36	58	-2.1951
37	58	-1.9298
38	58	-1.7274
39	58	-1.4752
40	58	-1.595
41	58	-1.6364
42	58	-1.418
43	58	-1.4936
44	58	0.23321
45	58	-2.0088
46	58	-1.5418
47	58	-1.6033
48	58	-1.4487
49	58	-1.3217
50	58	0.28796
51	58	0.18921
52	58	-1.9115
53	58	-1.59
54	58	-1.3107
55	58	-1.2873
56	58	-1.7882
57	58	-2.4016
58	59	-1.9714
5	60	5.133
6	60	5.5542
9	60	5.5839
10	60	5.8589
13	60	6.3995
16	60	5.9963
58	60	-1.4628
59	60	-1.8646
5	61	4.9852
6	61	5.425
9	61	5.4454
10	61	5.7316
13	61	6.2928
16	61	5.8589
58	61	-1.6774
59	61	-1.8715
58	62	-0.89304
60	62	-1.7653
61	62	-1.7655
58	63	-0.98678
60	63	-1.8677
61	63	-1.8682
58	64	-1.1544
60	64	-1.954
61	64	-1.9561
58	65	-1.979
60	65	-1.0596
61	65	-1.2022
5	66	4.9911
6	66	5.4033
9	66	5.4273
10	66	5.7004
13	66	6.2291
16	66	5.8163
58	66	-1.4317
59	66	-2.1697
62	66	-0.60852
63	66	-1.022
64	66	-1.2733
65	66	-1.71
5	67	4.8856
6	67	5.3144
9	67	5.3295
10	67	5.6129
13	67	6.1606
16	67	5.718
58	67	-1.7003
59	67	-2.2582
62	67	-0.20669
63	67	-0.90053
64	67	-1.2426
65	67	-1.799
58	68	-1.0349
60	68	-1.5846
61	68	-1.2047
66	68	-1.6494
67	68	-1.6922
58	69	-1.1917
60	69	-1.9052
61	69	-1.6732
66	69	-1.7968
67	69	-1.8409
1	70	2.976
2	70	2.8808
3	70	2.8021
4	70	2.8268
5	70	1.6066
6	70	1.6436
7	70	2.8275
8	70	2.7034
9	70	1.5245
10	70	1.5439
11	70	-0.45336
12	70	-0.42202
13	70	1.2537
14	70	2.7501
15	70	1.713
16	70	1.1695
17	70	-1.7322
18	70	-1.7981
19	70	2.7817
20	70	1.4216
21	70	2.6736
22	70	0.09017
23	70	-1.7665
24	70	2.6711
25	70	2.6121
26	70	-1.0931
27	70	0.16055
28	70	-1.5027
29	70	1.1124
30	70	-1.168
31	70	-1.0262
32	70	-0.014862
33	70	0.27542
34	70	0.36413
35	70	-2.0059
36	70	-1.9463
37	70	-1.3217
38	70	-1.1629
39	70	-1.2272
40	70	-1.2791
41	70	-1.3765
42	70	-1.1489
43	70	-1.203
44	70	0.13014
45	70	-1.4706
46	70	-1.0787
47	70	-1.2008
48	70	-1.1716
49	70	-1.0313
50	70	0.17611
51	70	0.08065
52	70	-1.3246
53	70	-1.1273
54	70	-0.95501
55	70	-0.93538
56	70	-1.1851
57	70	-2.1829
59	70	-1.2719
60	70	-1.0203
61	70	-1.2611
62	70	-0.50917
63	70	-0.63768
64	70	-0.82288
65	70	-1.5022
66	70	-0.99299
67	70	-1.2777
68	70	-0.67799
69	70	-0.86041
58	71	-1.9093
60	71	-1.1353
61	71	-1.3206
66	71	-1.6592
67	71	-1.8495
70	71	-1.3283
58	72	-1.9033
60	72	-0.72049
61	72	-0.95374
66	72	-1.3029
67	72	-1.514
70	72	-1.3336
5	73	4.9816
6	73	5.3705
9	73	5.3971
10	73	5.6592
13	73	6.1602
16	73	5.765
58	73	-1.1806
59	73	-1.6201
62	73	-0.35616
63	73	-0.78388
64	73	-1.0642
65	73	-1.5556
68	73	-1.151
69	73	-1.4845
70	73	-0.73122
71	73	-1.5485
72	73	-1.6692
5	74	4.585
6	74	4.9984
9	74	5.0101
10	74	5.2883
13	74	5.8169
16	74	5.3739
58	74	-1.4762
59	74	-1.8229
62	74	0.532
63	74	-0.37752
64	74	-0.89023
65	74	-1.8525
68	74	-0.76448
69	74	-1.3344
70	74	-1.0365
71	74	-1.627
72	74	-1.7855
58	75	-0.84238
60	75	-0.44664
61	75	0.20693
66	75	-1.4708
67	75	-0.81085
70	75	-0.4864
73	75	-1.7689
74	75	-1.8053
58	76	-1.8867
60	76	-0.82056
61	76	-0.99395
66	76	-1.2369
67	76	-1.4189
70	76	-1.2981
73	76	-1.5698
74	76	-1.7683
58	77	-1.8692
60	77	-0.28515
61	77	-0.56251
66	77	-0.76623
67	77	-1.0537
70	77	-1.3126
73	77	-1.1415
74	77	-1.5522
5	78	4.7693
6	78	5.1495
9	78	5.1728
10	78	5.4326
13	78	5.923
16	78	5.5238
58	78	-1.153
59	78	-1.209
62	78	0.16398
63	78	-0.33058
64	78	-0.67517
65	78	-1.0153
68	78	-0.54966
69	78	-1.0082
70	78	-0.69755
71	78	-1.0109
72	78	-1.0314
75	78	-0.91092
76	78	-1.382
77	78	-1.3202
5	79	4.4486
6	79	4.8509
9	79	4.8602
10	79	5.135
13	79	5.6509
16	79	5.2062
58	79	-1.5303
59	79	-1.4762
62	79	1.0031
63	79	0.114
64	79	-0.47521
65	79	-1.4095
68	79	0.0063417
69	79	-0.77526
70	79	-1.0797
71	79	-1.2169
72	79	-1.3206
75	79	-0.26608
76	79	-1.4552
77	79	-1.4622
5	80	4.2418
6	80	4.6533
9	80	4.6541
10	80	4.936
13	80	5.4622
16	80	4.9924
58	80	-1.7486
59	80	-1.4942
62	80	1.5843
63	80	0.42705
64	80	-0.34822
65	80	-1.5359
68	80	0.48539
69	80	-0.61165
70	80	-1.2815
71	80	-1.2549
72	80	-1.4033
75	80	0.59163
76	80	-1.4177
77	80	-1.4843
58	81	-1.2838
60	81	-0.63685
61	81	-0.23995
66	81	-1.3424
67	81	-0.88889
70	81	-0.94074
73	81	-2.0769
74	81	-1.4367
78	81	-1.9331
79	81	-2.018
80	81	-1.7217
58	82	-1.3554
60	82	-0.83734
61	82	-0.51018
66	82	-1.5218
67	82	-1.1404
70	82	-1.0224
73	82	-2.1506
74	82	-1.5939
78	82	-2.054
79	82	-2.133
80	82	-1.8349
58	83	-1.4906
60	83	-1.0198
61	83	-0.74279
66	83	-1.6797
67	83	-1.3455
70	83	-1.1702
73	83	-2.22
74	83	-1.7205
78	83	-2.1274
79	83	-2.205
80	83	-1.9061
1	84	2.6914
2	84	2.6428
3	84	2.6069
4	84	2.5034
7	84	2.45
8	84	2.3793
58	84	-2.29
70	84	-1.8576
1	85	4.6215
2	85	4.3037
3	85	4.1505
4	85	4.5875
7	85	5.1947
8	85	5.2276
58	85	-1.7808
70	85	-1.2306
1	86	4.3893
2	86	4.068
3	86	3.9139
4	86	4.3538
7	86	4.961
8	86	4.9973
58	86	-1.7811
70	86	-1.2871
1	87	-1.2119
2	87	-1.2204
3	87	-1.1861
4	87	-1.3257
5	87	-0.68807
6	87	-1.0102
7	87	-1.1836
8	87	-1.1938
9	87	-0.95875
10	87	-1.1057
11	87	2.9875
12	87	2.8588
13	87	-1.1697
14	87	-1.4258
15	87	-0.92441
16	87	-0.93333
17	87	6.341
18	87	5.8132
19	87	-1.5641
20	87	-0.66411
21	87	-1.7319
22	87	-0.052285
23	87	6.5883
24	87	-1.6166
25	87	-1.8448
26	87	3.0992
27	87	-0.37666
28	87	7.8269
29	87	7.2416
30	87	3.0479
31	87	2.4921
32	87	-0.25888
33	87	-0.75269
34	87	-0.91716
35	87	4.6244
36	87	4.8577
37	87	8.1129
38	87	6.5857
39	87	5.368
40	87	5.0046
41	87	4.6246
42	87	2.8023
43	87	2.5194
44	87	-0.88156
45	87	6.2278
46	87	5.5619
47	87	4.7587
48	87	2.9118
49	87	2.7763
50	87	-1.0539
51	87	-0.99547
52	87	6.1169
53	87	5.6672
54	87	2.3922
55	87	2.2136
56	87	6.8698
57	87	1.4227
59	87	7.0883
60	87	3.8194
61	87	3.1739
62	87	2.7739
63	87	2.2075
64	87	1.7067
65	87	6.7938
66	87	3.6397
67	87	2.8871
68	87	2.1198
69	87	1.6244
71	87	7.8842
72	87	7.477
73	87	4.2342
74	87	2.473
75	87	2.0691
76	87	8.6817
77	87	8.2692
78	87	3.4336
79	87	1.7656
80	87	1.3788
81	87	1.2447
82	87	1.1217
83	87	0.95536
84	87	3.8306
85	87	8.2047
86	87	8.1769
1	88	-1.0189
2	88	-1.0383
3	88	-1.0244
4	88	-1.1395
5	88	-0.5069
6	88	-0.86283
7	88	-0.95924
8	88	-0.98547
9	88	-0.77988
10	88	-0.94717
11	88	3.2657
12	88	3.1285
13	88	-1.046
14	88	-1.2716
15	88	-0.68462
16	88	-0.73995
17	88	6.7339
18	88	6.2257
19	88	-1.4387
20	88	-0.38908
21	88	-1.5925
22	88	0.18685
23	88	6.9989
24	88	-1.438
25	88	-1.6545
26	88	3.4331
27	88	-0.15887
28	88	8.1908
29	88	7.4887
30	88	3.3948
31	88	2.7802
32	88	-0.01432
33	88	-0.55742
34	88	-0.74624
35	88	4.5927
36	88	4.8221
37	88	8.4764
38	88	6.9201
39	88	5.8178
40	88	5.4678
41	88	5.0949
42	88	3.1382
43	88	2.833
44	88	-0.74849
45	88	6.6338
46	88	6.0423
47	88	5.265
48	88	3.2821
49	88	3.1147
50	88	-0.90256
51	88	-0.87629
52	88	6.5852
53	88	6.1935
54	88	2.6996
55	88	2.4937
56	88	7.301
57	88	1.4697
59	88	7.3906
60	88	4.4496
61	88	3.7388
62	88	3.1559
63	88	2.4843
64	88	1.9177
65	88	7.2386
66	88	4.4063
67	88	3.5222
68	88	2.4259
69	88	1.8421
71	88	8.1786
72	88	7.8781
73	88	5.4424
74	88	3.1328
75	88	2.397
76	88	8.7748
77	88	8.55
78	88	5.5136
79	88	2.1534
80	88	1.626
81	88	1.4033
82	88	1.267
83	88	1.0923
84	88	3.8126
85	88	8.3235
86	88	8.2954
39	89	1.1326
40	89	1.536
41	89	1.842
46	89	0.91386
47	89	1.689
53	89	0.76499
58	89	-1.0584
70	89	-0.63371
87	89	1.0345
88	89	1.0938
58	90	-1.3417
60	90	-0.18367
61	90	0.20375
66	90	-0.77607
67	90	-0.30497
70	90	-0.99172
73	90	-1.4789
74	90	-0.70136
78	90	-2.0109
79	90	-1.3238
80	90	-0.81257
87	90	0.91107
88	90	1.0092
14	91	7.0311
15	91	2.3966
19	91	6.4624
20	91	2.3553
21	91	6.9327
24	91	6.574
25	91	7.2082
58	91	-1.9809
70	91	-1.5799
84	91	-2.0984
85	91	-1.5771
86	91	-1.6156
87	91	7.6294
88	91	7.6692
1	92	4.3857
2	92	4.0577
3	92	3.8965
4	92	4.3369
7	92	4.9528
8	92	4.9808
58	92	-1.9376
70	92	-1.4164
87	92	8.3759
88	92	8.4692
91	92	-2.0547
1	93	3.6171
2	93	3.2754
3	93	3.1094
4	93	3.5609
7	93	4.1813
8	93	4.2183
58	93	-1.6665
70	93	-1.2693
87	93	8.3708
88	93	8.3949
91	93	-1.6963
1	94	-0.68222
2	94	-0.71086
3	94	-0.71202
4	94	-0.79453
5	94	-0.14317
6	94	-0.51743
7	94	-0.57968
8	94	-0.61613
9	94	-0.4019
10	94	-0.58273
11	94	3.4959
12	94	3.3615
13	94	-0.71873
14	94	-1.0346
15	94	-0.19332
16	94	-0.32324
17	94	6.9874
18	94	6.5218
19	94	-1.1686
20	94	0.12564
21	94	-1.2948
22	94	0.54427
23	94	7.234
24	94	-1.1595
25	94	-1.3885
26	94	3.7496
27	94	0.20512
28	94	8.1937
29	94	7.4522
30	94	3.7466
31	94	3.1251
32	94	0.38904
33	94	-0.19109
34	94	-0.40447
35	94	4.6455
36	94	4.8776
37	94	8.4574
38	94	6.9051
39	94	6.047
40	94	5.748
41	94	5.4254
42	94	3.5318
43	94	3.2226
44	94	-0.4374
45	94	6.6681
46	94	6.2769
47	94	5.6251
48	94	3.7255
49	94	3.5495
50	94	-0.53831
51	94	-0.55851
52	94	6.6475
53	94	6.432
54	94	3.1655
55	94	2.9364
56	94	7.2635
57	94	1.3552
59	94	7.362
60	94	5.1528
61	94	4.5396
62	94	3.8626
63	94	3.1176
64	94	2.4655
65	94	7.2133
66	94	5.2979
67	94	4.5398
68	94	3.2034
69	94	2.4853
71	94	8.0085
72	94	7.7292
73	94	6.2795
74	94	4.4976
75	94	3.3944
76	94	8.6294
77	94	8.229
78	94	6.6719
79	94	4.1596
80	94	3.0596
81	94	2.007
82	94	1.8067
83	94	1.5865
84	94	3.8606
85	94	8.3364
86	94	8.292
89	94	5.4443
90	94	1.639
91	94	7.6783
92	94	8.4494
93	94	8.2575
1	95	2.1228
2	95	2.066
3	95	2.0245
4	95	1.9197
7	95	1.8757
8	95	1.7976
58	95	-2.3452
70	95	-1.9588
87	95	3.7527
88	95	3.7316
91	95	-1.3031
94	95	3.7743
39	96	6.6432
40	96	6.8674
41	96	6.9214
46	96	6.7294
47	96	6.9601
53	96	6.9955
58	96	3.9654
70	96	3.4851
87	96	10.1679
88	96	10.2828
94	96	10.126
14	97	6.6135
15	97	2.3496
19	97	6.0269
20	97	2.3161
21	97	6.4947
24	97	6.1176
25	97	6.763
58	97	-2.2558
70	97	-1.5847
84	97	-2.7061
85	97	-1.1951
86	97	-1.3058
87	97	7.6304
88	97	7.6597
92	97	-1.6582
93	97	-1.5622
94	97	7.6549
95	97	-2.1776
1	98	4.6708
2	98	4.3403
3	98	4.174
4	98	4.6112
7	98	5.2328
8	98	5.2512
58	98	-1.9006
70	98	-1.4762
87	98	8.4692
88	98	8.558
91	98	-2.227
94	98	8.5521
97	98	-2.2716
1	99	3.8898
2	99	3.5476
3	99	3.377
4	99	3.8252
7	99	4.4521
8	99	4.4781
58	99	-1.9395
70	99	-1.5401
87	99	8.5312
88	99	8.5739
91	99	-2.3493
94	99	8.4882
97	99	-2.1319
1	100	-0.99704
2	100	-0.9853
3	100	-0.93117
4	100	-1.0759
5	100	-0.48196
6	100	-0.76244
7	100	-0.97568
8	100	-0.9583
9	100	-0.71943
10	100	-0.8457
11	100	2.9154
12	100	2.8098
13	100	-0.90639
14	100	-1.3184
15	100	-0.57937
16	100	-0.66412
17	100	5.7499
18	100	5.2677
19	100	-1.3149
20	100	-0.33648
21	100	-1.5453
22	100	0.16508
23	100	5.9241
24	100	-1.4799
25	100	-1.7299
26	100	3.0269
27	100	-0.11
28	100	6.9384
29	100	6.7456
30	100	3
31	100	2.5434
32	100	0.018405
33	100	-0.44215
34	100	-0.60248
35	100	5.0494
36	100	5.3052
37	100	7.1807
38	100	5.9494
39	100	4.8449
40	100	4.5482
41	100	4.2386
42	100	2.8275
43	100	2.5798
44	100	-0.56496
45	100	5.5502
46	100	5.005
47	100	4.3707
48	100	2.9449
49	100	2.8497
50	100	-0.68408
51	100	-0.6568
52	100	5.3902
53	100	5.0538
54	100	2.5564
55	100	2.3968
56	100	5.9979
57	100	1.5218
59	100	6.2269
60	100	3.6765
61	100	3.1931
62	100	3.0153
63	100	2.5189
64	100	2.0361
65	100	5.6863
66	100	3.6299
67	100	3.0774
68	100	2.5375
69	100	2.0482
71	100	6.6199
72	100	6.0842
73	100	4.0908
74	100	2.9479
75	100	2.65
76	100	7.4714
77	100	6.4815
78	100	3.8441
79	100	2.5569
80	100	2.0171
81	100	1.7278
82	100	1.5736
83	100	1.3829
84	100	3.8889
85	100	7.8681
86	100	7.5668
89	100	2.7762
90	100	1.521
91	100	7.4674
92	100	8.0633
93	100	7.5184
95	100	3.8118
96	100	9.7388
97	100	7.4591
98	100	8.2426
99	100	8.1387
1	101	-0.91519
2	101	-0.91443
3	101	-0.87396
4	101	-1.0012
5	101	-0.41057
6	101	-0.72485
7	101	-0.86641
8	101	-0.86423
9	101	-0.65579
10	101	-0.80168
11	101	3.1283
12	101	3.0153
13	101	-0.88433
14	101	-1.2436
15	101	-0.43685
16	101	-0.58725
17	101	6.0578
18	101	5.5873
19	101	-1.3011
20	101	-0.16586
21	101	-1.4358
22	101	0.2146
23	101	6.2529
24	101	-1.3968
25	101	-1.6201
26	101	3.2921
27	101	-0.077469
28	101	7.1421
29	101	6.9574
30	101	3.2763
31	101	2.7783
32	101	0.075005
33	101	-0.42725
34	101	-0.60404
35	101	5.1406
36	101	5.3911
37	101	7.3856
38	101	6.1252
39	101	5.2161
40	101	4.9234
41	101	4.6147
42	101	3.0991
43	101	2.8364
44	101	-0.58221
45	101	5.7868
46	101	5.3984
47	101	4.7691
48	101	3.241
49	101	3.1255
50	101	-0.69796
51	101	-0.67888
52	101	5.6767
53	101	5.4805
54	101	2.8158
55	101	2.6379
56	101	6.2792
57	101	1.2458
59	101	6.5407
60	101	4.1713
61	101	3.6609
62	101	3.3499
63	101	2.7957
64	101	2.269
65	101	6.1424
66	101	4.1749
67	101	3.5795
68	101	2.8425
69	101	2.2958
71	101	7.0218
72	101	6.5844
73	101	4.7636
74	101	3.4732
75	101	2.9862
76	101	7.7756
77	101	7.025
78	101	4.6486
79	101	3.1024
80	101	2.4665
81	101	1.9449
82	101	1.7754
83	101	1.574
84	101	3.9093
85	101	8.0263
86	101	7.8449
89	101	3.4243
90	101	1.718
91	101	7.4727
92	101	8.1491
93	101	7.8398
95	101	3.8293
96	101	9.8057
97	101	7.4559
98	101	8.2984
99	101	8.1941
1	102	-0.71247
2	102	-0.72448
3	102	-0.70168
4	102	-0.80628
5	102	-0.18487
6	102	-0.52939
7	102	-0.63378
8	102	-0.64783
9	102	-0.43265
10	102	-0.59672
11	102	3.3535
12	102	3.234
13	102	-0.71017
14	102	-1.1089
15	102	-0.21245
16	102	-0.34803
17	102	6.4886
18	102	6.0304
19	102	-1.2008
20	102	0.082568
21	102	-1.328
22	102	0.49794
23	102	6.6984
24	102	-1.2566
25	102	-1.4964
26	102	3.5684
27	102	0.19096
28	102	7.5149
29	102	7.1631
30	102	3.5646
31	102	3.0265
32	102	0.36691
33	102	-0.17508
34	102	-0.37455
35	102	4.9137
36	102	5.1571
37	102	7.7598
38	102	6.4849
39	102	5.602
40	102	5.3171
41	102	5.0133
42	102	3.385
43	102	3.1074
44	102	-0.3838
45	102	6.1949
46	102	5.8024
47	102	5.1881
48	102	3.5531
49	102	3.4174
50	102	-0.47387
51	102	-0.4884
52	102	6.1242
53	102	5.9121
54	102	3.0926
55	102	2.895
56	102	6.7142
57	102	1.2082
59	102	6.8889
60	102	4.6609
61	102	4.1329
62	102	3.6973
63	102	3.0798
64	102	2.5022
65	102	6.5982
66	102	4.7303
67	102	4.1031
68	102	3.1656
69	102	2.5499
71	102	7.4162
72	102	7.0549
73	102	5.4432
74	102	4.0494
75	102	3.3585
76	102	8.0888
77	102	7.4969
78	102	5.5128
79	102	3.747
80	102	2.9856
81	102	2.1771
82	102	1.9712
83	102	1.7556
84	102	3.8997
85	102	8.1613
86	102	8.0986
89	102	4.3323
90	102	1.9124
91	102	7.5782
92	102	8.2708
93	102	7.9971
95	102	3.8167
96	102	9.8827
97	102	7.555
98	102	8.4013
99	102	8.2952
39	103	1.2407
40	103	1.4092
41	103	1.4773
46	103	1.0095
47	103	1.2188
53	103	0.87678
58	103	-0.78009
70	103	-1.0962
87	103	0.5512
88	103	0.72363
94	103	0.33827
100	103	0.4881
101	103	0.59318
102	103	0.67277
39	104	1.2939
40	104	1.4422
41	104	1.4886
46	104	1.067
47	104	1.2298
53	104	0.94104
58	104	-0.71139
70	104	-0.99631
87	104	0.45209
88	104	0.60144
94	104	0.25612
100	104	0.31435
101	104	0.41971
102	104	0.49928
39	105	1.3248
40	105	1.44
41	105	1.4503
46	105	1.1073
47	105	1.1947
53	105	0.9939
58	105	-0.48042
70	105	-0.72339
87	105	0.40474
88	105	0.52201
94	105	0.24662
100	105	-0.069897
101	105	0.036075
102	105	0.11565
1	106	3.4017
2	106	3.0408
3	106	2.8593
4	106	3.3207
7	106	3.9613
8	106	3.9891
58	106	-1.8035
70	106	-1.3981
87	106	7.6402
88	106	8.2616
91	106	-2.263
94	106	8.6093
97	106	-2.2155
100	106	8.5264
101	106	8.3823
102	106	8.3914
39	107	1.4333
40	107	1.6157
41	107	1.6955
46	107	1.2167
47	107	1.4576
53	107	1.0997
58	107	-0.54568
70	107	-0.84844
87	107	1.0719
88	107	1.316
94	107	1.0582
100	107	0.18795
101	107	0.24645
102	107	0.26481
17	108	7.0048
18	108	6.8689
23	108	7.4516
35	108	2.177
36	108	2.2357
58	108	1.281
70	108	1.592
87	108	-2.0533
88	108	-1.949
94	108	-1.6936
100	108	-1.4596
101	108	-1.5637
102	108	-1.504
39	109	1.348
40	109	1.4446
41	109	1.4334
46	109	1.1442
47	109	1.1907
53	109	1.0469
58	109	-0.28074
70	109	-0.50087
87	109	0.6446
88	109	0.75948
94	109	0.58065
100	109	-0.051064
101	109	0.077484
102	109	0.18154
1	110	3.9376
2	110	3.5842
3	110	3.4012
4	110	3.8496
7	110	4.4911
8	110	4.5023
58	110	-1.9511
70	110	-1.4437
87	110	8.6245
88	110	8.6641
91	110	-1.578
94	110	8.5969
97	110	-1.6504
100	110	8.3915
101	110	8.3873
102	110	8.4512
1	111	3.6008
2	111	3.2348
3	111	3.047
4	111	3.5081
7	111	4.1564
8	111	4.1757
58	111	-2.0709
70	111	-1.5314
87	111	7.6242
88	111	8.1344
91	111	-1.976
94	111	8.7043
97	111	-1.9451
100	111	8.2182
101	111	8.5469
102	111	8.5368
39	112	2.9865
40	112	3.2986
41	112	3.4754
46	112	2.9495
47	112	3.4415
53	112	3.0465
58	112	0.74191
70	112	0.29259
87	112	7.1725
88	112	7.5763
94	112	8.3733
100	112	7.5418
101	112	8.1982
102	112	8.636
28	113	6.7005
37	113	6.903
58	113	2.9908
70	113	3.126
87	113	-1.9597
88	113	-1.5325
94	113	-0.64022
100	113	-1.1035
101	113	-1.3247
102	113	-1.2434
108	113	-2.0804
28	114	6.9047
37	114	7.1085
58	114	2.8772
70	114	3.021
87	114	-2.0594
88	114	-1.9814
94	114	-1.2404
100	114	-1.1507
101	114	-1.3592
102	114	-1.7958
108	114	-2.1601
28	115	7.2548
37	115	7.4592
58	115	2.4086
70	115	2.5678
87	115	-2.3408
88	115	-2.0927
94	115	-1.8958
100	115	-1.4101
101	115	-1.7129
102	115	-1.8391
108	115	-2.1117
11	116	2.6124
12	116	2.3576
22	116	4.0011
26	116	2.5123
27	116	4.2785
29	116	5.6989
30	116	2.5735
31	116	1.8912
32	116	4.1958
33	116	4.7315
34	116	4.7905
38	116	0.37436
42	116	2.3071
43	116	1.9906
44	116	5.1035
45	116	0.62458
48	116	2.6543
49	116	2.4244
50	116	5.3175
51	116	5.3956
52	116	0.75931
54	116	1.8907
55	116	1.6931
56	116	0.34256
58	116	0.27291
70	116	-0.041363
87	116	2.3164
88	116	2.7377
89	116	5.0363
94	116	2.8605
96	116	7.999
100	116	0.86358
101	116	1.2558
102	116	1.6669
103	116	-0.3451
104	116	-0.8665
105	116	-1.617
107	116	-0.58456
109	116	-1.8249
112	116	6.7347
17	117	6.069
18	117	5.9363
23	117	6.4959
35	117	2.0533
36	117	2.121
58	117	1.5856
70	117	1.8888
87	117	-2.134
88	117	-2.1111
94	117	-1.7673
100	117	-1.4916
101	117	-1.5611
102	117	-1.4663
113	117	-2.2959
114	117	-2.3494
115	117	-2.1979
28	118	2.4917
37	118	2.4028
58	118	1.1621
70	118	1.3821
87	118	-1.6517
88	118	-1.7126
94	118	-1.5214
100	118	-1.257
101	118	-1.3317
102	118	-1.4305
108	118	-1.784
117	118	-2.2869
28	119	1.7156
37	119	1.778
58	119	4.5334
70	119	4.4962
87	119	4.4928
88	119	4.4799
94	119	4.5011
100	119	4.7093
101	119	4.8318
102	119	4.6708
108	119	0.59972
117	119	0.5974
58	120	7.2776
70	120	7.8645
87	120	-1.5919
88	120	-1.9172
94	120	-2.2164
100	120	-2.1577
101	120	-2.0535
102	120	-2.2316
58	121	7.4393
70	121	8.0159
87	121	-1.233
88	121	-1.6182
94	121	-2.0019
100	121	-1.7255
101	121	-1.7303
102	121	-1.9616
39	122	2.6734
40	122	2.9737
41	122	3.1433
46	122	2.6101
47	122	3.0827
53	122	2.6744
58	122	0.54616
70	122	0.13417
87	122	6.3787
88	122	6.829
94	122	7.5951
100	122	6.2164
101	122	7.0231
102	122	7.6297
116	122	6.1474
28	123	6.5106
37	123	6.7021
58	123	3.0254
70	123	3.1591
87	123	-2.008
88	123	-1.5558
94	123	-0.85918
100	123	-1.2602
101	123	-1.4653
102	123	-1.2832
108	123	-1.8351
117	123	-1.979
28	124	6.7512
37	124	6.945
58	124	2.9581
70	124	3.0987
87	124	-2.0623
88	124	-1.9482
94	124	-1.3467
100	124	-1.341
101	124	-1.4567
102	124	-1.9167
108	124	-1.8668
117	124	-1.927
11	125	2.6868
12	125	2.4443
22	125	3.7587
26	125	2.6679
27	125	4.0122
29	125	5.5496
30	125	2.7496
31	125	2.103
32	125	3.8968
33	125	4.4421
34	125	4.5131
38	125	0.59871
42	125	2.532
43	125	2.2332
44	125	4.8145
45	125	0.78822
48	125	2.8831
49	125	2.6728
50	125	4.9799
51	125	5.0778
52	125	0.89602
54	125	2.2145
55	125	2.0203
56	125	0.55462
58	125	0.53204
70	125	0.25617
87	125	2.1344
88	125	2.4266
89	125	5.1436
94	125	2.4729
96	125	7.5447
100	125	1.056
101	125	1.3854
102	125	1.6844
103	125	0.94685
104	125	0.22106
105	125	-0.84781
107	125	1.3782
109	125	-1.7716
112	125	6.3724
122	125	6.3756
28	126	2.5404
37	126	2.4532
58	126	1.2944
70	126	1.5057
87	126	-1.7162
88	126	-1.7431
94	126	-1.7495
100	126	-1.3669
101	126	-1.4396
102	126	-1.5863
108	126	-1.8217
117	126	-2.1291
39	127	4.2495
40	127	4.5086
41	127	4.6212
46	127	4.2614
47	127	4.6103
53	127	4.4228
58	127	2.5304
70	127	2.1681
87	127	8.4221
88	127	8.6034
94	127	9.0883
100	127	8.7643
101	127	9.0448
102	127	9.2598
116	127	6.7021
125	127	7.0549
58	128	6.9955
70	128	7.533
87	128	-1.0002
88	128	-1.3709
94	128	-1.7029
100	128	-1.3084
101	128	-1.3573
102	128	-1.6124
39	129	2.094
40	129	2.3332
41	129	2.4567
46	129	1.9471
47	129	2.3051
53	129	1.9105
58	129	0.65609
70	129	0.34326
87	129	3.8388
88	129	4.2871
94	129	4.7195
100	129	2.7886
101	129	3.355
102	129	3.9789
116	129	4.108
125	129	6.1023
28	130	6.9947
37	130	7.1816
58	130	2.8207
70	130	2.9613
87	130	-2.2819
88	130	-2.1663
94	130	-2.0459
100	130	-1.6883
101	130	-1.8353
102	130	-2.2752
108	130	-1.3413
117	130	-1.2182
11	131	2.6668
12	131	2.4307
22	131	3.6938
26	131	2.5914
27	131	3.9421
29	131	5.4374
30	131	2.6618
31	131	2.0584
32	131	3.8388
33	131	4.3652
34	131	4.4263
38	131	0.47967
42	131	2.4416
43	131	2.1581
44	131	4.7172
45	131	0.72025
48	131	2.7677
49	131	2.5731
50	131	4.8902
51	131	4.9773
52	131	0.86158
54	131	2.1115
55	131	1.9422
56	131	0.50172
58	131	0.57814
70	131	0.29408
87	131	2.6622
88	131	2.9951
89	131	4.7574
94	131	3.1821
96	131	7.4098
100	131	1.6197
101	131	2.0278
102	131	2.4152
103	131	0.82968
104	131	0.23896
105	131	-0.68287
107	131	1.0982
109	131	-1.4963
112	131	6.24
122	131	6.2236
127	131	6.9651
129	131	6.0992
11	132	2.7383
12	132	2.5044
22	132	3.687
26	132	2.6996
27	132	3.9262
29	132	5.4758
30	132	2.7778
31	132	2.1736
32	132	3.8108
33	132	4.3408
34	132	4.4065
38	132	0.67139
42	132	2.5711
43	132	2.2888
44	132	4.6937
45	132	0.87502
48	132	2.9033
49	132	2.7099
50	132	4.8496
51	132	4.944
52	132	0.99653
54	132	2.2691
55	132	2.0951
56	132	0.6665
58	132	0.65588
70	132	0.38574
87	132	2.4362
88	132	2.7253
89	132	4.9463
94	132	2.8424
96	132	7.3804
100	132	1.4576
101	132	1.8152
102	132	2.139
103	132	1.2478
104	132	0.59439
105	132	-0.44027
107	132	1.6968
109	132	-1.3556
112	132	6.2131
122	132	6.1849
127	132	6.9044
129	132	6.0383
39	133	2.0948
40	133	2.2489
41	133	2.2924
46	133	1.9134
47	133	2.086
53	133	1.8404
58	133	0.49958
70	133	0.25612
87	133	2.2691
88	133	2.5042
94	133	2.5094
100	133	1.4444
101	133	1.6969
102	133	1.9468
116	133	-0.20846
125	133	0.052093
131	133	-1.5044
132	133	-1.4265
39	134	1.6546
40	134	1.751
41	134	1.7359
46	134	1.4703
47	134	1.516
53	134	1.3956
58	134	0.11985
70	134	-0.077132
87	134	1.3359
88	134	1.4711
94	134	1.4139
100	134	0.7293
101	134	0.90165
102	134	1.0521
116	134	-1.2647
125	134	-1.2692
131	134	-1.8125
132	134	-1.7318
58	135	-0.14871
60	135	0.25461
61	135	0.40099
66	135	-0.08995
67	135	0.10117
70	135	-0.42148
73	135	-0.25398
74	135	0.048317
78	135	-0.45392
79	135	-0.11997
80	135	0.14118
87	135	1.4886
88	135	1.6942
94	135	1.6202
100	135	0.83148
101	135	1.0254
102	135	1.2064
39	136	1.4677
40	136	1.5577
41	136	1.5364
46	136	1.2828
47	136	1.3149
53	136	1.2073
58	136	-0.10854
70	136	-0.30463
87	136	1.0517
88	136	1.179
94	136	1.1208
100	136	0.46477
101	136	0.63169
102	136	0.77541
116	136	-1.5367
125	136	-1.5236
131	136	-2.0399
132	136	-1.9512
28	137	2.2715
37	137	2.1775
58	137	1.2038
70	137	1.4145
87	137	-1.5494
88	137	-1.5513
94	137	-1.7634
100	137	-1.4035
101	137	-1.4475
102	137	-1.593
108	137	-1.8237
117	137	-2.1467
39	138	4.2116
40	138	4.4624
41	138	4.5685
46	138	4.2125
47	138	4.5463
53	138	4.36
58	138	2.6836
70	138	2.3603
87	138	8.2084
88	138	8.3936
94	138	8.8558
100	138	8.4665
101	138	8.7576
102	138	8.9853
116	138	6.4503
125	138	7.1301
131	138	7.0406
132	138	6.9691
11	139	2.7164
12	139	2.4865
22	139	4.2923
26	139	2.5921
27	139	4.5192
29	139	5.3889
30	139	2.6533
31	139	2.0916
32	139	4.4321
33	139	4.9193
34	139	4.962
38	139	1.3618
42	139	2.4335
43	139	2.165
44	139	5.2274
45	139	1.6315
48	139	2.7377
49	139	2.5584
50	139	5.4081
51	139	5.4767
52	139	1.8039
54	139	2.0978
55	139	1.9508
56	139	1.4712
58	139	1.1246
70	139	0.85087
87	139	3.5325
88	139	3.8659
89	139	4.4722
94	139	4.1517
96	139	7.3352
100	139	2.6231
101	139	3.075
102	139	3.5009
103	139	0.83384
104	139	0.32277
105	139	-0.48975
107	139	1.0385
109	139	-1.2087
112	139	6.1628
122	139	6.119
127	139	6.9391
129	139	5.5882
133	139	-1.3015
134	139	-2.2332
136	139	-2.1294
138	139	7.0162
11	140	2.704
12	140	2.4758
22	140	4.0904
26	140	2.6149
27	140	4.3159
29	140	5.3496
30	140	2.6834
31	140	2.1178
32	140	4.2167
33	140	4.715
34	140	4.765
38	140	1.2096
42	140	2.4748
43	140	2.2061
44	140	5.0331
45	140	1.4508
48	140	2.7857
49	140	2.6061
50	140	5.199
51	140	5.277
52	140	1.6042
54	140	2.1625
55	140	2.0098
56	140	1.2817
58	140	1.0422
70	140	0.77653
87	140	3.1746
88	140	3.4778
89	140	4.5992
94	140	3.6955
96	140	7.2197
100	140	2.2817
101	140	2.687
102	140	3.0589
103	140	1.0798
104	140	0.5297
105	140	-0.36045
107	140	1.3826
109	140	-1.1529
112	140	6.0655
122	140	6.0146
127	140	6.7876
129	140	5.6147
133	140	-1.0963
134	140	-2.1171
136	140	-2.0071
138	140	6.8501
39	141	6.4875
40	141	6.6837
41	141	6.712
46	141	6.5289
47	141	6.7079
53	141	6.7414
58	141	6.7519
70	141	6.9814
87	141	10.26
88	141	10.3224
94	141	10.6194
100	141	10.48
101	141	10.5493
102	141	10.6145
116	141	7.825
125	141	8.1747
131	141	8.1351
132	141	8.0677
139	141	8.1699
140	141	7.9981
58	142	6.4535
70	142	6.9346
87	142	-0.53075
88	142	-0.85812
94	142	-1.0949
100	142	-0.63077
101	142	-0.68042
102	142	-0.92084
58	143	6.7059
70	143	7.1789
87	143	0.14228
88	143	-0.25581
94	143	-0.57708
100	143	0.27536
101	143	0.073664
102	143	-0.29594
39	144	3.0465
40	144	3.303
41	144	3.427
46	144	2.9857
47	144	3.3548
53	144	3.0551
58	144	1.2721
70	144	0.93407
87	144	6.3413
88	144	6.6511
94	144	7.1781
100	144	6.2238
101	144	6.7097
102	144	7.1183
116	144	5.2498
125	144	6.2679
131	144	6.3863
132	144	6.5989
139	144	6.5075
140	144	6.4991
11	145	2.7416
12	145	2.521
22	145	4.2856
26	145	2.6389
27	145	4.4961
29	145	5.2674
30	145	2.7056
31	145	2.1747
32	145	4.3992
33	145	4.8792
34	145	4.9223
38	145	1.5971
42	145	2.5074
43	145	2.252
44	145	5.175
45	145	1.8446
48	145	2.8042
49	145	2.6381
50	145	5.3351
51	145	5.4073
52	145	2.0083
54	145	2.2101
55	145	2.0725
56	145	1.7068
58	145	1.1296
70	145	0.87201
87	145	3.3407
88	145	3.6272
89	145	4.4714
94	145	3.8665
96	145	7.0357
100	145	2.5425
101	145	2.9492
102	145	3.3117
103	145	1.2621
104	145	0.75241
105	145	-0.09152
107	145	1.5661
109	145	-0.84487
112	145	5.9129
122	145	5.8341
127	145	6.6217
129	145	5.1357
133	145	-0.33086
134	145	-1.8936
136	145	-1.8301
138	145	6.6712
141	145	7.8632
144	145	6.2517
58	146	0.01674
60	146	0.52529
61	146	0.66973
66	146	0.21179
67	146	0.40139
70	146	-0.24683
73	146	0.058113
74	146	0.36826
78	146	-0.11806
79	146	0.22807
80	146	0.48671
87	146	1.8627
88	146	2.0846
94	146	2.0664
100	146	1.245
101	146	1.4621
102	146	1.6683
offset
60
