151
detection	body_part	cost
1	14	-1.3823
2	14	-2.1643
3	11	9.2102
4	11	9.2102
5	14	-3.7087
6	14	0.76113
7	13	-1.9953
8	13	-2.7115
9	6	-1.1588
10	12	-2.7369
11	6	-2.6755
12	7	-0.51733
13	7	0.69447
14	7	0.11116
15	7	-0.89164
16	9	-2.8948
17	12	-0.23619
18	3	-1.2111
19	6	-1.2792
20	1	-4.5725
21	7	-0.5471
22	8	0.021505
23	11	9.2102
24	3	-2.5632
25	6	0.047268
26	1	-2.0175
27	8	-0.030878
28	9	0.011574
29	8	-0.64145
30	8	-0.81645
31	2	-6.132
32	2	1.2277
33	8	-0.12373
34	10	-4.7106
35	2	-1.6152
36	4	-1.6191
37	8	0.25499
38	5	0.18643
39	4	-2.9659
40	8	0.11696
41	11	-4.8311
42	10	-0.2128
43	11	-2.2658
44	5	-0.041512
45	5	-1.0587
46	4	-0.8703
47	7	-2.3155
48	14	1.1983
49	7	-1.1251
50	14	-0.65454
51	12	0.8965
52	14	-2.1329
53	7	0.63835
54	7	0.67411
55	8	0.34809
56	8	0.16827
57	8	1.3307
58	12	0.69319
59	12	-0.84627
60	13	0.4958
61	11	9.2102
62	14	0.35242
63	6	-3.4326
64	12	-1.5978
65	12	-0.87184
66	13	0.49948
67	13	-1.7432
68	6	-3.0078
69	12	-0.59271
70	13	-0.54483
71	6	-0.24641
72	11	9.2102
73	6	-0.0488
74	11	9.2102
75	9	1.1206
76	1	-0.79
77	9	0.37817
78	1	-2.9608
79	1	-0.65795
80	9	-1.1063
81	10	-0.39447
82	10	0.39864
83	11	-0.43566
84	1	-4.944
85	9	0.34863
86	10	-1.7838
87	10	-1.9683
88	11	9.2102
89	11	9.2102
90	9	0.27404
91	11	-2.6676
92	11	9.2102
93	3	-1.4549
94	3	-1.1516
95	2	-4.4633
96	3	-3.2592
97	3	-2.0716
98	3	-0.74451
99	4	0.19395
100	4	-2.3306
101	4	-0.24977
102	3	-0.29119
103	4	0.10517
104	4	-5.2038
105	4	0.26398
106	1	-0.20399
107	4	-0.35431
108	3	-1.4768
109	9	-2.035
110	1	-0.34044
111	3	-0.35735
112	3	-0.41587
113	9	-3.3883
114	5	-0.0079232
115	1	-3.1314
116	1	-0.87162
117	10	-2.4935
118	11	-3.1141
119	14	0.0018877
120	5	0.0019263
121	5	-0.27523
122	10	0.27327
123	13	0.37949
124	11	9.2102
125	11	-0.97276
126	14	-2.0441
127	2	1.1532
128	5	-0.045944
129	4	-0.0042956
130	1	-0.81857
131	5	-0.33472
132	6	-2.1965
133	12	-2.7298
134	11	9.2102
135	13	-2.6623
136	5	-2.7241
137	6	-1.1213
138	11	9.2102
139	5	-0.69256
140	6	-1.1215
141	2	-1.4043
142	5	1.3427
143	5	0.20638
144	2	-0.29996
145	2	-2.1247
146	2	0.70613
147	7	-4.5524
148	7	-0.99685
149	8	0.11228
150	8	-4.6685
151	11	9.2102
detection1	detection2	cost
1	2	-5.6071
3	4	-1.8214
1	5	-4.8231
2	5	-5.6071
1	6	-2.1462
2	6	-0.67521
5	6	-1.5143
7	8	-4.8231
9	11	-5.6071
12	13	-3.7143
12	14	-4.8231
13	14	-1.5143
12	15	-5.6071
13	15	-3.2674
14	15	-5.6071
10	17	-3.7143
9	19	-1.8214
11	19	-3.7143
12	21	-3.2674
13	21	-3.2674
14	21	-3.2674
15	21	-4.8231
3	23	63.223
4	23	57.7693
18	24	-4.8231
9	25	0.30445
11	25	-1.5143
19	25	-4.8231
20	26	-4.8231
22	27	-3.2674
16	28	-3.7143
22	29	-3.7143
27	29	-3.2674
22	30	-3.2674
27	30	-4.8231
29	30	-5.6071
31	32	-3.7143
22	33	-0.67521
27	33	-3.7143
29	33	-3.2674
30	33	-4.8231
31	35	-4.8231
32	35	-4.8231
22	37	0.96511
27	37	1.9643
29	37	-2.1462
30	37	-0.67521
33	37	0.30445
36	39	-5.6071
22	40	0.30445
27	40	0.53071
29	40	-3.2674
30	40	-2.1462
33	40	-1.5143
37	40	-5.6071
3	41	81.7056
4	41	76.3004
23	41	11.1425
34	42	-3.7143
3	43	82.2861
4	43	76.918
23	43	11.9882
41	43	-5.6071
38	44	-3.2674
38	45	-3.7143
44	45	-5.6071
36	46	-3.2674
39	46	-3.7143
12	47	15.6053
13	47	17.9658
14	47	12.9744
15	47	14.0819
21	47	13.9152
1	48	47.5232
2	48	46.105
5	48	44.8538
6	48	48.1706
12	49	17.1798
13	49	19.4026
14	49	14.5743
15	49	15.6053
21	49	15.293
47	49	-5.6071
1	50	47.3929
2	50	46.0381
5	50	44.7168
6	50	47.7831
48	50	-4.8231
10	51	19.6016
17	51	16.2174
1	52	48.715
2	52	47.3929
5	52	46.0381
6	52	48.9694
48	52	-3.2674
50	52	-5.6071
12	53	18.2456
13	53	19.6016
14	53	15.9133
15	53	16.443
21	53	15.3715
47	53	0.53071
49	53	-0.67521
12	54	17.7539
13	54	18.8644
14	54	15.5276
15	54	15.9133
21	54	14.6553
47	54	1.9643
49	54	0.96511
53	54	-5.6071
22	55	13.3214
27	55	11.8034
29	55	9.5357
30	55	9.6406
33	55	8.1089
37	55	6.2802
40	55	5.8845
22	56	13.4073
27	56	11.523
29	56	9.6406
30	56	9.5357
33	56	7.7607
37	56	6.9156
40	56	6.2802
55	56	-5.6071
22	57	14.6553
27	57	11.8034
29	57	11.1425
30	57	10.4572
33	57	8.1089
37	57	9.9513
40	57	8.783
55	57	0.071429
56	57	-1.8214
10	58	19.0675
17	58	15.293
51	58	2.1517
10	59	20.6393
17	59	17.1071
51	59	-4.8231
58	59	0.071429
7	60	31.8878
8	60	29.2526
3	61	114.615
4	61	109.2603
23	61	44.1996
41	61	25.5573
43	61	24.8452
1	62	47.5232
2	62	46.3051
5	62	44.8538
6	62	47.3929
48	62	0.53071
50	62	-2.1462
52	62	-3.2674
9	63	27.7092
11	63	26.2014
19	63	23.3135
25	63	23.3135
10	64	21.885
17	64	18.2456
51	64	-2.1462
58	64	-1.5143
59	64	-4.8231
10	65	23.08
17	65	19.6016
51	65	-3.7143
58	65	2.1517
59	65	-4.8231
64	65	-3.7143
7	66	33.4488
8	66	30.8274
60	66	-5.6071
7	67	36.8511
8	67	34.1859
60	67	-1.5143
66	67	-1.8214
9	68	30.3571
11	68	28.8606
19	68	25.9881
25	68	25.9881
63	68	-4.8231
10	69	23.3135
17	69	19.6016
51	69	0.53071
58	69	-2.1462
59	69	-2.1462
64	69	-4.8231
65	69	-1.5143
7	70	39.5176
8	70	36.8511
60	70	0.96511
66	70	0.30445
67	70	-4.8231
9	71	29.833
11	71	28.2144
19	71	25.0659
25	71	24.7342
63	71	-3.2674
68	71	-3.2674
3	72	121.8806
4	72	116.5796
23	72	51.7558
41	72	33.1414
43	72	32.295
61	72	0.53071
9	73	33.4488
11	73	31.8878
19	73	28.8606
25	73	28.663
63	73	-1.5143
68	73	-3.7143
71	73	-3.2674
3	74	75.4624
4	74	70.8652
23	74	20.8929
41	74	19.4026
43	74	17.9658
61	74	40.4233
72	74	45.5338
16	75	25.1758
28	75	21.4551
20	76	36.8511
26	76	36.6892
16	77	28.663
28	77	24.9005
75	77	-3.2674
20	78	35.0367
26	78	34.5282
76	78	-1.5143
20	79	34.0567
26	79	33.4488
76	79	0.30445
78	79	-5.6071
16	80	31.5222
28	80	27.8615
75	80	-0.67521
77	80	-1.5143
34	81	30.3571
42	81	27.4026
34	82	35.3305
42	82	32.7427
81	82	0.071429
3	83	125.4993
4	83	120.3485
23	83	56.5502
41	83	38.3212
43	83	37.173
61	83	8.6726
72	83	1.9643
74	83	46.0381
20	84	38.7105
26	84	38.3212
76	84	-3.2674
78	84	-3.2674
79	84	-1.5143
16	85	32.4299
28	85	28.663
75	85	0.30445
77	85	-3.7143
80	85	-1.5143
34	86	33.0089
42	86	30.0721
81	86	-4.8231
82	86	-1.5143
34	87	34.1859
42	87	31.3382
81	87	-3.2674
82	87	-3.2674
86	87	-5.6071
3	88	121.1725
4	88	116.1023
23	88	53.101
41	88	35.3305
43	88	34.0136
61	88	9.5357
72	88	5.1977
74	88	40.7586
83	88	-1.5143
3	89	51.665
4	89	51.2091
23	89	64.9497
41	89	76.5139
43	89	75.8072
61	89	102.0407
72	89	106.8417
74	89	54.127
83	89	106.1345
88	89	100.4095
16	90	34.5282
28	90	30.7807
75	90	1.9643
77	90	-1.5143
80	90	-2.1462
85	90	-4.8231
3	91	128.812
4	91	123.7093
23	91	60.2738
41	91	42.1852
43	91	40.9808
61	91	12.8867
72	91	5.8845
74	91	48.5554
83	91	-3.2674
88	91	0.30445
89	91	107.9643
3	92	111.3135
4	92	106.4651
23	92	46.3051
41	92	30.593
43	92	28.9098
61	92	17.1798
72	92	16.7404
74	92	29.0571
83	92	12.262
88	92	6.2802
89	92	87.1618
91	92	13.4073
18	93	41.605
24	93	40.8698
18	94	39.9726
24	94	39.0581
93	94	-3.7143
31	95	44.8538
32	95	47.3929
35	95	44.7168
18	96	43.4667
24	96	42.4729
93	96	-2.1462
94	96	-3.7143
18	97	45.9376
24	97	44.9905
93	97	-1.5143
94	97	-1.5143
96	97	-4.8231
18	98	44.5794
24	98	43.4667
93	98	0.53071
94	98	-1.5143
96	98	-4.8231
97	98	-3.7143
36	99	39.8214
39	99	40.3859
46	99	36.8106
36	100	37.968
39	100	38.086
46	100	34.3146
99	100	3.8571
36	101	41.6414
39	101	42.1852
46	101	38.5941
99	101	-5.6071
100	101	4.0138
18	102	48.2028
24	102	46.7032
93	102	9.9513
94	102	7.2837
96	102	4.6202
97	102	5.1977
98	102	1.9643
36	103	39.9726
39	103	40.1609
46	103	36.4045
99	103	2.1517
100	103	-4.8231
101	103	1.9643
36	104	39.8214
39	104	39.8593
46	104	36.0768
99	104	5.8845
100	104	-4.8231
101	104	5.75
103	104	-3.7143
36	105	44.5794
39	105	45.2289
46	105	41.7143
99	105	-2.1462
100	105	8.1089
101	105	-3.2674
103	105	5.8845
104	105	9.6406
20	106	50.8111
26	106	49.4432
76	106	19.7992
78	106	15.3715
79	106	14.6553
84	106	15.6053
36	107	43.9913
39	107	44.5794
46	107	41.0177
99	107	-3.2674
100	107	6.2802
101	107	-4.8231
103	107	4.0138
104	107	7.7607
105	107	-5.6071
18	108	49.5689
24	108	47.9126
93	108	14.0819
94	108	11.2383
96	108	8.783
97	108	9.4302
98	108	6.1496
102	108	-3.2674
16	109	51.3006
28	109	47.5232
75	109	19.0675
77	109	15.2143
80	109	14.0819
85	109	11.4286
90	109	9.6406
20	110	51.9369
26	110	50.4103
76	110	23.5452
78	110	18.7964
79	110	17.8953
84	110	19.4026
106	110	-3.2674
18	111	51.665
24	111	50.069
93	111	13.9152
94	111	11.4286
96	111	8.5614
97	111	8.783
98	111	5.8845
102	111	-3.2674
108	111	-4.8231
18	112	51.4527
24	112	49.7883
93	112	15.293
94	112	12.6213
96	112	9.9513
97	112	10.3572
98	112	7.2837
102	112	-2.1462
108	112	-5.6071
111	112	-5.6071
16	113	53.101
28	113	49.3173
75	113	21.1441
77	113	17.1798
80	113	16.443
85	113	13.4073
90	113	11.8034
109	113	-4.8231
38	114	49.4432
44	114	45.2289
45	114	45.9376
20	115	54.127
26	115	52.6559
76	115	24.0034
78	115	19.6016
79	115	18.8644
84	115	19.7992
106	115	-3.2674
110	115	-4.8231
20	116	53.5428
26	116	51.9369
76	116	26.2014
78	116	21.3932
79	116	20.4477
84	116	22.0674
106	116	-0.67521
110	116	-4.8231
115	116	-3.7143
34	117	48.5554
42	117	44.8538
81	117	19.6016
82	117	23.5452
86	117	18.7964
87	117	19.7992
3	118	121.9914
4	118	117.5576
23	118	61.9965
41	118	48.1706
43	118	46.3717
61	118	34.4002
72	118	31.4763
74	118	39.3649
83	118	23.5452
88	118	18.7964
89	118	89.4062
91	118	21.9459
92	118	11.4286
1	119	76.5139
2	119	76.0649
5	119	74.2223
6	119	73.9149
48	119	42.4729
50	119	39.9726
52	119	38.243
62	119	35.0367
38	120	51.2091
44	120	46.9998
45	120	47.6858
114	120	-5.6071
38	121	47.9126
44	121	43.9217
45	121	44.1649
114	121	5.8845
120	121	5.75
34	122	51.2701
42	122	47.6208
81	122	20.0604
82	122	23.0214
86	122	18.8644
87	122	19.6016
117	122	-3.2674
7	123	67.8585
8	123	65.6388
60	123	34.8256
66	123	32.9647
67	123	34.4002
70	123	33.2734
3	124	113.0796
4	124	108.953
23	124	58.3431
41	124	47.5232
43	124	45.635
61	124	41.8597
72	124	40.7586
74	124	32.4299
83	124	34.1859
88	124	28.663
89	124	77.0029
91	124	33.4488
92	124	17.1798
118	124	5.8845
3	125	121.6866
4	125	117.3282
23	125	62.7655
41	125	49.4432
43	125	47.6208
61	125	36.8106
72	125	34.0567
74	125	39.3649
83	125	26.2014
88	125	21.3932
89	125	87.9908
91	125	24.6229
92	125	13.4073
118	125	-4.8231
124	125	3.8571
1	126	77.9096
2	126	77.5102
5	126	75.6566
6	126	75.1812
48	126	44.9905
50	126	42.4729
52	126	40.7586
62	126	37.4927
119	126	-4.8231
31	127	53.101
32	127	54.156
35	127	51.786
95	127	19.269
38	128	52.9826
44	128	48.7787
45	128	49.4432
114	128	-3.7143
120	128	-5.6071
121	128	5.8845
36	129	50.8111
39	129	51.2701
46	129	47.6208
99	129	3.8571
100	129	8.5614
101	129	1.9643
103	129	5.8845
104	129	8.783
105	129	0.96511
107	129	0.30445
20	130	57.5493
26	130	55.9884
76	130	28.2144
78	130	23.8324
79	130	23.08
84	130	24.0034
106	130	0.96511
110	130	-1.8214
115	130	-3.2674
116	130	-3.2674
38	131	50.4103
44	131	46.3384
45	131	46.7032
114	131	2.6933
120	131	2.1517
121	131	-3.2674
128	131	1.9643
9	132	62.7655
11	132	60.8791
19	132	57.1072
25	132	55.4215
63	132	36.8106
68	132	35.7467
71	132	32.6089
73	132	32.295
10	133	62.5357
17	133	58.75
51	133	39.3267
58	133	36.0768
59	133	37.0526
64	133	34.8256
65	133	35.6638
69	133	32.6536
3	134	105.0574
4	134	101.3187
23	134	57.301
41	134	50.069
43	134	48.2028
61	134	51.4527
72	134	51.6347
74	134	29.2526
83	134	46.0715
88	134	40.2736
89	134	64.9497
91	134	45.8369
92	134	27.4026
118	134	19.269
124	134	5.8845
125	134	17.1798
7	135	68.8035
8	135	66.7087
60	135	38.0074
66	135	36.2
67	135	38.243
70	135	37.3731
123	135	-1.5143
38	136	51.9369
44	136	47.9126
45	136	48.2028
114	136	5.1977
120	136	4.4715
121	136	-3.2674
128	136	4.0138
131	136	-4.8231
9	137	64.5281
11	137	62.638
19	137	58.8581
25	137	57.1072
63	137	39.2501
68	137	38.243
71	137	35.0367
73	137	34.8256
132	137	-4.8231
3	138	101.5818
4	138	98.1275
23	138	58.75
41	138	53.6015
43	138	51.786
61	138	58.0978
72	138	58.75
74	138	30.3571
83	138	53.5428
88	138	47.6858
89	138	58.6147
91	138	53.4547
92	138	34.5282
118	138	27.0414
124	138	13.6628
125	138	24.9005
134	138	0.30445
38	139	54.5037
44	139	50.4103
45	139	50.8111
114	139	3.2076
120	139	1.9643
121	139	0.53071
128	139	0.96511
131	139	-3.2674
136	139	-3.2674
9	140	66.7087
11	140	64.826
19	140	61.0622
25	140	59.4226
63	140	39.8214
68	140	38.5941
71	140	35.6638
73	140	35.0367
132	140	-3.2674
137	140	-3.2674
31	141	58.6147
32	141	59.583
35	141	57.2457
95	141	23.5452
127	141	-1.8214
38	142	57.7693
44	142	53.6015
45	142	54.156
114	142	2.1517
120	142	0.30445
121	142	6.1496
128	142	-1.5143
131	142	1.9643
136	142	2.6933
139	142	-1.5143
38	143	56.3541
44	143	52.2675
45	143	52.6559
114	143	4.6202
120	143	3.2076
121	143	1.9643
128	143	1.9643
131	143	-1.5143
136	143	-2.1462
139	143	-5.6071
142	143	-1.8214
31	144	60.9052
32	144	61.9449
35	144	59.583
95	144	24.0034
127	144	0.30445
141	144	-4.8231
31	145	60.062
32	145	60.9052
35	145	58.6147
95	145	26.2014
127	145	0.30445
141	145	-4.8231
144	145	-3.7143
31	146	59.1812
32	146	59.7164
35	146	57.5493
95	146	29.9767
127	146	3.2076
141	146	0.30445
144	146	1.9643
145	146	-1.8214
12	147	68.3089
13	147	68.5919
14	147	66.3457
15	147	66.4184
21	147	64.6524
47	147	50.069
49	147	48.2028
53	147	43.7472
54	147	43.6422
12	148	68.2143
13	148	68.3089
14	148	66.3457
15	148	66.3214
21	148	64.4535
47	148	50.8111
49	148	48.9694
53	148	44.1649
54	148	43.9217
147	148	-3.7143
22	149	70.1071
27	149	69.2016
29	149	66.4184
30	149	66.8775
33	149	65.5653
37	149	61.9191
40	149	62.3051
55	149	49.9756
56	149	50.5648
57	149	52.6559
22	150	69.3649
27	150	68.2616
29	150	65.6388
30	150	66.0053
33	150	64.5779
37	150	61.297
40	150	61.5828
55	150	48.9694
56	150	49.4432
57	150	51.2091
149	150	-3.7143
3	151	123.873
4	151	120.6004
23	151	80.0843
41	151	72.3597
43	151	70.4756
61	151	68.8035
72	151	67.0939
74	151	51.9369
83	151	59.6364
88	151	54.5903
89	151	77.0241
91	151	58.0978
92	151	44.1649
118	151	28.663
124	151	19.6016
125	151	25.9881
134	151	15.293
138	151	15.3715
1	7	-2.357
2	7	-2.0637
5	7	-1.695
6	7	-2.1157
1	8	-2.1909
2	8	-2.0169
5	8	-1.746
6	8	-1.7527
7	10	-1.4405
8	10	-2.1115
9	12	-0.199
11	12	-0.36207
9	13	-0.076593
11	13	-0.44737
9	14	-1.4499
11	14	-1.5545
9	15	-1.0463
11	15	-1.3075
7	17	-1.3802
8	17	-2.0136
12	19	-0.38681
13	19	-0.87314
14	19	-0.65028
15	19	-1.0667
1	20	-1.1242
2	20	-1.0893
3	20	5.0716
4	20	4.8241
5	20	-1.0883
6	20	-1.3396
7	20	-1.1269
8	20	-1.1785
9	20	-1.8023
10	20	-1.2866
11	20	-1.9199
12	20	-0.69746
13	20	-1.2615
14	20	-0.4697
15	20	-0.56721
16	20	-1.479
17	20	-1.1482
18	20	0.26603
19	20	-1.7915
9	21	-1.4343
11	21	-1.8912
19	21	-2.091
20	21	-1.7991
12	22	-2.1021
13	22	-0.89448
14	22	-1.2559
15	22	-1.3123
20	22	-0.97145
21	22	-1.8724
20	23	-0.80858
20	24	-1.8383
12	25	1.1927
13	25	0.49172
14	25	1.6299
15	25	0.9154
20	25	0.17227
21	25	-0.20166
1	26	-0.95001
2	26	-1.0535
3	26	4.8568
4	26	4.6107
5	26	-1.2464
6	26	-0.97213
7	26	-1.4364
8	26	-1.4645
9	26	-1.7158
10	26	-1.8764
11	26	-1.7332
12	26	-0.55837
13	26	-0.94167
14	26	-0.2043
15	26	-1.1736
16	26	-2.1838
17	26	-1.8061
18	26	-0.032192
19	26	-0.73908
21	26	-1.2716
22	26	0.21134
23	26	-1.32
24	26	1.9628
25	26	0.040424
12	27	-1.246
13	27	-1.2198
14	27	-1.5963
15	27	-1.1596
20	27	-0.94155
21	27	-0.35999
26	27	-0.79821
20	28	-1.6265
26	28	-1.3789
12	29	-2.496
13	29	-1.6348
14	29	-1.7432
15	29	-2.4062
20	29	-1.7908
21	29	-2.1091
26	29	-0.65277
12	30	-2.0594
13	30	-2.0864
14	30	-2.2818
15	30	-2.0809
20	30	-1.7293
21	30	-1.783
26	30	-0.80192
20	31	-2.0658
26	31	-1.5588
20	32	-0.47943
26	32	-0.41056
12	33	-1.6789
13	33	-1.5027
14	33	-2.2614
15	33	-1.8651
20	33	-1.7531
21	33	-1.4503
26	33	-1.0738
3	34	5.7724
4	34	5.76
16	34	-2.1104
20	34	-1.444
23	34	3.9878
26	34	-1.653
28	34	-1.5423
20	35	-1.0945
26	35	-0.38504
18	36	-1.9658
20	36	-1.6596
24	36	-1.4974
26	36	-1.0822
12	37	-1.1317
13	37	-0.87874
14	37	-0.58086
15	37	-0.8729
20	37	0.25293
21	37	-0.70861
26	37	0.26088
20	38	-1.962
26	38	-1.5369
36	38	-0.026145
18	39	-2.2456
20	39	-2.199
24	39	-2.0699
26	39	-1.8999
38	39	4.3355
12	40	-1.4841
13	40	-1.1738
14	40	-0.98088
15	40	-1.2904
20	40	-0.67772
21	40	-1.1979
26	40	-0.69427
20	41	-1.1592
26	41	-1.0034
34	41	-1.9919
3	42	4.8057
4	42	4.8024
16	42	-1.7079
20	42	-0.99761
23	42	2.9917
26	42	-1.1449
28	42	-1.4622
41	42	-1.0919
20	43	-1.1599
26	43	-1.0736
34	43	-1.809
42	43	-0.91337
20	44	-0.1408
26	44	0.081549
36	44	-1.1548
39	44	-0.35305
20	45	-0.9496
26	45	-0.55137
36	45	-1.9859
39	45	-1.451
18	46	-1.1176
20	46	-0.59906
24	46	-0.87338
26	46	-0.26088
38	46	2.7104
44	46	4.2034
45	46	2.86
9	47	3.5587
11	47	4.1185
19	47	5.1378
20	47	6.5346
22	47	2.9441
25	47	5.2628
26	47	7.3882
27	47	1.9778
29	47	2.5801
30	47	2.2055
33	47	1.744
37	47	2.4739
40	47	2.0679
7	48	2.8351
8	48	2.9837
20	48	1.0618
26	48	1.0165
9	49	3.4255
11	49	3.9775
19	49	4.9732
20	49	6.4511
22	49	2.9557
25	49	5.0401
26	49	7.2529
27	49	1.9798
29	49	2.6236
30	49	2.2329
33	49	1.767
37	49	2.6008
40	49	2.1658
7	50	2.8689
8	50	3.0164
20	50	1.2883
26	50	1.2396
7	51	3.6053
8	51	3.5512
20	51	3.2854
26	51	3.3683
7	52	2.934
8	52	3.0815
20	52	1.4383
26	52	1.3931
9	53	2.3736
11	53	2.938
19	53	3.9281
20	53	5.4884
22	53	3.9676
25	53	3.8556
26	53	6.1515
27	53	2.8736
29	53	3.7527
30	53	3.2536
33	53	2.7279
37	53	4.1461
40	53	3.5265
9	54	2.1258
11	54	2.6992
19	54	3.6998
20	54	5.2679
22	54	4.287
25	54	3.5993
26	54	5.9001
27	54	3.163
29	54	4.1041
30	54	3.5757
33	54	3.0363
37	54	4.6188
40	54	3.9425
12	55	-0.58815
13	55	-0.87176
14	55	0.23045
15	55	-0.40221
20	55	3.3943
21	55	-0.85978
26	55	3.1066
47	55	-1.3023
49	55	-1.242
53	55	-0.27177
54	55	-0.017639
12	56	-0.70082
13	56	-0.78897
14	56	0.15697
15	56	-0.52065
20	56	3.1824
21	56	-1.0386
26	56	2.8819
47	56	-1.2607
49	56	-1.2363
53	56	-0.39494
54	56	-0.14442
12	57	-0.86547
13	57	-0.26048
14	57	-0.32848
15	57	-1.176
20	57	2.7308
21	57	-0.66924
26	57	2.6067
47	57	-0.90805
49	57	-0.95786
53	57	-0.39326
54	57	-0.1728
7	58	2.8264
8	58	2.7507
20	58	4.1265
26	58	4.3069
7	59	3.4102
8	59	3.3582
20	59	3.5619
26	59	3.6731
1	60	3.786
2	60	3.7413
5	60	3.7793
6	60	3.8278
10	60	2.208
17	60	2.2637
20	60	2.3189
26	60	2.2608
48	60	-1.4996
50	60	-1.7412
51	60	-1.6829
52	60	-1.963
58	60	-1.9284
59	60	-1.7873
20	61	1.1283
26	61	1.0824
34	61	0.36418
42	61	0.46002
7	62	2.9462
8	62	3.0925
20	62	1.5001
26	62	1.4553
60	62	-2.2802
12	63	0.40029
13	63	0.36523
14	63	0.51896
15	63	0.50279
20	63	6.027
21	63	0.49536
26	63	4.7535
47	63	-2.2749
49	63	-2.5406
53	63	-1.3803
54	63	-1.3099
7	64	3.1987
8	64	3.1436
20	64	3.9012
26	64	4.0415
60	64	-1.9577
7	65	3.4609
8	65	3.4181
20	65	3.579
26	65	3.6948
60	65	-1.8514
1	66	3.6871
2	66	3.6432
5	66	3.6801
6	66	3.7249
10	66	2.2584
17	66	2.3189
20	66	2.396
26	66	2.3445
48	66	-1.634
50	66	-1.8554
51	66	-1.8147
52	66	-2.0963
58	66	-2.1614
59	66	-1.9679
62	66	-2.3529
64	66	-2.0603
65	66	-1.9517
1	67	4.0079
2	67	3.9705
5	67	4.0172
6	67	4.045
10	67	2.1357
17	67	2.221
20	67	2.2974
26	67	2.2485
48	67	-1.5843
50	67	-1.7394
51	67	-2.0816
52	67	-2.0588
58	67	-2.1213
59	67	-2.2148
62	67	-2.1554
64	67	-2.2557
65	67	-2.1449
12	68	0.44943
13	68	0.42917
14	68	0.56723
15	68	0.56054
20	68	6.1078
21	68	0.57161
26	68	4.8461
47	68	-2.1705
49	68	-2.5532
53	68	-1.5338
54	68	-1.4558
7	69	3.1612
8	69	3.1095
20	69	4.1591
26	69	4.3268
60	69	-1.7759
66	69	-1.9974
67	69	-2.2057
1	70	3.9132
2	70	3.8776
5	70	3.9258
6	70	3.948
10	70	2.1552
17	70	2.2507
20	70	2.2642
26	70	2.2199
48	70	-1.6179
50	70	-1.7451
51	70	-1.9513
52	70	-2.079
58	70	-2.0971
59	70	-2.061
62	70	-2.0347
64	70	-2.0847
65	70	-1.9244
69	70	-2.2436
12	71	0.54611
13	71	0.49136
14	71	0.69324
15	71	0.66892
20	71	6.5028
21	71	0.67276
26	71	5.1876
47	71	-1.5638
49	71	-1.89
53	71	-1.603
54	71	-1.4935
20	72	1.2494
26	72	1.2062
34	72	0.74588
42	72	0.88485
12	73	0.76549
13	73	0.74703
14	73	0.89933
15	73	0.8956
20	73	6.4072
21	73	0.92887
26	73	5.128
47	73	-1.5012
49	73	-1.81
53	73	-1.8214
54	73	-1.695
20	74	3.7776
26	74	3.731
34	74	3.6785
42	74	4.2763
20	75	3.9445
26	75	4.1577
34	75	4.9901
42	75	5.0491
1	76	1.0713
2	76	1.0128
3	76	5.1134
4	76	5.1318
5	76	0.99558
6	76	1.3319
7	76	1.247
8	76	1.2542
9	76	1.245
10	76	0.96156
11	76	1.2769
12	76	-0.19364
13	76	0.65136
14	76	-0.33198
15	76	-0.051438
16	76	2.1735
17	76	1.3844
18	76	3.6713
19	76	1.1556
21	76	1.3434
22	76	1.8462
23	76	2.5537
24	76	4.4583
25	76	1.7139
27	76	1.8467
28	76	2.8496
29	76	2.8027
30	76	2.4673
31	76	9.7076
32	76	9.609
33	76	2.4679
34	76	2.9088
35	76	9.5067
36	76	6.1339
37	76	2.373
38	76	6.3471
39	76	5.9985
40	76	2.5266
41	76	2.4577
42	76	2.8583
43	76	2.301
44	76	5.5622
45	76	5.7305
46	76	5.2116
47	76	-1.6463
48	76	-1.0089
49	76	-1.7113
50	76	-1.2242
51	76	-1.6468
52	76	-1.3687
53	76	-1.1933
54	76	-1.0262
55	76	-1.4642
56	76	-1.4621
57	76	-1.1598
58	76	-1.9946
59	76	-1.7605
60	76	-1.7612
61	76	-0.66347
62	76	-1.396
63	76	-1.6805
64	76	-1.7795
65	76	-1.7102
66	76	-1.8338
67	76	-1.7267
68	76	-1.5683
69	76	-1.7725
70	76	-1.5583
71	76	-1.1201
72	76	-0.77611
73	76	-0.98411
74	76	-0.46196
75	76	-1.6917
20	77	4.3204
26	77	4.5559
34	77	4.9849
42	77	5.0352
76	77	-1.7038
1	78	1.2847
2	78	1.2156
3	78	4.8455
4	78	4.855
5	78	1.1979
6	78	1.5626
7	78	1.443
8	78	1.4331
9	78	1.1475
10	78	1.1539
11	78	1.1769
12	78	0.065859
13	78	0.81838
14	78	-0.038343
15	78	0.19557
16	78	2.438
17	78	1.548
18	78	4.0511
19	78	1.034
21	78	1.4771
22	78	2.0463
23	78	2.8508
24	78	5.136
25	78	1.9171
27	78	2.008
28	78	3.0729
29	78	2.9425
30	78	2.6078
31	78	8.6556
32	78	9.3144
33	78	2.5861
34	78	3.1311
35	78	9.2283
36	78	6.8621
37	78	2.5605
38	78	7.0503
39	78	6.7162
40	78	2.6866
41	78	2.6561
42	78	3.0934
43	78	2.5056
44	78	6.3292
45	78	6.467
46	78	5.9601
47	78	-2.1228
48	78	-1.0752
49	78	-2.0764
50	78	-1.2627
51	78	-1.7838
52	78	-1.3462
53	78	-1.8063
54	78	-1.5752
55	78	-1.4985
56	78	-1.3742
57	78	-1.2827
58	78	-1.7181
59	78	-1.8237
60	78	-1.7156
61	78	-0.56721
62	78	-1.2535
63	78	-2.0169
64	78	-1.8396
65	78	-1.6813
66	78	-1.6762
67	78	-1.6344
68	78	-1.6468
69	78	-1.7763
70	78	-1.4496
71	78	-1.7662
72	78	-0.74184
73	78	-1.393
74	78	-0.23816
75	78	-1.5533
77	78	-1.8555
1	79	1.3752
2	79	1.3032
3	79	4.7538
4	79	4.7611
5	79	1.2841
6	79	1.6552
7	79	1.5447
8	79	1.529
9	79	1.0717
10	79	1.2647
11	79	1.0987
12	79	0.16886
13	79	0.89347
14	79	0.074655
15	79	0.29441
16	79	2.5189
17	79	1.65
18	79	4.1069
19	79	0.94564
21	79	1.5432
22	79	2.1367
23	79	2.916
24	79	5.2781
25	79	1.9209
27	79	2.0876
28	79	3.1419
29	79	3.0173
30	79	2.6825
31	79	8.3436
32	79	9.2281
33	79	2.6542
34	79	3.1685
35	79	9.1478
36	79	6.9454
37	79	2.6486
38	79	7.0644
39	79	6.7939
40	79	2.7673
41	79	2.6875
42	79	3.1336
43	79	2.5389
44	79	6.3633
45	79	6.4897
46	79	6.045
47	79	-1.8146
48	79	-1.0588
49	79	-1.7954
50	79	-1.2432
51	79	-1.7653
52	79	-1.3591
53	79	-1.7748
54	79	-1.7043
55	79	-1.3423
56	79	-1.2212
57	79	-1.1385
58	79	-1.5693
59	79	-1.7898
60	79	-1.6357
61	79	-0.57392
62	79	-1.2616
63	79	-1.6494
64	79	-1.7955
65	79	-1.6494
66	79	-1.6326
67	79	-1.6274
68	79	-1.2336
69	79	-1.7196
70	79	-1.4625
71	79	-1.5378
72	79	-0.77279
73	79	-0.82519
74	79	-0.1376
75	79	-1.4889
77	79	-1.8137
20	80	3.816
26	80	4.0245
34	80	5.5011
42	80	5.6105
76	80	-1.8317
78	80	-1.6831
79	80	-1.6687
3	81	6.623
4	81	6.6592
16	81	2.0507
20	81	2.5508
23	81	6.0141
26	81	2.581
28	81	1.9906
41	81	5.0474
43	81	5.1914
61	81	0.12211
72	81	-0.81891
74	81	7.212
75	81	-1.4221
76	81	-1.478
77	81	-1.9604
78	81	-1.3767
79	81	-1.3679
80	81	-1.8501
3	82	7.1934
4	82	7.2324
16	82	1.9475
20	82	2.4165
23	82	6.6903
26	82	2.4433
28	82	1.8861
41	82	5.8802
43	82	6.0451
61	82	0.96268
72	82	-0.33641
74	82	7.8638
75	82	-1.8044
76	82	-1.3424
77	82	-2.1619
78	82	-1.2864
79	82	-1.2911
80	82	-2.1161
20	83	1.7386
26	83	1.6974
34	83	1.5044
42	83	1.6887
76	83	-1.2494
78	83	-1.2489
79	83	-1.2673
81	83	-1.9128
82	83	-1.7282
1	84	1.2904
2	84	1.229
3	84	4.9843
4	84	4.9928
5	84	1.213
6	84	1.5569
7	84	1.4327
8	84	1.436
9	84	1.3116
10	84	1.152
11	84	1.3398
12	84	0.11016
13	84	0.90238
14	84	-0.0066561
15	84	0.24896
16	84	2.3264
17	84	1.5634
18	84	3.614
19	84	1.1995
21	84	1.5741
22	84	2.0906
23	84	2.8063
24	84	4.6048
25	84	1.9658
27	84	2.0733
28	84	2.9819
29	84	3.0104
30	84	2.6785
31	84	9.0682
32	84	9.4462
33	84	2.6688
34	84	3.1028
35	84	9.3529
36	84	6.5929
37	84	2.6181
38	84	6.9278
39	84	6.4577
40	84	2.7545
41	84	2.6696
42	84	3.0661
43	84	2.5198
44	84	6.1966
45	84	6.3508
46	84	5.7112
47	84	-2.0448
48	84	-0.83768
49	84	-2.2514
50	84	-1.0617
51	84	-1.6014
52	84	-1.2058
53	84	-1.8445
54	84	-1.6371
55	84	-1.5033
56	84	-1.4034
57	84	-1.323
58	84	-1.719
59	84	-1.6688
60	84	-1.6074
61	84	-0.46427
62	84	-1.2379
63	84	-2.2704
64	84	-1.7931
65	84	-1.5586
66	84	-1.6645
67	84	-1.4691
68	84	-2.1698
69	84	-1.7691
70	84	-1.2784
71	84	-1.8892
72	84	-0.59765
73	84	-1.9767
74	84	-0.26483
75	84	-1.5127
77	84	-1.8985
80	84	-1.5167
81	84	-1.2645
82	84	-1.1134
83	84	-1.0826
20	85	4.3799
26	85	4.6223
34	85	5.0364
42	85	5.097
76	85	-1.8714
78	85	-1.9067
79	85	-1.8409
81	85	-1.7615
82	85	-2.0421
84	85	-1.8384
3	86	6.5394
4	86	6.5806
16	86	2.0156
20	86	2.6015
23	86	6.0031
26	86	2.6342
28	86	1.96
41	86	5.1086
43	86	5.2525
61	86	0.40075
72	86	-0.58952
74	86	7.001
75	86	-1.479
76	86	-1.5671
77	86	-2.0228
78	86	-1.4931
79	86	-1.4898
80	86	-2.078
83	86	-2.1704
84	86	-1.3508
85	86	-1.8856
3	87	6.6237
4	87	6.666
16	87	1.9958
20	87	2.5314
23	87	6.1174
26	87	2.5637
28	87	1.9395
41	87	5.2608
43	87	5.4095
61	87	0.55535
72	87	-0.51145
74	87	7.109
75	87	-1.5665
76	87	-1.4866
77	87	-2.0847
78	87	-1.429
79	87	-1.4342
80	87	-2.1446
83	87	-2.1994
84	87	-1.2597
85	87	-1.9747
20	88	2.0319
26	88	1.9913
34	88	1.4304
42	88	1.6214
76	88	-1.4122
78	88	-1.3827
79	88	-1.3763
81	88	-1.9909
82	88	-1.6328
84	88	-1.2793
86	88	-2.2347
87	88	-2.1401
20	89	8.8599
26	89	8.8988
34	89	5.646
42	89	6.6498
76	89	9.0476
78	89	9.8795
79	89	10.022
81	89	8.4451
82	89	8.6143
84	89	9.9178
86	89	8.777
87	89	8.8689
20	90	4.2434
26	90	4.4777
34	90	5.1474
42	90	5.2247
76	90	-1.8339
78	90	-1.8647
79	90	-1.83
81	90	-1.5117
82	90	-1.8251
84	90	-1.6637
86	90	-1.6953
87	90	-1.7981
20	91	1.8215
26	91	1.7823
34	91	1.4391
42	91	1.6339
76	91	-1.1711
78	91	-1.2307
79	91	-1.2426
81	91	-1.9746
82	91	-1.8745
84	91	-1.0181
86	91	-2.1991
87	91	-2.2157
20	92	2.5963
26	92	2.554
34	92	1.6464
42	92	1.8737
76	92	-1.3315
78	92	-1.2967
79	92	-1.226
81	92	0.090567
82	92	2.6255
84	92	-1.2468
86	92	0.065582
87	92	0.69995
20	93	2.6147
26	93	2.4288
36	93	6.4142
39	93	6.1932
46	93	5.7113
76	93	-1.7518
78	93	-1.7373
79	93	-1.1246
84	93	-1.7336
20	94	2.9113
26	94	2.8327
36	94	6.8489
39	94	6.6191
46	94	6.1461
76	94	-1.83
78	94	-1.6245
79	94	-1.2956
84	94	-1.5906
20	95	0.7203
26	95	1.781
76	95	-2.3424
78	95	-1.9943
79	95	-1.7773
84	95	-2.2659
20	96	2.7809
26	96	2.7537
36	96	6.7914
39	96	6.5701
46	96	6.1237
76	96	-1.9237
78	96	-1.9319
79	96	-1.6826
84	96	-1.9599
20	97	2.6193
26	97	2.5645
36	97	6.4565
39	97	6.2436
46	97	5.8039
76	97	-1.8378
78	97	-2.2431
79	97	-1.9931
84	97	-1.8957
20	98	2.8023
26	98	2.8493
36	98	6.9316
39	98	6.7114
46	98	6.2835
76	98	-1.7605
78	98	-1.8264
79	98	-1.6446
84	98	-1.8117
18	99	3.6661
20	99	4.0576
24	99	3.6858
26	99	4.131
38	99	7.6027
44	99	7.7471
45	99	7.6206
76	99	-1.5918
78	99	-1.1242
79	99	-0.99316
84	99	-1.4225
93	99	-1.2689
94	99	-1.6651
96	99	-1.0748
97	99	-0.5648
98	99	-0.80986
18	100	3.9367
20	100	4.8965
24	100	3.9224
26	100	4.9379
38	100	7.7214
44	100	7.7691
45	100	7.83
76	100	0.76385
78	100	1.0361
79	100	1.0495
84	100	0.66732
93	100	-0.3281
94	100	-0.13261
96	100	-0.60162
97	100	-0.98918
98	100	-0.79339
18	101	3.5646
20	101	4.2308
24	101	3.5827
26	101	4.2954
38	101	7.4659
44	101	7.6108
45	101	7.4919
76	101	-1.3651
78	101	-0.90325
79	101	-0.79117
84	101	-1.4675
93	101	-1.3565
94	101	-1.8477
96	101	-1.3476
97	101	-0.85564
98	101	-1.255
20	102	4.6119
26	102	4.8857
36	102	7.1504
39	102	6.9316
46	102	6.5679
76	102	1.0461
78	102	1.2249
79	102	1.2486
84	102	0.83481
99	102	4.7107
100	102	-0.1245
101	102	4.7222
18	103	3.9155
20	103	5.0859
24	103	3.8987
26	103	5.1183
38	103	7.9147
44	103	8.127
45	103	7.9785
76	103	0.80404
78	103	1.0812
79	103	1.0934
84	103	0.71971
93	103	-0.67676
94	103	-0.45716
96	103	-0.94022
97	103	-1.0795
98	103	-1.124
102	103	-0.4407
18	104	3.9163
20	104	5.0381
24	104	3.8928
26	104	5.0682
38	104	7.2384
44	104	7.2945
45	104	7.3397
76	104	1.0704
78	104	1.3233
79	104	1.3263
84	104	0.98132
93	104	-0.27349
94	104	-0.079795
96	104	-0.52687
97	104	-0.90306
98	104	-0.69645
102	104	-0.66802
18	105	3.3141
20	105	3.7685
24	105	3.3429
26	105	3.8455
38	105	7.3234
44	105	7.4495
45	105	7.3466
76	105	-1.5299
78	105	-1.7875
79	105	-1.6108
84	105	-1.4819
93	105	-1.5498
94	105	-2.1936
96	105	-1.8989
97	105	-1.2773
98	105	-2.0477
102	105	2.8738
1	106	3.1156
2	106	3.0553
3	106	4.3372
4	106	4.3104
5	106	3.0366
6	106	3.3551
7	106	3.6607
8	106	3.66
9	106	3.6513
10	106	3.8325
11	106	3.6313
12	106	4.3398
13	106	4.9014
14	106	4.3035
15	106	4.4588
16	106	3.892
17	106	4.1937
18	106	2.5827
19	106	3.33
21	106	5.4983
22	106	5.673
23	106	4.1056
24	106	4.553
25	106	4.9557
27	106	5.5977
28	106	4.4713
29	106	6.4645
30	106	6.1482
31	106	8.399
32	106	9.5294
33	106	6.1038
34	106	4.4704
35	106	9.3973
36	106	7.5485
37	106	6.2315
38	106	8.7152
39	106	7.4278
40	106	6.3102
41	106	3.8741
42	106	4.5
43	106	3.7584
44	106	8.2323
45	106	8.3317
46	106	6.8851
47	106	3.1769
48	106	1.0725
49	106	3.2376
50	106	0.84984
51	106	1.5472
52	106	0.71537
53	106	2.9197
54	106	2.7357
55	106	3.0658
56	106	3.0237
57	106	2.7192
58	106	1.9149
59	106	1.5375
60	106	1.1017
61	106	0.97477
62	106	0.71616
63	106	2.3467
64	106	1.4893
65	106	1.4396
66	106	1.0609
67	106	1.0266
68	106	2.3546
69	106	1.4906
70	106	1.0237
71	106	2.3998
72	106	0.77948
73	106	2.4239
74	106	1.997
75	106	1.1619
77	106	0.94167
80	106	0.8581
81	106	0.60844
82	106	0.65963
83	106	0.30258
85	106	0.76834
86	106	0.50827
87	106	0.56336
88	106	0.068706
89	106	8.4351
90	106	0.62464
91	106	0.23775
92	106	0.033791
93	106	3.4452
94	106	3.1858
95	106	2.5981
96	106	3.2739
97	106	3.1848
98	106	3.0216
99	106	3.2485
100	106	-0.18009
101	106	2.178
102	106	-2.3284
103	106	-0.72846
104	106	-1.0363
105	106	5.5701
18	107	3.3825
20	107	3.7793
24	107	3.406
26	107	3.8534
38	107	7.0887
44	107	7.223
45	107	7.1189
76	107	-1.5505
78	107	-1.7154
79	107	-1.5668
84	107	-1.4238
93	107	-1.5008
94	107	-2.0595
96	107	-1.7028
97	107	-1.1706
98	107	-1.8073
102	107	2.11
106	107	1.4092
20	108	4.4502
26	108	4.8439
36	108	7.123
39	108	6.9062
46	108	6.5706
76	108	1.0682
78	108	1.2548
79	108	1.2823
84	108	0.85097
99	108	6.8769
100	108	0.68475
101	108	6.0603
103	108	0.43874
104	108	-0.15177
105	108	4.5678
106	108	-1.2555
107	108	4.6006
20	109	6.0404
26	109	6.2596
34	109	6.4348
42	109	6.4867
76	109	1.4359
78	109	1.4925
79	109	1.5532
81	109	1.5355
82	109	1.2996
84	109	1.3168
86	109	1.4142
87	109	1.3443
106	109	-0.8589
1	110	3.4194
2	110	3.3574
3	110	4.2187
4	110	4.1865
5	110	3.3381
6	110	3.6575
7	110	4.1001
8	110	4.0956
9	110	4.2147
10	110	4.2649
11	110	4.1931
12	110	5.0542
13	110	5.5794
14	110	5.0303
15	110	5.1701
16	110	4.1416
17	110	4.6168
18	110	1.9208
19	110	3.8778
21	110	6.1675
22	110	6.4804
23	110	4.3409
24	110	4.1444
25	110	5.6925
27	110	6.3919
28	110	4.7094
29	110	7.2533
30	110	6.9368
31	110	8.1595
32	110	9.2476
33	110	6.8856
34	110	4.7423
35	110	9.1092
36	110	7.3822
37	110	7.0505
38	110	9.1376
39	110	7.2644
40	110	7.1178
41	110	4.0879
42	110	4.7854
43	110	3.9788
44	110	8.6985
45	110	8.7839
46	110	6.7551
47	110	4.0908
48	110	1.3475
49	110	4.1638
50	110	1.1281
51	110	2.0674
52	110	0.99785
53	110	3.8569
54	110	3.6695
55	110	4.0577
56	110	4.0024
57	110	3.6609
58	110	2.5051
59	110	2.0767
60	110	1.5778
61	110	1.2014
62	110	1.011
63	110	3.3751
64	110	2.0533
65	110	1.9679
66	110	1.5356
67	110	1.4724
68	110	3.3956
69	110	2.074
70	110	1.4508
71	110	3.4435
72	110	0.98003
73	110	3.4811
74	110	2.3948
75	110	1.581
77	110	1.3969
80	110	1.2303
81	110	0.91155
82	110	0.92097
83	110	0.49309
85	110	1.2255
86	110	0.79501
87	110	0.83751
88	110	0.28818
89	110	8.5506
90	110	1.0452
91	110	0.41075
92	110	0.28372
93	110	2.5846
94	110	2.5632
95	110	2.5996
96	110	2.4369
97	110	2.3021
98	110	2.2709
99	110	5.007
100	110	0.41308
101	110	4.8208
102	110	-0.82513
103	110	-0.018736
104	110	-0.55883
105	110	7.2681
107	110	6.8454
108	110	-1.1896
109	110	-1.1994
20	111	4.4815
26	111	4.8266
36	111	6.5162
39	111	6.3097
46	111	5.9706
76	111	0.95977
78	111	1.1415
79	111	1.1704
84	111	0.74858
99	111	4.7297
100	111	0.42906
101	111	5.0973
103	111	0.37191
104	111	-0.22358
105	111	6.4001
106	111	-0.68572
107	111	6.1796
110	111	-0.52203
20	112	4.4891
26	112	4.8878
36	112	6.5901
39	112	6.3827
46	112	6.0538
76	112	1.0778
78	112	1.2625
79	112	1.2913
84	112	0.8637
99	112	5.4715
100	112	0.74458
101	112	5.8851
103	112	0.7372
104	112	-0.028075
105	112	6.2488
106	112	-0.7132
107	112	6.5115
110	112	-0.36697
20	113	6.1848
26	113	6.409
34	113	6.2294
42	113	6.2769
76	113	1.6408
78	113	1.7242
79	113	1.7935
81	113	1.4718
82	113	1.261
84	113	1.5348
86	113	1.3716
87	113	1.307
106	113	-0.57483
110	113	-0.89924
20	114	2.7507
26	114	2.6373
36	114	1.7676
39	114	1.2856
46	114	2.475
76	114	-0.62601
78	114	-1.183
79	114	-1.4215
84	114	-0.59936
99	114	-1.4707
100	114	0.53694
101	114	-0.87382
103	114	0.76596
104	114	0.60849
105	114	-1.7897
106	114	0.86771
107	114	-0.66036
110	114	3.2003
1	115	3.4635
2	115	3.4049
3	115	4.3693
4	115	4.337
5	115	3.387
6	115	3.6978
7	115	4.1141
8	115	4.1155
9	115	4.1729
10	115	4.3891
11	115	4.1516
12	115	5.1286
13	115	5.668
14	115	5.0994
15	115	5.2463
16	115	4.2578
17	115	4.7457
18	115	2.0247
19	115	3.8411
21	115	6.2588
22	115	6.4272
23	115	4.3969
24	115	4.1194
25	115	5.588
27	115	6.3488
28	115	4.8305
29	115	7.2073
30	115	6.8936
31	115	8.4209
32	115	9.5115
33	115	6.848
34	115	4.8502
35	115	9.3816
36	115	6.9585
37	115	6.9914
38	115	8.9666
39	115	6.8491
40	115	7.0655
41	115	4.1824
42	115	4.89
43	115	4.0721
44	115	8.5098
45	115	8.6077
46	115	6.3353
47	115	4.0576
48	115	1.4696
49	115	4.1235
50	115	1.2534
51	115	2.2172
52	115	1.1238
53	115	3.8382
54	115	3.6585
55	115	3.9605
56	115	3.9133
57	115	3.5948
58	115	2.6128
59	115	2.2211
60	115	1.6528
61	115	1.3512
62	115	1.134
63	115	3.0529
64	115	2.189
65	115	2.122
66	115	1.6144
67	115	1.5606
68	115	3.0497
69	115	2.2055
70	115	1.549
71	115	3.1151
72	115	1.1441
73	115	3.1146
74	115	2.417
75	115	1.7263
77	115	1.5456
80	115	1.4191
81	115	1.1056
82	115	1.1113
83	115	0.66513
85	115	1.397
86	115	0.99374
87	115	1.0348
88	115	0.46057
89	115	8.3475
90	115	1.2429
91	115	0.58025
92	115	0.40727
93	115	2.9041
94	115	2.6945
95	115	3.0385
96	115	2.7432
97	115	2.609
98	115	2.5031
99	115	3.9515
100	115	0.25919
101	115	3.5711
102	115	-1.2312
103	115	-0.068517
104	115	-0.59191
105	115	5.9272
107	115	4.6961
108	115	-1.407
109	115	-1.6597
111	115	-1.3642
112	115	-1.5897
113	115	-1.4054
114	115	4.2385
1	116	3.5916
2	116	3.531
3	116	4.1686
4	116	4.1338
5	116	3.5114
6	116	3.8242
7	116	4.3665
8	116	4.3634
9	116	4.8203
10	116	4.7114
11	116	4.7976
12	116	5.8095
13	116	6.3139
14	116	5.7926
15	116	5.9238
16	116	4.4718
17	116	5.0586
18	116	2.2579
19	116	4.502
21	116	6.8985
22	116	7.1888
23	116	4.508
24	116	4.5807
25	116	6.3868
27	116	7.0933
28	116	5.0339
29	116	7.9522
30	116	7.6354
31	116	7.9406
32	116	9.0069
33	116	7.5806
34	116	5.0019
35	116	8.8667
36	116	7.0358
37	116	7.7662
38	116	9.2546
39	116	6.924
40	116	7.8273
41	116	4.2712
42	116	5.0502
43	116	4.1646
44	116	8.8369
45	116	8.919
46	116	6.4342
47	116	4.942
48	116	1.5728
49	116	5.0193
50	116	1.3557
51	116	2.6035
52	116	1.2295
53	116	4.719
54	116	4.5304
55	116	4.8623
56	116	4.801
57	116	4.4432
58	116	3.0476
59	116	2.6199
60	116	1.9249
61	116	1.4736
62	116	1.2445
63	116	4.2152
64	116	2.6054
65	116	2.5133
66	116	1.8841
67	116	1.8177
68	116	4.1418
69	116	2.6328
70	116	1.7936
71	116	4.2878
72	116	1.2564
73	116	4.1088
74	116	2.6266
75	116	2.0494
77	116	1.8861
80	116	1.7056
81	116	1.2883
82	116	1.2879
83	116	0.77723
85	116	1.7293
86	116	1.1725
87	116	1.2114
88	116	0.58181
89	116	8.5073
90	116	1.5505
91	116	0.68879
92	116	0.49567
93	116	2.344
94	116	2.3724
95	116	2.5017
96	116	2.198
97	116	2.0493
98	116	2.0331
99	116	5.155
100	116	0.7745
101	116	5.1588
102	116	-0.27165
103	116	0.53966
104	116	-0.20537
105	116	6.392
107	116	6.2213
108	116	-0.26565
109	116	-1.7193
111	116	-0.039425
112	116	-0.33456
113	116	-1.4492
114	116	4.1356
3	117	6.0817
4	117	5.6401
16	117	4.1491
20	117	5.218
23	117	5.4658
26	117	5.2667
28	117	4.1806
41	117	4.8491
43	117	4.9411
61	117	2.0179
72	117	1.6109
74	117	4.7111
75	117	2.498
76	117	1.1334
77	117	2.1023
78	117	1.1537
79	117	1.2088
80	117	2.4041
83	117	0.68845
84	117	0.9469
85	117	1.83
88	117	0.87245
89	117	7.9499
90	117	1.8505
91	117	0.68596
92	117	1.1702
106	117	-0.8339
109	117	-1.9867
110	117	-1.0684
113	117	-2.2729
115	117	-1.4249
116	117	-1.4489
20	118	4.3595
26	118	4.3055
34	118	3.3115
42	118	3.6346
76	118	0.95959
78	118	0.89737
79	118	0.94444
81	118	2.5399
82	118	3.2911
84	118	0.72957
86	118	2.7454
87	118	2.9802
106	118	-0.90017
110	118	-1.0927
115	118	-1.3563
116	118	-1.3636
117	118	-2.1836
7	119	5.4765
8	119	5.6286
20	119	4.3555
26	119	4.3346
60	119	3.4434
66	119	3.5153
67	119	3.9415
70	119	4.219
76	119	1.2556
78	119	1.2959
79	119	1.301
84	119	1.0509
106	119	-1.0851
110	119	-1.3305
115	119	-1.567
116	119	-1.5645
20	120	2.7815
26	120	2.6644
36	120	1.88
39	120	1.3995
46	120	2.5859
76	120	-0.53883
78	120	-1.1194
79	120	-1.293
84	120	-0.60679
99	120	-1.8409
100	120	0.2697
101	120	-1.367
103	120	0.4533
104	120	0.34014
105	120	-1.8561
106	120	0.11185
107	120	-1.3257
110	120	2.2485
115	120	2.7667
116	120	3.2935
20	121	4.3917
26	121	4.2396
36	121	1.4847
39	121	1.0048
46	121	2.1266
76	121	0.0059128
78	121	0.33677
79	121	0.31531
84	121	0.053681
99	121	0.4091
100	121	-1.7886
101	121	0.50873
103	121	-2.1648
104	121	-1.255
105	121	1.3941
106	121	-0.93278
107	121	0.91626
110	121	-0.76465
115	121	0.28259
116	121	-0.14274
3	122	6.0641
4	122	5.6201
16	122	4.1006
20	122	5.1059
23	122	5.5752
26	122	5.153
28	122	4.1276
41	122	4.9897
43	122	5.0843
61	122	2.1852
72	122	1.758
74	122	4.8801
75	122	2.2632
76	122	0.97572
77	122	1.871
78	122	0.99014
79	122	1.044
80	122	2.1112
83	122	0.85369
84	122	0.8007
85	122	1.6018
88	122	1.0714
89	122	7.8956
90	122	1.6052
91	122	0.82776
92	122	1.5424
106	122	-0.87426
109	122	-1.928
110	122	-1.082
113	122	-2.256
115	122	-1.4381
116	122	-1.408
118	122	-2.0078
1	123	4.6804
2	123	4.6827
5	123	4.694
6	123	4.5724
10	123	5.512
17	123	5.6114
20	123	5.4073
26	123	5.4091
48	123	2.1938
50	123	2.1969
51	123	3.5728
52	123	2.1335
58	123	3.0608
59	123	3.5235
62	123	2.22
64	123	3.487
65	123	3.7131
69	123	3.2457
76	123	1.7236
78	123	1.8202
79	123	1.8277
84	123	1.5669
106	123	-0.89855
110	123	-1.2384
115	123	-1.5196
116	123	-1.5469
119	123	-1.815
20	124	4.8412
26	124	4.7866
34	124	3.5596
42	124	3.9417
76	124	1.5326
78	124	1.5099
79	124	1.5727
81	124	3.834
82	124	4.5176
84	124	1.2964
86	124	4.1424
87	124	4.364
106	124	-0.39805
110	124	-0.56848
115	124	-0.86609
116	124	-0.86409
117	124	-1.1619
122	124	-1.5332
20	125	4.4696
26	125	4.4165
34	125	3.3865
42	125	3.7212
76	125	1.0734
78	125	1.0232
79	125	1.0748
81	125	2.7671
82	125	3.4815
84	125	0.84561
86	125	2.986
87	125	3.2127
106	125	-0.76373
110	125	-0.93418
115	125	-1.2123
116	125	-1.2008
117	125	-1.949
122	125	-2.2004
7	126	5.5316
8	126	5.6836
20	126	4.4013
26	126	4.383
60	126	3.5823
66	126	3.6574
67	126	4.0702
70	126	4.3434
76	126	1.2801
78	126	1.3323
79	126	1.3425
84	126	1.0761
106	126	-1.0474
110	126	-1.2629
115	126	-1.5199
116	126	-1.4813
123	126	-2.1809
20	127	3.3371
26	127	4.1387
76	127	3.4575
78	127	3.5857
79	127	3.5001
84	127	3.8704
106	127	-1.4119
110	127	-2.1264
115	127	-1.6281
116	127	-1.9629
20	128	2.5171
26	128	2.4021
36	128	2.1943
39	128	1.718
46	128	2.9037
76	128	-0.26268
78	128	-0.83788
79	128	-0.97946
84	128	-0.41827
99	128	-1.941
100	128	-0.14113
101	128	-1.8935
103	128	0.00040347
104	128	-0.071483
105	128	-1.6654
106	128	-0.59235
107	128	-1.6452
110	128	1.3447
115	128	1.5034
116	128	2.4199
18	129	3.5206
20	129	4.3214
24	129	3.5251
26	129	4.3685
38	129	8.0557
44	129	8.1324
45	129	8.1842
76	129	-1.3095
78	129	-1.083
79	129	-0.99615
84	129	-1.5537
93	129	-1.6654
94	129	-2.0436
96	129	-2.0082
97	129	-1.5588
98	129	-2.1249
102	129	-0.44577
106	129	-1.2426
108	129	1.3342
110	129	0.96602
111	129	1.4468
112	129	2.287
114	129	2.4425
115	129	-0.4114
116	129	3.0695
120	129	1.7374
121	129	3.3938
128	129	0.76342
1	130	3.5593
2	130	3.5018
3	130	4.2357
4	130	4.1972
5	130	3.4851
6	130	3.7913
7	130	4.3106
8	130	4.3135
9	130	3.9418
10	130	4.4712
11	130	3.9201
12	130	5.2881
13	130	5.8197
14	130	5.2598
15	130	5.4055
16	130	4.2802
17	130	4.8245
18	130	2.1581
19	130	3.6026
21	130	6.4015
22	130	6.7544
23	130	4.4894
24	130	4.4204
25	130	5.4658
27	130	6.6839
28	130	4.8477
29	130	7.5265
30	130	7.2199
31	130	7.9433
32	130	9.0099
33	130	7.1797
34	130	4.9558
35	130	8.8785
36	130	5.9636
37	130	7.3173
38	130	10.157
39	130	5.8637
40	130	7.3927
41	130	4.2882
42	130	5.0072
43	130	4.1843
44	130	9.7289
45	130	9.8112
46	130	5.373
47	130	4.2514
48	130	1.6298
49	130	4.3209
50	130	1.4189
51	130	2.4249
52	130	1.2949
53	130	4.0866
54	130	3.9195
55	130	4.4202
56	130	4.3762
57	130	4.0673
58	130	2.828
59	130	2.4382
60	130	1.9399
61	130	1.5317
62	130	1.3096
63	130	2.914
64	130	2.4176
65	130	2.345
66	130	1.9045
67	130	1.8362
68	130	2.8918
69	130	2.445
70	130	1.8201
71	130	2.9864
72	130	1.3343
73	130	2.9471
74	130	2.6643
75	130	1.945
77	130	1.7979
80	130	1.6638
81	130	1.3421
82	130	1.3362
83	130	0.88164
85	130	1.6778
86	130	1.2317
87	130	1.2686
88	130	0.68223
89	130	8.1517
90	130	1.5306
91	130	0.80844
92	130	0.61387
93	130	2.7129
94	130	2.5252
95	130	2.6526
96	130	2.5553
97	130	2.4083
98	130	2.3188
99	130	3.4255
100	130	0.48136
101	130	3.2369
102	130	-0.60615
103	130	0.34419
104	130	0.067455
105	130	4.7297
107	130	4.1359
108	130	-0.54589
109	130	-1.2068
111	130	-0.39986
112	130	-0.53561
113	130	-1.2371
114	130	5.1202
117	130	-1.4857
118	130	-1.3504
119	130	-1.454
120	130	4.26
121	130	2.6186
122	130	-1.3884
123	130	-1.6538
124	130	-1.1948
125	130	-1.3092
126	130	-1.3263
127	130	-1.1355
128	130	3.2133
129	130	3.1703
20	131	3.7269
26	131	3.5863
36	131	1.5132
39	131	1.1613
46	131	2.3526
76	131	-1.266
78	131	-0.95892
79	131	-0.94053
84	131	-1.0566
99	131	-0.87557
100	131	-0.92968
101	131	-0.87147
103	131	-0.99133
104	131	-0.64592
105	131	0.30249
106	131	-0.92737
107	131	-0.33664
110	131	-1.3679
115	131	-0.038056
116	131	-1.0649
129	131	2.5544
130	131	2.6232
12	132	6.2896
13	132	6.357
14	132	6.4837
15	132	6.5393
20	132	6.111
21	132	6.7657
26	132	6.0659
47	132	5.2969
49	132	5.3324
53	132	5.1213
54	132	5.0138
76	132	2.5961
78	132	3.0764
79	132	3.1986
84	132	2.5838
106	132	-1.4863
110	132	-1.592
115	132	-2.5133
116	132	-1.4926
130	132	-1.2227
7	133	4.8358
8	133	4.875
20	133	6.7566
26	133	6.9667
60	133	2.5445
66	133	2.5195
67	133	2.3616
70	133	2.2797
76	133	2.6283
78	133	2.8542
79	133	2.9147
84	133	2.5235
106	133	-0.37928
110	133	-0.70616
115	133	-1.314
116	133	-1.2656
123	133	-2.2418
130	133	-1.228
20	134	5.5581
26	134	5.5038
34	134	4.1715
42	134	4.6278
76	134	2.4477
78	134	2.4666
79	134	2.5441
81	134	5.1088
82	134	5.6131
84	134	2.2184
86	134	5.4238
87	134	5.5954
106	134	0.51766
110	134	0.3372
115	134	0.0057425
116	134	0.0008287
117	134	5.2485
122	134	6.3559
130	134	-0.46192
1	135	4.5083
2	135	4.5122
5	135	4.5205
6	135	4.399
10	135	5.6861
17	135	5.7839
20	135	5.5585
26	135	5.5661
48	135	2.0737
50	135	2.0673
51	135	3.9525
52	135	2.0032
58	135	3.434
59	135	3.9124
62	135	2.0693
64	135	3.8807
65	135	4.1067
69	135	3.654
76	135	1.9114
78	135	2.0268
79	135	2.043
84	135	1.7518
106	135	-0.74264
110	135	-1.0785
115	135	-1.3882
116	135	-1.4221
119	135	-1.9045
126	135	-2.1957
130	135	-1.4819
133	135	-2.088
20	136	3.6951
26	136	3.5525
36	136	1.5255
39	136	1.0462
46	136	2.1736
76	136	-1.1246
78	136	-0.93137
79	136	-0.9202
84	136	-0.94017
99	136	-0.32146
100	136	-1.8213
101	136	-0.32787
103	136	-1.9518
104	136	-1.5017
105	136	0.61527
106	136	-0.95535
107	136	0.057213
110	136	-1.4407
115	136	-0.29818
116	136	-1.4182
129	136	2.0325
130	136	1.5456
12	137	6.3987
13	137	6.4698
14	137	6.5942
15	137	6.6522
20	137	6.0389
21	137	6.8856
26	137	6.0716
47	137	5.4293
49	137	5.4689
53	137	5.2776
54	137	5.1738
76	137	2.5643
78	137	3.0256
79	137	3.1387
84	137	2.5515
106	137	-1.4965
110	137	-1.7293
115	137	-2.3909
116	137	-1.6294
130	137	-1.6908
20	138	5.9151
26	138	5.8691
34	138	4.3232
42	138	4.8239
76	138	2.7924
78	138	2.8696
79	138	2.9694
81	138	5.5572
82	138	6.0002
84	138	2.5741
86	138	5.8682
87	138	6.0231
106	138	0.98713
110	138	0.88484
115	138	0.48161
116	138	0.57269
117	138	5.7536
122	138	6.4869
130	138	0.0070633
20	139	3.4448
26	139	3.3072
36	139	1.7149
39	139	1.2362
46	139	2.378
76	139	-1.018
78	139	-1.3739
79	139	-1.5449
84	139	-0.92269
99	139	-1.1721
100	139	-1.2518
101	139	-1.2993
103	139	-1.304
104	139	-1.1007
105	139	-0.3094
106	139	-1.7303
107	139	-0.94882
110	139	-1.3254
115	139	-1.6235
116	139	-0.56876
129	139	-0.001633
130	139	-1.0116
12	140	5.9551
13	140	6.0199
14	140	6.1484
15	140	6.2027
20	140	5.6315
21	140	6.4253
26	140	5.5423
47	140	4.9192
49	140	4.9479
53	140	4.7367
54	140	4.631
76	140	2.4534
78	140	2.584
79	140	2.6542
84	140	2.5139
106	140	-1.3805
110	140	-1.399
115	140	-1.9474
116	140	-1.2999
130	140	-1.487
20	141	3.2271
26	141	4.0285
76	141	3.0545
78	141	3.2875
79	141	3.2448
84	141	3.4804
106	141	-0.49434
110	141	-1.5101
115	141	-1.7786
116	141	-1.7655
130	141	-1.605
20	142	2.7699
26	142	2.6441
36	142	2.4791
39	142	2.0062
46	142	3.1747
76	142	-0.034026
78	142	-0.71468
79	142	-0.77867
84	142	-0.35846
99	142	-1.582
100	142	-0.93083
101	142	-1.546
103	142	-0.90676
104	142	-0.88859
105	142	-1.2119
106	142	-1.9007
107	142	-1.3144
110	142	-0.62616
115	142	-1.0287
116	142	0.31262
129	142	-2.1121
130	142	-0.00061058
20	143	3.6882
26	143	3.5449
36	143	1.9135
39	143	1.4365
46	143	2.5773
76	143	-1.0998
78	143	-1.2981
79	143	-1.2543
84	143	-1.0573
99	143	-1.0857
100	143	-1.3954
101	143	-1.2449
103	143	-1.4765
104	143	-1.3032
105	143	-0.39455
106	143	-1.9621
107	143	-0.98333
110	143	-1.3169
115	143	-1.8222
116	143	-0.53978
129	143	-0.39928
130	143	-1.0244
20	144	3.1772
26	144	3.9903
76	144	2.824
78	144	3.083
79	144	3.0535
84	144	3.2491
106	144	-0.66411
110	144	-1.5198
115	144	-1.7833
116	144	-1.6342
130	144	-1.3929
20	145	3.0539
26	145	3.845
76	145	2.8742
78	145	3.1416
79	145	3.1104
84	145	3.3102
106	145	-0.1517
110	145	-1.0623
115	145	-1.18
116	145	-1.0084
130	145	-0.75439
20	146	3.0032
26	146	3.7603
76	146	3.0875
78	146	3.3725
79	146	3.3414
84	146	3.5383
106	146	0.89832
110	146	0.022857
115	146	0.23569
116	146	-0.075627
130	146	0.32596
9	147	3.9327
11	147	4.4995
19	147	5.4901
20	147	5.4215
22	147	7.6136
25	147	5.1545
26	147	5.8715
27	147	6.8017
29	147	7.615
30	147	7.2171
33	147	6.9271
37	147	7.871
40	147	7.4384
55	147	5.9728
56	147	5.7915
57	147	5.6713
63	147	4.2596
68	147	4.1339
71	147	4.2399
73	147	3.9106
76	147	2.9753
78	147	3.3878
79	147	3.54
84	147	2.8603
106	147	-0.81076
110	147	-0.9178
115	147	-1.7354
116	147	-1.3001
130	147	-1.7099
132	147	-1.4916
137	147	-1.43
140	147	-1.7038
9	148	3.9009
11	148	4.4832
19	148	5.4991
20	148	5.4274
22	148	7.289
25	148	5.1545
26	148	5.864
27	148	6.4628
29	148	7.2973
30	148	6.8888
33	148	6.5951
37	148	7.3462
40	148	7.124
55	148	5.6506
56	148	5.4678
57	148	5.349
63	148	4.2525
68	148	4.1287
71	148	4.2322
73	148	3.9026
76	148	3.0203
78	148	3.378
79	148	3.5124
84	148	2.8882
106	148	-0.95089
110	148	-1.194
115	148	-1.9276
116	148	-1.6794
130	148	-1.7365
132	148	-2.1819
137	148	-2.2857
140	148	-2.1118
12	149	3.6019
13	149	2.9439
14	149	4.4763
15	149	3.7645
20	149	3.4389
21	149	3.1511
26	149	3.0577
47	149	3.524
49	149	3.6754
53	149	3.3118
54	149	3.1246
76	149	3.005
78	149	2.8626
79	149	2.7676
84	149	2.9484
106	149	-0.21323
110	149	-0.38805
115	149	-0.87204
116	149	-0.25108
130	149	-0.43053
147	149	-2.3708
148	149	-2.2223
12	150	3.4129
13	150	2.7301
14	150	4.314
15	150	3.5811
20	150	3.9699
21	150	2.9482
26	150	3.5786
47	150	3.3651
49	150	3.5235
53	150	3.1361
54	150	2.9406
76	150	2.3789
78	150	2.2049
79	150	2.1282
84	150	2.3284
106	150	-0.69908
110	150	-0.56824
115	150	-1.2027
116	150	-0.59375
130	150	-1.1494
147	150	-2.4825
148	150	-2.0589
20	151	6.4011
26	151	6.339
34	151	5.2391
42	151	5.6949
76	151	3.684
78	151	3.7287
79	151	3.8026
81	151	5.2997
82	151	5.6558
84	151	3.5291
86	151	5.5051
87	151	5.6368
106	151	2.4625
110	151	2.4066
115	151	2.1247
116	151	2.186
117	151	3.7291
122	151	4.206
130	151	1.9196
offset
60
