91
detection	body_part	cost
1	3	-1.2534
2	11	9.2102
3	9	1.3744
4	11	9.2102
5	3	-4.4656
6	4	-3.073
7	9	0.083462
8	11	9.2102
9	9	-1.8772
10	11	9.2102
11	11	9.2102
12	10	-0.063723
13	4	1.0975
14	11	9.2102
15	9	-0.65517
16	1	-0.63766
17	11	9.2102
18	11	9.2102
19	11	9.2102
20	11	9.2102
21	11	9.2102
22	1	-5.7991
23	6	-0.66752
24	5	1.0565
25	7	1.1327
26	7	0.23546
27	11	9.2102
28	11	9.2102
29	5	-0.51345
30	12	-2.2777
31	11	9.2102
32	11	9.2102
33	6	-2.466
34	7	-2.07
35	11	9.2102
36	11	9.2102
37	11	9.2102
38	6	1.1222
39	5	-2.2498
40	5	-2.175
41	7	-0.32703
42	2	-5.3739
43	5	-1.2571
44	5	-0.14125
45	11	9.2102
46	11	9.2102
47	11	9.2102
48	13	-2.5151
49	11	9.2102
50	5	-0.96731
51	4	0.0091555
52	8	0.30864
53	8	0.57722
54	13	-0.82554
55	4	-1.2513
56	5	-1.5704
57	4	-1.1309
58	4	-0.5022
59	8	-0.12926
60	8	-3.2317
61	3	-3.5932
62	11	9.2102
63	3	-1.7276
64	3	-4.2931
65	4	0.22912
66	11	9.2102
67	2	1.2385
68	11	9.2102
69	11	9.2102
70	11	9.2102
71	9	-0.40266
72	11	9.2102
73	11	9.2102
74	10	-3.075
75	11	9.2102
76	9	-2.7985
77	2	-6.7277
78	1	-6.8268
79	11	9.2102
80	11	9.2102
81	12	-3.3229
82	11	9.2102
83	6	-4.9212
84	6	-5.5185
85	7	0.64133
86	13	0.40094
87	13	-2.3646
88	7	-4.565
89	11	9.2102
90	8	-1.8303
91	8	-4.644
detection1	detection2	cost
2	4	11.4286
1	5	-4.8231
3	7	0.30445
2	8	17.1798
4	8	-1.5143
3	9	-3.2674
7	9	-1.5143
2	10	11.8034
4	10	-3.7143
8	10	-1.5143
2	11	13.6628
4	11	-3.2674
8	11	-3.2674
10	11	-5.6071
6	13	-3.2674
2	14	-1.5143
4	14	10.4572
8	14	15.5276
10	14	9.6406
11	14	11.523
3	15	-1.5143
7	15	2.6933
9	15	-3.2674
2	17	3.2076
4	17	6.1496
8	17	10.4572
10	17	4.4715
11	17	6.2802
14	17	-1.5143
2	18	21.885
4	18	4.6202
8	18	-0.67521
10	18	2.6933
11	18	0.96511
14	18	19.0675
17	18	13.3214
2	19	13.6628
4	19	31.5222
8	19	36.6892
10	19	30.7807
11	19	32.6536
14	19	13.6628
17	19	19.0675
18	19	39.8593
2	20	2.6933
4	20	10.3572
8	20	14.6553
10	20	8.6726
11	20	10.4572
14	20	-3.2674
17	20	-3.2674
18	20	17.1798
19	20	15.2143
2	21	15.3715
4	21	2.1517
8	21	0.96511
10	21	-1.5143
11	21	-1.8214
14	21	11.8034
17	21	5.8845
18	21	0.30445
19	21	32.25
20	21	9.5357
16	22	-3.7143
25	26	-1.8214
2	27	4.4715
4	27	11.4286
8	27	15.3715
10	27	9.4302
11	27	11.1425
14	27	-1.5143
17	27	-2.1462
18	27	17.3966
19	27	15.293
20	27	-5.6071
21	27	9.6406
2	28	11.4286
4	28	4.4715
8	28	5.8845
10	28	0.96511
11	28	1.9643
14	28	6.9156
17	28	0.96511
18	28	6.2802
19	28	26.624
20	28	4.0138
21	28	-1.5143
27	28	3.8571
24	29	-3.2674
2	31	21.3932
4	31	38.5941
8	31	43.4667
10	31	37.4927
11	31	39.3267
14	31	20.6393
17	31	25.5573
18	31	46.0381
19	31	0.53071
20	31	21.4551
21	31	38.2821
27	31	21.1441
28	31	32.4299
2	32	19.7992
4	32	36.8106
8	32	41.6414
10	32	35.6638
11	32	37.4927
14	32	18.8644
17	32	23.7178
18	32	44.1649
19	32	-0.67521
20	32	19.6016
21	32	36.4045
27	32	19.269
28	32	30.546
31	32	-5.6071
23	33	-3.7143
25	34	-2.1462
26	34	-3.2674
2	35	8.6726
4	35	12.6213
8	35	15.6053
10	35	9.9513
11	35	11.4286
14	35	2.6933
17	35	0.30445
18	35	16.443
19	35	17.7539
20	35	-1.5143
21	35	8.6726
27	35	-3.2674
28	35	2.6933
31	35	22.7857
32	35	20.8929
2	36	24.6786
4	36	10.3572
8	36	6.2802
10	36	7.2837
11	36	6.1496
14	36	20.6393
17	36	14.6553
18	36	0.071429
19	36	40.1609
20	36	17.7539
21	36	1.9643
27	36	17.3966
28	36	6.2802
31	36	45.5
32	36	43.6071
35	36	15.2143
2	37	24.0034
4	37	41.0177
8	37	45.8033
10	37	39.8214
11	37	41.6414
14	37	23.08
17	37	27.8615
18	37	48.2028
19	37	3.2076
20	37	23.7178
21	37	40.4233
27	37	23.3135
28	37	34.5282
31	37	-4.8231
32	37	-3.2674
35	37	24.7342
36	37	47.4255
23	38	-0.67521
33	38	-3.2674
24	39	-1.5143
29	39	-3.2674
24	40	-0.67521
29	40	-3.7143
39	40	-5.6071
25	41	1.9643
26	41	-1.5143
34	41	-3.2674
24	43	0.30445
29	43	-1.5143
39	43	-5.6071
40	43	-4.8231
24	44	1.9643
29	44	-1.5143
39	44	-3.2674
40	44	-4.8231
43	44	-3.7143
2	45	11.8034
4	45	22.0674
8	45	25.6115
10	45	19.7992
11	45	21.3932
14	45	6.9156
17	45	8.5614
18	45	26.624
19	45	10.3572
20	45	4.6202
21	45	18.8644
27	45	3.2076
28	45	12.8867
31	45	13.6628
32	45	11.8034
35	45	2.6933
36	45	24.9005
37	45	15.293
2	46	11.8034
4	46	16.7404
8	46	19.4026
10	46	13.9152
11	46	15.293
14	46	5.8845
17	46	4.4715
18	46	19.6016
19	46	17.1071
20	46	1.9643
21	46	11.9882
27	46	0.071429
28	46	6.1496
31	46	21.1441
32	46	19.269
35	46	-3.2674
36	46	17.3966
37	46	22.8448
45	46	0.071429
2	47	29.2526
4	47	45.9376
8	47	50.5648
10	47	44.5794
11	47	46.3717
14	47	28.0636
17	47	32.6089
18	47	52.6559
19	47	8.5614
20	47	28.4144
21	47	44.8538
27	47	27.8615
28	47	38.904
31	47	0.53071
32	47	1.9643
35	47	28.9098
36	47	51.4527
37	47	-2.1462
45	47	19.0675
46	47	26.624
2	49	20.8929
4	49	35.0367
8	49	39.0581
10	49	33.1414
11	49	34.8256
14	49	17.9658
17	49	21.3932
18	49	40.3859
19	49	5.8845
20	49	17.1798
21	49	32.6089
27	49	16.2174
28	49	26.624
31	49	3.2076
32	49	1.9643
35	49	16.443
36	49	38.5552
37	49	3.5372
45	49	6.2802
46	49	13.6628
47	49	5.8845
24	50	4.0138
29	50	2.1517
39	50	-1.8214
40	50	-1.5143
43	50	-3.7143
44	50	-2.1462
6	51	13.4073
13	51	9.9513
52	53	3.8571
48	54	-4.8231
6	55	15.2143
13	55	11.523
51	55	-4.8231
24	56	6.2802
29	56	3.8571
39	56	0.30445
40	56	0.071429
43	56	-1.5143
44	56	-1.5143
50	56	-4.8231
6	57	15.5276
13	57	12.262
51	57	-4.8231
55	57	-3.7143
6	58	16.443
13	58	13.6628
51	58	-1.5143
55	58	0.071429
57	58	-3.7143
52	59	4.0138
53	59	-5.6071
52	60	7.7607
53	60	-3.2674
59	60	-3.7143
1	61	19
5	61	17.1798
2	62	31.3382
4	62	20.6393
8	62	17.3966
10	62	17.1071
11	62	16.443
14	62	26.2014
17	62	20.6393
18	62	11.4286
19	62	42.7945
20	62	22.4287
21	62	11.1425
27	62	21.3932
28	62	12.6213
31	62	46.7032
32	62	44.8538
35	62	17.8953
36	62	3.8571
37	62	48.2028
45	62	25.5573
46	62	18.2456
47	62	51.4527
49	62	38.086
1	63	21.1441
5	63	19.0675
61	63	-3.2674
1	64	20.8929
5	64	19.0675
61	64	-5.6071
63	64	-3.7143
6	65	19
13	65	15.293
51	65	-1.5143
55	65	-3.7143
57	65	-2.1462
58	65	0.96511
2	66	32.6536
4	66	22.4287
8	66	19.269
10	66	18.8644
11	66	18.2456
14	66	27.4026
17	66	21.9459
18	66	13.3214
19	66	43.4667
20	66	23.5452
21	66	12.8867
27	66	22.4287
28	66	14.0819
31	66	47.1311
32	66	45.2968
35	66	18.7964
36	66	5.75
37	66	48.5554
45	66	26.0415
46	66	18.8644
47	66	51.665
49	66	38.2821
62	66	-5.6071
42	67	4.0138
2	68	32.7427
4	68	47.0983
8	68	50.9645
10	68	45.0928
11	68	46.7362
14	68	30.0721
17	68	33.4488
18	68	51.9068
19	68	14.6553
20	68	29.2526
21	68	44.1996
27	68	28.2144
28	68	38.243
31	68	7.7607
32	68	8.1089
35	68	28.0636
36	68	49.4432
37	68	5.75
45	68	17.8953
46	68	24.8452
47	68	2.6933
49	68	4.6202
62	68	47.5232
66	68	47.4255
2	69	25.5573
4	69	36.6892
8	69	39.8214
10	69	34.1859
11	69	35.6638
14	69	21.3932
17	69	23.3135
18	69	39.9349
19	69	14.0819
20	69	19.4026
21	69	32.4299
27	69	17.9658
28	69	26.624
31	69	11.4286
32	69	10.3572
35	69	16.7404
36	69	36.8106
37	69	11.2383
45	69	7.2837
46	69	12.9744
47	69	11.9882
49	69	0.96511
62	69	34.3146
66	69	34.1859
68	69	5.75
2	70	23.0214
4	70	30.3571
8	70	32.6536
10	70	27.4026
11	70	28.663
14	70	17.7539
17	70	17.8953
18	70	31.8878
19	70	18.2456
20	70	14.6553
21	70	24.7342
27	70	12.8867
28	70	19.269
31	70	18.2456
32	70	16.7404
35	70	10.3572
36	70	28.0636
37	70	18.7964
45	70	3.8571
46	70	6.1496
47	70	20.6393
49	70	7.7607
62	70	24.9005
66	70	24.7342
68	70	15.2143
69	70	1.9643
3	71	23.7178
7	71	20.8929
9	71	19.6016
15	71	18.8644
2	72	23.7178
4	72	24.8452
8	72	25.6115
10	72	21.3311
11	72	22.1279
14	72	17.7539
17	72	15.2143
18	72	23.3135
19	72	26.2014
20	72	13.6628
21	72	17.1798
27	72	11.8034
28	72	12.8867
31	72	28.0636
32	72	26.3605
35	72	7.7607
36	72	18.2456
37	72	29.0571
45	72	8.5614
46	72	4.4715
47	72	31.5222
49	72	18.2456
62	72	13.6628
66	72	13.4073
68	72	26.5714
69	72	13.3214
70	72	3.8571
2	73	26.3605
4	73	23.0214
8	73	22.4287
10	73	19.269
11	73	19.6016
14	73	20.4477
17	73	16.443
18	73	18.7964
19	73	32.4299
20	73	16.2174
21	73	14.0819
27	73	14.5743
28	73	11.4286
31	73	35.0367
32	73	33.2734
35	73	10.3572
36	73	12.6213
37	73	36.2
45	73	14.5743
46	73	8.5614
47	73	38.904
49	73	25.5573
62	73	6.2802
66	73	5.8845
68	73	34.1429
69	73	20.8929
70	73	11.4286
72	73	0.071429
12	74	19.6016
2	75	28.9098
4	75	40.7586
8	75	43.9913
10	75	38.3212
11	75	39.8214
14	75	25.0659
17	75	27.2998
18	75	44.1649
19	75	15.293
20	75	23.3135
21	75	36.6486
27	75	21.9459
28	75	30.8274
31	75	11.1425
32	75	10.4572
35	75	20.8929
36	75	41.0177
37	75	10.3572
45	75	11.2383
46	75	17.1798
47	75	9.9513
49	75	1.9643
62	75	38.2821
66	75	38.086
68	75	2.1517
69	75	-3.2674
70	75	5.8845
72	75	17.1798
73	75	24.7342
3	76	26.624
7	76	23.0214
9	76	22.4287
15	76	22.1279
71	76	-3.2674
42	77	7.6429
67	77	-3.2674
16	78	20.9559
22	78	17.1798
2	79	31.5222
4	79	31.5222
8	79	31.5222
10	79	27.8615
11	79	28.4144
14	79	25.5573
17	79	22.8448
18	79	28.2144
19	79	32.6536
20	79	21.4551
21	79	23.08
27	79	19.6016
28	79	19.6016
31	79	33.4488
32	79	31.8878
35	79	15.5276
36	79	22.0674
37	79	34.0567
45	79	15.6053
46	79	12.262
47	79	35.7467
49	79	23.0214
62	79	14.5743
66	79	13.6628
68	79	29.2526
69	79	16.443
70	79	7.7607
72	79	0.30445
73	79	1.9643
75	79	19.6016
2	80	40.2736
4	80	52.864
8	80	56.1011
10	80	50.4412
11	80	51.9369
14	80	36.8511
17	80	39.3649
18	80	56.1293
19	80	23.7178
20	80	35.3305
21	80	48.6831
27	80	34.0136
28	80	42.9012
31	80	17.1798
32	80	17.3966
35	80	33.0089
36	80	52.6559
37	80	15.2143
45	80	23.3135
46	80	29.2526
47	80	11.8034
49	80	11.9882
62	80	48.9694
66	80	48.5554
68	80	1.9643
69	80	8.783
70	80	17.1071
72	80	27.8615
73	80	35.2048
75	80	4.6202
79	80	28.5141
30	81	20.6393
2	82	35.7467
4	82	32.295
8	82	31.1069
10	82	28.5141
11	82	28.663
14	82	29.785
17	82	26.0415
18	82	26.624
19	82	39.5176
20	82	25.5573
21	82	23.0214
27	82	23.8324
28	82	20.9559
31	82	40.8698
32	82	39.2501
35	82	19.6016
36	82	19.6016
37	82	41.605
45	82	21.9459
46	82	17.1798
47	82	43.4667
49	82	30.593
62	82	9.9513
66	82	8.5614
68	82	37.0526
69	82	24.2301
70	82	15.3715
72	82	5.8845
73	82	2.1517
75	82	27.4026
79	82	0.30445
80	82	36.0357
23	83	23.3135
33	83	19.6016
38	83	17.1798
23	84	23.0214
33	84	19.269
38	84	17.1071
83	84	-5.6071
25	85	23.3135
26	85	24.8452
34	85	20.6393
41	85	20.4477
48	86	13.4073
54	86	11.8034
48	87	15.293
54	87	13.3214
86	87	-3.2674
25	88	27.0414
26	88	28.4144
34	88	24.2301
41	88	23.8324
85	88	-3.7143
2	89	39.8214
4	89	43.4667
8	89	44.1649
10	89	39.9726
11	89	40.7586
14	89	34.1859
17	89	32.9647
18	89	41.3489
19	89	34.8256
20	89	30.546
21	89	35.7053
27	89	28.663
28	89	31.5222
31	89	33.0089
32	89	31.8878
35	89	25.1758
36	89	35.414
37	89	32.7427
45	89	21.1441
46	89	21.1441
47	89	32.7427
49	89	22.4287
62	89	27.7092
66	89	26.624
68	89	24.0034
69	89	14.0819
70	89	9.9513
72	89	11.1425
73	89	15.293
75	89	15.293
79	89	5.8845
80	89	20.0604
82	89	11.1425
52	90	21.4551
53	90	21.4551
59	90	19.6016
60	90	20.6393
52	91	21.885
53	91	21.1441
59	91	19.269
60	91	20.0604
90	91	-5.6071
1	6	-1.2357
5	6	-1.9134
2	12	5.7583
3	12	-1.2464
4	12	3.7952
7	12	-1.9062
8	12	3.0033
9	12	-2.0284
10	12	4.7188
11	12	3.7021
1	13	-0.32048
5	13	-1.4296
12	14	6.3609
12	15	-1.5796
1	16	-1.7647
2	16	-0.35855
3	16	-1.4596
4	16	-0.88601
5	16	-2.0528
6	16	-1.2539
7	16	-1.5323
8	16	-1.0001
9	16	-1.6028
10	16	-0.88036
11	16	-0.9573
12	16	-1.509
13	16	-1.1007
14	16	0.1292
15	16	-1.4952
12	17	6.3887
16	17	0.04631
12	18	2.9358
16	18	-0.70877
12	19	7.1629
16	19	2.9625
12	20	6.7353
16	20	0.68571
12	21	3.8958
16	21	-0.49265
1	22	-2.214
2	22	0.25575
3	22	-2.0515
4	22	-0.84789
5	22	-2.3675
6	22	-2.134
7	22	-1.8846
8	22	-1.1811
9	22	-1.9035
10	22	-1.0263
11	22	-1.0523
12	22	-1.8549
13	22	-2.0868
14	22	-0.43274
15	22	-1.6571
17	22	-0.50788
18	22	-1.0477
19	22	0.41372
20	22	0.093935
21	22	-0.90252
16	23	-1.0285
22	23	-1.9155
6	24	-2.1559
13	24	-1.486
16	24	-0.0010735
22	24	-0.72948
16	25	-1.0114
22	25	-1.6867
23	25	-1.1468
16	26	-1.1309
22	26	-1.8533
23	26	-1.1788
12	27	6.8131
16	27	0.86915
22	27	0.29159
12	28	5.6611
16	28	0.030033
22	28	-0.41351
6	29	-1.8468
13	29	-1.2004
16	29	-0.074389
22	29	-0.5935
16	30	-1.6291
22	30	-1.9182
12	31	6.4811
16	31	6.1208
22	31	6.6677
12	32	6.994
16	32	5.7294
22	32	5.764
16	33	-1.8299
22	33	-2.5727
25	33	-0.72905
26	33	-0.99708
16	34	-1.4958
22	34	-2.0445
23	34	-1.9724
33	34	-1.8888
12	35	6.6702
16	35	1.3211
22	35	0.82779
12	36	2.7759
16	36	-0.18649
22	36	-0.49771
12	37	6.1051
16	37	6.2147
22	37	6.7531
16	38	-1.8162
22	38	-1.8145
25	38	-0.75828
26	38	-0.93748
34	38	-1.6271
6	39	-2.0659
13	39	-1.7761
16	39	-0.22526
22	39	-0.71579
6	40	-2.0012
13	40	-1.6721
16	40	0.06016
22	40	-0.37161
16	41	-1.7182
22	41	-1.8372
23	41	-2.1538
33	41	-2.0582
38	41	-1.7977
16	42	-2.1639
22	42	-2.3942
6	43	-1.9481
13	43	-1.7477
16	43	0.56404
22	43	-0.09296
6	44	-1.3355
13	44	-1.8151
16	44	0.72974
22	44	0.36366
12	45	7.4736
16	45	2.7289
22	45	2.2189
12	46	6.3907
16	46	1.9781
22	46	1.5304
12	47	6.9464
16	47	6.4881
22	47	6.943
16	48	-1.6547
22	48	-1.3156
30	48	-2.2535
12	49	7.7403
16	49	5.3149
22	49	5.0787
6	50	-1.405
13	50	-1.3198
16	50	2.2679
22	50	1.8169
1	51	2.4171
5	51	2.3541
16	51	3.8624
22	51	3.7549
24	51	5.5114
29	51	4.495
39	51	5.0602
40	51	4.0813
43	51	4.8901
44	51	2.5664
50	51	4.4453
16	52	-0.97061
22	52	-1.5611
25	52	-0.11536
26	52	0.055825
34	52	0.6158
41	52	0.89145
16	53	-2.0238
22	53	-1.7255
25	53	-2.2673
26	53	-2.0961
34	53	-2.2103
41	53	-1.15
16	54	-1.4225
22	54	-1.3284
30	54	-1.6704
1	55	2.8123
5	55	2.7776
16	55	4.3783
22	55	4.3635
24	55	4.1522
29	55	3.1826
39	55	3.4006
40	55	2.7813
43	55	3.0727
44	55	1.6976
50	55	1.8483
6	56	-0.75882
13	56	-1.106
16	56	2.0018
22	56	1.5837
51	56	-1.85
55	56	-0.54085
1	57	2.2814
5	57	2.2343
16	57	3.7232
22	57	3.652
24	57	5.3955
29	57	4.7564
39	57	5.1878
40	57	4.6491
43	57	5.0923
44	57	3.4447
50	57	4.5385
56	57	3.7418
1	58	1.8774
5	58	1.8303
16	58	3.1461
22	58	3.047
24	58	3.4061
29	58	3.9529
39	58	2.9875
40	58	3.4818
43	58	2.5015
44	58	3.471
50	58	1.1177
56	58	1.0301
16	59	-2.1097
22	59	-1.743
25	59	-2.1023
26	59	-2.0165
34	59	-2.0516
41	59	-1.3584
16	60	-1.3052
22	60	-0.84525
25	60	-1.6483
26	60	-2.1002
34	60	-1.8703
41	60	-2.0738
6	61	2.484
13	61	2.9428
16	61	4.9466
22	61	4.7521
51	61	-1.8571
55	61	-2.1604
57	61	-2.4497
58	61	-2.2482
12	62	4.3464
16	62	1.7276
22	62	1.4942
6	63	2.1621
13	63	2.5836
16	63	5.6759
22	63	5.5885
51	63	-1.9347
55	63	-2.3751
57	63	-2.2492
58	63	-1.9572
6	64	2.3234
13	64	2.7712
16	64	4.9249
22	64	4.7482
51	64	-1.4624
55	64	-1.7907
57	64	-1.9786
58	64	-1.7638
1	65	2.3759
5	65	2.3532
16	65	4.2591
22	65	4.3254
24	65	2.8782
29	65	2.1272
39	65	2.3387
40	65	1.8761
43	65	2.1117
44	65	1.0434
50	65	1.5915
56	65	0.038135
61	65	-1.3277
63	65	-1.5794
64	65	-1.4162
12	66	4.2389
16	66	1.7833
22	66	1.5553
16	67	1.2989
22	67	1.4223
12	68	7.6472
16	68	6.5228
22	68	6.6306
12	69	7.3549
16	69	4.6214
22	69	4.4486
12	70	6.3445
16	70	3.5698
22	70	3.3042
12	71	2.0143
16	71	2.7603
22	71	2.5615
12	72	5.2068
16	72	2.687
22	72	2.4108
12	73	4.4928
16	73	2.2917
22	73	2.0316
2	74	4.7871
3	74	2.893
4	74	2.2845
7	74	2.5234
8	74	1.0591
9	74	2.8584
10	74	2.1798
11	74	0.98843
14	74	4.9054
15	74	3.2792
16	74	1.9153
17	74	4.6318
18	74	2.0071
19	74	7.2839
20	74	4.9952
21	74	4.3299
22	74	1.6621
27	74	5.1744
28	74	4.3692
31	74	6.6703
32	74	7.0569
35	74	5.3256
36	74	1.9787
37	74	6.3743
45	74	6.2548
46	74	5.9518
47	74	7.0749
49	74	6.4311
62	74	-1.5028
66	74	-1.5316
68	74	7.5778
69	74	7.5178
70	74	6.8487
71	74	-1.8534
72	74	6.2331
73	74	5.9011
12	75	7.5983
16	75	5.2113
22	75	5.1229
74	75	7.7839
12	76	1.8247
16	76	3.0463
22	76	2.8645
74	76	-2.1727
16	77	0.88802
22	77	1.068
1	78	-0.02837
2	78	2.6691
3	78	1.63
4	78	1.6297
5	78	-0.16664
6	78	1.0374
7	78	1.9345
8	78	1.3478
9	78	1.7145
10	78	1.5472
11	78	1.4941
12	78	1.2327
13	78	1.4938
14	78	2.1191
15	78	1.6193
17	78	1.7171
18	78	0.86406
19	78	3.7502
20	78	1.6418
21	78	1.1329
23	78	3.3405
24	78	1.8887
25	78	3.6444
26	78	3.2946
27	78	1.5604
28	78	1.142
29	78	1.3573
30	78	2.1397
31	78	4.7719
32	78	4.3413
33	78	3.6309
34	78	3.3906
35	78	1.005
36	78	0.4298
37	78	5.3115
38	78	4.287
39	78	1.5396
40	78	1.0248
41	78	3.2047
42	78	2.5411
43	78	0.91138
44	78	-0.014717
45	78	1.3095
46	78	0.6714
47	78	6.337
48	78	1.3798
49	78	2.2268
50	78	-1.3404
51	78	-1.9644
52	78	4.2281
53	78	3.0597
54	78	1.2469
55	78	-2.1946
56	78	-1.3933
57	78	-2.2085
58	78	-1.7602
59	78	3.0068
60	78	3.251
61	78	-2.268
62	78	-1.3352
63	78	-2.0293
64	78	-2.4285
65	78	-1.7404
66	78	-1.4152
67	78	-1.2007
68	78	5.6269
69	78	1.0801
70	78	-0.0024714
71	78	-1.9119
72	78	-0.76039
73	78	-1.2317
74	78	-1.6594
75	78	1.1211
76	78	-1.9319
77	78	-2.4926
12	79	3.9775
16	79	3.1153
22	79	2.9082
74	79	4.2835
78	79	-0.7849
12	80	7.8525
16	80	6.4239
22	80	6.4803
74	80	7.8234
78	80	6.1604
16	81	2.5342
22	81	2.4209
48	81	1.8146
54	81	1.7831
78	81	-1.9446
12	82	4.3882
16	82	2.8127
22	82	2.6179
74	82	3.4597
78	82	-0.77899
16	83	0.28785
22	83	0.52111
25	83	3.3332
26	83	3.1358
34	83	3.027
41	83	2.9009
78	83	-2.153
16	84	0.51386
22	84	0.72683
25	84	3.5582
26	84	3.3502
34	84	3.2548
41	84	3.1246
78	84	-2.2157
16	85	1.8563
22	85	1.7981
23	85	2.6054
33	85	2.7629
38	85	2.4246
52	85	4.5508
53	85	3.879
59	85	3.6672
60	85	3.5576
78	85	-1.4278
83	85	-1.1842
84	85	-0.97577
16	86	1.5972
22	86	1.3922
30	86	1.3609
78	86	-1.5378
81	86	-1.8628
16	87	1.7283
22	87	1.5279
30	87	1.695
78	87	-1.6188
81	87	-2.113
16	88	1.5451
22	88	1.5008
23	88	2.5091
33	88	2.679
38	88	2.4
52	88	4.5971
53	88	4.0791
59	88	3.8919
60	88	3.7908
78	88	-1.7368
83	88	-2.3254
84	88	-2.2847
12	89	5.8495
16	89	4.1644
22	89	4.0388
74	89	5.346
78	89	0.75685
16	90	1.3784
22	90	1.1225
25	90	0.98848
26	90	0.61706
34	90	1.0147
41	90	0.63882
78	90	-1.9192
85	90	-1.2482
88	90	-1.8342
16	91	1.2514
22	91	0.98385
25	91	0.85737
26	91	0.46672
34	91	0.86689
41	91	0.46851
78	91	-1.867
85	91	-1.6592
88	91	-2.3213
offset
60
