152
detection	body_part	cost
1	14	0.58995
2	10	-0.51379
3	14	-0.27611
4	4	-2.3196
5	13	-1.4754
6	13	-2.0077
7	3	-4.0514
8	5	-0.91383
9	5	-0.55309
10	4	-0.86474
11	4	-0.61111
12	13	-0.33997
13	2	-5.06
14	3	-2.5796
15	8	-0.7299
16	9	-2.0302
17	9	-1.526
18	11	0.98464
19	1	-5.4345
20	8	-0.59247
21	10	0.059919
22	11	0.0099613
23	12	-2.1087
24	12	-1.9822
25	6	-1.2563
26	6	-3.847
27	12	-0.51662
28	6	-1.7608
29	7	-1.4068
30	7	-2.4615
31	7	-1.4633
32	11	0.63242
33	9	-0.9526
34	9	-1.8205
35	9	-1.9387
36	6	-1.3977
37	14	0.016216
38	12	-0.74392
39	1	-4.283
40	3	-3.2152
41	12	-1.0994
42	12	-1.1472
43	11	-0.17792
44	3	-1.4157
45	11	-1.6653
46	11	0.7391
47	2	-4.3363
48	4	-2.1786
49	4	-0.65808
50	2	0.83591
51	4	-0.53119
52	8	-0.32936
53	4	-0.69491
54	4	-3.1326
55	4	-0.95044
56	2	1.2354
57	3	-1.917
58	4	-0.95352
59	1	-1.9211
60	1	-3.4157
61	5	-0.49574
62	1	-4.3211
63	1	-4.4482
64	1	-1.8445
65	5	-0.94816
66	5	-1.5549
67	5	-3.1443
68	10	-3.0375
69	10	-3.1069
70	12	-0.41923
71	5	-1.7875
72	5	-1.8963
73	6	-3.3587
74	6	-2.0519
75	7	-0.97162
76	10	0.12772
77	6	-1.9841
78	7	-1.8596
79	7	-1.9416
80	8	-0.55467
81	7	-2.9912
82	8	-2.1943
83	8	-2.911
84	4	-2.1364
85	7	-1.8046
86	8	-1.2084
87	10	-0.58851
88	10	0.40164
89	10	0.091817
90	10	-2.5585
91	11	-1.8885
92	3	-1.7451
93	9	-0.42157
94	9	-1.4824
95	10	-0.45625
96	11	0.57454
97	11	-1.3497
98	11	-2.5662
99	3	-1.5292
100	3	-1.6883
101	10	-0.64628
102	14	0.39491
103	5	-0.34161
104	5	-1.2373
105	5	-0.64953
106	1	-2.1302
107	12	-1.1735
108	11	-1.4698
109	2	-1.7874
110	13	-0.58369
111	13	-0.66778
112	14	0.84134
113	14	0.424
114	2	-2.8231
115	3	-1.5121
116	3	-1.8323
117	13	-0.404
118	2	-2.7321
119	3	-2.5716
120	14	-1.9603
121	9	-1.2726
122	9	-1.4179
123	9	-0.51172
124	14	-3.034
125	2	0.69421
126	9	-0.80066
127	13	-0.73589
128	14	-0.96376
129	2	0.94657
130	1	-3.0001
131	13	-1.0699
132	2	-0.32937
133	1	-4.7358
134	1	-2.1607
135	13	-1.6729
136	13	-1.9211
137	2	-3.9243
138	8	-0.33157
139	12	-0.59093
140	13	-0.2551
141	8	-0.23256
142	8	-1.6235
143	12	-0.79319
144	12	-1.2745
145	7	-0.58205
146	8	-0.44593
147	7	-0.57157
148	6	-1.5795
149	6	-1.2713
150	7	-1.0442
151	6	-2.3889
152	6	-1.537
detection1	detection2	cost
1	3	-4.8231
5	6	-5.6071
8	9	-5.6071
4	10	-5.6071
4	11	-4.8231
10	11	-5.6071
5	12	-4.8231
6	12	-3.2674
7	14	-4.8231
16	17	-5.6071
15	20	-5.6071
2	21	4.6202
18	22	-3.7143
23	24	-5.6071
25	26	-3.7143
23	27	-3.2674
24	27	-4.8231
25	28	-4.8231
26	28	-4.8231
29	30	-5.6071
29	31	-3.2674
30	31	-4.8231
18	32	8.783
22	32	5.8845
16	33	13.9152
17	33	12.6213
16	34	16.5921
17	34	15.293
33	34	-4.8231
16	35	17.9658
17	35	16.5921
33	35	-3.2674
34	35	-5.6071
25	36	7.2837
26	36	5.1977
28	36	4.6202
1	37	21.1441
3	37	19.0675
23	38	13.9152
24	38	12.6213
27	38	9.9513
19	39	14.0819
7	40	18.8644
14	40	16.443
23	41	14.0819
24	41	12.9744
27	41	10.3572
38	41	-4.8231
23	42	15.293
24	42	14.0819
27	42	11.4286
38	42	-5.6071
41	42	-5.6071
18	43	16.443
22	43	12.8867
32	43	2.1517
7	44	20.6393
14	44	18.2456
40	44	-5.6071
18	45	17.7539
22	45	14.0819
32	45	4.4715
43	45	-4.8231
18	46	19.0675
22	46	15.293
32	46	7.7607
43	46	-0.67521
45	46	-3.2674
13	47	20.9559
4	48	28.0636
10	48	26.3605
11	48	25.5573
4	49	29.833
10	49	28.2144
11	49	27.2482
48	49	-3.7143
13	50	23.3135
47	50	-3.2674
4	51	27.0414
10	51	25.1758
11	51	24.9005
48	51	2.1517
49	51	5.8845
15	52	24.8452
20	52	23.08
4	53	29.0571
10	53	27.2998
11	53	26.624
48	53	-4.8231
49	53	-1.5143
51	53	0.071429
4	54	30.593
10	54	28.9098
11	54	28.0636
48	54	-4.8231
49	54	-4.8231
51	54	3.8571
53	54	-3.7143
4	55	31.4763
10	55	29.833
11	55	28.9098
48	55	-3.2674
49	55	-5.6071
51	55	5.75
53	55	-1.8214
54	55	-5.6071
13	56	25.1758
47	56	-2.1462
50	56	-5.6071
7	57	26.7811
14	57	24.7342
40	57	3.5372
44	57	1.9643
4	58	28.663
10	58	26.7811
11	58	26.624
48	58	4.4715
49	58	8.1089
51	58	-4.8231
53	58	2.1517
54	58	5.8845
55	58	7.7607
19	59	26.624
39	59	6.2802
19	60	27.0414
39	60	5.75
59	60	-3.7143
8	61	33.2734
9	61	32.6089
19	62	28.663
39	62	7.7607
59	62	-4.8231
60	62	-4.8231
19	63	28.9098
39	63	7.6429
59	63	-3.2674
60	63	-5.6071
62	63	-5.6071
19	64	29.2526
39	64	7.7607
59	64	-1.5143
60	64	-4.8231
62	64	-3.7143
63	64	-5.6071
8	65	34.4002
9	65	33.8406
61	65	-4.8231
8	66	35.0367
9	66	34.4002
61	66	-5.6071
65	66	-5.6071
8	67	37.4927
9	67	36.8106
61	67	-3.2674
65	67	-3.2674
66	67	-4.8231
2	68	43.4667
21	68	32.024
2	69	44.1996
21	69	32.6089
68	69	-5.6071
23	70	28.663
24	70	28.5141
27	70	26.5714
38	70	16.2174
41	70	13.6628
42	70	14.5743
8	71	38.5941
9	71	38.0074
61	71	-1.8214
65	71	-3.2674
66	71	-3.7143
67	71	-4.8231
8	72	39.9726
9	72	39.2501
61	72	-0.67521
65	72	-0.67521
66	72	-2.1462
67	72	-4.8231
71	72	-3.7143
25	73	28.9098
26	73	28.5141
28	73	26.7811
36	73	17.3966
25	74	29.2526
26	74	28.663
28	74	27.0414
36	74	17.1798
73	74	-5.6071
29	75	27.0414
30	75	26.7811
31	75	24.7342
2	76	46.3717
21	76	35.2048
68	76	-3.2674
69	76	-2.1462
25	77	30.7807
26	77	30.4044
28	77	28.663
36	77	19.269
73	77	-5.6071
74	77	-4.8231
29	78	28.663
30	78	28.5141
31	78	26.5714
75	78	-4.8231
29	79	29.2526
30	79	28.9098
31	79	26.7811
75	79	-4.8231
78	79	-3.7143
15	80	39.8214
20	80	38.0074
52	80	7.7607
29	81	30.7807
30	81	30.546
31	81	28.5141
75	81	-3.7143
78	81	-4.8231
79	81	-4.8231
15	82	40.7586
20	82	38.904
52	82	9.6406
80	82	-3.2674
15	83	41.1652
20	83	39.3267
52	83	9.5357
80	83	-4.8231
82	83	-5.6071
4	84	56.5502
10	84	54.993
11	84	56.1011
48	84	47.6858
49	84	51.2091
51	84	38.243
53	84	45.2289
54	84	48.7787
55	84	50.5648
58	84	35.7467
29	85	32.9647
30	85	32.6536
31	85	30.546
75	85	-1.5143
78	85	-2.1462
79	85	-3.7143
81	85	-4.8231
15	86	43.4667
20	86	41.6414
52	86	11.523
80	86	-3.7143
82	86	-3.2674
83	86	-4.8231
2	87	51.1786
21	87	42.2933
68	87	14.5743
69	87	16.2174
76	87	11.1425
2	88	51.2091
21	88	42.0408
68	88	12.9744
69	88	14.5743
76	88	9.4302
87	88	-5.6071
2	89	53.337
21	89	45.2968
68	89	20.4477
69	89	22.1279
76	89	17.1071
87	89	-1.5143
88	89	0.30445
2	90	53.101
21	90	44.4761
68	90	17.1798
69	90	18.7964
76	90	13.6628
87	90	-4.8231
88	90	-3.2674
89	90	-3.7143
18	91	45.635
22	91	41.8597
32	91	32.6536
43	91	23.0214
45	91	20.9559
46	91	19.0675
7	92	58.723
14	92	58.1251
40	92	46.637
44	92	45.5338
57	92	36.6486
16	93	51.2091
17	93	51.9068
33	93	46.105
34	93	46.0381
35	93	47.3929
16	94	49.9756
17	94	50.5648
33	94	43.6422
34	94	43.4316
35	94	44.7168
93	94	-3.7143
2	95	54.993
21	95	45.8033
68	95	15.293
69	95	16.7404
76	95	11.4286
87	95	-3.2674
88	95	-3.7143
89	95	0.30445
90	95	-3.2674
18	96	47.4255
22	96	43.6422
32	96	35.6638
43	96	26.0415
45	96	23.7178
46	96	21.1441
91	96	-1.5143
18	97	47.3929
22	97	43.6071
32	97	35.2048
43	97	25.5573
45	97	23.3135
46	97	20.9559
91	97	-3.2674
96	97	-5.6071
18	98	47.5232
22	98	43.7472
32	98	34.5282
43	98	24.9005
45	98	22.8448
46	98	20.9559
91	98	-5.6071
96	98	-1.8214
97	98	-3.7143
7	99	61.323
14	99	60.7479
40	99	49.2857
44	99	48.1706
57	99	39.2501
92	99	-4.8231
7	100	60.3531
14	100	59.7164
40	100	47.7831
44	100	46.637
57	100	37.6517
92	100	-5.6071
99	100	-5.6071
2	101	56.885
21	101	48.2028
68	101	19.4026
69	101	20.8929
76	101	15.6053
87	101	-1.5143
88	101	-0.67521
89	101	-2.1462
90	101	-3.7143
95	101	-3.2674
1	102	58.8581
3	102	57.1072
37	102	31.1069
8	103	70.1994
9	103	71.2756
61	103	56.885
65	103	54.388
66	103	56.1293
67	103	57.1903
71	103	54.7632
72	103	58.3431
8	104	68.1433
9	104	69.1549
61	104	53.4547
65	104	50.9338
66	104	52.6559
67	104	53.6601
71	104	51.2091
72	104	54.7632
103	104	-3.7143
8	105	70.7508
9	105	71.7743
61	105	55.9884
65	105	53.4547
66	105	55.1647
67	105	56.1293
71	105	53.6601
72	105	57.1903
103	105	-4.8231
104	105	-4.8231
19	106	62.7655
39	106	48.7787
59	106	36.8511
60	106	39.8214
62	106	37.173
63	106	38.7105
64	106	40.2736
23	107	54.156
24	107	54.7632
27	107	53.6601
38	107	47.7831
41	107	45.1269
42	107	46.3051
70	107	24.6229
18	108	56.885
22	108	53.101
32	108	44.1649
43	108	34.5282
45	108	32.4299
46	108	30.3571
91	108	4.0138
96	108	2.6933
97	108	2.1517
98	108	2.1517
13	109	69.5511
47	109	47.3929
50	109	48.7787
56	109	47.5232
5	110	64.826
6	110	65.0485
12	110	62.7655
5	111	64.6524
6	111	64.826
12	111	62.638
110	111	-5.6071
1	112	70.1302
3	112	68.2143
37	112	41.7507
102	112	5.1977
1	113	70.1994
3	113	68.2379
37	113	41.7143
102	113	6.1496
112	113	-5.6071
13	114	71.2301
47	114	48.7787
50	114	50.069
56	114	48.7787
109	114	-5.6071
7	115	64.4535
14	115	62.5357
40	115	40.4233
44	115	38.5552
57	115	30.4044
92	115	31.5222
99	115	32.6089
100	115	30.8274
7	116	64.5281
14	116	62.5613
40	116	40.1609
44	116	38.2821
57	116	30.3571
92	116	33.2734
99	116	34.4002
100	116	32.6089
115	116	-5.6071
5	117	66.5395
6	117	66.7087
12	117	64.5281
110	117	-4.8231
111	117	-5.6071
13	118	72.9186
47	118	50.1933
50	118	51.3919
56	118	50.069
109	118	-3.7143
114	118	-5.6071
7	119	66.3457
14	119	64.4286
40	119	42.2933
44	119	40.4233
57	119	32.295
92	119	32.295
99	119	33.2734
100	119	31.5222
115	119	-5.6071
116	119	-4.8231
1	120	74.2443
3	120	72.2025
37	120	45.635
102	120	11.4286
112	120	-0.67521
113	120	-2.1462
16	121	66.5395
17	121	66.4184
33	121	51.9369
34	121	50.4103
35	121	50.8111
93	121	25.0659
94	121	22.0674
16	122	66.7087
17	122	66.5395
33	122	51.665
34	122	50.069
35	122	50.4103
93	122	26.624
94	122	23.5452
121	122	-5.6071
16	123	67.1899
17	123	66.9256
33	123	51.3006
34	123	49.5689
35	123	49.7883
93	123	29.833
94	123	26.624
121	123	-1.8214
122	123	-3.7143
1	124	76.1292
3	124	74.0907
37	124	47.5232
102	124	12.9744
112	124	0.53071
113	124	-0.67521
120	124	-5.6071
13	125	76.3217
47	125	53.101
50	125	54.127
56	125	52.7452
109	125	0.071429
114	125	-1.8214
118	125	-3.7143
16	126	68.4269
17	126	68.3089
33	126	53.8064
34	126	52.2675
35	126	52.6559
93	126	26.2014
94	126	23.3135
121	126	-5.6071
122	126	-4.8231
123	126	-1.5143
5	127	72.0225
6	127	72.0901
12	127	70.1071
110	127	1.9643
111	127	0.96511
117	127	-0.67521
1	128	78.4324
3	128	76.3217
37	128	49.7883
102	128	16.7404
112	128	4.6202
113	128	3.2076
120	128	-2.1462
124	128	-3.2674
13	129	70.1994
47	129	42.0408
50	129	40.7586
56	129	38.904
109	129	26.0415
114	129	25.5573
118	129	25.1758
125	129	24.7342
19	130	68.4269
39	130	47.3929
59	130	34.3146
60	130	34.1429
62	130	32.295
63	130	32.25
64	130	32.295
106	130	32.6089
5	131	73.9149
6	131	73.9808
12	131	72
110	131	3.5372
111	131	2.6933
117	131	0.96511
127	131	-5.6071
13	132	72.0901
47	132	43.9217
50	132	42.6161
56	132	40.7586
109	132	26.624
114	132	26.0415
118	132	25.5573
125	132	24.9005
129	132	-5.6071
19	133	70.3146
39	133	49.2857
59	133	36.2
60	133	36.0357
62	133	34.1859
63	133	34.1429
64	133	34.1859
106	133	33.2734
130	133	-5.6071
19	134	70.4756
39	134	49.3173
59	134	36.4045
60	134	36.0768
62	134	34.3146
63	134	34.1859
64	134	34.1429
106	134	35.0367
130	134	-4.8231
133	134	-5.6071
5	135	75.7857
6	135	75.8072
12	135	73.9149
110	135	6.1496
111	135	5.1977
117	135	3.5372
127	135	-3.2674
131	135	-4.8231
5	136	75.8072
6	136	75.7857
12	136	73.9808
110	136	7.2837
111	136	6.1496
117	136	4.6202
127	136	-2.1462
131	136	-3.2674
135	136	-5.6071
13	137	73.8929
47	137	45.5338
50	137	43.9217
56	137	42.0408
109	137	30.8274
114	137	30.2149
118	137	29.6887
125	137	28.9098
129	137	-2.1462
132	137	-3.2674
15	138	74.2443
20	138	72.3597
52	138	43.7472
80	138	28.9098
82	138	26.624
83	138	26.7811
86	138	25.1758
23	139	68.4269
24	139	68.3089
27	139	66.3457
38	139	53.8064
41	139	51.665
42	139	51.9369
70	139	32.295
107	139	22.4287
5	140	77.6786
6	140	77.6996
12	140	75.8072
110	140	7.7607
111	140	6.9156
117	140	5.1977
127	140	-1.5143
131	140	-3.2674
135	140	-5.6071
136	140	-4.8231
15	141	76.1292
20	141	74.2443
52	141	45.635
80	141	30.7807
82	141	28.5141
83	141	28.663
86	141	27.0414
138	141	-5.6071
15	142	76.3217
20	142	74.4413
52	142	45.5338
80	142	30.546
82	142	28.4643
83	142	28.5141
86	142	26.7811
138	142	-4.8231
141	142	-5.6071
23	143	70.3146
24	143	70.1994
27	143	68.2379
38	143	55.6772
41	143	53.5428
42	143	53.8064
70	143	34.1859
107	143	23.5452
139	143	-5.6071
23	144	70.4756
24	144	70.3146
27	144	68.3089
38	144	55.4215
41	144	53.337
42	144	53.5428
70	144	34.3146
107	144	25.0659
139	144	-4.8231
143	144	-5.6071
29	145	69.3649
30	145	69.0613
31	145	66.9256
75	145	34.8256
78	145	33.3612
79	145	32.6536
81	145	31.1069
85	145	28.9098
15	146	78.4324
20	146	76.5565
52	146	47.3929
80	146	32.295
82	146	30.4044
83	146	30.3571
86	146	28.5141
138	146	-2.1462
141	146	-3.2674
142	146	-4.8231
29	147	69.7137
30	147	69.3649
31	147	67.1899
75	147	35.2048
78	147	33.8406
79	147	32.9647
81	147	31.5222
85	147	29.2526
145	147	-5.6071
25	148	72.3597
26	148	72.0901
28	148	70.3146
36	148	60.6691
73	148	36.0768
74	148	36.0357
77	148	34.1859
25	149	72.8071
26	149	72.3597
28	149	70.6821
36	149	60.6691
73	149	36.4045
74	149	36.2
77	149	34.5282
148	149	-3.7143
29	150	71.2301
30	150	70.9338
31	150	68.8035
75	150	36.6892
78	150	35.2048
79	150	34.5282
81	150	32.9647
85	150	30.7807
145	150	-5.6071
147	150	-4.8231
25	151	74.4413
26	151	74.0907
28	151	72.3597
36	151	62.5357
73	151	38.086
74	151	37.968
77	151	36.2
148	151	-4.8231
149	151	-4.8231
25	152	74.6814
26	152	74.2443
28	152	72.5614
36	152	62.5613
73	152	38.2821
74	152	38.086
77	152	36.4045
148	152	-3.2674
149	152	-5.6071
151	152	-5.6071
1	5	-1.1658
3	5	-1.7603
1	6	-0.95076
3	6	-1.5575
4	7	-2.3929
4	8	0.39192
4	9	-0.3512
7	10	-2.2129
8	10	2.1184
9	10	1.6124
7	11	-2.0584
8	11	0.78587
9	11	1.7358
1	12	-1.3367
3	12	-1.7591
4	14	-1.8157
10	14	-1.4481
11	14	-1.5905
2	16	-1.587
2	17	-2.0819
2	18	-0.90717
1	19	-0.90409
2	19	-1.2717
3	19	-1.0489
4	19	-2.1035
5	19	-1.0021
6	19	-1.009
7	19	-1.7794
8	19	-1.18
9	19	-1.395
10	19	-1.8996
11	19	-1.8361
12	19	-1.0457
13	19	-2.3269
14	19	-1.7359
15	19	-1.0954
16	19	-1.7956
17	19	-1.5551
18	19	-1.2517
19	20	-1.8645
16	21	0.18431
17	21	0.43248
18	21	-0.50044
19	21	-0.92237
2	22	-0.53655
19	22	-0.96359
21	22	-1.8665
5	23	-2.1646
6	23	-1.9308
12	23	-1.9907
19	23	-1.8986
5	24	-2.1724
6	24	-1.6801
12	24	-1.9354
19	24	-1.7906
19	25	-1.6619
19	26	-2.2341
5	27	-1.7945
6	27	-1.3214
12	27	-1.7527
19	27	-1.7779
19	28	-1.775
15	29	-0.40453
19	29	-1.5775
20	29	-0.68999
25	29	-1.3357
26	29	-0.37834
28	29	-1.1782
15	30	-0.64902
19	30	-1.9506
20	30	-0.77336
25	30	-1.6578
26	30	-0.71027
28	30	-1.4006
15	31	-0.47491
19	31	-1.7843
20	31	-0.29388
25	31	-1.1676
26	31	-0.36646
28	31	-0.77292
2	32	2.0682
19	32	1.5529
21	32	0.81643
2	33	5.2071
19	33	2.1279
21	33	4.9036
2	34	5.5455
19	34	2.0125
21	34	5.4284
2	35	5.9369
19	35	1.8691
21	35	6.2016
19	36	1.179
29	36	4.1681
30	36	3.4096
31	36	2.9331
5	37	3.3142
6	37	3.5025
12	37	3.2685
19	37	1.3576
5	38	4.4129
6	38	4.5344
12	38	4.3279
19	38	1.667
1	39	1.3248
2	39	2.509
3	39	1.2839
4	39	3.2615
5	39	2.2073
6	39	2.066
7	39	1.222
8	39	3.6985
9	39	3.7469
10	39	3.4692
11	39	3.3447
12	39	2.3893
13	39	3.1723
14	39	2.0622
15	39	4.0224
16	39	3.134
17	39	2.8094
18	39	1.3524
20	39	4.5465
21	39	1.9943
22	39	1.1556
23	39	2.9864
24	39	2.6403
25	39	2.3307
26	39	2.1438
27	39	2.389
28	39	2.3208
29	39	4.8054
30	39	4.1216
31	39	3.7122
32	39	-0.83937
33	39	-1.2062
34	39	-1.4794
35	39	-1.5701
36	39	-2.0453
37	39	-1.2854
38	39	-1.6447
4	40	4.1334
10	40	4.382
11	40	4.1002
19	40	2.5743
39	40	-2.4335
5	41	4.3687
6	41	4.3702
12	41	4.4425
19	41	1.5964
39	41	-1.7477
5	42	4.4807
6	42	4.6022
12	42	4.396
19	42	1.6049
39	42	-1.6285
2	43	3.5948
19	43	2.042
21	43	2.5842
39	43	-0.75728
4	44	4.0501
10	44	4.2967
11	44	4.0327
19	44	2.2963
39	44	-2.2716
2	45	4.0315
19	45	2.1257
21	45	3.0692
39	45	-0.6781
2	46	4.3617
19	46	1.8139
21	46	3.4827
39	46	-1.0777
19	47	3.5597
39	47	-2.2199
7	48	2.0004
8	48	5.7296
9	48	6.593
14	48	2.4845
19	48	2.5601
39	48	-2.0993
40	48	-2.4206
44	48	-2.0033
7	49	2.0097
8	49	4.5807
9	49	5.4258
14	49	2.4638
19	49	2.5645
39	49	-2.0719
40	49	-2.3188
44	49	-2.0673
19	50	4.4757
39	50	-0.2677
7	51	3.7842
8	51	5.1673
9	51	5.5911
14	51	4.3615
19	51	5.1604
39	51	1.7872
40	51	1.5003
44	51	1.2256
19	52	1.7897
29	52	1.6801
30	52	2.044
31	52	2.0714
39	52	-1.859
7	53	2.2888
8	53	6.4282
9	53	7.3007
14	53	2.7981
19	53	3.1358
39	53	-1.1846
40	53	-1.4886
44	53	-1.932
7	54	1.9194
8	54	4.7085
9	54	5.5484
14	54	2.3978
19	54	2.4762
39	54	-1.9179
40	54	-2.1311
44	54	-1.8449
7	55	1.9817
8	55	4.383
9	55	5.2192
14	55	2.4451
19	55	2.5819
39	55	-1.9077
40	55	-2.1272
44	55	-1.8863
19	56	4.8215
39	56	0.46711
4	57	3.6714
10	57	3.9103
11	57	3.7066
19	57	5.0826
39	57	2.8399
48	57	-0.37875
49	57	-0.48576
51	57	-2.2431
53	57	-0.75327
54	57	-0.49225
55	57	-0.54004
7	58	3.7626
8	58	4.3241
9	58	4.6702
14	58	4.3662
19	58	5.2717
39	58	2.289
40	58	2.0037
44	58	1.9231
57	58	-2.7096
1	59	2.5263
2	59	3.2152
3	59	2.5506
4	59	3.2399
5	59	3.4726
6	59	3.3925
7	59	0.93906
8	59	3.5755
9	59	3.7415
10	59	3.4536
11	59	3.4412
12	59	3.6258
13	59	3.5669
14	59	1.9316
15	59	4.7004
16	59	3.9158
17	59	3.6983
18	59	2.5737
20	59	5.2439
21	59	3.1378
22	59	2.4615
23	59	4.7544
24	59	4.5256
25	59	5.6636
26	59	5.2512
27	59	4.435
28	59	5.5469
29	59	6.7868
30	59	6.276
31	59	6.1026
32	59	-0.2101
33	59	0.23154
34	59	0.28951
35	59	0.34541
36	59	1.3549
37	59	0.35083
38	59	0.80829
40	59	0.016729
41	59	1.0209
42	59	0.87507
43	59	-0.62429
44	59	0.21692
45	59	-0.59471
46	59	-0.0039125
47	59	1.2296
48	59	0.16944
49	59	-0.019285
50	59	1.4671
51	59	-1.5821
52	59	1.2676
53	59	-0.36646
54	59	0.064097
55	59	-0.077391
56	59	0.50677
57	59	-1.2506
58	59	-1.7968
1	60	2.7404
2	60	3.5062
3	60	2.7516
4	60	3.5382
5	60	3.7536
6	60	3.6618
7	60	0.71052
8	60	3.9011
9	60	4.0488
10	60	3.7495
11	60	3.7273
12	60	3.9176
13	60	3.3098
14	60	1.6508
15	60	5.2322
16	60	4.2182
17	60	3.9957
18	60	2.7973
20	60	5.7612
21	60	3.3826
22	60	2.6823
23	60	5.0914
24	60	4.8497
25	60	5.6061
26	60	5.7072
27	60	4.7449
28	60	5.7403
29	60	7.4444
30	60	6.9223
31	60	6.739
32	60	-0.011387
33	60	0.50778
34	60	0.51915
35	60	0.5464
36	60	2.541
37	60	0.50479
38	60	1.0145
40	60	0.025077
41	60	1.2227
42	60	1.0537
43	60	-0.52153
44	60	0.31503
45	60	-0.50993
46	60	0.091571
47	60	0.48951
48	60	0.30479
49	60	0.059582
50	60	0.25642
51	60	-1.9145
52	60	1.6149
53	60	-0.2522
54	60	0.12779
55	60	-0.043098
56	60	-0.73922
57	60	-1.8665
58	60	-1.9297
4	61	1.133
10	61	2.3441
11	61	3.9809
19	61	3.0307
39	61	-0.99862
48	61	-1.3971
49	61	-0.92432
51	61	-0.89995
53	61	-1.9025
54	61	-1.137
55	61	-0.81799
58	61	-0.1793
59	61	-0.52891
60	61	-0.57092
1	62	2.6404
2	62	3.1905
3	62	2.6631
4	62	3.2192
5	62	3.516
6	62	3.4353
7	62	0.74451
8	62	3.5501
9	62	3.7181
10	62	3.4325
11	62	3.424
12	62	3.6728
13	62	2.9177
14	62	1.7178
15	62	4.7487
16	62	3.9491
17	62	3.7382
18	62	2.6201
20	62	5.2853
21	62	3.13
22	62	2.5166
23	62	4.7863
24	62	4.5606
25	62	5.996
26	62	5.6572
27	62	4.4774
28	62	5.9584
29	62	6.8021
30	62	6.3059
31	62	6.1533
32	62	-0.10338
33	62	0.41275
34	62	0.45594
35	62	0.49411
36	62	1.939
37	62	0.54799
38	62	0.94325
40	62	0.00065029
41	62	1.1629
42	62	1.0041
43	62	-0.52918
44	62	0.28049
45	62	-0.50129
46	62	0.1005
47	62	0.46563
48	62	0.33807
49	62	0.16108
50	62	0.57721
51	62	-1.9693
52	62	1.5536
53	62	-0.13454
54	62	0.3515
55	62	0.23532
56	62	-0.27126
57	62	-2.1141
58	62	-1.8601
61	62	-0.27389
1	63	2.7444
2	63	3.3757
3	63	2.7621
4	63	3.3725
5	63	3.6494
6	63	3.5644
7	63	0.62942
8	63	3.7179
9	63	3.8765
10	63	3.5844
11	63	3.5717
12	63	3.81
13	63	2.9207
14	63	1.5779
15	63	5.0456
16	63	4.1214
17	63	3.909
18	63	2.7481
20	63	5.5751
21	63	3.2971
22	63	2.6438
23	63	4.9651
24	63	4.7348
25	63	5.5556
26	63	5.6303
27	63	4.6465
28	63	5.6822
29	63	7.1637
30	63	6.6636
31	63	6.5077
32	63	0.02804
33	63	0.58697
34	63	0.60847
35	63	0.63213
36	63	2.7454
37	63	0.63597
38	63	1.0807
40	63	0.26965
41	63	1.2995
42	63	1.1294
43	63	-0.43612
44	63	0.55571
45	63	-0.41893
46	63	0.18116
47	63	0.28292
48	63	0.43156
49	63	0.18344
50	63	0.20578
51	63	-1.5838
52	63	1.8031
53	63	-0.067637
54	63	0.36993
55	63	0.24524
56	63	-0.66084
57	63	-2.0396
58	63	-1.3945
61	63	-0.2782
1	64	2.8749
2	64	3.5053
3	64	2.8861
4	64	3.4454
5	64	3.8119
6	64	3.7226
7	64	0.66167
8	64	3.8079
9	64	3.9594
10	64	3.6564
11	64	3.6404
12	64	3.9766
13	64	2.9063
14	64	1.6558
15	64	5.3617
16	64	4.3347
17	64	4.1209
18	64	2.8403
20	64	5.8848
21	64	3.4137
22	64	2.7362
23	64	5.2183
24	64	4.9829
25	64	5.0021
26	64	5.1278
27	64	4.8895
28	64	5.1104
29	64	7.57
30	64	7.0645
31	64	6.9055
32	64	0.11842
33	64	0.8105
34	64	0.80877
35	64	0.81607
36	64	2.2292
37	64	0.75342
38	64	1.2916
40	64	0.68952
41	64	1.5108
42	64	1.3269
43	64	-0.3837
44	64	0.96239
45	64	-0.37676
46	64	0.23125
47	64	0.14206
48	64	0.48542
49	64	0.27041
50	64	-0.064307
51	64	-1.1542
52	64	2.0979
53	64	-0.00085047
54	64	0.45455
55	64	0.32183
56	64	-0.90753
57	64	-1.5404
58	64	-0.85694
61	64	-0.2917
4	65	1.3523
10	65	2.5785
11	65	4.2651
19	65	3.0982
39	65	-0.66979
48	65	-1.1649
49	65	-1.004
51	65	-0.78705
53	65	-1.3397
54	65	-1.1928
55	65	-0.97266
58	65	-0.041497
59	65	-0.73163
60	65	-0.7894
62	65	-0.32629
63	65	-0.35633
64	65	-0.29405
4	66	1.223
10	66	2.4377
11	66	4.0857
19	66	2.998
39	66	-0.91798
48	66	-1.5899
49	66	-1.2778
51	66	-0.84781
53	66	-1.9477
54	66	-1.2909
55	66	-1.0119
58	66	-0.10795
59	66	-0.69698
60	66	-0.76717
62	66	-0.29189
63	66	-0.32645
64	66	-0.27625
4	67	1.2339
10	67	2.4413
11	67	4.0657
19	67	2.5214
39	67	-1.4754
48	67	-2.126
49	67	-1.2627
51	67	-0.78373
53	67	-2.2566
54	67	-1.306
55	67	-0.98813
58	67	-0.040199
59	67	-0.26156
60	67	-0.32068
62	67	0.13371
63	67	0.091296
64	67	0.1292
16	68	1.9238
17	68	2.0934
18	68	2.1504
19	68	2.4493
22	68	2.1646
32	68	-0.014103
33	68	-1.2779
34	68	-1.2264
35	68	-1.0725
39	68	-0.75462
43	68	-1.515
45	68	-2.0514
46	68	-1.7977
59	68	-0.56535
60	68	-0.63713
62	68	-0.25657
63	68	-0.29318
64	68	-0.28396
16	69	1.8303
17	69	2.1951
18	69	2.1849
19	69	2.5803
22	69	2.1769
32	69	0.22341
33	69	-1.1656
34	69	-1.1472
35	69	-1.0069
39	69	-0.58561
43	69	-1.1925
45	69	-1.7336
46	69	-1.6971
59	69	-0.72231
60	69	-0.78104
62	69	-0.41449
63	69	-0.44424
64	69	-0.42891
5	70	3.4478
6	70	3.4873
12	70	3.441
19	70	2.9533
39	70	1.638
59	70	-1.7847
60	70	-1.9014
62	70	-1.3025
63	70	-1.3725
64	70	-1.5061
4	71	1.3193
10	71	2.541
11	71	4.2072
19	71	3.1984
39	71	-0.48332
48	71	-1.6096
49	71	-1.1718
51	71	-0.84984
53	71	-1.8144
54	71	-1.2275
55	71	-0.92786
58	71	-0.088359
59	71	-0.80844
60	71	-0.92685
62	71	-0.4218
63	71	-0.47883
64	71	-0.45701
4	72	1.0431
10	72	2.2454
11	72	3.8457
19	72	2.8807
39	72	-1.0331
48	72	-1.9218
49	72	-1.0017
51	72	-0.95716
53	72	-2.3174
54	72	-1.0703
55	72	-0.74945
58	72	-0.2028
59	72	-0.57826
60	72	-0.65511
62	72	-0.18424
63	72	-0.2345
64	72	-0.2047
19	73	0.57308
29	73	5.135
30	73	4.7453
31	73	4.7139
39	73	1.5257
59	73	-1.8979
60	73	-2.0437
62	73	-2.1681
63	73	-1.937
64	73	-1.3104
19	74	0.94225
29	74	5.3571
30	74	4.967
31	74	4.9456
39	74	1.7054
59	74	-1.8168
60	74	-1.752
62	74	-1.884
63	74	-1.7374
64	74	-1.0861
15	75	3.1311
19	75	2.2275
20	75	3.135
25	75	3.3322
26	75	3.8941
28	75	3.7177
36	75	2.6884
39	75	1.4884
52	75	2.3887
59	75	-1.6268
60	75	-1.6745
62	75	-1.6308
63	75	-1.9607
64	75	-1.7238
73	75	-1.2012
74	75	-0.93969
16	76	2.2349
17	76	2.4169
18	76	2.7387
19	76	2.6029
22	76	2.7484
32	76	0.077506
33	76	-0.96146
34	76	-0.89106
35	76	-0.77382
39	76	-0.40583
43	76	-1.6645
45	76	-1.7644
46	76	-1.1414
59	76	-0.62571
60	76	-0.72412
62	76	-0.29339
63	76	-0.3534
64	76	-0.3619
19	77	0.5455
29	77	4.9267
30	77	4.5369
31	77	4.5068
39	77	1.3808
59	77	-1.8575
60	77	-2.1331
62	77	-2.0879
63	77	-1.9814
64	77	-1.4017
75	77	-0.87633
15	78	2.9762
19	78	1.8634
20	78	2.908
25	78	3.2854
26	78	3.8287
28	78	3.6637
36	78	2.7056
39	78	1.3343
52	78	2.1199
59	78	-1.7399
60	78	-1.8485
62	78	-1.7216
63	78	-2.1365
64	78	-1.4453
73	78	-2.2711
74	78	-2.5604
77	78	-1.5955
15	79	2.983
19	79	1.7825
20	79	3.047
25	79	3.0946
26	79	3.6442
28	79	3.4767
36	79	2.3456
39	79	0.92949
52	79	2.5299
59	79	-1.3102
60	79	-1.9187
62	79	-1.3705
63	79	-1.6079
64	79	-1.945
73	79	-1.7783
74	79	-1.687
77	79	-1.6342
19	80	2.1776
29	80	3.3327
30	80	3.6598
31	80	3.6907
39	80	-0.32194
59	80	-1.1503
60	80	-1.3616
62	80	-1.0299
63	80	-1.0833
64	80	-1.1341
75	80	-2.1037
78	80	-2.0059
79	80	-2.0952
15	81	2.8338
19	81	1.8082
20	81	2.8266
25	81	3.1776
26	81	3.712
28	81	3.5532
36	81	2.4965
39	81	1.1583
52	81	2.2238
59	81	-1.8332
60	81	-2.1268
62	81	-1.7767
63	81	-2.1235
64	81	-1.7888
73	81	-2.3351
74	81	-2.206
77	81	-2.1501
80	81	-1.849
19	82	2.5486
29	82	3.4592
30	82	3.7818
31	82	3.8288
39	82	0.35445
59	82	-1.6697
60	82	-1.9806
62	82	-1.4095
63	82	-1.6321
64	82	-1.8961
75	82	-1.791
78	82	-2.4647
79	82	-1.6604
81	82	-2.3521
19	83	2.5654
29	83	3.4741
30	83	3.7975
31	83	3.8366
39	83	0.27396
59	83	-1.7577
60	83	-2.1015
62	83	-1.4761
63	83	-1.6704
64	83	-1.8844
75	83	-2.1966
78	83	-2.6177
79	83	-2.1303
81	83	-2.4988
7	84	8.6569
8	84	8.1454
9	84	7.4701
14	84	9.4614
19	84	10.2913
39	84	8.6049
40	84	7.6997
44	84	7.8274
57	84	7.5064
59	84	8.6031
60	84	8.7926
61	84	5.0849
62	84	9.0171
63	84	8.9723
64	84	8.8064
65	84	5.0268
66	84	4.9995
67	84	4.935
71	84	4.7348
72	84	4.6936
15	85	2.2439
19	85	1.5763
20	85	2.2938
25	85	2.9844
26	85	3.5098
28	85	3.3576
36	85	2.2172
39	85	0.83774
52	85	1.7761
59	85	-1.6065
60	85	-2.1592
62	85	-1.5042
63	85	-1.7825
64	85	-1.9871
73	85	-1.8671
74	85	-1.8359
77	85	-1.5272
80	85	-2.0515
82	85	-1.81
83	85	-1.6767
19	86	2.7237
29	86	3.2526
30	86	3.5716
31	86	3.6019
39	86	0.44906
59	86	-1.9157
60	86	-1.7068
62	86	-1.6377
63	86	-1.8175
64	86	-1.6309
75	86	-2.1113
78	86	-2.1717
79	86	-1.8021
81	86	-1.8687
85	86	-0.92654
16	87	6.4863
17	87	6.8961
18	87	4.2651
19	87	5.8933
22	87	4.246
32	87	1.4137
33	87	4.0922
34	87	4.182
35	87	4.1463
39	87	4.0544
43	87	0.72831
45	87	1.2297
46	87	1.7246
59	87	2.1448
60	87	2.5466
62	87	2.3243
63	87	2.4882
64	87	2.7252
16	88	6.255
17	88	6.658
18	88	4.2996
19	88	5.6326
22	88	4.282
32	88	1.4701
33	88	3.8093
34	88	3.8927
35	88	3.8623
39	88	3.6952
43	88	0.60527
45	88	1.1165
46	88	1.6262
59	88	1.7504
60	88	2.1244
62	88	1.9153
63	88	2.0627
64	88	2.2827
16	89	6.995
17	89	7.4204
18	89	3.884
19	89	6.3728
22	89	3.8669
32	89	1.0487
33	89	4.6888
34	89	4.7843
35	89	4.7322
39	89	4.8467
43	89	0.72711
45	89	1.2074
46	89	1.6728
59	89	3.1569
60	89	3.6603
62	89	3.434
63	89	3.6621
64	89	3.9598
16	90	6.7349
17	90	7.1504
18	90	4.0227
19	90	6.1778
22	90	4.0064
32	90	1.2041
33	90	4.358
34	90	4.4451
35	90	4.4026
39	90	4.4688
43	90	0.57232
45	90	1.0725
46	90	1.5706
59	90	2.6984
60	90	3.13
62	90	2.9265
63	90	3.1095
64	90	3.3634
2	91	4.1341
19	91	4.3671
21	91	3.3299
39	91	2.6398
59	91	0.85152
60	91	1.033
62	91	0.9265
63	91	1.0058
64	91	1.1267
68	91	5.8528
69	91	5.3617
76	91	4.1723
87	91	-1.9446
88	91	-1.9297
89	91	-2.2202
90	91	-2.3735
4	92	3.4848
10	92	3.8134
11	92	3.7202
19	92	8.3243
39	92	6.3092
48	92	3.0442
49	92	3.0536
51	92	1.34
53	92	2.9283
54	92	3.2012
55	92	3.1997
58	92	1.6405
59	92	6.2452
60	92	5.4268
62	92	5.4404
63	92	5.0874
64	92	4.6206
84	92	-1.2558
2	93	2.459
19	93	7.8864
21	93	3.3501
39	93	7.9439
59	93	7.1973
60	93	7.7424
62	93	7.8284
63	93	8.0833
64	93	8.2722
68	93	2.7642
69	93	2.6019
76	93	2.5741
87	93	-1.6861
88	93	-1.745
89	93	-1.7411
90	93	-1.7671
2	94	2.6428
19	94	7.59
21	94	3.4664
39	94	7.5021
59	94	6.5411
60	94	7.1444
62	94	7.144
63	94	7.439
64	94	7.6717
68	94	2.7189
69	94	2.5531
76	94	2.5139
87	94	-1.8591
88	94	-1.8035
89	94	-1.8161
90	94	-1.916
16	95	6.576
17	95	6.978
18	95	4.1378
19	95	6.0692
22	95	4.1259
32	95	1.403
33	95	4.085
34	95	4.1526
35	95	4.1166
39	95	4.2138
43	95	0.32224
45	95	0.84825
46	95	1.3883
59	95	2.499
60	95	2.8604
62	95	2.7153
63	95	2.8582
64	95	3.0699
91	95	-1.9735
93	95	-1.5997
94	95	-1.7571
2	96	4.557
19	96	5.0829
21	96	3.7951
39	96	3.5473
59	96	1.7837
60	96	1.9913
62	96	1.8821
63	96	1.967
64	96	2.1102
68	96	5.6461
69	96	5.2821
76	96	6.0398
87	96	-1.224
88	96	-1.0373
89	96	-1.7066
90	96	-1.5668
95	96	-1.8523
2	97	4.4059
19	97	4.9136
21	97	3.6303
39	97	3.3229
59	97	1.5661
60	97	1.7632
62	97	1.6599
63	97	1.7419
64	97	1.8771
68	97	5.6839
69	97	5.2881
76	97	5.4322
87	97	-1.5273
88	97	-1.3652
89	97	-1.9174
90	97	-1.8231
95	97	-2.0711
2	98	4.1339
19	98	4.5784
21	98	3.3325
39	98	2.8882
59	98	1.1599
60	98	1.3406
62	98	1.2448
63	98	1.324
64	98	1.4456
68	98	5.8534
69	98	5.3842
76	98	4.2619
87	98	-1.9507
88	98	-1.8355
89	98	-2.1664
90	98	-2.2398
95	98	-2.0458
4	99	3.4491
10	99	3.7807
11	99	3.6899
19	99	8.1161
39	99	6.0659
48	99	3.2114
49	99	3.2226
51	99	1.5143
53	99	3.0958
54	99	3.3694
55	99	3.3686
58	99	1.8126
59	99	6.0252
60	99	5.1978
62	99	5.2154
63	99	4.8579
64	99	4.3868
84	99	-1.3801
4	100	3.2431
10	100	3.5704
11	100	3.493
19	100	8.3165
39	100	6.2788
48	100	3.3431
49	100	3.3554
51	100	1.6531
53	100	3.2271
54	100	3.5019
55	100	3.5012
58	100	1.9483
59	100	6.3147
60	100	5.475
62	100	5.4965
63	100	5.1347
64	100	4.6603
84	100	-1.7243
16	101	6.9081
17	101	7.32
18	101	3.8242
19	101	6.4028
22	101	3.8133
32	101	1.1035
33	101	4.4611
34	101	4.5318
35	101	4.4849
39	101	4.7136
43	101	0.2568
45	101	0.7681
46	101	1.2877
59	101	3.1219
60	101	3.5224
62	101	3.3856
63	101	3.5518
64	101	3.7844
91	101	-1.754
93	101	-1.4261
94	101	-1.4754
96	101	-1.9783
97	101	-1.898
98	101	-1.7018
5	102	4.8909
6	102	4.9955
12	102	4.9537
19	102	4.9045
39	102	3.878
59	102	2.0573
60	102	2.3231
62	102	2.1014
63	102	2.2292
64	102	2.3684
4	103	4.2034
10	103	5.8766
11	103	4.9173
19	103	7.0341
39	103	4.544
48	103	2.9737
49	103	2.4078
51	103	3.8812
53	103	3.2196
54	103	2.3192
55	103	2.2241
58	103	4.7071
59	103	4.0346
60	103	4.0547
62	103	4.2002
63	103	4.3909
64	103	4.6505
84	103	-1.5083
4	104	4.3009
10	104	5.9941
11	104	5.2676
19	104	6.0296
39	104	5.048
48	104	3.2019
49	104	2.6401
51	104	4.0933
53	104	3.4438
54	104	2.5493
55	104	2.4556
58	104	4.9034
59	104	5.3734
60	104	5.6706
62	104	5.8703
63	104	6.0457
64	104	6.2902
84	104	-1.8978
4	105	4.291
10	105	5.9896
11	105	5.2368
19	105	5.8074
39	105	4.3499
48	105	3.1633
49	105	2.602
51	105	4.0545
53	105	3.403
54	105	2.5095
55	105	2.4159
58	105	4.8597
59	105	4.7102
60	105	5.0208
62	105	5.2196
63	105	5.4011
64	105	5.6511
84	105	-1.7743
1	106	2.7047
2	106	3.1391
3	106	2.8363
4	106	3.258
5	106	3.493
6	106	3.5048
7	106	3.4492
8	106	3.0216
9	106	3.4179
10	106	3.5459
11	106	3.6985
12	106	3.6047
13	106	8.1254
14	106	3.5744
15	106	4.7216
16	106	3.8116
17	106	3.7039
18	106	3.0758
20	106	5.3951
21	106	3.6602
22	106	3.0638
23	106	4.856
24	106	4.7509
25	106	6.4641
26	106	6.0492
27	106	4.8447
28	106	6.2343
29	106	6.0797
30	106	5.702
31	106	5.7497
32	106	1.1185
33	106	1.6575
34	106	1.9166
35	106	2.0392
36	106	2.9385
37	106	1.6836
38	106	2.6342
40	106	3.3479
41	106	2.8925
42	106	2.8202
43	106	1.1372
44	106	3.7407
45	106	1.2358
46	106	1.7897
47	106	8.8805
48	106	3.8378
49	106	3.8055
50	106	8.572
51	106	1.1817
52	106	4.03
53	106	3.5334
54	106	3.9903
55	106	3.927
56	106	8.2924
57	106	2.5912
58	106	1.3948
61	106	3.6837
65	106	3.7395
66	106	3.7671
67	106	4.1217
68	106	2.1073
69	106	1.9469
70	106	2.4294
71	106	3.742
72	106	3.9061
73	106	3.6048
74	106	3.4194
75	106	3.0815
76	106	2.0498
77	106	3.6136
78	106	3.3424
79	106	3.2671
80	106	3.5081
81	106	3.2373
82	106	3.3071
83	106	3.2257
84	106	-1.4
85	106	3.2416
86	106	2.964
87	106	-1.2747
88	106	-0.92786
89	106	-1.5746
90	106	-1.5463
91	106	-0.76005
92	106	-2.4127
93	106	-1.8515
94	106	-1.8066
95	106	-1.4485
96	106	-1.1932
97	106	-1.2461
98	106	-0.93654
99	106	-1.9745
100	106	-2.3977
101	106	-1.4791
102	106	-1.2018
103	106	2.9723
104	106	3.8089
105	106	3.6085
5	107	4.0974
6	107	4.173
12	107	4.0338
19	107	7.0844
39	107	7.3318
59	107	5.5716
60	107	5.9805
62	107	6.0305
63	107	6.2242
64	107	6.3478
106	107	-1.5424
2	108	5.3955
19	108	6.2271
21	108	4.5701
39	108	4.7087
59	108	3.2745
60	108	3.4187
62	108	3.3937
63	108	3.4525
64	108	3.5587
68	108	6.7197
69	108	6.2985
76	108	5.7337
87	108	0.72624
88	108	0.90874
89	108	0.40969
90	108	0.59799
95	108	0.69474
101	108	0.40109
106	108	0.88654
19	109	4.9388
39	109	1.7571
59	109	2.251
60	109	2.1503
62	109	2.7617
63	109	2.5886
64	109	2.4337
106	109	-2.3069
1	110	4.099
3	110	4.163
19	110	6.0631
23	110	6.5212
24	110	6.7922
27	110	7.0346
37	110	2.2368
38	110	3.0118
39	110	4.9836
41	110	3.308
42	110	3.0133
59	110	3.4098
60	110	3.7758
62	110	3.6808
63	110	3.8681
64	110	4.0394
70	110	3.6188
102	110	-0.40607
106	110	-1.035
107	110	-2.0647
1	111	3.855
3	111	3.9157
19	111	5.9003
23	111	6.306
24	111	6.5773
27	111	6.8343
37	111	1.9265
38	111	2.7098
39	111	4.7652
41	111	3.0094
42	111	2.708
59	111	3.1498
60	111	3.5095
62	111	3.4082
63	111	3.5931
64	111	3.7627
70	111	3.2803
102	111	-0.60945
106	111	-0.87963
107	111	-2.1222
5	112	4.8659
6	112	4.9548
12	112	4.9496
19	112	5.3562
39	112	4.3097
59	112	2.7698
60	112	2.969
62	112	2.8305
63	112	2.9339
64	112	3.0266
106	112	0.1416
110	112	-2.0777
111	112	-1.5923
5	113	4.7796
6	113	4.8678
12	113	4.8657
19	113	5.362
39	113	4.2831
59	113	2.7556
60	113	2.943
62	113	2.8097
63	113	2.9085
64	113	2.9933
106	113	0.25258
110	113	-2.0572
111	113	-1.5888
19	114	4.7227
39	114	1.5955
59	114	2.103
60	114	2.0047
62	114	2.6109
63	114	2.4406
64	114	2.3148
106	114	-2.3828
4	115	6.0297
10	115	6.274
11	115	6.1467
19	115	8.2864
39	115	5.7009
48	115	4.0346
49	115	3.8074
51	115	3.3401
53	115	3.9411
54	115	3.9471
55	115	3.8105
58	115	3.6189
59	115	5.4978
60	115	6.3012
62	115	6.0096
63	115	6.4886
64	115	5.9703
84	115	5.6741
106	115	4.1868
4	116	6.2165
10	116	6.4585
11	116	6.3315
19	116	8.3171
39	116	5.7987
48	116	4.2256
49	116	3.9912
51	116	3.5688
53	116	4.1376
54	116	4.1346
55	116	3.9932
58	116	3.851
59	116	5.4784
60	116	6.3768
62	116	6.0449
63	116	6.5552
64	116	6.2055
84	116	5.9505
106	116	4.0833
1	117	3.8946
3	117	3.9563
19	117	5.9779
23	117	6.3454
24	117	6.6122
27	117	6.8639
37	117	1.9583
38	117	2.6731
39	117	4.8291
41	117	2.9786
42	117	2.6668
59	117	3.244
60	117	3.582
62	117	3.4965
63	117	3.6701
64	117	3.8278
70	117	3.2612
102	117	-0.38039
106	117	-0.8235
107	117	-1.7536
112	117	-1.9491
113	117	-1.904
19	118	4.6883
39	118	1.6011
59	118	2.1349
60	118	2.1162
62	118	2.7314
63	118	2.6009
64	118	2.486
106	118	-1.915
4	119	5.9657
10	119	6.2099
11	119	6.0865
19	119	8.3414
39	119	5.7535
48	119	4.0305
49	119	3.8131
51	119	3.3122
53	119	3.9354
54	119	3.9512
55	119	3.8192
58	119	3.5839
59	119	5.5529
60	119	6.3528
62	119	6.0635
63	119	6.5396
64	119	6.0369
84	119	5.327
106	119	4.3251
5	120	5.0296
6	120	5.1124
12	120	5.1242
19	120	5.5362
39	120	4.4289
59	120	2.9878
60	120	3.1462
62	120	3.0365
63	120	3.1232
64	120	3.1896
106	120	0.78491
110	120	-1.1461
111	120	-0.68321
117	120	-0.92631
2	121	3.7906
19	121	7.5861
21	121	4.4569
39	121	6.4985
59	121	5.1806
60	121	5.4279
62	121	5.4088
63	121	5.512
64	121	5.5837
68	121	3.7338
69	121	3.5415
76	121	3.6159
87	121	2.0737
88	121	1.9656
89	121	2.7014
90	121	2.2648
95	121	1.7981
101	121	2.2675
106	121	2.4744
2	122	3.7004
19	122	7.466
21	122	4.3535
39	122	6.3376
59	122	5.0083
60	122	5.2501
62	122	5.228
63	122	5.3284
64	122	5.3976
68	122	3.7012
69	122	3.5905
76	122	3.5923
87	122	2.1338
88	122	2.0188
89	122	2.7666
90	122	2.3444
95	122	1.9034
101	122	2.3931
106	122	2.3841
2	123	3.4758
19	123	7.1836
21	123	4.296
39	123	5.9804
59	123	4.6272
60	123	4.8636
62	123	4.8335
63	123	4.9311
64	123	4.9983
68	123	4.2893
69	123	4.1865
76	123	4.1775
87	123	1.9324
88	123	1.8813
89	123	2.5309
90	123	2.1592
95	123	1.7952
101	123	2.2727
106	123	2.0797
5	124	4.9375
6	124	5.0185
12	124	5.0341
19	124	5.5352
39	124	4.4432
59	124	3.0171
60	124	3.1777
62	124	3.0705
63	124	3.1583
64	124	3.2258
106	124	0.77812
110	124	-1.0008
111	124	-0.53749
117	124	-0.76871
19	125	4.8449
39	125	1.8166
59	125	2.3353
60	125	2.3168
62	125	2.9163
63	125	2.789
64	125	2.6769
106	125	-1.2093
2	126	3.6062
19	126	7.3831
21	126	4.284
39	126	6.3027
59	126	4.9943
60	126	5.2432
62	126	5.2268
63	126	5.3305
64	126	5.4022
68	126	3.8521
69	126	3.7425
76	126	3.744
87	126	1.8775
88	126	1.7911
89	126	2.4369
90	126	2.041
95	126	1.6198
101	126	2.028
106	126	2.174
1	127	4.0567
3	127	4.1224
19	127	6.55
23	127	8.8077
24	127	9.0847
27	127	9.3426
37	127	2.0287
38	127	4.9477
39	127	5.2832
41	127	5.3133
42	127	4.9034
59	127	3.7836
60	127	4.0246
62	127	3.9926
63	127	4.117
64	127	4.2243
70	127	5.461
102	127	0.52395
106	127	0.57082
107	127	0.94889
112	127	-1.6165
113	127	-1.7926
120	127	-1.7958
124	127	-1.562
5	128	4.7886
6	128	4.8667
12	128	4.8916
19	128	5.2985
39	128	4.1713
59	128	2.7627
60	128	2.92
62	128	2.8136
63	128	2.9019
64	128	2.9656
106	128	0.55342
110	128	-0.87365
111	128	-0.4292
117	128	-0.61879
127	128	-1.2399
19	129	7.0666
39	129	4.3011
59	129	4.7588
60	129	4.4922
62	129	5.0347
63	129	4.8097
64	129	4.6018
106	129	7.6753
1	130	4.9992
2	130	5.2878
3	130	5.0755
4	130	5.5259
5	130	6.2589
6	130	6.2338
7	130	3.2289
8	130	5.9769
9	130	6.2153
10	130	5.74
11	130	5.7992
12	130	6.3768
13	130	6.6567
14	130	4.2946
15	130	6.9927
16	130	6.0749
17	130	5.949
18	130	5.0925
20	130	7.5184
21	130	5.5786
22	130	5.0734
23	130	7.9121
24	130	7.769
25	130	9.1804
26	130	8.9311
27	130	7.792
28	130	9.1568
29	130	9.5688
30	130	9.1845
31	130	9.1658
32	130	3.2317
33	130	3.9379
34	130	4.0565
35	130	4.0835
36	130	5.7494
37	130	4.0188
38	130	5.4893
40	130	3.3699
41	130	5.7395
42	130	5.6047
43	130	3.1829
44	130	3.6205
45	130	3.2738
46	130	3.8096
47	130	5.9373
48	130	4.3759
49	130	4.1323
50	130	5.5899
51	130	2.9213
52	130	5.9366
53	130	4.1278
54	130	4.3145
55	130	4.1347
56	130	5.2405
57	130	0.74908
58	130	3.1569
61	130	4.8876
65	130	4.9726
66	130	4.8795
67	130	4.9839
68	130	3.7285
69	130	3.5516
70	130	5.6488
71	130	4.6751
72	130	4.593
73	130	6.451
74	130	6.1634
75	130	6.7729
76	130	3.6569
77	130	6.4914
78	130	7.1304
79	130	6.7482
80	130	5.2735
81	130	6.8859
82	130	5.3503
83	130	5.1552
84	130	4.6252
85	130	6.744
86	130	4.8229
87	130	2.31
88	130	2.2857
89	130	2.8344
90	130	2.3959
91	130	1.3946
92	130	2.5873
93	130	5.6502
94	130	5.2074
95	130	1.8932
96	130	1.1046
97	130	1.0829
98	130	1.1137
99	130	2.2336
100	130	2.5514
101	130	2.051
102	130	1.4881
103	130	6.1627
104	130	7.1703
105	130	6.8509
107	130	7.2136
108	130	-1.0958
109	130	1.3672
110	130	2.5155
111	130	2.2474
112	130	-0.67089
113	130	-0.84289
114	130	1.4884
115	130	-2.2695
116	130	-2.1859
117	130	1.7887
118	130	1.4325
119	130	-2.1595
120	130	-1.0798
121	130	-0.80537
122	130	-0.77555
123	130	-0.84993
124	130	-1.0816
125	130	1.0953
126	130	-0.84183
127	130	-1.1191
128	130	-1.1941
129	130	-1.29
1	131	4.2774
3	131	4.3452
19	131	6.6403
23	131	8.7476
24	131	8.9317
27	131	9.0966
37	131	2.2558
38	131	4.0381
39	131	5.3772
41	131	4.4428
42	131	3.997
59	131	3.9032
60	131	4.1349
62	131	4.1123
63	131	4.2317
64	131	4.3336
70	131	5.2137
102	131	0.86198
106	131	0.7576
107	131	2.0213
112	131	-0.97848
113	131	-1.1546
120	131	-2.1281
124	131	-2.2015
128	131	-1.7992
130	131	-1.6262
19	132	6.9083
39	132	4.1719
59	132	4.6355
60	132	4.3801
62	132	4.9183
63	132	4.6993
64	132	4.4969
106	132	7.1627
130	132	-1.7738
1	133	4.8165
2	133	5.1216
3	133	4.8956
4	133	5.3991
5	133	5.9867
6	133	5.9648
7	133	3.3145
8	133	5.7505
9	133	5.9926
10	133	5.6132
11	133	5.6751
12	133	6.102
13	133	6.421
14	133	4.3816
15	133	6.6398
16	133	5.8972
17	133	5.7739
18	133	4.9712
20	133	7.1657
21	133	5.4223
22	133	4.954
23	133	7.6472
24	133	7.5079
25	133	9.0995
26	133	8.8529
27	133	7.5352
28	133	9.0758
29	133	9.2097
30	133	8.8307
31	133	8.8178
32	133	3.1368
33	133	3.795
34	133	3.9173
35	133	3.9466
36	133	5.6821
37	133	3.8651
38	133	5.2724
40	133	3.4602
41	133	5.5202
42	133	5.3895
43	133	3.0959
44	133	3.7105
45	133	3.1861
46	133	3.7156
47	133	5.708
48	133	4.2914
49	133	4.0562
50	133	5.3606
51	133	2.8197
52	133	5.6256
53	133	4.0421
54	133	4.2364
55	133	4.0609
56	133	5.0115
57	133	0.83706
58	133	3.0496
61	133	4.7231
65	133	4.8039
66	133	4.7184
67	133	4.8329
68	133	3.6368
69	133	3.4643
70	133	5.4398
71	133	4.5225
72	133	4.4549
73	133	6.3757
74	133	6.0963
75	133	6.466
76	133	3.5719
77	133	6.4162
78	133	6.8146
79	133	6.4576
80	133	5.001
81	133	6.5885
82	133	5.0728
83	133	4.8845
84	133	4.3014
85	133	6.4664
86	133	4.5664
87	133	2.2175
88	133	2.2023
89	133	2.7175
90	133	2.3006
91	133	1.3778
92	133	2.5101
93	133	5.3263
94	133	4.9144
95	133	1.8294
96	133	1.0883
97	133	1.0703
98	133	1.1074
99	133	2.1473
100	133	2.4702
101	133	1.9828
102	133	1.4374
103	133	5.78
104	133	6.7693
105	133	6.4499
107	133	6.6866
108	133	-1.2325
109	133	1.0026
110	133	2.5333
111	133	2.2735
112	133	-0.62094
113	133	-0.79347
114	133	1.1184
115	133	-2.4338
116	133	-2.2208
117	133	1.8845
118	133	1.0541
119	133	-2.5163
120	133	-1.433
121	133	-1.1759
122	133	-1.103
123	133	-1.1103
124	133	-1.3901
125	133	0.6938
126	133	-1.2523
127	133	-0.81697
128	133	-1.3685
129	133	-1.6552
131	133	-1.3884
132	133	-2.1508
1	134	4.8883
2	134	5.1425
3	134	4.9647
4	134	5.4572
5	134	6.0016
6	134	5.978
7	134	3.5026
8	134	5.8084
9	134	6.0471
10	134	5.6692
11	134	5.7291
12	134	6.1176
13	134	6.3558
14	134	4.5542
15	134	6.685
16	134	5.8562
17	134	5.7328
18	134	4.974
20	134	7.2063
21	134	5.4325
22	134	4.9571
23	134	7.6471
24	134	7.507
25	134	9.2143
26	134	9.1506
27	134	7.5332
28	134	9.2916
29	134	9.3448
30	134	8.9661
31	134	8.9521
32	134	3.1474
33	134	3.7677
34	134	3.886
35	134	3.9119
36	134	6.0794
37	134	3.9437
38	134	5.2817
40	134	3.6217
41	134	5.5297
42	134	5.3973
43	134	3.1056
44	134	3.868
45	134	3.196
46	134	3.7258
47	134	5.5969
48	134	4.3511
49	134	4.1105
50	134	5.2481
51	134	2.9199
52	134	5.6818
53	134	4.1072
54	134	4.2932
55	134	4.1143
56	134	4.8968
57	134	1.0406
58	134	3.1521
61	134	4.7979
65	134	4.8824
66	134	4.7954
67	134	4.9079
68	134	3.6437
69	134	3.4697
70	134	5.4902
71	134	4.6058
72	134	4.5324
73	134	6.7234
74	134	6.5226
75	134	6.6611
76	134	3.5821
77	134	6.7606
78	134	7.0187
79	134	6.6502
80	134	5.0786
81	134	6.7945
82	134	5.1706
83	134	4.9764
84	134	4.4289
85	134	6.673
86	134	4.6592
87	134	2.3602
88	134	2.3272
89	134	2.9059
90	134	2.4681
91	134	1.4357
92	134	2.4836
93	134	5.445
94	134	5.0549
95	134	1.978
96	134	1.1842
97	134	1.1533
98	134	1.1682
99	134	2.1193
100	134	2.4418
101	134	2.1757
102	134	1.6219
103	134	5.7706
104	134	6.7705
105	134	6.4445
107	134	6.9491
108	134	-1.1311
109	134	1.0041
110	134	2.8659
111	134	2.5582
112	134	-0.48989
113	134	-0.67592
114	134	1.1236
115	134	-2.0743
116	134	-1.9251
117	134	2.182
118	134	1.0641
119	134	-1.9764
120	134	-1.4577
121	134	-1.3112
122	134	-1.2018
123	134	-1.1415
124	134	-1.4238
125	134	0.71565
126	134	-1.308
127	134	-0.65051
128	134	-1.3431
129	134	-1.6436
131	134	-1.2617
132	134	-2.1135
1	135	4.3567
3	135	4.4263
19	135	6.6513
23	135	8.3309
24	135	8.5212
27	135	8.6923
37	135	2.2988
38	135	3.5924
39	135	5.3554
41	135	4.0038
42	135	3.5514
59	135	3.8924
60	135	4.1084
62	135	4.0932
63	135	4.2052
64	135	4.2994
70	135	4.7849
102	135	1.1554
106	135	0.91155
107	135	2.7621
112	135	-0.48522
113	135	-0.695
120	135	-1.9199
124	135	-2.1815
128	135	-1.9977
130	135	-1.4355
133	135	-1.8944
134	135	-1.7816
1	136	4.2491
3	136	4.3185
19	136	6.7581
23	136	8.8381
24	136	9.1086
27	136	9.3562
37	136	2.152
38	136	4.764
39	136	5.429
41	136	5.0919
42	136	4.7359
59	136	3.9681
60	136	4.1715
62	136	4.1597
63	136	4.266
64	136	4.3545
70	136	5.2778
102	136	1.1947
106	136	1.1694
107	136	1.3934
112	136	-0.44452
113	136	-0.69829
120	136	-2.0874
124	136	-2.2549
128	136	-1.7777
130	136	-1.1387
133	136	-1.5797
134	136	-1.5252
19	137	6.9478
39	137	4.3056
59	137	4.7968
60	137	4.5421
62	137	5.0734
63	137	4.8572
64	137	4.657
106	137	7.1618
130	137	-2.3091
133	137	-2.3394
134	137	-2.3736
19	138	6.3024
29	138	7.4384
30	138	7.7283
31	138	7.7655
39	138	4.515
59	138	3.28
60	138	3.3602
62	138	3.469
63	138	3.4755
64	138	3.4797
75	138	4.2177
78	138	4.2718
79	138	4.5833
81	138	4.587
85	138	5.2593
106	138	0.38058
130	138	-1.8365
133	138	-1.6662
134	138	-1.6323
5	139	2.0798
6	139	2.1243
12	139	2.0782
19	139	6.7805
39	139	6.1545
59	139	4.1353
60	139	4.3368
62	139	4.3647
63	139	4.4549
64	139	4.4878
106	139	1.5209
110	139	2.1124
111	139	1.8365
117	139	1.9984
127	139	-0.85794
130	139	-1.2707
131	139	-0.92229
133	139	-1.7328
134	139	-1.6209
135	139	-1.6121
136	139	0.055446
1	140	4.3419
3	140	4.4126
19	140	6.5925
23	140	7.1022
24	140	7.3043
27	140	7.4867
37	140	2.2785
38	140	2.4541
39	140	5.3022
41	140	2.8574
42	140	2.4147
59	140	3.85
60	140	4.065
62	140	4.0532
63	140	4.1646
64	140	4.2578
70	140	3.5689
102	140	1.1574
106	140	0.83346
107	140	2.0828
112	140	-0.35114
113	140	-0.55439
120	140	-1.7354
124	140	-1.9735
128	140	-1.9665
130	140	-1.3633
133	140	-1.6285
134	140	-1.4586
139	140	3.5826
19	141	6.0197
29	141	7.1407
30	141	7.4249
31	141	7.4571
39	141	4.2392
59	141	2.9989
60	141	3.0858
62	141	3.1922
63	141	3.2019
64	141	3.2091
75	141	3.9206
78	141	3.991
79	141	4.2723
81	141	4.2933
85	141	4.9502
106	141	0.3094
130	141	-1.7913
133	141	-1.3487
134	141	-1.3868
19	142	6.116
29	142	6.9955
30	142	7.2789
31	142	7.3065
39	142	4.3017
59	142	3.0532
60	142	3.1298
62	142	3.2376
63	142	3.2427
64	142	3.2462
75	142	3.6931
78	142	3.7695
79	142	4.0413
81	142	4.0662
85	142	4.7216
106	142	0.18912
130	142	-1.8354
133	142	-1.5538
134	142	-1.57
5	143	2.3691
6	143	2.5442
12	143	2.2215
19	143	6.5511
39	143	5.9334
59	143	3.9115
60	143	4.1189
62	143	4.1454
63	143	4.2385
64	143	4.2739
106	143	1.1464
110	143	1.6441
111	143	1.3764
117	143	1.5004
127	143	-1.4539
130	143	-1.4788
131	143	-1.5864
133	143	-1.7942
134	143	-1.5686
135	143	-1.3815
136	143	-0.607
140	143	-0.29197
5	144	2.7064
6	144	2.8799
12	144	2.5663
19	144	6.6656
39	144	6.011
59	144	3.9977
60	144	4.1939
62	144	4.2224
63	144	4.31
64	144	4.3404
106	144	1.4328
110	144	1.6452
111	144	1.4004
117	144	1.577
127	144	-1.0223
130	144	-1.2612
131	144	-1.1011
133	144	-1.5222
134	144	-1.3657
135	144	-1.3993
136	144	-1.366
140	144	0.11535
15	145	2.6489
19	145	5.7947
20	145	2.7236
25	145	6.3874
26	145	6.8251
28	145	6.7265
36	145	5.4286
39	145	5.1865
52	145	2.8318
59	145	2.779
60	145	2.8232
62	145	2.9768
63	145	2.9706
64	145	2.9554
73	145	3.0938
74	145	3.041
77	145	3.4184
80	145	1.0995
82	145	1.5364
83	145	1.2416
86	145	1.2827
106	145	1.0634
130	145	-1.2542
133	145	-1.8014
134	145	-1.6737
138	145	0.50756
141	145	1.561
142	145	0.79961
19	146	6.1231
29	146	6.5845
30	146	6.8631
31	146	6.8833
39	146	4.2843
59	146	3.0356
60	146	3.1032
62	146	3.2141
63	146	3.2149
64	146	3.2148
75	146	3.2186
78	146	3.3133
79	146	3.555
81	146	3.5972
85	146	4.2421
106	146	0.31028
130	146	-1.5399
133	146	-1.6511
134	146	-1.4175
145	146	3.4153
15	147	2.1984
19	147	5.7239
20	147	2.273
25	147	6.2373
26	147	6.6762
28	147	6.5785
36	147	5.253
39	147	5.0857
52	147	3.0601
59	147	2.6763
60	147	2.7164
62	147	2.8662
63	147	2.8591
64	147	2.8427
73	147	2.8844
74	147	2.8243
77	147	3.2153
80	147	1.545
82	147	1.4875
83	147	1.4471
86	147	1.7539
106	147	1.0603
130	147	-1.3086
133	147	-1.843
134	147	-1.7341
138	147	0.35152
141	147	1.36
142	147	1.007
146	147	2.7642
19	148	3.8261
29	148	6.9995
30	148	6.6684
31	148	6.7202
39	148	4.5545
59	148	0.97175
60	148	1.0052
62	148	0.86729
63	148	1.0302
64	148	1.3905
75	148	4.337
78	148	4.6829
79	148	4.4215
81	148	4.6146
85	148	4.6511
106	148	1.9829
130	148	-2.4056
133	148	-2.5828
134	148	-2.321
145	148	-2.4584
147	148	-2.4701
19	149	4.5865
29	149	7.0094
30	149	6.6695
31	149	6.7212
39	149	5.2266
59	149	1.6836
60	149	1.7989
62	149	1.5554
63	149	1.8236
64	149	2.1672
75	149	4.4287
78	149	4.7968
79	149	4.523
81	149	4.74
85	149	4.7869
106	149	1.4734
130	149	-1.7865
133	149	-2.0475
134	149	-1.6601
145	149	-2.6542
147	149	-2.518
15	150	2.2847
19	150	5.7867
20	150	2.3554
25	150	6.3981
26	150	6.8325
28	150	6.7357
36	150	5.4373
39	150	5.1849
52	150	2.4978
59	150	2.7852
60	150	2.8274
62	150	2.9844
63	150	2.9767
64	150	2.9599
73	150	3.1333
74	150	3.0772
77	150	3.4579
80	150	1.0185
82	150	1.1431
83	150	0.90663
86	150	1.2283
106	150	1.0374
130	150	-1.2583
133	150	-1.7566
134	150	-1.6181
138	150	-0.32122
141	150	0.48413
142	150	-0.41384
146	150	-1.5535
148	150	-2.1576
149	150	-1.9143
19	151	4.1837
29	151	6.7429
30	151	6.401
31	151	6.4539
39	151	4.8675
59	151	1.3056
60	151	1.3734
62	151	1.1882
63	151	1.398
64	151	1.7503
75	151	4.1108
78	151	4.4723
79	151	4.1972
81	151	4.4058
85	151	4.4452
106	151	1.8466
130	151	-2.2438
133	151	-2.3198
134	151	-2.0178
145	151	-2.4904
147	151	-2.2122
150	151	-1.9781
19	152	4.4358
29	152	6.7465
30	152	6.4043
31	152	6.4535
39	152	5.0819
59	152	1.5344
60	152	1.6469
62	152	1.4082
63	152	1.6712
64	152	2.0186
75	152	4.1577
78	152	4.5278
79	152	4.2497
81	152	4.4693
85	152	4.5148
106	152	1.6836
130	152	-1.9842
133	152	-2.1478
134	152	-1.8213
145	152	-2.5188
147	152	-2.2009
150	152	-1.8954
offset
60
