121
detection	body_part	cost
1	3	-0.32046
2	4	0.62835
3	11	9.2102
4	4	-1.9315
5	9	0.017946
6	10	0.18523
7	10	1.0077
8	11	9.2102
9	3	-2.7051
10	4	-0.71312
11	8	-0.21024
12	9	-1.4657
13	9	-3.0178
14	9	-2.7517
15	10	-2.9449
16	11	-3.516
17	3	-1.3866
18	8	-3.1093
19	5	0.27435
20	8	-1.8701
21	9	-1.4472
22	2	-5.0508
23	1	-5.1217
24	5	0.20256
25	8	-1.9216
26	9	0.25804
27	12	-0.14757
28	9	-0.58993
29	12	-0.91687
30	9	0.022709
31	12	-0.3095
32	13	1.3532
33	13	-0.2534
34	13	1.0234
35	5	0.12832
36	8	-0.95792
37	12	-2.8989
38	12	-2.1647
39	12	0.22378
40	11	9.2102
41	11	9.2102
42	12	-1.719
43	13	0.43317
44	13	-1.9429
45	14	-3.6756
46	6	-4.935
47	7	-3.7971
48	12	-1.1271
49	13	1.0173
50	6	-3.2049
51	6	-2.0383
52	13	0.92384
53	11	9.2102
54	11	9.2102
55	11	9.2102
56	7	-0.013873
57	8	-0.26985
58	8	-3.4437
59	8	-4.5798
60	8	-2.7812
61	7	0.56143
62	11	9.2102
63	8	1.1491
64	8	-1.0399
65	11	9.2102
66	11	9.2102
67	11	9.2102
68	11	9.2102
69	5	1.2211
70	6	1.1932
71	5	0.66698
72	11	9.2102
73	2	0.93684
74	11	9.2102
75	7	-0.87407
76	2	-0.85853
77	1	-0.76053
78	7	0.48665
79	7	-1.629
80	5	1.3052
81	11	9.2102
82	2	0.42166
83	1	1.2719
84	1	1.1299
85	7	0.53069
86	7	-1.9527
87	3	1.0386
88	7	0.49308
89	2	-1.4311
90	11	9.2102
91	7	0.71523
92	7	0.52824
93	13	-1.6082
94	11	9.2102
95	11	9.2102
96	6	0.75844
97	7	1.1142
98	12	0.95316
99	12	-1.1649
100	11	9.2102
101	13	-1.989
102	6	-2.7128
103	6	-0.68907
104	12	-0.78572
105	11	9.2102
106	1	-2.228
107	11	9.2102
108	13	0.78155
109	11	9.2102
110	1	-2.8312
111	1	0.94778
112	6	1.2522
113	4	0.048265
114	4	-0.23664
115	9	-0.31815
116	10	-0.80682
117	4	0.95941
118	3	1.1711
119	3	-0.035498
120	9	0.57883
121	3	-0.34992
detection1	detection2	cost
2	4	-3.2674
6	7	0.071429
3	8	26.5714
1	9	-3.7143
2	10	-2.1462
4	10	-5.6071
5	12	-5.6071
5	13	-4.8231
12	13	-5.6071
5	14	-3.2674
12	14	-3.7143
13	14	-5.6071
6	15	-3.2674
7	15	-3.2674
3	16	32.295
8	16	-1.5143
1	17	-1.5143
9	17	-4.8231
11	18	-4.8231
11	20	-5.6071
18	20	-5.6071
5	21	-3.7143
12	21	-5.6071
13	21	-4.8231
14	21	-3.2674
19	24	-5.6071
11	25	-3.7143
18	25	-4.8231
20	25	-5.6071
5	26	-1.8214
12	26	-3.7143
13	26	-3.2674
14	26	-2.1462
21	26	-5.6071
5	28	-1.5143
12	28	-3.2674
13	28	-3.7143
14	28	-3.2674
21	28	-4.8231
26	28	-5.6071
27	29	-5.6071
5	30	-0.67521
12	30	-2.1462
13	30	-3.2674
14	30	-3.7143
21	30	-3.2674
26	30	-3.7143
28	30	-5.6071
27	31	-3.7143
29	31	-5.6071
32	33	-5.6071
32	34	0.071429
33	34	-1.8214
19	35	-3.2674
24	35	-4.8231
11	36	-1.5143
18	36	-3.7143
20	36	-3.2674
25	36	-4.8231
27	37	-4.8231
29	37	-5.6071
31	37	-4.8231
27	38	-3.2674
29	38	-4.8231
31	38	-5.6071
37	38	-5.6071
27	39	-1.5143
29	39	-3.2674
31	39	-4.8231
37	39	-3.7143
38	39	-5.6071
3	40	25.5573
8	40	0.30445
16	40	1.9643
3	41	27.4026
8	41	0.071429
16	41	0.53071
40	41	-5.6071
27	42	-3.7143
29	42	-3.2674
31	42	-2.1462
37	42	-4.8231
38	42	-3.2674
39	42	-1.5143
32	43	-3.7143
33	43	-3.2674
34	43	0.96511
32	44	-2.1462
33	44	-3.2674
34	44	-2.1462
43	44	-3.7143
27	48	-1.5143
29	48	-1.8214
31	48	-1.5143
37	48	-3.7143
38	48	-3.2674
39	48	-2.1462
42	48	-4.8231
32	49	1.9643
33	49	0.53071
34	49	-1.8214
43	49	0.30445
44	49	-3.2674
46	50	-5.6071
46	51	-4.8231
50	51	-5.6071
32	52	0.071429
33	52	0.30445
34	52	3.2076
43	52	-3.7143
44	52	-2.1462
49	52	0.30445
3	53	27.2998
8	53	5.8845
16	53	6.1496
40	53	-1.8214
41	53	-1.5143
3	54	29.0571
8	54	5.75
16	54	5.1977
40	54	-1.5143
41	54	-1.8214
53	54	-5.6071
3	55	30.8274
8	55	5.8845
16	55	4.4715
40	55	-0.67521
41	55	-1.5143
53	55	-3.7143
54	55	-5.6071
47	56	-3.2674
11	57	16.7404
18	57	17.1798
20	57	15.6053
25	57	14.5743
36	57	15.3715
11	58	18.2456
18	58	18.7964
20	58	17.1798
25	58	16.2174
36	58	17.1071
57	58	-5.6071
11	59	19.7992
18	59	20.4477
20	59	18.7964
25	59	17.8953
36	59	18.8644
57	59	-3.7143
58	59	-5.6071
11	60	21.3932
18	60	22.1279
20	60	20.4477
25	60	19.6016
36	60	20.6393
57	60	-1.8214
58	60	-3.7143
59	60	-5.6071
47	61	0.071429
56	61	-3.2674
3	62	36.5267
8	62	12.262
16	62	9.5357
40	62	6.1496
41	62	5.1977
53	62	1.9643
54	62	0.53071
55	62	-0.67521
11	63	11.8034
18	63	10.4572
20	63	9.9513
25	63	8.1089
36	63	6.9156
57	63	8.1089
58	63	9.9513
59	63	11.8034
60	63	13.6628
11	64	20.6393
18	64	20.8929
20	64	19.4026
25	64	18.2456
36	64	18.7964
57	64	-3.2674
58	64	-3.7143
59	64	-3.2674
60	64	-2.1462
63	64	9.5357
3	65	39.0581
8	65	14.6553
16	65	11.523
40	65	8.783
41	65	7.7607
53	65	4.6202
54	65	3.2076
55	65	1.9643
62	65	-4.8231
3	66	36.6486
8	66	15.5276
16	66	13.4073
40	66	8.6726
41	66	8.1089
53	66	3.5372
54	66	2.6933
55	66	2.1517
62	66	-3.2674
65	66	-3.2674
3	67	17.7539
8	67	30.0721
16	67	33.4488
40	67	24.0034
41	67	25.6115
53	67	21.3311
54	67	23.08
55	67	24.8452
62	67	27.0414
65	67	28.663
66	67	24.7342
3	68	18.2456
8	68	28.663
16	68	31.8878
40	68	22.4287
41	68	24.0034
53	68	19.6016
54	68	21.3311
55	68	23.08
62	68	25.1758
65	68	26.7811
66	68	22.8448
67	68	-5.6071
19	69	27.7092
24	69	26.624
35	69	27.2482
46	70	8.6726
50	70	6.9156
51	70	6.2802
19	71	28.8606
24	71	27.7092
35	71	28.2144
69	71	-5.6071
3	72	43.4667
8	72	20.6393
16	72	17.3966
40	72	14.5743
41	72	13.6628
53	72	9.9513
54	72	8.783
55	72	7.7607
62	72	0.96511
65	72	-1.5143
66	72	-0.67521
67	72	30.4044
68	72	28.5141
22	73	15.9133
3	74	21.1441
8	74	34.0136
16	74	37.173
40	74	27.7092
41	74	29.2526
53	74	24.6786
54	74	26.3605
55	74	28.0636
62	74	29.6887
65	74	31.1069
66	74	27.0414
67	74	-3.2674
68	74	-2.1462
72	74	32.295
47	75	16.5921
56	75	12.6213
61	75	11.9882
22	76	17.3966
73	76	-4.8231
23	77	17.7539
47	78	15.6053
56	78	11.4286
61	78	9.9513
75	78	-3.2674
47	79	19.269
56	79	15.293
61	79	14.5743
75	79	-4.8231
78	79	-1.8214
19	80	29.9767
24	80	28.663
35	80	28.8606
69	80	-1.5143
71	80	-3.2674
3	81	25.5573
8	81	45.1269
16	81	48.6831
40	81	39.2501
41	81	40.8698
53	81	36.5267
54	81	38.243
55	81	39.9726
62	81	41.6414
65	81	43.0077
66	81	38.904
67	81	7.7607
68	81	9.4302
72	81	43.9217
74	81	4.4715
22	82	19.0675
73	82	-2.1462
76	82	-4.8231
23	83	19.0675
77	83	-3.2674
23	84	19.269
77	84	-4.8231
83	84	-5.6071
47	85	17.1798
56	85	12.9744
61	85	11.2383
75	85	-2.1462
78	85	-5.6071
79	85	-1.5143
47	86	19.4026
56	86	15.293
61	86	14.0819
75	86	-3.7143
78	86	-3.2674
79	86	-4.8231
85	86	-3.7143
1	87	28.9098
9	87	25.1758
17	87	23.0214
47	88	23.3135
56	88	19.269
61	88	18.2456
75	88	-0.67521
78	88	0.96511
79	88	-3.2674
85	88	0.30445
86	88	-3.2674
22	89	23.7178
73	89	7.7607
76	89	5.1977
82	89	2.6933
3	90	29.2526
8	90	37.173
16	90	39.3649
40	90	30.0721
41	90	31.3382
53	90	25.9881
54	90	27.4026
55	90	28.8606
62	90	28.9098
65	90	29.785
66	90	25.5573
67	90	4.0138
68	90	3.8571
72	90	29.6887
74	90	0.96511
81	90	8.1089
47	91	21.3932
56	91	17.1798
61	91	15.293
75	91	0.30445
78	91	-1.5143
79	91	-0.67521
85	91	-3.2674
86	91	-3.2674
88	91	-1.5143
47	92	23.5452
56	92	19.4026
61	92	17.9658
75	92	0.30445
78	92	0.53071
79	92	-1.8214
85	92	-0.67521
86	92	-3.2674
88	92	-4.8231
91	92	-3.7143
32	93	48.6831
33	93	47.0983
34	93	42.4729
43	93	46.7362
44	93	43.4667
49	93	39.2501
52	93	44.9905
3	94	30.4044
8	94	42.1852
16	94	44.7168
40	94	35.3305
41	94	36.6892
53	94	31.5222
54	94	33.0089
55	94	34.5282
62	94	34.8256
65	94	35.7467
66	94	31.5222
67	94	6.2802
68	94	6.9156
72	94	35.6638
74	94	2.1517
81	94	3.5372
90	94	-1.5143
3	95	30.546
8	95	40.9808
16	95	43.3612
40	95	34.0136
41	95	35.3305
53	95	30.0721
54	95	31.5222
55	95	33.0089
62	95	33.1414
65	95	34.0136
66	95	29.785
67	95	5.8845
68	95	6.2802
72	95	33.8406
74	95	1.9643
81	95	5.1977
90	95	-3.2674
94	95	-5.6071
46	96	21.3311
50	96	19.6016
51	96	18.8644
70	96	5.1977
47	97	24.0034
56	97	19.7992
61	97	17.9658
75	97	1.9643
78	97	0.96511
79	97	0.30445
85	97	-0.67521
86	97	-1.8214
88	97	-2.1462
91	97	-4.8231
92	97	-4.8231
27	98	33.0089
29	98	31.8878
31	98	30.8274
37	98	30.3571
38	98	29.2526
39	98	28.2144
42	98	30.0721
48	98	27.4026
27	99	36.6892
29	99	35.414
31	99	34.1859
37	99	34.0136
38	99	32.7427
39	99	31.5222
42	99	34.0136
48	99	31.3382
98	99	-1.8214
3	100	67.166
8	100	40.9808
16	100	36.0768
40	100	36.6892
41	100	35.3305
53	100	33.0089
54	100	31.5222
55	100	30.0721
62	100	23.5452
65	100	20.8929
66	100	23.0214
67	100	52.6559
68	100	50.8111
72	100	16.2174
74	100	53.8064
81	100	64.6524
90	100	49.3173
94	100	54.9643
95	100	53.0714
32	101	51.3006
33	101	49.7257
34	101	45.1269
43	101	49.3173
44	101	46.0715
49	101	41.8597
52	101	47.5232
93	101	-4.8231
46	102	21.4551
50	102	19.6016
51	102	19.269
70	102	5.75
96	102	-1.5143
46	103	22.4287
50	103	20.6393
51	103	20.0604
70	103	6.2802
96	103	-4.8231
102	103	-3.7143
27	104	38.086
29	104	36.8511
31	104	35.6638
37	104	35.414
38	104	34.1859
39	104	33.0089
42	104	35.3305
48	104	32.6536
98	104	-1.5143
99	104	-5.6071
3	105	79.6948
8	105	51.4527
16	105	46.0381
40	105	48.1706
41	105	46.637
53	105	45.0928
54	105	43.4667
55	105	41.8597
62	105	35.7053
65	105	33.1414
66	105	35.7467
67	105	66.0053
68	105	64.1541
72	105	29.0571
74	105	67.1899
81	105	78.0144
90	105	62.638
94	105	68.2379
95	105	66.3457
100	105	5.8845
23	106	28.4643
77	106	5.1977
83	106	2.1517
84	106	2.6933
3	107	67.5727
8	107	42.9012
16	107	38.2821
40	107	38.086
41	107	36.8511
53	107	34.0136
54	107	32.6536
55	107	31.3382
62	107	24.6229
65	107	21.9459
66	107	23.5452
67	107	51.786
68	107	49.9756
72	107	16.7404
74	107	52.6559
81	107	63.1723
90	107	47.6858
94	107	53.1896
95	107	51.3006
100	107	-3.2674
105	107	7.7607
32	108	53.4547
33	108	51.9369
34	108	47.5232
43	108	51.3006
44	108	48.1706
49	108	43.9913
52	108	49.3173
93	108	-1.5143
101	108	-3.7143
3	109	39.2501
8	109	59.6364
16	109	62.9184
40	109	53.4547
41	109	54.993
53	109	50.2864
54	109	51.9068
55	109	53.5428
62	109	54.388
65	109	55.4215
66	109	51.2091
67	109	22.0674
68	109	23.5452
72	109	55.4215
74	109	18.2456
81	109	7.2837
90	109	18.2456
94	109	12.262
95	109	14.0819
100	109	74.0907
105	109	87.2185
107	109	72.0225
23	110	30.3571
77	110	6.9156
83	110	4.0138
84	110	4.4715
106	110	-5.6071
23	111	30.7807
77	111	5.75
83	111	4.4715
84	111	4.0138
106	111	-1.5143
110	111	-1.8214
46	112	25.5573
50	112	23.7178
51	112	23.3135
70	112	9.6406
96	112	-0.67521
102	112	-3.2674
103	112	-3.2674
2	113	41.0177
4	113	38.0074
10	113	36.2
2	114	41.7143
4	114	38.5941
10	114	36.8106
113	114	-5.6071
5	115	44.4761
12	115	42.9012
13	115	41.8597
14	115	40.8698
21	115	41.3489
26	115	39.8214
28	115	38.7105
30	115	37.6517
6	116	55.4215
7	116	50.1933
15	116	51.3919
2	117	42.1852
4	117	39.3267
10	117	37.4927
113	117	-4.8231
114	117	-3.2674
1	118	41.7507
9	118	37.968
17	118	36.2
87	118	7.7607
1	119	41.8597
9	119	38.086
17	119	36.0768
87	119	5.8845
118	119	-1.8214
5	120	48.6831
12	120	47.0983
13	120	46.0715
14	120	45.0928
21	120	45.5338
26	120	43.9913
28	120	42.9012
30	120	41.8597
115	120	-3.2674
1	121	43.6071
9	121	39.8214
17	121	37.968
87	121	8.6726
118	121	-4.8231
119	121	-3.2674
1	2	-0.53026
1	4	-1.7969
3	6	4.1665
5	6	-1.0604
3	7	4.1861
5	7	-1.3772
6	8	-1.2209
7	8	-1.0228
2	9	-1.6434
4	9	-1.909
1	10	-1.3931
9	10	-1.9326
6	12	-1.5454
7	12	-1.7477
6	13	-1.6275
7	13	-1.8258
6	14	-1.8048
7	14	-1.9171
3	15	4.1149
5	15	-1.3279
8	15	-1.8273
12	15	-1.6848
13	15	-1.7213
14	15	-1.6318
6	16	-1.6406
7	16	-1.2689
15	16	-1.9608
2	17	-0.28217
4	17	-1.0458
10	17	-1.2934
2	19	-1.8315
4	19	-1.71
10	19	-0.78098
6	21	-2.039
7	21	-2.1124
15	21	-2.07
1	23	-1.9399
2	23	-1.5422
3	23	4.5128
4	23	-1.9694
5	23	-1.5151
6	23	-1.7693
7	23	-1.6313
8	23	-1.3881
9	23	-2.4345
10	23	-2.3284
11	23	-0.93562
12	23	-1.5463
13	23	-1.816
14	23	-1.8055
15	23	-1.97
16	23	-1.6601
17	23	-1.8938
18	23	-0.55763
19	23	-1.8248
20	23	-1.0268
21	23	-1.898
22	23	-2.9235
2	24	-1.3829
4	24	-2.0014
10	24	-1.1221
23	24	-1.4265
23	25	-1.41
6	26	-1.853
7	26	-1.8766
15	26	-1.9857
23	26	-1.7313
23	27	-1.7019
6	28	-1.6795
7	28	-1.677
15	28	-1.7647
23	28	-1.7543
23	29	-1.5986
6	30	-1.2691
7	30	-1.4966
15	30	-1.5493
23	30	-1.59
23	31	-1.6391
23	32	-1.2498
27	32	-0.4358
29	32	-0.066553
31	32	-0.032665
23	33	-1.1649
27	33	-0.50326
29	33	-0.12665
31	33	-0.10039
23	34	-1.3875
27	34	-0.7632
29	34	-0.39067
31	34	-0.38471
2	35	-0.98399
4	35	-1.9773
10	35	-1.4177
23	35	-1.502
23	36	-2.1234
23	37	-1.7169
32	37	-0.17723
33	37	-0.33588
34	37	-0.73323
23	38	-1.8306
32	38	0.076552
33	38	-0.13819
34	38	-0.60921
23	39	-1.6927
32	39	0.77737
33	39	0.3529
34	39	-0.19939
6	40	-0.31108
7	40	1.7234
15	40	0.36509
23	40	-0.69535
6	41	-0.20463
7	41	1.3985
15	41	0.19577
23	41	-0.74672
23	42	-1.8445
32	42	-0.7033
33	42	-0.90226
34	42	-1.3405
23	43	-0.77291
27	43	-1.2423
29	43	-1.3085
31	43	-0.60148
37	43	-1.5148
38	43	-1.3523
39	43	-0.59364
42	43	-1.7923
23	44	-0.9585
27	44	-1.264
29	44	-0.88577
31	44	-1.0151
37	44	-1.2171
38	44	-1.1572
39	44	-0.81436
42	44	-1.8274
23	45	-1.5353
32	45	-2.047
33	45	-1.986
34	45	-1.2702
43	45	-1.8357
44	45	-2.2323
23	46	-2.4518
11	47	-2.1868
18	47	-2.4357
20	47	-2.3294
23	47	-2.3181
25	47	-2.2501
36	47	-1.7412
46	47	-2.6244
23	48	-1.8602
32	48	-0.43017
33	48	-0.80212
34	48	-1.1547
43	48	-1.5442
44	48	-1.7579
23	49	-1.2498
27	49	-1.6073
29	49	-1.2079
31	49	-1.2849
37	49	-1.6565
38	49	-1.5843
39	49	-1.2101
42	49	-1.7417
45	49	-1.3607
48	49	-1.9171
23	50	-2.3461
47	50	-2.5035
23	51	-2.571
47	51	-1.6285
23	52	-1.0878
27	52	-0.55047
29	52	-0.53464
31	52	0.023113
37	52	-0.50228
38	52	-0.010936
39	52	0.43901
42	52	-0.7654
45	52	-1.5064
48	52	-1.061
6	53	1.4269
7	53	2.5289
15	53	1.9971
23	53	0.35874
6	54	1.4615
7	54	2.4285
15	54	1.9188
23	54	0.45248
6	55	1.0406
7	55	1.9416
15	55	1.4253
23	55	0.19062
11	56	-2.229
18	56	-1.9441
20	56	-2.331
23	56	-0.79255
25	56	-2.3838
36	56	-1.7218
46	56	-0.90769
50	56	-0.99055
51	56	-0.061524
23	57	2.1088
47	57	3.4292
56	57	2.8914
23	58	2.3985
47	58	3.4538
56	58	2.9469
23	59	2.3431
47	59	3.3354
56	59	2.8608
23	60	2.1586
47	60	3.1214
56	60	2.6789
11	61	1.661
18	61	1.6873
20	61	1.5012
23	61	1.8501
25	61	1.4691
36	61	1.767
46	61	0.96092
50	61	0.95193
51	61	1.8643
57	61	1.2185
58	61	1.2776
59	61	1.2032
60	61	1.044
6	62	1.4992
7	62	2.066
15	62	1.7965
23	62	1.1177
23	63	2.4433
47	63	3.2853
56	63	3.1499
61	63	-1.4993
23	64	2.7326
47	64	3.8104
56	64	3.3479
61	64	1.0827
6	65	1.8951
7	65	2.3449
15	65	2.1519
23	65	1.4951
6	66	2.3305
7	66	2.8272
15	66	2.6491
23	66	1.8921
6	67	5.5623
7	67	5.9533
15	67	6.1123
23	67	4.4093
6	68	5.2866
7	68	5.7068
15	68	5.8456
23	68	4.1291
2	69	1.9662
4	69	2.7918
10	69	3.7992
23	69	2.8491
23	70	1.6536
47	70	2.2437
56	70	1.568
61	70	1.2852
2	71	1.9886
4	71	2.8089
10	71	3.8084
23	71	2.8923
6	72	1.8427
7	72	2.2139
15	72	2.0901
23	72	1.6011
23	73	4.9735
6	74	4.8597
7	74	5.2523
15	74	5.3996
23	74	4.7346
11	75	1.7177
18	75	1.8102
20	75	1.7824
23	75	2.7558
25	75	1.781
36	75	1.7762
46	75	1.666
50	75	1.9508
51	75	2.6369
57	75	-0.98392
58	75	-1.3011
59	75	-1.666
60	75	-2.1276
63	75	3.6601
64	75	-1.5241
70	75	-0.32413
23	76	4.3542
1	77	2.1255
2	77	2.861
3	77	5.2698
4	77	3.3915
5	77	3.4013
6	77	2.7749
7	77	2.1616
8	77	1.8381
9	77	2.4858
10	77	3.49
11	77	2.5964
12	77	3.5011
13	77	3.4446
14	77	3.2688
15	77	2.5266
16	77	1.626
17	77	3.0019
18	77	2.6644
19	77	3.3374
20	77	2.7634
21	77	3.8582
22	77	2.5945
24	77	3.4247
25	77	3.1006
26	77	4.0219
27	77	3.8954
28	77	3.7829
29	77	3.5814
30	77	3.4655
31	77	3.3713
32	77	2.6747
33	77	2.3931
34	77	1.9718
35	77	4.1607
36	77	3.951
37	77	3.6406
38	77	3.453
39	77	3.1608
40	77	1.6057
41	77	1.4334
42	77	4.1506
43	77	2.3286
44	77	1.9044
45	77	1.3984
46	77	3.2579
47	77	3.9143
48	77	3.922
49	77	1.6527
50	77	3.2923
51	77	2.9514
52	77	2.6183
53	77	0.81306
54	77	0.48177
55	77	0.53982
56	77	2.9869
57	77	-1.2272
58	77	-0.73514
59	77	-0.73895
60	77	-0.92434
61	77	1.5921
62	77	-0.77099
63	77	0.22007
64	77	-0.52886
65	77	-1.2791
66	77	-1.0841
67	77	5.1436
68	77	4.433
69	77	-0.70029
70	77	-1.73
71	77	-0.64983
72	77	-1.3822
73	77	-1.5091
74	77	7.2976
75	77	-0.0094011
76	77	-1.8841
11	78	1.6422
18	78	1.7168
20	78	1.6792
23	78	2.9135
25	78	1.6576
36	78	1.6506
46	78	1.9972
50	78	2.2525
51	78	2.917
57	78	-0.85864
58	78	-1.1324
59	78	-1.4544
60	78	-1.7944
63	78	3.128
64	78	-1.4371
70	78	0.1057
77	78	0.13859
11	79	1.5032
18	79	1.5969
20	79	1.5709
23	79	2.6392
25	79	1.5716
36	79	1.5653
46	79	1.6695
50	79	1.9653
51	79	2.6408
57	79	-1.1372
58	79	-1.5921
59	79	-1.9768
60	79	-2.354
63	79	3.3954
64	79	-1.667
70	79	-0.071104
77	79	0.069339
2	80	2.0746
4	80	2.8484
10	80	3.8282
23	80	3.0297
77	80	-0.5121
6	81	6.3464
7	81	6.6191
15	81	6.8273
23	81	6.2726
77	81	9.1892
23	82	4.1675
77	82	-1.1504
1	83	1.6291
2	83	2.6863
3	83	4.9515
4	83	3.2881
5	83	3.1723
6	83	2.5496
7	83	1.9989
8	83	1.7572
9	83	1.9802
10	83	3.3821
11	83	2.3242
12	83	3.2698
13	83	3.2453
14	83	3.0958
15	83	2.3403
16	83	1.5937
17	83	2.5485
18	83	2.3477
19	83	3.1016
20	83	2.4864
21	83	3.6353
22	83	3.1375
24	83	3.1814
25	83	2.8309
26	83	3.7967
27	83	3.7514
28	83	3.5875
29	83	3.4627
30	83	3.2952
31	83	3.2821
32	83	2.5396
33	83	2.2815
34	83	1.9269
35	83	3.9018
36	83	3.676
37	83	3.5191
38	83	3.3663
39	83	3.1037
40	83	1.5648
41	83	1.3955
42	83	3.9946
43	83	2.1951
44	83	1.8264
45	83	1.4586
46	83	3.3369
47	83	3.7174
48	83	3.8071
49	83	1.6324
50	83	3.3484
51	83	3.0071
52	83	2.5159
53	83	0.80624
54	83	0.48439
55	83	0.55368
56	83	2.7663
57	83	-1.116
58	83	-0.699
59	83	-0.72526
60	83	-0.92182
61	83	1.0893
62	83	-0.71131
63	83	-0.144
64	83	-0.62987
65	83	-1.2583
66	83	-1.2601
67	83	3.6899
68	83	3.1652
69	83	-0.7943
70	83	-1.1607
71	83	-0.85409
72	83	-1.4592
73	83	0.0032305
74	83	4.6409
75	83	-0.36446
76	83	-1.5913
78	83	-0.35097
79	83	-0.34641
80	83	-0.8144
81	83	8.803
82	83	-1.855
1	84	1.7139
2	84	2.7693
3	84	5.1032
4	84	3.345
5	84	3.311
6	84	2.6806
7	84	2.1005
8	84	1.8506
9	84	2.0673
10	84	3.4425
11	84	2.444
12	84	3.4124
13	84	3.3758
14	84	3.2171
15	84	2.4573
16	84	1.6648
17	84	2.6171
18	84	2.4856
19	84	3.1473
20	84	2.6099
21	84	3.7756
22	84	2.7711
24	84	3.2346
25	84	2.9521
26	84	3.9411
27	84	3.8982
28	84	3.7224
29	84	3.6025
30	84	3.4227
31	84	3.4116
32	84	2.6482
33	84	2.3812
34	84	1.9945
35	84	3.9609
36	84	3.7938
37	84	3.6643
38	84	3.4988
39	84	3.2259
40	84	1.6593
41	84	1.4884
42	84	4.1541
43	84	2.3197
44	84	1.9274
45	84	1.4874
46	84	3.4045
47	84	3.8819
48	84	3.9582
49	84	1.711
50	84	3.4295
51	84	3.0907
52	84	2.6393
53	84	0.9101
54	84	0.58429
55	84	0.64384
56	84	2.9639
57	84	-1.2956
58	84	-0.84512
59	84	-0.85974
60	84	-1.0527
61	84	1.4379
62	84	-0.6254
63	84	0.14446
64	84	-0.68725
65	84	-1.1541
66	84	-1.2755
67	84	4.3463
68	84	3.7907
69	84	-0.8895
70	84	-1.4833
71	84	-0.8523
72	84	-1.3773
73	84	-1.0041
74	84	5.7493
75	84	-0.38988
76	84	-2.1673
78	84	-0.34228
79	84	-0.33749
80	84	-0.75364
81	84	8.821
82	84	-1.6289
11	85	1.6782
18	85	1.7395
20	85	1.7063
23	85	2.9017
25	85	1.6768
36	85	1.6569
46	85	2.1561
50	85	2.4127
51	85	3.0616
57	85	-0.72263
58	85	-0.99609
59	85	-1.3063
60	85	-1.6114
63	85	2.9718
64	85	-1.2625
70	85	0.50524
77	85	0.33729
83	85	-0.23286
84	85	-0.18727
11	86	1.5091
18	86	1.5886
20	86	1.5593
23	86	2.7533
25	86	1.5468
36	86	1.5348
46	86	1.8852
50	86	2.1662
51	86	2.8225
57	86	-1.0869
58	86	-1.4472
59	86	-1.8298
60	86	-2.1898
63	86	3.1225
64	86	-1.5879
70	86	0.26396
77	86	0.26937
83	86	-0.22884
84	86	-0.19296
2	87	3.241
4	87	3.81
10	87	3.9297
23	87	3.914
77	87	0.092183
83	87	-1.2684
84	87	-1.0229
11	88	1.259
18	88	1.3381
20	88	1.3161
23	88	2.4973
25	88	1.3066
36	88	1.2865
46	88	1.7836
50	88	2.0856
51	88	2.7362
57	88	-1.193
58	88	-1.6477
59	88	-1.9662
60	88	-2.1625
63	88	2.9128
64	88	-1.6476
70	88	0.35352
77	88	0.20102
83	88	-0.29382
84	88	-0.24072
23	89	3.9938
77	89	-0.034926
83	89	-0.34359
84	89	-0.16372
6	90	5.154
7	90	5.5035
15	90	5.6102
23	90	4.5073
77	90	4.8514
83	90	2.6055
84	90	3.6402
11	91	1.4771
18	91	1.5269
20	91	1.5007
23	91	2.7593
25	91	1.466
36	91	1.4316
46	91	2.1897
50	91	2.4589
51	91	3.0826
57	91	-0.93776
58	91	-1.2417
59	91	-1.5593
60	91	-1.8268
63	91	2.6419
64	91	-1.456
70	91	0.89024
77	91	0.58339
83	91	-0.060671
84	91	0.039689
11	92	1.3509
18	92	1.4131
20	92	1.3911
23	92	2.6372
25	92	1.3683
36	92	1.3379
46	92	2.0477
50	92	2.3364
51	92	2.9701
57	92	-1.168
58	92	-1.5626
59	92	-1.8363
60	92	-1.9657
63	92	2.7523
64	92	-1.6903
70	92	0.72443
77	92	0.46821
83	92	-0.095693
84	92	-0.013785
23	93	1.6348
27	93	0.89103
29	93	0.76585
31	93	0.76798
37	93	0.9287
38	93	0.80882
39	93	0.67009
42	93	1.6297
45	93	6.3572
48	93	1.7877
77	93	-0.48271
83	93	-0.65098
84	93	-0.64239
6	94	5.2242
7	94	5.5449
15	94	5.6804
23	94	4.7911
77	94	6.2663
83	94	5.3819
84	94	6.1397
6	95	5.1067
7	95	5.4346
15	95	5.5598
23	95	4.7913
77	95	5.9291
83	95	4.7038
84	95	5.5886
23	96	1.7779
47	96	3.6672
56	96	3.3857
61	96	3.1236
75	96	-1.4332
77	96	0.71909
78	96	-1.1216
79	96	-1.9785
83	96	-0.26346
84	96	-0.054575
85	96	-1.5658
86	96	-2.1671
88	96	-2.2506
91	96	-1.8708
92	96	-1.7706
11	97	1.4241
18	97	1.4715
20	97	1.4498
23	97	2.7005
25	97	1.4157
36	97	1.3756
46	97	2.2184
50	97	2.4962
51	97	3.1138
57	97	-1.0116
58	97	-1.3275
59	97	-1.6474
60	97	-1.7598
63	97	2.5975
64	97	-1.4986
70	97	1.0294
77	97	0.68461
83	97	0.045433
84	97	0.16078
96	97	-1.2303
23	98	2.714
32	98	4.6505
33	98	4.57
34	98	4.4768
43	98	4.9369
44	98	4.5693
49	98	4.6757
52	98	5.7288
77	98	-0.16717
83	98	-0.70196
84	98	-0.61336
93	98	-2.0558
23	99	2.476
32	99	5.2435
33	99	5.1806
34	99	5.1371
43	99	5.5534
44	99	5.2256
49	99	5.4041
52	99	6.3993
77	99	-0.35011
83	99	-0.81258
84	99	-0.75157
93	99	-2.0815
6	100	1.6174
7	100	1.6978
15	100	1.7339
23	100	1.5108
77	100	-1.1009
83	100	-1.1192
84	100	-1.1473
23	101	1.6476
27	101	0.86772
29	101	0.6719
31	101	0.67389
37	101	0.90779
38	101	0.78644
39	101	0.57339
42	101	1.6103
45	101	6.3093
48	101	1.7695
77	101	-0.41996
83	101	-0.59356
84	101	-0.58033
98	101	-1.8552
99	101	-2.2157
23	102	2.2387
47	102	3.2749
56	102	2.9013
61	102	2.519
75	102	-1.4247
77	102	2.0076
78	102	-1.3976
79	102	-1.9328
83	102	0.80093
84	102	1.1994
85	102	-1.7315
86	102	-2.1167
88	102	-2.7054
91	102	-2.4879
92	102	-2.3794
97	102	-2.021
23	103	1.8488
47	103	3.5208
56	103	3.2065
61	103	2.8931
75	103	-1.4245
77	103	1.133
78	103	-1.1199
79	103	-1.8841
83	103	0.052873
84	103	0.34143
85	103	-1.4801
86	103	-2.0168
88	103	-2.5668
91	103	-2.3465
92	103	-2.2228
97	103	-1.7731
23	104	2.483
32	104	5.1236
33	104	5.0606
34	104	5.0211
43	104	5.4237
44	104	5.0964
49	104	5.271
52	104	6.2481
77	104	-0.27584
83	104	-0.7645
84	104	-0.68768
93	104	-2.1992
101	104	-2.1228
6	105	1.8478
7	105	1.826
15	105	1.9204
23	105	1.4293
77	105	-0.98514
83	105	-0.86094
84	105	-0.89804
1	106	3.2751
2	106	3.684
3	106	5.7147
4	106	4.3791
5	106	4.1168
6	106	3.8142
7	106	3.2947
8	106	3.0243
9	106	3.626
10	106	4.4828
11	106	3.0119
12	106	4.2322
13	106	4.2426
14	106	4.1269
15	106	3.6513
16	106	2.8871
17	106	4.239
18	106	3.0129
19	106	3.7457
20	106	3.1933
21	106	4.6104
22	106	3.4177
24	106	3.8408
25	106	3.5579
26	106	4.7905
27	106	4.6201
28	106	4.6237
29	106	4.3736
30	106	4.372
31	106	4.2272
32	106	3.7609
33	106	3.5303
34	106	3.2086
35	106	4.5207
36	106	4.3749
37	106	4.4588
38	106	4.3411
39	106	4.1124
40	106	2.9595
41	106	2.7978
42	106	4.9138
43	106	3.509
44	106	3.1859
45	106	2.8298
46	106	3.7677
47	106	4.4093
48	106	4.8099
49	106	3.0444
50	106	3.7728
51	106	3.484
52	106	3.8917
53	106	2.3588
54	106	2.058
55	106	2.1093
56	106	3.6166
57	106	-1.1164
58	106	-0.84698
59	106	-0.97861
60	106	-1.2521
61	106	2.085
62	106	1.0222
63	106	1.3361
64	106	-0.92744
65	106	0.46854
66	106	0.39122
67	106	4.5728
68	106	4.3445
69	106	-1.4404
70	106	-0.9558
71	106	-1.5697
72	106	0.30034
73	106	1.8612
74	106	5.0346
75	106	-1.0666
76	106	1.5522
78	106	-1.1631
79	106	-1.446
80	106	-1.8642
81	106	7.4993
82	106	0.77404
85	106	-1.4069
86	106	-1.5141
87	106	0.77388
88	106	-2.0102
89	106	-2.5345
90	106	3.3164
91	106	-1.8546
92	106	-1.8812
93	106	-1.0847
94	106	5.6517
95	106	4.3808
96	106	-2.0859
97	106	-1.802
98	106	-1.7397
99	106	-1.6851
100	106	-0.50027
101	106	-0.97557
102	106	-1.9652
103	106	-2.2781
104	106	-1.7398
105	106	-0.91237
6	107	1.6658
7	107	1.7744
15	107	1.8035
23	107	1.8918
77	107	-0.6447
83	107	-0.82025
84	107	-0.80387
106	107	-0.79788
23	108	1.6701
27	108	1.0155
29	108	0.53843
31	108	0.51699
37	108	1.0589
38	108	0.94481
39	108	0.42988
42	108	1.7395
45	108	6.0326
48	108	1.8963
77	108	-0.34001
83	108	-0.51807
84	108	-0.49376
98	108	-1.4355
99	108	-1.7172
104	108	-1.6523
106	108	-0.79234
6	109	4.1719
7	109	4.1474
15	109	4.4072
23	109	5.207
77	109	4.2748
83	109	4.2055
84	109	4.2462
106	109	3.6898
1	110	3.2355
2	110	3.6475
3	110	5.7575
4	110	4.3549
5	110	4.1165
6	110	3.8726
7	110	3.3588
8	110	3.1449
9	110	3.5871
10	110	4.4605
11	110	2.9684
12	110	4.2347
13	110	4.25
14	110	4.1397
15	110	3.717
16	110	3.0124
17	110	4.2076
18	110	2.9699
19	110	3.7118
20	110	3.154
21	110	4.614
22	110	3.2767
24	110	3.8093
25	110	3.5222
26	110	4.7969
27	110	4.617
28	110	4.6365
29	110	4.377
30	110	4.3915
31	110	4.2359
32	110	3.8289
33	110	3.6021
34	110	3.285
35	110	4.4828
36	110	4.3363
37	110	4.4664
38	110	4.3537
39	110	4.1306
40	110	3.0966
41	110	2.937
42	110	4.9184
43	110	3.5931
44	110	3.2758
45	110	2.9488
46	110	3.6032
47	110	4.3709
48	110	4.8259
49	110	3.1424
50	110	3.609
51	110	3.3288
52	110	3.9861
53	110	2.5208
54	110	2.2239
55	110	2.2726
56	110	3.6027
57	110	-1.095
58	110	-1.0312
59	110	-1.1713
60	110	-1.4482
61	110	2.0998
62	110	1.2162
63	110	1.4288
64	110	-1.115
65	110	0.67404
66	110	0.61546
67	110	4.6744
68	110	4.4689
69	110	-1.5415
70	110	-0.99389
71	110	-1.5784
72	110	0.51764
73	110	1.7447
74	110	5.1147
75	110	-1.3131
76	110	1.5079
78	110	-1.4072
79	110	-1.7066
80	110	-1.719
81	110	7.2992
82	110	0.82993
85	110	-1.6606
86	110	-1.7692
87	110	1.025
88	110	-2.2265
89	110	-2.6978
90	110	3.755
91	110	-2.0731
92	110	-2.0611
93	110	-0.93067
94	110	5.6814
95	110	4.7636
96	110	-2.0737
97	110	-2.007
98	110	-1.5413
99	110	-1.5277
100	110	-0.33175
101	110	-0.82092
102	110	-2.4081
103	110	-2.0724
104	110	-1.5632
105	110	-0.75955
107	110	-0.63994
108	110	-0.6288
109	110	4.1999
1	111	4.0937
2	111	3.9248
3	111	6.1882
4	111	4.5729
5	111	4.5805
6	111	4.3307
7	111	3.7716
8	111	3.4752
9	111	4.42
10	111	4.6798
11	111	3.2461
12	111	4.7016
13	111	4.6975
14	111	4.574
15	111	4.1556
16	111	3.3033
17	111	5.1157
18	111	3.272
19	111	4.0294
20	111	3.4307
21	111	5.0707
22	111	3.4118
24	111	4.1301
25	111	3.7852
26	111	5.2567
27	111	5.0175
28	111	5.085
29	111	4.7716
30	111	4.833
31	111	4.6184
32	111	4.2527
33	111	4.0166
34	111	3.6577
35	111	4.7927
36	111	4.5774
37	111	4.8683
38	111	4.7403
39	111	4.5066
40	111	3.4404
41	111	3.2799
42	111	5.3345
43	111	4.0452
44	111	3.7001
45	111	3.1969
46	111	3.3578
47	111	4.6035
48	111	5.234
49	111	3.5377
50	111	3.3786
51	111	3.1061
52	111	4.4334
53	111	2.9047
54	111	2.6032
55	111	2.6305
56	111	3.8964
57	111	-0.82135
58	111	-1.4954
59	111	-1.5864
60	111	-1.4616
61	111	2.595
62	111	1.5767
63	111	1.9567
64	111	-1.6387
65	111	1.0567
66	111	1.0429
67	111	5.5725
68	111	5.3722
69	111	-1.3892
70	111	-0.73764
71	111	-1.4539
72	111	0.853
73	111	1.132
74	111	6.1745
75	111	-1.8412
76	111	0.85972
78	111	-1.8088
79	111	-2.147
80	111	-1.5695
81	111	8.0467
82	111	0.22214
85	111	-1.7573
86	111	-2.1627
87	111	2.8658
88	111	-2.092
89	111	-1.888
90	111	5.5851
91	111	-1.8142
92	111	-1.9881
93	111	-0.95827
94	111	7.6206
95	111	7.0469
96	111	-1.478
97	111	-1.772
98	111	-1.3553
99	111	-1.5034
100	111	-0.29161
101	111	-0.861
102	111	-1.2548
103	111	-1.3594
104	111	-1.4802
105	111	-0.69492
107	111	-0.59513
108	111	-0.67245
109	111	4.3806
23	112	1.6948
47	112	3.4891
56	112	3.1678
61	112	2.7833
75	112	-0.9583
77	112	1.349
78	112	-0.70111
79	112	-1.3679
83	112	0.28894
84	112	0.63037
85	112	-0.99048
86	112	-1.4458
88	112	-2.0728
91	112	-1.8589
92	112	-2.3427
97	112	-2.4569
106	112	-2.028
110	112	-1.5745
111	112	-0.99209
1	113	3.9168
9	113	4.1262
17	113	4.4494
19	113	4.1825
23	113	3.7388
24	113	4.0642
35	113	3.8973
69	113	-1.9106
71	113	-2.0234
77	113	0.35216
80	113	-2.2156
83	113	-0.51408
84	113	-0.2314
87	113	0.50388
106	113	-1.5778
110	113	-1.2853
111	113	-1.443
1	114	3.8238
9	114	4.0249
17	114	4.3401
19	114	4.1834
23	114	3.6792
24	114	4.0066
35	114	3.839
69	114	-1.8418
71	114	-1.9062
77	114	0.24026
80	114	-2.1017
83	114	-0.5731
84	114	-0.31309
87	114	0.32288
106	114	-1.5695
110	114	-1.2992
111	114	-1.4361
6	115	5.6955
7	115	5.3419
15	115	5.6577
23	115	2.925
77	115	-0.20075
83	115	-0.68324
84	115	-0.56807
106	115	-1.5355
110	115	-1.3508
111	115	-1.3763
3	116	5.9098
5	116	3.1728
8	116	6.7778
12	116	3.2445
13	116	3.2562
14	116	3.3648
16	116	6.6541
21	116	3.3079
23	116	2.2308
26	116	3.3628
28	116	3.5857
30	116	3.7276
40	116	7.5427
41	116	7.2282
53	116	7.2071
54	116	6.8907
55	116	6.8962
62	116	6.7119
65	116	6.4093
66	116	6.7532
67	116	8.7501
68	116	8.867
72	116	6.7984
74	116	9.3953
77	116	-0.46043
81	116	9.3747
83	116	-0.49755
84	116	-0.55262
90	116	8.6963
94	116	9.1058
95	116	9.0261
100	116	5.3932
105	116	0.17833
106	116	-0.78489
107	116	6.7171
109	116	6.5751
110	116	-0.66287
111	116	-0.84158
115	116	-2.041
1	117	3.9535
9	117	4.1765
17	117	4.5113
19	117	4.1481
23	117	3.8215
24	117	4.1053
35	117	3.9347
69	117	-1.8134
71	117	-1.9413
77	117	0.65299
80	117	-2.129
83	117	-0.2568
84	117	0.062744
87	117	0.82464
106	117	-1.8067
110	117	-1.4918
111	117	-1.5578
2	118	3.4464
4	118	4.1857
10	118	4.3062
23	118	2.8924
77	118	-0.017344
83	118	-0.55254
84	118	-0.091321
106	118	-1.844
110	118	-1.695
111	118	0.02228
113	118	-2.0438
114	118	-1.9353
117	118	-1.9449
2	119	3.8405
4	119	4.515
10	119	4.6355
23	119	3.3807
77	119	0.23012
83	119	-0.32303
84	119	0.066027
106	119	-1.8004
110	119	-1.3173
111	119	-1.2743
113	119	-2.3062
114	119	-2.2424
117	119	-2.1763
6	120	5.6842
7	120	5.3773
15	120	5.6637
23	120	2.9343
77	120	-0.071667
83	120	-0.51048
84	120	-0.40852
106	120	-1.4758
110	120	-1.2766
111	120	-1.4099
116	120	-1.7172
2	121	3.6239
4	121	4.3491
10	121	4.4697
23	121	2.9726
77	121	0.15783
83	121	-0.33562
84	121	0.066615
106	121	-2.1801
110	121	-1.946
111	121	-0.55933
113	121	-1.8918
114	121	-1.8372
117	121	-1.8454
offset
60
