118
detection	body_part	cost
1	9	-0.76534
2	9	-0.49426
3	9	-2.4558
4	9	0.87111
5	10	-3.1518
6	10	-1.3078
7	10	-2.2437
8	12	-0.11286
9	12	0.35557
10	12	-0.78271
11	12	-0.21556
12	4	-0.029156
13	11	9.2102
14	4	-5.5047
15	11	9.2102
16	4	-0.27345
17	4	0.087933
18	14	0.74984
19	3	-2.2688
20	3	-0.34945
21	3	0.73035
22	11	9.2102
23	14	1.3674
24	3	-3.1369
25	3	-2.5684
26	3	0.6717
27	3	0.26553
28	5	0.43321
29	7	0.70427
30	7	0.072711
31	7	-0.83062
32	7	-2.1974
33	7	-2.3659
34	11	9.2102
35	3	-3.7433
36	3	-2.5602
37	4	-3.062
38	4	-4.726
39	4	-3.1449
40	9	-0.88765
41	5	-0.70081
42	10	0.63711
43	6	0.30703
44	1	-0.96918
45	1	-1.5581
46	1	0.34492
47	7	-4.2855
48	5	-1.4006
49	3	-3.3811
50	6	-0.52146
51	1	-2.5891
52	9	-0.35869
53	4	-1.2109
54	7	-0.30142
55	9	-1.5132
56	12	0.3808
57	9	-1.6435
58	5	0.2306
59	10	-0.3245
60	1	-2.4319
61	1	-0.24122
62	13	0.35425
63	13	1.0074
64	5	-3.3793
65	1	-2.036
66	6	-0.99953
67	1	-4.5193
68	3	0.27235
69	6	-1.2619
70	1	-3.8641
71	7	-0.43528
72	7	-1.585
73	9	-0.72452
74	12	-1.0129
75	8	-0.42683
76	10	0.24888
77	9	0.14869
78	12	-0.25343
79	13	0.39485
80	8	-0.11223
81	10	-0.18388
82	13	0.1552
83	8	0.36428
84	11	9.2102
85	7	0.37394
86	8	-4.0918
87	2	-4.6665
88	6	-1.8631
89	1	-1.7923
90	6	-1.2482
91	7	-0.22152
92	7	-1.3364
93	12	-0.95438
94	8	-0.98606
95	12	-0.92648
96	8	-0.85951
97	13	0.0095431
98	6	0.2988
99	6	0.39569
100	14	0.93291
101	14	1.2622
102	11	9.2102
103	8	-0.83634
104	5	0.21772
105	11	9.2102
106	6	0.060355
107	7	-0.13103
108	11	9.2102
109	8	0.1446
110	8	0.25423
111	8	0.52066
112	8	0.58337
113	11	9.2102
114	11	9.2102
115	11	9.2102
116	11	9.2102
117	2	0.29086
118	2	-2.7058
detection1	detection2	cost
1	2	-5.6071
1	3	-3.2674
2	3	-1.5143
1	4	-1.5143
2	4	-3.2674
3	4	1.9643
5	6	-3.2674
5	7	-4.8231
6	7	-5.6071
8	9	-5.6071
8	10	-1.5143
9	10	0.30445
8	11	-5.6071
9	11	-4.8231
10	11	-1.8214
12	14	-3.2674
13	15	0.30445
12	16	-0.67521
14	16	-3.7143
12	17	-1.5143
14	17	-3.2674
16	17	-5.6071
19	20	-3.7143
19	21	-1.8214
20	21	-5.6071
13	22	4.6202
15	22	-1.5143
18	23	-4.8231
19	24	-5.6071
20	24	-3.2674
21	24	-1.5143
19	25	-4.8231
20	25	-4.8231
21	25	-3.2674
24	25	-5.6071
19	26	-2.1462
20	26	0.96511
21	26	2.6933
24	26	-3.2674
25	26	-1.5143
19	27	-2.1462
20	27	-3.7143
21	27	-3.2674
24	27	-3.2674
25	27	-4.8231
26	27	0.071429
29	30	-5.6071
29	31	-3.7143
30	31	-5.6071
29	32	-1.8214
30	32	-3.7143
31	32	-5.6071
29	33	1.9643
30	33	0.071429
31	33	-1.8214
32	33	-3.7143
13	34	7.7607
15	34	3.8571
22	34	-1.5143
19	35	16.443
20	35	20.0604
21	35	21.885
24	35	15.9133
25	35	17.7539
26	35	11.8034
27	35	19.269
19	36	14.6553
20	36	18.2456
21	36	20.0604
24	36	14.0819
25	36	15.9133
26	36	9.9513
27	36	17.3966
35	36	-5.6071
12	37	36.8106
14	37	32.6089
16	37	31.5222
17	37	33.3612
12	38	35.0367
14	38	30.8274
16	38	29.6887
17	38	31.5222
37	38	-5.6071
12	39	33.2734
14	39	29.0571
16	39	27.8615
17	39	29.6887
37	39	-3.7143
38	39	-5.6071
1	40	21.3932
2	40	22.4287
3	40	17.8953
4	40	23.3135
28	41	-4.8231
5	42	35.0367
6	42	30.8274
7	42	32.4299
44	45	-3.7143
44	46	-1.8214
45	46	-5.6071
29	47	0.30445
30	47	-1.5143
31	47	-3.2674
32	47	-4.8231
33	47	-4.8231
28	48	28.5141
41	48	30.3571
19	49	17.1071
20	49	20.6393
21	49	22.4287
24	49	16.443
25	49	18.2456
26	49	12.262
27	49	19.6016
35	49	-5.6071
36	49	-4.8231
43	50	11.523
44	51	11.523
45	51	15.293
46	51	17.1798
1	52	25.0659
2	52	26.2014
3	52	21.3932
4	52	27.2998
40	52	-3.2674
12	53	34.0136
14	53	29.785
16	53	28.4144
17	53	30.2149
37	53	-3.2674
38	53	-4.8231
39	53	-5.6071
29	54	11.8034
30	54	13.6628
31	54	15.5276
32	54	17.3966
33	54	21.1441
47	54	19.0675
1	55	24.0034
2	55	25.0659
3	55	20.4477
4	55	25.9881
40	55	-4.8231
52	55	-5.6071
8	56	19.269
9	56	20.6393
10	56	14.0819
11	56	17.9658
1	57	23.0214
2	57	24.0034
3	57	19.6016
4	57	24.7342
40	57	-5.6071
52	57	-3.7143
55	57	-5.6071
28	58	-3.2674
41	58	-5.6071
48	58	30.4044
5	59	37.6517
6	59	33.4488
7	59	35.0367
42	59	-4.8231
44	60	-4.8231
45	60	-4.8231
46	60	-3.2674
51	60	13.3214
44	61	-1.5143
45	61	-4.8231
46	61	-5.6071
51	61	17.1071
60	61	-3.7143
62	63	-5.6071
28	64	30.546
41	64	32.295
48	64	-4.8231
58	64	32.25
44	65	15.5276
45	65	19.269
46	65	21.1441
51	65	-3.2674
60	65	17.1798
61	65	20.9559
43	66	13.6628
50	66	-4.8231
44	67	13.6628
45	67	17.3966
46	67	19.269
51	67	-4.8231
60	67	15.293
61	67	19.0675
65	67	-5.6071
19	68	17.8953
20	68	21.3311
21	68	23.08
24	68	17.1071
25	68	18.8644
26	68	12.8867
27	68	20.0604
35	68	-3.7143
36	68	-3.2674
49	68	-5.6071
43	69	11.8034
50	69	-5.6071
66	69	-5.6071
44	70	11.8034
45	70	15.5276
46	70	17.3966
51	70	-5.6071
60	70	13.4073
61	70	17.1798
65	70	-3.7143
67	70	-5.6071
29	71	15.9133
30	71	17.7539
31	71	19.6016
32	71	21.4551
33	71	25.1758
47	71	23.0214
54	71	-3.2674
29	72	14.0819
30	72	15.9133
31	72	17.7539
32	72	19.6016
33	72	23.3135
47	72	21.1441
54	72	-4.8231
71	72	-5.6071
1	73	24.6786
2	73	25.6115
3	73	21.3311
4	73	26.2014
40	73	-3.7143
52	73	-3.2674
55	73	-4.8231
57	73	-5.6071
8	74	19.4026
9	74	20.6393
10	74	14.5743
11	74	17.9658
56	74	-4.8231
5	76	40.2736
6	76	36.0768
7	76	37.6517
42	76	-2.1462
59	76	-4.8231
1	77	23.8324
2	77	24.6786
3	77	20.6393
4	77	25.0659
40	77	-3.2674
52	77	-1.5143
55	77	-3.2674
57	77	-4.8231
73	77	-5.6071
8	78	18.2456
9	78	19.4026
10	78	13.6628
11	78	16.7404
56	78	-3.2674
74	78	-5.6071
62	79	5.8845
63	79	7.7607
75	80	-5.6071
5	81	38.7105
6	81	34.5282
7	81	36.0768
42	81	-3.2674
59	81	-5.6071
76	81	-5.6071
62	82	4.0138
63	82	5.8845
79	82	-5.6071
75	83	-3.7143
80	83	-5.6071
13	84	25.0659
15	84	17.9658
22	84	12.9744
34	84	12.262
29	85	1.9643
30	85	0.53071
31	85	-0.67521
32	85	-1.5143
33	85	-1.5143
47	85	-3.7143
54	85	19.0675
71	85	22.7857
72	85	20.8929
75	86	28.4643
80	86	26.5714
83	86	24.6786
43	88	12.262
50	88	-3.7143
66	88	-4.8231
69	88	-5.6071
44	89	12.262
45	89	15.9133
46	89	17.7539
51	89	-3.7143
60	89	13.6628
61	89	17.3966
65	89	-3.2674
67	89	-4.8231
70	89	-5.6071
43	90	10.4572
50	90	-3.2674
66	90	-3.2674
69	90	-4.8231
88	90	-5.6071
29	91	16.443
30	91	18.2456
31	91	20.0604
32	91	21.885
33	91	25.5573
47	91	23.3135
54	91	-2.1462
71	91	-5.6071
72	91	-4.8231
85	91	22.8448
29	92	14.6553
30	92	16.443
31	92	18.2456
32	92	20.0604
33	92	23.7178
47	92	21.4551
54	92	-3.2674
71	92	-4.8231
72	92	-5.6071
85	92	20.9559
91	92	-5.6071
8	93	22.0674
9	93	23.3135
10	93	17.1798
11	93	20.6393
56	93	-3.7143
74	93	-4.8231
78	93	-3.2674
75	94	-4.8231
80	94	-3.2674
83	94	-1.5143
86	94	30.4044
8	95	20.8929
9	95	22.0674
10	95	16.2174
11	95	19.4026
56	95	-3.2674
74	95	-5.6071
78	95	-4.8231
93	95	-5.6071
75	96	-5.6071
80	96	-4.8231
83	96	-3.2674
86	96	28.5141
94	96	-5.6071
62	97	4.4715
63	97	6.2802
79	97	-4.8231
82	97	-5.6071
43	98	-1.5143
50	98	9.9513
66	98	11.523
69	98	9.6406
88	98	9.5357
90	98	7.6429
43	99	-1.8214
50	99	11.8034
66	99	13.4073
69	99	11.523
88	99	11.4286
90	99	9.5357
98	99	-5.6071
18	100	23.0214
23	100	23.8324
18	101	21.3932
23	101	22.1279
100	101	-5.6071
13	102	24.7342
15	102	17.9658
22	102	12.6213
34	102	11.1425
84	102	-4.8231
75	103	24.7342
80	103	22.8448
83	103	20.9559
86	103	-3.2674
94	103	26.5714
96	103	24.6786
28	104	32.9647
41	104	34.5282
48	104	-0.67521
58	104	34.3146
64	104	-3.2674
13	105	13.3214
15	105	12.8867
22	105	8.783
34	105	3.2076
84	105	19.0675
102	105	17.1071
43	106	14.6553
50	106	-1.5143
66	106	-3.7143
69	106	-3.2674
88	106	-4.8231
90	106	-3.2674
98	106	11.523
99	106	13.4073
29	107	17.1071
30	107	18.8644
31	107	20.6393
32	107	22.4287
33	107	26.0415
47	107	23.7178
54	107	-0.67521
71	107	-3.7143
72	107	-3.2674
85	107	23.0214
91	107	-5.6071
92	107	-4.8231
13	108	28.8606
15	108	21.9459
22	108	16.7404
34	108	15.3715
84	108	-3.2674
102	108	-3.2674
105	108	20.9559
75	109	26.7811
80	109	24.9005
83	109	23.0214
86	109	-3.2674
94	109	28.5141
96	109	26.624
103	109	-4.8231
75	110	30.546
80	110	28.663
83	110	26.7811
86	110	-3.2674
94	110	32.295
96	110	30.4044
103	110	-1.5143
109	110	-3.7143
75	111	-0.67521
80	111	0.53071
83	111	1.9643
86	111	32.6536
94	111	-3.2674
96	111	-2.1462
103	111	28.663
109	111	30.4044
110	111	34.1859
75	112	-1.8214
80	112	-1.5143
83	112	-0.67521
86	112	28.9098
94	112	-3.2674
96	112	-3.7143
103	112	24.9005
109	112	26.624
110	112	30.4044
111	112	-3.7143
13	113	30.0721
15	113	23.3135
22	113	17.9658
34	113	16.2174
84	113	-1.5143
102	113	-2.1462
105	113	21.1441
108	113	-5.6071
13	114	31.3382
15	114	24.7342
22	114	19.269
34	114	17.1798
84	114	0.30445
102	114	-0.67521
105	114	21.4551
108	114	-3.7143
113	114	-5.6071
13	115	38.3212
15	115	31.3382
22	115	26.2014
34	115	24.6786
84	115	5.8845
102	115	6.1496
105	115	29.2526
108	115	1.9643
113	115	0.96511
114	115	0.30445
13	116	45.1269
15	116	38.086
22	116	33.0089
34	116	31.4763
84	116	12.6213
102	116	12.9744
105	116	35.6638
108	116	8.783
113	116	7.7607
114	116	6.9156
115	116	-0.67521
87	117	19.6016
87	118	23.8324
117	118	-3.2674
1	5	-2.0951
2	5	-2.0701
3	5	-1.9446
4	5	-1.9606
1	6	-2.0523
2	6	-1.9524
3	6	-2.2374
4	6	-2.0356
1	7	-2.1094
2	7	-2.0256
3	7	-2.1522
4	7	-2.1261
5	13	2.114
6	13	1.0149
7	13	1.3955
5	15	4.3445
6	15	3.5097
7	15	4.0934
12	19	-1.8558
14	19	-2.072
16	19	-2.2612
17	19	-2.2796
12	20	-2.3243
14	20	-2.4254
16	20	-2.1383
17	20	-2.1508
12	21	-2.3091
14	21	-2.4022
16	21	-2.0604
17	21	-1.9932
5	22	3.6879
6	22	3.1597
7	22	3.5412
12	24	-2.0845
14	24	-2.3136
16	24	-2.2317
17	24	-2.0726
12	25	-2.2036
14	25	-2.3602
16	25	-2.0923
17	25	-1.9517
12	26	-1.7731
14	26	-1.9633
16	26	-1.9756
17	26	-1.8239
12	27	-1.8415
14	27	-1.8545
16	27	-1.7113
17	27	-1.58
12	28	4.5151
14	28	5.1477
16	28	5.5931
17	28	5.4197
5	34	2.6338
6	34	2.1345
7	34	2.4514
12	35	0.059286
14	35	-0.20668
16	35	-0.28637
17	35	-0.13829
12	36	0.053945
14	36	-0.21371
16	36	-0.23849
17	36	-0.096207
19	37	7.5321
20	37	8.2889
21	37	8.163
24	37	8.0852
25	37	7.9303
26	37	7.9057
27	37	7.4879
28	37	-2.1469
35	37	-2.1017
36	37	-2.0817
19	38	7.3979
20	38	8.2163
21	38	8.1881
24	38	7.9644
25	38	7.9575
26	38	7.773
27	38	7.4903
28	38	-1.923
35	38	-1.9852
36	38	-2.0192
19	39	7.2478
20	39	8.0976
21	39	8.2264
24	39	7.8281
25	39	8.0002
26	39	7.6136
27	39	7.5019
28	39	-1.6664
35	39	-1.8256
36	39	-1.8393
5	40	1.8085
6	40	1.6991
7	40	1.6967
12	41	4.3594
14	41	4.9784
16	41	5.4005
17	41	5.231
37	41	-2.2976
38	41	-2.2065
39	41	-2.1629
1	42	4.3613
2	42	4.5167
3	42	4.0374
4	42	5.0829
13	42	-0.65484
15	42	-1.0113
22	42	0.27553
34	42	1.032
40	42	-0.57827
29	43	-1.9473
30	43	-2.161
31	43	-2.3012
32	43	-2.4093
33	43	-2.3913
1	44	-1.5759
2	44	-1.6129
3	44	-1.5414
4	44	-1.4322
5	44	-0.93966
6	44	-1.3769
7	44	-1.2713
8	44	-1.2139
9	44	-1.0081
10	44	-1.4155
11	44	-1.1794
12	44	-1.1861
13	44	-1.3826
14	44	-1.6013
15	44	-0.88522
16	44	-1.8977
17	44	-1.9092
18	44	-1.7159
19	44	-1.4094
20	44	-1.7579
21	44	-1.8436
22	44	-0.7478
23	44	-1.8498
24	44	-1.5646
25	44	-1.8684
26	44	-1.0634
27	44	-1.4785
28	44	7.0797
29	44	-1.2361
30	44	-1.4468
31	44	-1.2475
32	44	-1.5394
33	44	-1.9365
34	44	-0.93322
35	44	3.6506
36	44	3.9237
37	44	7.3987
38	44	7.5303
39	44	7.5008
40	44	6.8606
41	44	8.3226
42	44	8.0841
43	44	1.1812
1	45	-1.4748
2	45	-1.5914
3	45	-1.1347
4	45	-1.5257
5	45	-0.81091
6	45	-1.177
7	45	-1.1112
8	45	-1.9119
9	45	-1.6759
10	45	-1.1349
11	45	-1.9533
12	45	-1.4768
13	45	-1.3931
14	45	-1.8854
15	45	-1.0298
16	45	-2.3049
17	45	-2.2623
18	45	-1.5439
19	45	-1.7717
20	45	-2.2011
21	45	-2.0678
22	45	-0.78723
23	45	-1.5898
24	45	-1.6133
25	45	-1.9606
26	45	-0.40394
27	45	-2.0941
28	45	7.7442
29	45	-1.4959
30	45	-1.6516
31	45	-1.3591
32	45	-1.6741
33	45	-1.908
34	45	-0.81064
35	45	3.335
36	45	3.6083
37	45	7.5616
38	45	7.6929
39	45	7.6622
40	45	6.7166
41	45	8.6332
42	45	8.0931
43	45	0.21125
1	46	-1.1493
2	46	-1.2933
3	46	-0.75684
4	46	-1.2631
5	46	-0.72031
6	46	-1.0389
7	46	-1.0011
8	46	-1.5267
9	46	-1.6035
10	46	-0.60072
11	46	-1.5303
12	46	-1.643
13	46	-1.4266
14	46	-1.9578
15	46	-1.1115
16	46	-2.1748
17	46	-2.0818
18	46	-1.412
19	46	-1.3065
20	46	-1.6742
21	46	-1.5791
22	46	-0.82381
23	46	-1.4581
24	46	-0.99379
25	46	-1.3462
26	46	-0.1309
27	46	-1.6353
28	46	7.8959
29	46	-0.15619
30	46	-1.3086
31	46	-1.5484
32	46	-1.8175
33	46	-1.8273
34	46	-0.75889
35	46	3.1239
36	46	3.3972
37	46	7.5701
38	46	7.7014
39	46	7.6706
40	46	6.7051
41	46	8.6862
42	46	8.1536
43	46	0.13675
43	47	-1.9265
44	47	-1.6196
45	47	-1.5929
46	47	-1.6246
12	48	-1.5232
14	48	-1.9235
16	48	-2.3138
17	48	-2.0326
37	48	1.1749
38	48	1.0799
39	48	0.98006
44	48	-1.2776
45	48	-1.3965
46	48	-1.3605
12	49	-0.079345
14	49	-0.32927
16	49	-0.0087394
17	49	0.15472
37	49	-1.5258
38	49	-1.9079
39	49	-2.0834
44	49	4.1377
45	49	3.7774
46	49	3.5494
29	50	-0.70965
30	50	-0.66301
31	50	-0.60036
32	50	-0.56765
33	50	-0.57493
44	50	2.7336
45	50	2.2459
46	50	2.2072
47	50	-0.7888
1	51	1.7054
2	51	1.6214
3	51	1.8444
4	51	1.4448
5	51	0.31981
6	51	0.52933
7	51	0.43528
8	51	2.0348
9	51	2.0181
10	51	2.1504
11	51	1.9875
12	51	0.82704
13	51	0.13452
14	51	0.46923
15	51	0.50839
16	51	0.21828
17	51	0.15105
18	51	-0.39395
19	51	2.1033
20	51	1.8513
21	51	1.7603
22	51	0.085028
23	51	-0.49528
24	51	2.0965
25	51	1.8514
26	51	2.5586
27	51	1.8718
28	51	-1.1055
29	51	0.55715
30	51	0.41724
31	51	0.63931
32	51	0.39266
33	51	-0.0077139
34	51	-0.55038
35	51	-1.4571
36	51	-1.2625
37	51	-1.7557
38	51	-2.0736
39	51	-1.7153
40	51	-0.78514
41	51	-1.5735
42	51	-1.3515
43	51	2.5599
47	51	0.15346
48	51	0.29059
49	51	-0.99074
50	51	1.5507
5	52	1.8737
6	52	1.7608
7	52	1.7678
42	52	-0.22449
44	52	7.539
45	52	7.2645
46	52	7.2141
51	52	-0.66811
19	53	6.7778
20	53	7.6418
21	53	7.9989
24	53	7.3045
25	53	7.8097
26	53	6.9716
27	53	7.4723
28	53	-1.2258
35	53	-1.4944
36	53	-1.2638
41	53	-1.1669
44	53	8.2303
45	53	8.2864
46	53	8.2482
48	53	1.0741
49	53	-1.7827
51	53	-1.4642
43	54	6.6502
44	54	8.1704
45	54	8.2621
46	54	8.4714
50	54	-2.1382
51	54	-0.60511
5	55	1.7447
6	55	1.6367
7	55	1.6391
42	55	-0.14554
44	55	7.6717
45	55	7.356
46	55	7.295
51	55	-0.95299
44	56	7.4179
45	56	6.9525
46	56	6.8789
51	56	-0.47577
5	57	1.7933
6	57	1.6915
7	57	1.6878
42	57	0.20351
44	57	7.8113
45	57	7.4371
46	57	7.3598
51	57	-1.0077
12	58	4.0442
14	58	4.644
16	58	5.0574
17	58	4.8966
37	58	-2.172
38	58	-2.1526
39	58	-1.7249
44	58	8.8896
45	58	9.237
46	58	9.2882
51	58	-1.7627
53	58	-1.479
1	59	4.6098
2	59	4.7453
3	59	4.3335
4	59	5.2707
13	59	-0.38003
15	59	-0.87727
22	59	0.5396
34	59	1.277
40	59	-1.8274
44	59	8.7513
45	59	8.8206
46	59	8.8282
51	59	-1.2402
52	59	-0.92269
55	59	-0.90468
57	59	-0.75528
1	60	-1.7374
2	60	-1.794
3	60	-1.4768
4	60	-1.6632
5	60	-0.77943
6	60	-1.1625
7	60	-1.0805
8	60	-1.7591
9	60	-1.4856
10	60	-1.5391
11	60	-1.733
12	60	-1.5357
13	60	-1.6076
14	60	-1.9787
15	60	-1.1829
16	60	-2.1762
17	60	-2.0163
18	60	-1.3942
19	60	-2.1348
20	60	-2.2487
21	60	-2.0077
22	60	-1.0651
23	60	-1.4224
24	60	-2.325
25	60	-2.2792
26	60	-1.8251
27	60	-2.0693
28	60	6.7512
29	60	-1.193
30	60	-1.5154
31	60	-1.9258
32	60	-1.9193
33	60	-1.5897
34	60	-1.1897
35	60	3.069
36	60	3.3341
37	60	7.0577
38	60	7.1537
39	60	7.0719
40	60	6.1938
41	60	7.7995
42	60	6.7456
43	60	-0.021983
47	60	-2.1529
48	60	-1.1142
49	60	3.5332
50	60	2.2086
52	60	6.9355
53	60	7.7324
54	60	8.3679
55	60	6.9827
56	60	6.662
57	60	7.0028
58	60	8.6329
59	60	8.1512
1	61	-1.1958
2	61	-1.2195
3	61	-0.87167
4	61	-1.0975
5	61	-0.57835
6	61	-0.89323
7	61	-0.84805
8	61	-1.3837
9	61	-1.4275
10	61	-0.73217
11	61	-1.3654
12	61	-1.847
13	61	-1.5089
14	61	-1.7069
15	61	-1.4232
16	61	-1.8375
17	61	-1.7919
18	61	-1.1401
19	61	-1.4989
20	61	-1.508
21	61	-1.3588
22	61	-1.1949
23	61	-1.2424
24	61	-1.2589
25	61	-1.414
26	61	-0.71863
27	61	-1.4131
28	61	7.346
29	61	0.73727
30	61	-0.279
31	61	-1.2445
32	61	-1.44
33	61	-1.412
34	61	-1.0629
35	61	2.8593
36	61	3.1281
37	61	7.1751
38	61	7.2837
39	61	7.2201
40	61	6.2168
41	61	8.1618
42	61	7.3363
43	61	-0.2299
47	61	-2.1372
48	61	-1.1798
49	61	3.2892
50	61	1.9296
52	61	6.8026
53	61	7.7856
54	61	8.185
55	61	6.8505
56	61	6.4561
57	61	6.871
58	61	8.8368
59	61	8.1684
8	62	2.1887
9	62	2.3759
10	62	1.403
11	62	2.3333
18	62	-1.3758
23	62	-1.5318
44	62	0.23819
45	62	1.3664
46	62	2.6218
51	62	-1.2404
56	62	-0.54735
60	62	-0.62216
61	62	-0.43517
8	63	1.9342
9	63	2.1248
10	63	1.1324
11	63	2.0553
18	63	-1.3126
23	63	-1.4947
44	63	0.13217
45	63	0.89876
46	63	1.5663
51	63	-0.98555
56	63	-0.55687
60	63	-0.50512
61	63	-0.31944
12	64	-1.7141
14	64	-2.334
16	64	-2.0433
17	64	-2.3672
37	64	1.3006
38	64	1.203
39	64	1.1007
44	64	-0.90574
45	64	-1.0516
46	64	-1.034
51	64	0.63232
53	64	1.2894
60	64	-0.77383
61	64	-0.86548
1	65	1.5866
2	65	1.4991
3	65	1.7318
4	65	1.3132
5	65	0.36137
6	65	0.56857
7	65	0.4711
8	65	1.8334
9	65	1.8141
10	65	1.9542
11	65	1.7822
12	65	0.91638
13	65	0.11881
14	65	0.57557
15	65	0.49858
16	65	0.33347
17	65	0.26434
18	65	-0.45412
19	65	0.94904
20	65	0.67521
21	65	0.57607
22	65	0.036433
23	65	-0.57136
24	65	0.90891
25	65	0.65285
26	65	1.3524
27	65	0.63065
28	65	-1.2496
29	65	0.072998
30	65	-0.069741
31	65	0.15818
32	65	-0.093127
33	65	-0.36103
34	65	-0.69708
35	65	-1.5041
36	65	-1.9418
37	65	-1.772
38	65	-2.2544
39	65	-1.9989
40	65	-1.1623
41	65	-1.8485
42	65	-1.648
43	65	1.2111
47	65	-0.3459
48	65	0.52018
49	65	-1.5604
50	65	-1.2349
52	65	-1.2021
53	65	-2.0163
54	65	-1.4353
55	65	-1.3906
56	65	-1.1922
57	65	-1.4105
58	65	-2.2755
59	65	-1.6899
62	65	-1.4519
63	65	-1.185
64	65	0.85854
29	66	-0.73552
30	66	-0.69803
31	66	-0.64475
32	66	-0.61901
33	66	-0.63603
44	66	0.77656
45	66	0.36102
46	66	0.34816
47	66	-0.84352
51	66	-1.4468
54	66	-1.8483
60	66	0.47415
61	66	0.22747
65	66	0.38302
1	67	1.5602
2	67	1.473
3	67	1.7051
4	67	1.2882
5	67	0.22833
6	67	0.43449
7	67	0.33911
8	67	1.8808
9	67	1.8614
10	67	2.0031
11	67	1.8291
12	67	0.89476
13	67	0.04616
14	67	0.54963
15	67	0.42258
16	67	0.31639
17	67	0.24993
18	67	-0.51656
19	67	1.0681
20	67	0.80077
21	67	0.70467
22	67	-0.028204
23	67	-0.62607
24	67	1.0343
25	67	0.78041
26	67	1.4787
27	67	0.76943
28	67	-1.3636
29	67	-0.032269
30	67	-0.17403
31	67	0.057242
32	67	-0.19406
33	67	-0.4124
34	67	-0.69463
35	67	-2.1
36	67	-2.3382
37	67	-2.1847
38	67	-2.2492
39	67	-2.2679
40	67	-1.2735
41	67	-1.9353
42	67	-1.7567
43	67	1.2746
47	67	-0.44018
48	67	0.50626
49	67	-2.2377
50	67	-1.418
52	67	-1.4243
53	67	-1.9028
54	67	-1.5735
55	67	-1.5893
56	67	-1.044
57	67	-1.5577
58	67	-2.1355
59	67	-1.7189
62	67	-1.5336
63	67	-1.2834
64	67	0.84387
66	67	1.3797
12	68	-0.14806
14	68	-0.34096
16	68	0.10707
17	68	0.26677
37	68	-0.54607
38	68	-1.2677
39	68	-1.7592
44	68	4.6429
45	68	4.281
46	68	4.0528
51	68	2.1427
53	68	-1.4332
60	68	4.1551
61	68	3.8961
65	68	-1.7412
67	68	-1.5689
29	69	-0.90821
30	69	-0.8762
31	69	-0.82762
32	69	-0.8059
33	69	-0.82936
44	69	2.85
45	69	2.4177
46	69	2.3977
47	69	-1.0467
51	69	-0.66228
54	69	-1.8904
60	69	2.4761
61	69	2.2225
65	69	-1.8592
67	69	-1.8424
1	70	1.4167
2	70	1.3313
3	70	1.5588
4	70	1.1516
5	70	0.11255
6	70	0.31757
7	70	0.22376
8	70	1.8023
9	70	1.7854
10	70	1.9196
11	70	1.7526
12	70	0.73402
13	70	-0.021291
14	70	0.38328
15	70	0.35289
16	70	0.15423
17	70	0.090155
18	70	-0.57689
19	70	1.4938
20	70	1.2372
21	70	1.1458
22	70	-0.090688
23	70	-0.67944
24	70	1.4698
25	70	1.22
26	70	1.9143
27	70	1.2261
28	70	-1.385
29	70	-0.11388
30	70	-0.25453
31	70	-0.019499
32	70	-0.27082
33	70	-0.43451
34	70	-0.72825
35	70	-1.9028
36	70	-1.5447
37	70	-1.3669
38	70	-1.6826
39	70	-2.1739
40	70	-1.4106
41	70	-1.9328
42	70	-1.8239
43	70	3.3061
47	70	-0.51027
48	70	0.40815
49	70	-1.3983
50	70	0.67465
52	70	-1.5861
53	70	-1.8216
54	70	-1.6645
55	70	-1.6786
56	70	-1.0949
57	70	-1.6
58	70	-1.8898
59	70	-1.7159
62	70	-1.5556
63	70	-1.3422
64	70	0.74318
66	70	-0.96111
68	70	-0.27153
69	70	1.8597
43	71	6.9502
44	71	8.0528
45	71	8.2468
46	71	8.4905
50	71	-0.80539
51	71	-0.8416
60	71	8.9077
61	71	8.7966
65	71	-2.2857
66	71	-2.5255
67	71	-2.3702
69	71	-2.3454
70	71	-2.2726
43	72	6.8702
44	72	7.9402
45	72	8.172
46	72	8.426
50	72	-1.3087
51	72	-0.86294
60	72	8.8507
61	72	8.8036
65	72	-1.982
66	72	-2.4819
67	72	-2.0624
69	72	-2.3678
70	72	-2.0239
5	73	1.754
6	73	1.659
7	73	1.6542
42	73	0.73182
44	73	7.8157
45	73	7.5167
46	73	7.47
51	73	-0.92036
59	73	0.38186
60	73	7.4496
61	73	7.2745
65	73	-1.5379
67	73	-1.596
70	73	-1.5144
44	74	7.7965
45	74	7.3305
46	74	7.2705
51	74	-0.94407
60	74	7.3438
61	74	7.0934
62	74	-1.0939
63	74	-1.1677
65	74	-1.4416
67	74	-1.5789
70	74	-1.5502
29	75	5.3906
30	75	5.4998
31	75	5.5666
32	75	5.6681
33	75	5.7255
44	75	7.5789
45	75	8.079
46	75	8.3115
47	75	6.0722
51	75	-1.1761
54	75	-2.1188
60	75	8.6758
61	75	8.8986
65	75	-1.9128
67	75	-1.8529
70	75	-1.8343
71	75	-2.2983
72	75	-2.1817
1	76	4.7533
2	76	4.8726
3	76	4.5143
4	76	5.3642
13	76	-0.036609
15	76	-0.57617
22	76	0.87616
34	76	1.6041
40	76	0.281
44	76	8.3146
45	76	8.942
46	76	8.9257
51	76	-0.89206
52	76	-1.5123
55	76	-1.5653
57	76	-0.58626
60	76	8.6556
61	76	8.5883
65	76	-1.5956
67	76	-1.5106
70	76	-1.4396
73	76	-0.64167
5	77	1.7451
6	77	1.6574
7	77	1.6465
42	77	1.309
44	77	7.8774
45	77	7.5013
46	77	7.4414
51	77	-1.0122
59	77	1.299
60	77	7.4255
61	77	7.2332
65	77	-1.4887
67	77	-1.5937
70	77	-1.5097
76	77	3.1542
44	78	7.8455
45	78	7.2942
46	78	7.2212
51	78	-1.0081
60	78	7.2993
61	78	7.0322
62	78	-0.97864
63	78	-1.0739
65	78	-1.3747
67	78	-1.5301
70	78	-1.5223
8	79	4.4492
9	79	4.553
10	79	4.0112
11	79	4.6371
18	79	-0.78534
23	79	-0.45773
44	79	7.7187
45	79	8.7864
46	79	9.0512
51	79	-1.2263
56	79	-1.4534
60	79	8.7623
61	79	8.6894
65	79	-1.8686
67	79	-1.8188
70	79	-1.7709
74	79	-1.5791
78	79	2.3476
29	80	5.2406
30	80	5.3705
31	80	5.4529
32	80	5.5667
33	80	5.6416
44	80	7.0666
45	80	7.7578
46	80	8.0347
47	80	5.9989
51	80	-1.3641
54	80	-2.0498
60	80	8.3761
61	80	8.6808
65	80	-1.8851
67	80	-1.8862
70	80	-1.861
71	80	-2.1861
72	80	-2.1723
1	81	4.5452
2	81	4.6725
3	81	4.2816
4	81	5.1747
13	81	-0.12359
15	81	-0.65149
22	81	0.77636
34	81	1.4966
40	81	-0.79681
44	81	7.6717
45	81	9.0105
46	81	8.9559
51	81	-0.885
52	81	-1.4529
55	81	-1.3838
57	81	-1.5933
60	81	8.6972
61	81	8.5789
65	81	-1.5101
67	81	-1.4266
70	81	-1.3604
73	81	-0.70429
77	81	-0.60267
8	82	4.1179
9	82	4.2306
10	82	3.6389
11	82	4.3037
18	82	-0.99436
23	82	-0.6311
44	82	6.9995
45	82	8.3752
46	82	8.8567
51	82	-1.5612
56	82	-1.9897
60	82	8.7284
61	82	8.5944
65	82	-1.805
67	82	-1.7872
70	82	-1.7291
74	82	-1.5279
78	82	-1.5259
29	83	4.8531
30	83	5.006
31	83	5.105
32	83	5.2312
33	83	5.3225
44	83	6.3674
45	83	7.3748
46	83	7.7202
47	83	5.6838
51	83	-1.4246
54	83	-1.9733
60	83	7.9897
61	83	8.4392
65	83	-1.7251
67	83	-1.7569
70	83	-1.8291
71	83	-2.074
72	83	-2.1116
5	84	5.8344
6	84	5.7441
7	84	5.8971
42	84	-0.7182
44	84	1.254
45	84	1.9581
46	84	2.4629
51	84	-0.82913
59	84	-1.1459
60	84	0.89427
61	84	1.5157
65	84	-1.1805
67	84	-1.147
70	84	-1.1475
76	84	-0.94338
81	84	-1.043
43	85	-1.032
44	85	-1.7314
45	85	-1.48
46	85	-1.1331
50	85	-1.2842
51	85	0.049525
60	85	-1.9008
61	85	-1.6749
65	85	-0.11436
66	85	-1.246
67	85	-0.19572
69	85	-1.1645
70	85	-0.25282
75	85	6.6039
80	85	6.442
83	85	6.3211
29	86	-1.632
30	86	-1.9515
31	86	-2.3242
32	86	-2.3867
33	86	-2.2181
44	86	-1.4781
45	86	-1.6581
46	86	-1.6234
47	86	-2.2589
51	86	0.45765
54	86	0.30349
60	86	-1.2504
61	86	-1.2975
65	86	0.46259
67	86	0.43319
70	86	0.36777
71	86	-0.045599
72	86	-0.08429
85	86	-1.6796
44	87	2.5427
45	87	2.3954
46	87	2.2997
51	87	-1.9585
60	87	2.8532
61	87	2.5273
65	87	-2.2541
67	87	-2.2126
70	87	-1.9588
29	88	-1.1268
30	88	-1.1104
31	88	-1.077
32	88	-1.0674
33	88	-1.109
44	88	2.1433
45	88	1.7474
46	88	1.7389
47	88	-1.2845
51	88	-1.5747
54	88	-1.5518
60	88	1.7974
61	88	1.5712
65	88	-0.94282
67	88	-1.3526
70	88	-1.0577
71	88	-1.4755
72	88	-2.1362
85	88	-0.92043
1	89	1.1246
2	89	1.0385
3	89	1.2686
4	89	0.85716
5	89	-0.024426
6	89	0.17604
7	89	0.082739
8	89	1.5295
9	89	1.5128
10	89	1.6472
11	89	1.4778
12	89	0.9158
13	89	-0.18033
14	89	0.55267
15	89	0.19163
16	89	0.31475
17	89	0.25466
18	89	-0.74788
19	89	1.3349
20	89	1.0762
21	89	0.98568
22	89	-0.26784
23	89	-0.66975
24	89	1.3007
25	89	1.0471
26	89	1.7342
27	89	1.0464
28	89	-1.9288
29	89	-0.5347
30	89	-0.63868
31	89	-0.35666
32	89	-0.58346
33	89	-0.34726
34	89	-0.78537
35	89	-1.8773
36	89	-1.4259
37	89	-0.88796
38	89	-1.1998
39	89	-1.4821
40	89	-1.9895
41	89	-1.5763
42	89	-1.496
43	89	2.2372
47	89	-0.68462
48	89	0.71393
49	89	-1.2672
50	89	-1.0967
52	89	-1.5203
53	89	-1.0148
54	89	-1.6523
55	89	-1.4933
56	89	-1.8192
57	89	-1.5006
58	89	-1.4166
59	89	-1.5394
62	89	-1.244
63	89	-1.3961
64	89	1.0476
66	89	-0.25924
68	89	-0.17593
69	89	0.092759
71	89	-0.8137
72	89	-1.5323
73	89	-1.1124
74	89	-1.8
75	89	-1.4449
76	89	-1.3878
77	89	-1.1595
78	89	-1.8374
79	89	-1.3145
80	89	-1.3461
81	89	-1.6469
82	89	-1.2502
83	89	-1.3528
84	89	-1.413
85	89	0.16438
86	89	0.40391
87	89	-1.9959
88	89	0.63624
29	90	-1.0942
30	90	-1.0841
31	90	-1.0562
32	90	-1.0509
33	90	-1.0991
44	90	2.4922
45	90	2.1067
46	90	2.1009
47	90	-1.323
51	90	-0.91845
54	90	-1.0147
60	90	2.1545
61	90	1.9335
65	90	-1.7608
67	90	-2.1154
70	90	-0.56772
71	90	-0.2718
72	90	-1.4669
85	90	-1.0209
89	90	0.07148
43	91	6.4731
44	91	7.4407
45	91	7.6977
46	91	7.9599
50	91	0.25214
51	91	-0.42392
60	91	8.2772
61	91	8.7013
65	91	-2.0395
66	91	-1.1924
67	91	-1.7055
69	91	-0.58204
70	91	-1.0907
75	91	-1.7907
80	91	-1.9295
83	91	-1.8636
86	91	-0.27111
88	91	-2.0614
89	91	-1.2302
90	91	-2.0016
43	92	6.3223
44	92	7.371
45	92	7.6745
46	92	7.9498
50	92	-0.37449
51	92	-0.76145
60	92	8.2554
61	92	8.8006
65	92	-1.7479
66	92	-1.48
67	92	-1.5522
69	92	-1.0828
70	92	-1.2446
75	92	-1.5451
80	92	-1.8254
83	92	-1.8437
86	92	-0.37348
88	92	-2.054
89	92	-1.6786
90	92	-2.0385
44	93	7.7404
45	93	7.2548
46	93	7.1888
51	93	-0.55594
60	93	7.2978
61	93	7.0182
62	93	-0.65651
63	93	-0.62648
65	93	-1.3228
67	93	-1.3918
70	93	-1.2372
79	93	-1.1357
82	93	-1.5195
89	93	-1.6464
29	94	5.2954
30	94	5.4001
31	94	5.4644
32	94	5.5649
33	94	5.6237
44	94	7.3318
45	94	7.8056
46	94	8.0417
47	94	5.9416
51	94	-1.0207
54	94	-0.060033
60	94	8.2424
61	94	8.5309
65	94	-1.8262
67	94	-1.729
70	94	-1.5176
71	94	-1.931
72	94	-1.4759
85	94	6.5789
89	94	-2.1206
91	94	-2.9585
92	94	-2.6183
44	95	7.8522
45	95	7.2997
46	95	7.2216
51	95	-0.6998
60	95	7.343
61	95	7.0417
62	95	-0.60424
63	95	-0.57162
65	95	-1.3172
67	95	-1.3957
70	95	-1.2671
79	95	-0.04549
82	95	-1.1442
89	95	-1.6989
29	96	4.9464
30	96	5.0634
31	96	5.1368
32	96	5.2447
33	96	5.314
44	96	6.949
45	96	7.5497
46	96	7.8211
47	96	5.6324
51	96	-1.1537
54	96	-1.1415
60	96	7.9744
61	96	8.3436
65	96	-1.913
67	96	-1.846
70	96	-1.6839
71	96	-2.2918
72	96	-2.0914
85	96	6.2927
89	96	-1.9077
91	96	-2.5797
92	96	-2.6702
8	97	3.9913
9	97	4.0954
10	97	3.5352
11	97	4.1644
18	97	-0.58524
23	97	-0.22771
44	97	6.475
45	97	7.8332
46	97	8.3503
51	97	-0.9021
56	97	-1.2064
60	97	8.0536
61	97	8.8389
65	97	-1.5906
67	97	-1.4518
70	97	-1.3295
74	97	-0.64179
78	97	0.28679
89	97	-1.6115
93	97	-0.80571
95	97	-0.59032
29	98	-1.1574
30	98	-1.4758
31	98	-1.7282
32	98	-1.8768
33	98	-2.0162
44	98	-2.0054
45	98	-1.4309
46	98	-1.1566
47	98	-2.3635
51	98	2.1048
54	98	5.0994
60	98	-1.5081
61	98	-0.90961
65	98	1.2112
67	98	1.0604
70	98	2.9701
71	98	5.9622
72	98	5.774
85	98	-1.7278
89	98	2.6905
91	98	6.4584
92	98	6.396
29	99	-0.70916
30	99	-1.137
31	99	-1.4941
32	99	-1.7208
33	99	-1.9365
44	99	-2.2658
45	99	-1.3495
46	99	-1.0295
47	99	-2.2902
51	99	1.992
54	99	5.3581
60	99	-1.6007
61	99	-0.6911
65	99	1.0716
67	99	0.93473
70	99	2.85
71	99	6.1329
72	99	5.9574
85	99	-1.8808
89	99	2.5579
91	99	6.5866
92	99	6.5242
44	100	2.7278
45	100	4.6587
46	100	5.6218
51	100	-1.4818
60	100	3.3121
61	100	6.027
62	100	4.0057
63	100	4.4359
65	100	-1.196
67	100	-1.1734
70	100	-1.1379
79	100	-0.43656
82	100	-0.42945
89	100	-0.78068
97	100	-0.39684
44	101	2.2455
45	101	3.8631
46	101	4.8401
51	101	-1.3498
60	101	2.425
61	101	4.8435
62	101	3.5167
63	101	4.1792
65	101	-1.5812
67	101	-1.5225
70	101	-1.4644
79	101	-0.54754
82	101	-0.59279
89	101	-1.1221
97	101	-0.514
5	102	5.9023
6	102	5.7944
7	102	5.9448
42	102	0.18455
44	102	1.7048
45	102	2.3571
46	102	2.7721
51	102	-0.34406
59	102	-0.13366
60	102	1.5219
61	102	2.1649
65	102	-0.72494
67	102	-0.66314
70	102	-0.63186
76	102	-0.26866
81	102	-0.32876
89	102	-0.87245
29	103	-1.3988
30	103	-1.6579
31	103	-1.9434
32	103	-2.0343
33	103	-1.9245
44	103	-1.6816
45	103	-1.7921
46	103	-1.5942
47	103	-2.1813
51	103	0.22277
54	103	0.034024
60	103	-1.4479
61	103	-1.5251
65	103	0.25479
67	103	0.21813
70	103	0.14537
71	103	-0.309
72	103	-0.35445
85	103	-1.3258
89	103	0.1913
91	103	-0.5312
92	103	-0.61574
12	104	-1.6077
14	104	-2.1245
16	104	-1.9857
17	104	-2.2777
37	104	1.2188
38	104	1.1145
39	104	1.0203
44	104	-0.60605
45	104	-0.81489
46	104	-0.82972
51	104	0.95057
53	104	1.3665
60	104	-0.51708
61	104	-0.66305
65	104	1.1756
67	104	1.1572
70	104	1.049
89	104	1.3506
5	105	2.5718
6	105	2.211
7	105	2.3986
42	105	0.36839
44	105	-0.73138
45	105	-0.60182
46	105	-0.56122
51	105	-0.0076968
59	105	0.623
60	105	-0.4568
61	105	-0.3414
65	105	0.094208
67	105	0.11856
70	105	0.10386
76	105	0.96588
81	105	0.85252
89	105	0.27103
29	106	-1.2862
30	106	-1.1351
31	106	-0.98271
32	106	-0.86556
33	106	-0.72081
44	106	1.5403
45	106	1.1687
46	106	1.1687
47	106	-0.65129
51	106	-1.9486
54	106	-1.8047
60	106	1.211
61	106	1.0061
65	106	-0.33763
67	106	-0.86171
70	106	-1.6286
71	106	-1.5964
72	106	-2.1486
85	106	-0.29611
89	106	0.37143
91	106	-2.3413
92	106	-2.1154
43	107	5.4413
44	107	6.489
45	107	6.8058
46	107	7.0869
50	107	0.39321
51	107	-1.0528
60	107	7.3199
61	107	7.9619
65	107	-0.88327
66	107	-0.66482
67	107	-1.117
69	107	-0.006204
70	107	-1.3606
75	107	-1.7224
80	107	-1.9925
83	107	-2.037
86	107	0.23311
88	107	-0.64062
89	107	-0.44132
90	107	0.16829
94	107	-2.3399
96	107	-2.1848
98	107	5.7447
99	107	5.8764
103	107	0.19224
106	107	-0.96479
5	108	5.9892
6	108	5.9075
7	108	6.0469
42	108	0.33477
44	108	2.327
45	108	3.3376
46	108	3.9587
51	108	-0.70301
59	108	-0.18443
60	108	2.351
61	108	3.5873
65	108	-1.2229
67	108	-1.1057
70	108	-1.0126
76	108	-0.51028
81	108	-0.47221
89	108	-1.2712
29	109	-1.0452
30	109	-1.3071
31	109	-1.6088
32	109	-1.8392
33	109	-2.1082
44	109	-1.5002
45	109	-1.7041
46	109	-1.4833
47	109	-1.9179
51	109	0.33339
54	109	0.17331
60	109	-1.3433
61	109	-1.4888
65	109	0.36607
67	109	0.32381
70	109	0.24554
71	109	-0.18462
72	109	-0.23496
85	109	-0.9327
89	109	0.31989
91	109	-0.15884
92	109	-0.23925
107	109	0.5471
29	110	-1.1384
30	110	-1.4298
31	110	-1.7697
32	110	-2.0544
33	110	-2.5585
44	110	-1.2609
45	110	-1.4856
46	110	-1.4684
47	110	-2.1859
51	110	0.54896
54	110	0.25852
60	110	-1.0705
61	110	-1.168
65	110	0.5652
67	110	0.52571
70	110	0.4505
71	110	-0.11431
72	110	-0.16237
85	110	-1.0678
89	110	0.50843
91	110	-0.12292
92	110	-0.20387
107	110	0.59086
29	111	4.2576
30	111	4.3449
31	111	4.3945
32	111	4.4833
33	111	4.5268
44	111	6.4718
45	111	6.9514
46	111	7.2013
47	111	4.7946
51	111	-0.56614
54	111	0.61622
60	111	7.2275
61	111	7.5907
65	111	-1.7194
67	111	-1.4036
70	111	-0.88684
71	111	-0.44352
72	111	0.17044
85	111	5.4769
89	111	-1.5921
91	111	-0.76192
92	111	0.042625
107	111	-0.73085
29	112	4.3038
30	112	4.4215
31	112	4.4966
32	112	4.6076
33	112	4.6868
44	112	5.8771
45	112	6.5364
46	112	6.847
47	112	4.9629
51	112	-1.052
54	112	-0.27951
60	112	6.7337
61	112	7.2561
65	112	-1.8488
67	112	-1.6738
70	112	-1.3308
71	112	-1.0592
72	112	-0.73237
85	112	5.709
89	112	-1.6553
91	112	-1.343
92	112	-1.0067
107	112	-1.2053
5	113	5.9331
6	113	5.8487
7	113	5.9841
42	113	0.66335
44	113	2.4389
45	113	3.4267
46	113	3.9925
51	113	-0.75577
59	113	0.17348
60	113	2.5703
61	113	3.7431
65	113	-1.2451
67	113	-1.1595
70	113	-1.0718
76	113	-0.1497
81	113	-0.064362
89	113	-1.3352
5	114	5.7044
6	114	5.6148
7	114	5.7492
42	114	0.58867
44	114	2.3642
45	114	3.3348
46	114	3.8632
51	114	-0.99391
59	114	0.098287
60	114	2.5679
61	114	3.6831
65	114	-1.2153
67	114	-1.2498
70	114	-1.3075
76	114	-0.24693
81	114	-0.11488
89	114	-1.0307
5	115	5.807
6	115	5.7566
7	115	5.8785
42	115	1.3946
44	115	3.9865
45	115	5.0479
46	115	5.5405
51	115	-0.72509
59	115	0.76973
60	115	4.5604
61	115	5.6805
65	115	-1.0683
67	115	-1.1707
70	115	-1.0828
76	115	0.1647
81	115	0.6347
89	115	-0.94553
5	116	5.7006
6	116	5.6664
7	116	5.7797
42	116	2.1363
44	116	5.0454
45	116	5.8673
46	116	6.2321
51	116	0.36331
59	116	1.7259
60	116	5.606
61	116	6.4018
65	116	-0.39617
67	116	-0.16513
70	116	0.081701
76	116	1.3411
81	116	1.8889
89	116	-0.21557
44	117	-0.86306
45	117	-1.0971
46	117	-1.2161
51	117	4.4633
60	117	-0.57956
61	117	-1.056
65	117	5.1193
67	117	5.0423
70	117	4.8363
89	117	5.4433
44	118	-1.9992
45	118	-2.1226
46	118	-1.9954
51	118	4.0507
60	118	-1.7414
61	118	-1.796
65	118	4.6223
67	118	4.5695
70	118	4.3933
89	118	4.9643
offset
60
