114
detection	body_part	cost
1	5	1.3368
2	11	9.2102
3	11	9.2102
4	4	0.66763
5	4	0.28644
6	11	9.2102
7	3	-2.5646
8	9	-1.1205
9	9	-1.3978
10	10	0.7474
11	2	-3.9798
12	4	-0.50802
13	9	-0.96223
14	8	-0.80155
15	9	-0.077
16	8	-0.97209
17	8	0.33602
18	11	9.2102
19	11	9.2102
20	4	0.38093
21	12	0.39456
22	8	-2.5743
23	1	-4.9703
24	11	9.2102
25	8	0.69026
26	13	0.6019
27	7	0.26325
28	12	0.94526
29	12	-1.3677
30	8	0.22607
31	11	9.2102
32	12	-0.72512
33	11	9.2102
34	6	-4.773
35	7	-4.1155
36	7	-0.24051
37	11	9.2102
38	11	9.2102
39	11	9.2102
40	3	-0.94806
41	5	-3.3082
42	4	-2.7643
43	5	-3.6696
44	4	-1.5835
45	3	-3.6199
46	11	9.2102
47	9	-2.0011
48	10	0.61896
49	11	0.93418
50	5	-0.8125
51	8	-0.12938
52	9	-0.25321
53	9	-2.4439
54	10	-0.27296
55	11	-0.29016
56	8	-3.0907
57	9	-0.59421
58	10	0.82475
59	11	0.2407
60	2	-4.3931
61	13	1.2423
62	1	-5.8539
63	12	-0.2355
64	8	0.36522
65	12	-0.71719
66	13	0.97813
67	14	-0.43147
68	12	-2.6806
69	13	0.10975
70	10	0.077643
71	6	-4.9565
72	7	-5.7121
73	12	0.58941
74	10	0.96414
75	10	-1.0148
76	13	0.39324
77	14	0.92012
78	7	0.50989
79	11	9.2102
80	10	-0.27752
81	11	9.2102
82	13	1.2289
83	5	-0.20703
84	5	-1.9589
85	13	0.25707
86	13	-0.055511
87	5	-3.3104
88	13	-0.13722
89	5	-1.0744
90	13	1.0006
91	9	-0.96959
92	4	-4.2813
93	9	-0.74007
94	9	-1.9642
95	11	9.2102
96	4	-1.3646
97	11	9.2102
98	12	0.45169
99	3	-2.4467
100	3	-4.2216
101	2	-3.6013
102	12	-1.6474
103	12	0.5594
104	1	-6.6127
105	11	9.2102
106	1	-2.4103
107	8	-5.2018
108	11	9.2102
109	6	-1.9116
110	11	9.2102
111	8	-2.2248
112	6	-4.8449
113	7	-5.1961
114	7	-3.1812
detection1	detection2	cost
2	3	-3.7143
4	5	-5.6071
2	6	26.7811
3	6	23.0214
8	9	-5.6071
4	12	-1.5143
5	12	-3.2674
8	13	-4.8231
9	13	-5.6071
8	15	-3.2674
9	15	-4.8231
13	15	-5.6071
14	16	-5.6071
14	17	-3.7143
16	17	-5.6071
2	18	27.4026
3	18	23.7178
6	18	-3.7143
2	19	29.2526
3	19	25.5573
6	19	-3.2674
18	19	-5.6071
4	20	0.30445
5	20	-1.5143
12	20	-5.6071
14	22	-5.6071
16	22	-4.8231
17	22	-3.2674
2	24	3.8571
3	24	4.4715
6	24	27.4026
18	24	26.7811
19	24	28.663
14	25	-2.1462
16	25	-0.67521
17	25	0.96511
22	25	-3.2674
21	28	-2.1462
21	29	-3.7143
28	29	-3.7143
14	30	-1.8214
16	30	-1.5143
17	30	-0.67521
22	30	-3.7143
25	30	-3.2674
2	31	29.0571
3	31	25.5573
6	31	1.9643
18	31	-1.8214
19	31	-1.5143
24	31	26.624
21	32	-1.5143
28	32	-4.8231
29	32	-4.8231
2	33	29.785
3	33	26.3605
6	33	3.8571
18	33	0.071429
19	33	0.30445
24	33	26.7811
31	33	-5.6071
27	35	-3.7143
27	36	-2.1462
35	36	-3.7143
2	37	16.7404
3	37	14.5743
6	37	16.7404
18	37	14.5743
19	37	16.2174
24	37	9.4302
31	37	12.262
33	37	11.8034
2	38	29.833
3	38	26.624
6	38	7.7607
18	38	4.0138
19	38	4.4715
24	38	25.5573
31	38	-1.5143
33	38	-3.2674
37	38	9.5357
2	39	32.4299
3	39	29.2526
6	39	9.5357
18	39	5.75
19	39	5.8845
24	39	27.8615
31	39	0.071429
33	39	-1.8214
37	39	11.523
38	39	-4.8231
7	40	9.6406
1	41	18.2456
4	42	13.3214
5	42	11.4286
12	42	7.7607
20	42	5.8845
1	43	17.7539
41	43	-5.6071
4	44	13.4073
5	44	11.523
12	44	8.1089
20	44	6.2802
42	44	-5.6071
7	45	11.4286
40	45	-4.8231
2	46	17.3966
3	46	17.1071
6	46	29.2526
18	46	27.2482
19	46	28.9098
24	46	6.2802
31	46	24.8452
33	46	24.2301
37	46	5.1977
38	46	21.4551
39	46	23.0214
8	47	11.523
9	47	11.4286
13	47	9.5357
15	47	9.6406
10	48	11.523
2	49	31.5222
3	49	28.663
6	49	13.6628
18	49	9.9513
19	49	10.4572
24	49	25.5573
31	49	4.4715
33	49	2.6933
37	49	8.6726
38	49	-1.5143
39	49	-2.1462
46	49	19
1	50	21.885
41	50	-3.7143
43	50	-3.2674
14	51	12.8867
16	51	13.6628
17	51	14.5743
22	51	11.1425
25	51	8.1089
30	51	7.7607
8	52	13.4073
9	52	13.6628
13	52	11.8034
15	52	12.262
47	52	-3.2674
8	53	13.4073
9	53	13.3214
13	53	11.4286
15	53	11.523
47	53	-5.6071
52	53	-3.7143
10	54	13.6628
48	54	-4.8231
2	55	34.1859
3	55	31.3382
6	55	15.293
18	55	11.523
19	55	11.8034
24	55	28.0636
31	55	5.8845
33	55	4.0138
37	55	11.1425
38	55	0.071429
39	55	-1.5143
46	55	20.9559
49	55	-4.8231
14	56	14.0819
16	56	14.6553
17	56	15.3715
22	56	12.262
25	56	9.6406
30	56	8.6726
51	56	-4.8231
8	57	15.2143
9	57	15.293
13	57	13.4073
15	57	13.6628
47	57	-3.2674
52	57	-4.8231
53	57	-4.8231
10	58	15.9133
48	58	-2.1462
54	58	-4.8231
2	59	35.414
3	59	32.6536
6	59	17.1798
18	59	13.4073
19	59	13.6628
24	59	28.9098
31	59	7.7607
33	59	5.8845
37	59	11.9882
38	59	1.9643
39	59	0.30445
46	59	21.1441
49	59	-3.2674
55	59	-5.6071
11	60	15.5276
26	61	11.8034
23	62	13.4073
21	63	15.5276
28	63	11.4286
29	63	11.8034
32	63	9.6406
14	64	17.3966
16	64	17.7539
17	64	18.2456
22	64	15.5276
25	64	13.3214
30	64	11.8034
51	64	-0.67521
56	64	-3.2674
21	65	15.293
28	65	12.262
29	65	11.523
32	65	9.9513
63	65	-1.8214
26	66	13.4073
61	66	-4.8231
21	68	17.1071
28	68	13.6628
29	68	13.3214
32	68	11.523
63	68	-3.2674
65	68	-4.8231
26	69	15.5276
61	69	-3.7143
66	69	-4.8231
10	70	22.8448
48	70	3.8571
54	70	2.1517
58	70	0.96511
34	71	13.3214
27	72	17.1071
35	72	13.3214
36	72	13.6628
21	73	20.8929
28	73	17.3966
29	73	17.1071
32	73	15.293
63	73	-0.67521
65	73	-1.5143
68	73	-3.7143
10	74	25.5573
48	74	6.9156
54	74	4.4715
58	74	2.1517
70	74	-1.5143
10	75	24.9005
48	75	5.8845
54	75	3.8571
58	75	2.1517
70	75	-4.8231
74	75	-3.7143
26	76	19.269
61	76	0.071429
66	76	-1.5143
69	76	-3.7143
67	77	-1.5143
27	78	19.269
35	78	15.5276
36	78	15.2143
72	78	-3.2674
2	79	35.0367
3	79	33.8406
6	79	33.1414
18	79	29.833
19	79	30.8274
24	79	24.6786
31	79	25.0659
33	79	23.5452
37	79	13.3214
38	79	19.4026
39	79	19.269
46	79	11.4286
49	79	13.9152
55	79	14.0819
59	79	12.9744
10	80	27.0414
48	80	8.1089
54	80	5.8845
58	80	3.8571
70	80	-2.1462
74	80	-4.8231
75	80	-4.8231
2	81	42.4729
3	81	40.2736
6	81	28.663
18	81	24.9005
19	81	25.1758
24	81	34.0136
31	81	19.269
33	81	17.3966
37	81	18.2456
38	81	13.4073
39	81	11.8034
46	81	23.0214
49	81	7.6429
55	81	5.8845
59	81	4.0138
79	81	7.6429
26	82	23.0214
61	82	6.1496
66	82	3.5372
69	82	3.2076
76	82	0.96511
1	83	40.4233
41	83	19.7992
43	83	18.7964
50	83	16.7404
1	84	40.7586
41	84	20.8929
43	84	19.7992
50	84	17.9658
83	84	-5.6071
26	85	26.7811
61	85	9.4302
66	85	6.9156
69	85	6.1496
76	85	3.2076
82	85	-3.7143
26	86	27.0414
61	86	10.3572
66	86	7.7607
69	86	7.2837
76	86	4.6202
82	86	-3.2674
85	86	-5.6071
1	87	42.6161
41	87	22.4287
43	87	21.3932
50	87	19.4026
83	87	-4.8231
84	87	-5.6071
26	88	28.9098
61	88	11.9882
66	88	9.4302
69	88	8.783
76	88	5.8845
82	88	-1.5143
85	88	-4.8231
86	88	-5.6071
1	89	44.8538
41	89	25.0659
43	89	24.0034
50	89	22.0674
83	89	-2.1462
84	89	-3.2674
87	89	-4.8231
26	90	31.1069
61	90	14.5743
66	90	11.9882
69	90	11.4286
76	90	8.5614
82	90	0.96511
85	90	-2.1462
86	90	-3.2674
88	90	-4.8231
8	91	39.8214
9	91	39.3267
13	91	37.4927
15	91	37.0526
47	91	21.3311
52	91	21.3932
53	91	19.6016
57	91	18.7964
4	92	43.9217
5	92	42.0408
12	92	38.5552
20	92	36.6892
42	92	23.3135
44	92	23.0214
8	93	40.4233
9	93	40.1609
13	93	38.2821
15	93	38.086
47	93	21.4551
52	93	20.6393
53	93	19.6016
57	93	18.2456
91	93	-1.5143
8	94	41.1652
9	94	40.7586
13	94	38.904
15	94	38.5552
47	94	22.4287
52	94	22.1279
53	94	20.6393
57	94	19.6016
91	94	-4.8231
93	94	-3.7143
2	95	50.8111
3	95	51.786
6	95	63.5515
18	95	60.7742
19	95	62.0995
24	95	39.8214
31	95	56.8014
33	95	55.5353
37	95	39.8214
38	95	51.6347
39	95	51.9369
46	95	28.9098
49	95	46.637
55	95	47.0983
59	95	46.0715
79	95	25.6115
81	95	39.2501
4	96	47.6858
5	96	45.8033
12	96	42.2933
20	96	40.4233
42	96	27.0414
44	96	26.7811
92	96	-3.7143
2	97	52.3574
3	97	51.2701
6	97	47.6208
18	97	43.9913
19	97	44.5794
24	97	41.7143
31	97	38.5941
33	97	36.8106
37	97	30.546
38	97	32.6089
39	97	31.5222
46	97	28.0636
49	97	26.624
55	97	25.5573
59	97	23.8324
79	97	9.9513
81	97	12.9744
95	97	24.6786
21	98	42.7945
28	98	40.7586
29	98	39.2501
32	98	38.243
63	98	24.7342
65	98	21.3932
68	98	20.8929
73	98	17.9658
7	99	45.5338
40	99	28.4643
45	99	26.624
7	100	45.635
40	100	28.5141
45	100	26.7811
99	100	-5.6071
11	101	45.5
60	101	23.0214
21	102	45.8033
28	102	43.4667
29	102	42.1852
32	102	41.0177
63	102	26.624
65	102	23.8324
68	102	23.0214
73	102	19.7992
98	102	-3.2674
21	103	46.9998
28	103	44.9905
29	103	43.4667
32	103	42.4729
63	103	28.8606
65	103	25.6115
68	103	25.0659
73	103	22.0674
98	103	-3.2674
102	103	-3.7143
23	104	45.635
62	104	24.7342
2	105	56.9684
3	105	56.8571
6	105	60.2209
18	105	56.8571
19	105	57.7693
24	105	45.635
31	105	51.9068
33	105	50.2864
37	105	39.3267
38	105	46.0715
39	105	45.5338
46	105	32.25
49	105	40.2736
55	105	39.8214
59	105	38.3212
79	105	19.6016
81	105	28.663
95	105	11.1425
97	105	9.4302
23	106	47.6858
62	106	26.7811
104	106	-4.8231
14	107	51.2091
16	107	51.1786
17	107	51.2091
22	107	49.3173
25	107	47.6858
30	107	45.5338
51	107	33.3612
56	107	31.1069
64	107	27.0414
2	108	63.7529
3	108	64.9497
6	108	77.0876
18	108	74.2443
19	108	75.5272
24	108	52.9826
31	108	70.1302
33	108	68.8035
37	108	53.4547
38	108	64.826
39	108	64.9744
46	108	42.5087
49	108	59.6364
55	108	59.9027
59	108	58.75
79	108	38.3212
81	108	50.9645
95	108	6.1496
97	108	33.8406
105	108	17.3966
34	109	43.7472
71	109	23.0214
2	110	60.8791
3	110	60.6691
6	110	62.842
18	110	59.3958
19	110	60.2209
24	110	49.5689
31	110	54.3011
33	110	52.6262
37	110	42.6161
38	110	48.3954
39	110	47.6858
46	110	36.0768
49	110	42.5087
55	110	41.8597
59	110	40.2736
79	110	22.4287
81	110	30.0721
95	110	14.5743
97	110	9.9513
105	110	-3.2674
108	110	19
14	111	53.1896
16	111	53.101
17	111	53.0714
22	111	51.3006
25	111	49.7883
30	111	47.5232
51	111	35.6638
56	111	33.3612
64	111	29.2526
107	111	-4.8231
34	112	47.5232
71	112	26.7811
109	112	-3.7143
27	113	59.7164
35	113	55.9884
36	113	55.4215
72	113	35.6638
78	113	32.9647
27	114	61.9191
35	114	58.207
36	114	57.5493
72	114	38.0074
78	114	35.2048
113	114	-4.8231
1	4	-2.0581
1	5	-1.3131
4	7	-1.6068
5	7	-1.9023
2	10	7.0045
3	10	6.8449
6	10	-1.2244
8	10	-2.1867
9	10	-2.1774
1	12	-1.0177
7	12	-2.2026
10	13	-1.9241
10	15	-1.7791
10	18	-1.4018
10	19	-1.5994
1	20	-0.74479
7	20	-1.8097
1	23	-1.8319
2	23	2.4808
3	23	1.6363
4	23	-1.7553
5	23	-1.9429
6	23	-1.7281
7	23	-2.4803
8	23	-1.8193
9	23	-1.8851
10	23	-1.6191
11	23	-2.2561
12	23	-2.1377
13	23	-1.9257
14	23	-1.9811
15	23	-1.7454
16	23	-1.9284
17	23	-1.5853
18	23	-1.724
19	23	-1.741
20	23	-1.9682
21	23	-1.656
22	23	-2.0266
10	24	6.3652
23	24	-0.12803
23	25	-1.6682
21	26	-1.5521
23	26	-1.6094
14	27	-1.478
16	27	-1.8
17	27	-2.1709
22	27	-1.95
23	27	-1.8257
25	27	-1.8224
23	28	-1.5451
26	28	-1.9046
23	29	-1.5682
26	29	-1.9426
23	30	-1.727
27	30	-1.3848
10	31	0.13036
23	31	-1.4697
23	32	-1.5638
26	32	-1.7166
10	33	0.50302
23	33	-1.3492
23	34	-2.0592
27	34	-1.57
14	35	-2.0429
16	35	-1.7799
17	35	-1.3604
22	35	-1.8212
23	35	-1.7304
25	35	-2.5354
30	35	-1.0861
34	35	-2.4953
14	36	-1.6201
16	36	-1.1938
17	36	-0.73257
22	36	-1.3991
23	36	-1.73
25	36	-1.9254
30	36	-0.66797
34	36	-2.4039
10	37	1.646
23	37	1.191
10	38	1.6257
23	38	-0.1732
10	39	1.7714
23	39	0.58474
4	40	2.1147
5	40	2.13
12	40	2.1664
20	40	2.1148
23	40	3.4644
4	41	2.757
5	41	2.4929
12	41	2.3501
20	41	2.2973
23	41	2.8101
1	42	2.7824
7	42	2.0167
23	42	2.9052
40	42	-1.6264
41	42	2.8911
4	43	2.1707
5	43	1.8859
12	43	1.6701
20	43	1.5705
23	43	2.3532
42	43	-0.77347
1	44	4.3126
7	44	1.7489
23	44	2.5458
40	44	-1.7405
41	44	2.7444
43	44	4.6566
4	45	1.9381
5	45	1.9613
12	45	1.9797
20	45	1.9439
23	45	3.833
42	45	-1.9709
44	45	-2.0682
10	46	5.523
23	46	3.613
10	47	1.6436
23	47	2.3461
2	48	5.4489
3	48	5.2356
6	48	1.986
8	48	2.2404
9	48	2.4132
13	48	2.3579
15	48	2.5762
18	48	1.8557
19	48	1.588
23	48	1.6752
24	48	6.5224
31	48	1.4604
33	48	1.1544
37	48	3.7503
38	48	0.42858
39	48	-0.9672
46	48	6.0948
47	48	-1.6275
10	49	2.4181
23	49	1.3285
48	49	-1.9595
4	50	1.3385
5	50	1.0733
12	50	1.2646
20	50	1.2572
23	50	2.8097
42	50	-1.1456
44	50	-1.6348
23	51	1.9246
27	51	4.2295
35	51	4.8186
36	51	4.4002
10	52	1.2877
23	52	2.5457
48	52	-2.0286
10	53	1.5907
23	53	2.2669
48	53	-2.1809
2	54	5.0183
3	54	4.8101
6	54	1.7855
8	54	2.3715
9	54	2.5532
13	54	2.5258
15	54	2.7538
18	54	1.6628
19	54	1.4261
23	54	1.7019
24	54	5.9979
31	54	1.3079
33	54	1.0302
37	54	3.3739
38	54	0.32862
39	54	-0.82086
46	54	5.7617
47	54	-1.1087
49	54	-1.3535
52	54	-1.9136
53	54	-1.8222
10	55	2.2687
23	55	1.2555
48	55	-1.1498
54	55	-2.1915
23	56	2.2848
27	56	4.7046
35	56	5.2195
36	56	5.6653
10	57	1.4655
23	57	2.3321
48	57	-1.8216
54	57	-1.5989
2	58	4.6886
3	58	4.4857
6	58	1.6714
8	58	2.7009
9	58	2.8746
13	58	2.8748
15	58	3.0926
18	58	1.5587
19	58	1.3461
23	58	2.0473
24	58	5.5855
31	58	1.2411
33	58	0.98573
37	58	3.1419
38	58	0.30348
39	58	-0.68493
46	58	5.1608
47	58	0.005048
49	58	-0.99739
52	58	-1.135
53	58	-0.67961
55	58	-1.8517
57	58	-1.8464
10	59	2.3268
23	59	1.6199
48	59	-0.41641
54	59	-1.4228
58	59	-2.1364
23	60	3.472
21	61	2.466
23	61	1.5362
28	61	2.243
29	61	2.7181
32	61	2.4022
1	62	1.34
2	62	3.9256
3	62	3.546
4	62	1.4612
5	62	1.4933
6	62	0.9688
7	62	0.11859
8	62	2.0289
9	62	1.8948
10	62	1.3366
11	62	2.195
12	62	1.5931
13	62	1.8527
14	62	1.8453
15	62	1.8244
16	62	1.7832
17	62	1.8902
18	62	0.91052
19	62	0.90896
20	62	1.5635
21	62	2.5416
22	62	1.7616
24	62	3.7509
25	62	2.4246
26	62	1.717
27	62	3.1421
28	62	3.0531
29	62	2.7244
30	62	1.9913
31	62	0.73979
32	62	2.8222
33	62	0.64395
34	62	4.0636
35	62	3.3072
36	62	2.7971
37	62	0.34064
38	62	-0.33665
39	62	-1.2582
40	62	-2.2047
41	62	-1.8062
42	62	-2.1278
43	62	-1.8693
44	62	-2.3286
45	62	-2.429
46	62	0.80247
47	62	-1.8085
48	62	-1.9661
49	62	-1.6166
50	62	-2.0678
51	62	-0.75405
52	62	-1.5562
53	62	-1.9241
54	62	-1.7218
55	62	-1.761
56	62	-1.9907
57	62	-1.6263
58	62	-1.808
59	62	-1.2589
60	62	-2.2465
61	62	-1.5219
23	63	2.0252
26	63	2.0456
61	63	-0.62556
62	63	-1.7377
23	64	2.0649
27	64	3.9714
35	64	4.5114
36	64	5.3457
62	64	-2.1421
23	65	1.5841
26	65	2.7433
61	65	-0.016518
62	65	-1.8059
21	66	2.5444
23	66	1.8083
28	66	2.3933
29	66	2.8107
32	66	2.5363
62	66	-1.1432
63	66	-0.75998
65	66	-0.34384
23	67	1.5195
26	67	2.2892
61	67	-1.6286
62	67	-1.0021
66	67	-1.7977
23	68	1.6271
26	68	2.393
61	68	-0.40629
62	68	-1.8359
66	68	-0.67533
21	69	3.1105
23	69	2.2007
28	69	2.9733
29	69	3.3939
32	69	3.1387
62	69	-0.91964
63	69	-0.93158
65	69	-0.73108
67	69	-1.7555
68	69	-0.86266
2	70	5.4667
3	70	5.2979
6	70	2.9063
8	70	4.7328
9	70	4.8211
13	70	4.8387
15	70	4.9517
18	70	2.8609
19	70	2.664
23	70	4.1204
24	70	6.2096
31	70	2.7004
33	70	2.5383
37	70	3.9664
38	70	2.1835
39	70	1.4533
46	70	5.2245
47	70	3.1333
49	70	1.8299
52	70	2.7532
53	70	3.1102
55	70	1.2611
57	70	2.771
59	70	0.99973
62	70	1.4876
23	71	-0.37875
27	71	2.0447
35	71	2.0987
36	71	1.741
62	71	-2.3275
14	72	-1.159
16	72	-0.85426
17	72	-0.45299
22	72	-1.0788
23	72	1.2379
25	72	-1.1889
30	72	-0.72266
34	72	2.179
51	72	-1.7116
56	72	-2.5459
62	72	-2.0603
64	72	-1.4391
71	72	-2.3941
23	73	1.8714
26	73	1.6187
61	73	-0.87573
62	73	-1.8031
66	73	-1.7952
69	73	-1.8174
2	74	4.5068
3	74	4.3493
6	74	2.1836
8	74	5.4596
9	74	5.5501
13	74	5.5934
15	74	5.7127
18	74	2.1265
19	74	1.9535
23	74	4.5512
24	74	5.1483
31	74	1.9454
33	74	1.7658
37	74	3.2893
38	74	1.2771
39	74	0.57514
46	74	3.8588
47	74	4.3599
49	74	0.68734
52	74	3.9001
53	74	4.4669
55	74	0.23296
57	74	4.0941
59	74	-0.00681
62	74	1.9218
2	75	4.9934
3	75	4.8371
6	75	2.6103
8	75	5.2754
9	75	5.3578
13	75	5.387
15	75	5.4945
18	75	2.5646
19	75	2.382
23	75	4.6329
24	75	5.6672
31	75	2.4058
33	75	2.2425
37	75	3.6148
38	75	1.8446
39	75	1.1505
46	75	4.4867
47	75	3.9044
49	75	1.4183
52	75	3.5341
53	75	3.9433
55	75	0.93551
57	75	3.6236
59	75	0.71316
62	75	2.1251
21	76	4.6586
23	76	3.3057
28	76	4.5267
29	76	4.9471
32	76	4.7023
62	76	0.73015
63	76	0.49181
65	76	1.1782
67	76	-1.1692
68	76	0.55051
73	76	0.38952
23	77	2.5609
26	77	3.1008
61	77	0.76375
62	77	0.32048
66	77	0.80462
69	77	0.072301
76	77	-1.2403
14	78	-0.3428
16	78	-0.062857
17	78	0.31876
22	78	-0.27779
23	78	1.2843
25	78	-0.63465
30	78	0.03687
34	78	1.9599
51	78	-2.1468
56	78	-2.5198
62	78	-2.0326
64	78	-1.7185
71	78	-1.8528
10	79	2.4083
23	79	3.8583
48	79	2.6446
54	79	2.6739
58	79	2.6044
62	79	1.475
70	79	4.169
74	79	4.6904
75	79	4.936
2	80	4.8468
3	80	4.698
6	80	2.5949
8	80	5.7462
9	80	5.8243
13	80	5.8634
15	80	5.9484
18	80	2.5493
19	80	2.3776
23	80	5.1012
24	80	5.4704
31	80	2.3926
33	80	2.2287
37	80	3.5853
38	80	1.7989
39	80	1.1333
46	80	4.1228
47	80	4.5712
49	80	1.3257
52	80	4.2224
53	80	4.6686
55	80	0.90519
57	80	4.3836
59	80	0.7091
62	80	2.7141
79	80	5.1459
10	81	3.3911
23	81	3.7106
48	81	2.221
54	81	1.9408
58	81	1.5443
62	81	1.569
70	81	0.47623
74	81	-0.80696
75	81	-0.59683
80	81	-1.6313
21	82	3.8689
23	82	3.5874
28	82	3.8918
29	82	4.1916
32	82	4.0191
62	82	1.4101
63	82	0.49427
65	82	0.48943
67	82	1.3105
68	82	0.5601
73	82	1.2132
77	82	1.4222
4	83	4.4499
5	83	4.1643
12	83	4.1663
20	83	4.1074
23	83	5.1804
42	83	1.58
44	83	2.0657
62	83	3.0322
4	84	4.2407
5	84	3.9535
12	84	3.9495
20	84	3.8868
23	84	5.1613
42	84	1.3515
44	84	1.9639
62	84	3.0354
21	85	4.6465
23	85	4.1229
28	85	4.6861
29	85	4.9752
32	85	4.817
62	85	2.1061
63	85	1.61
65	85	1.7087
67	85	2.144
68	85	1.7766
73	85	2.414
77	85	2.0215
21	86	4.3577
23	86	4.0504
28	86	4.4215
29	86	4.695
32	86	4.5459
62	86	2.0598
63	86	1.3511
65	86	1.3492
67	86	2.9663
68	86	1.4824
73	86	2.1909
77	86	2.9762
4	87	4.1634
5	87	3.8773
12	87	3.8771
20	87	3.8169
23	87	5.0943
42	87	1.2963
44	87	1.8301
62	87	3.0048
21	88	4.3744
23	88	4.0291
28	88	4.4561
29	88	4.7177
32	88	4.5804
62	88	2.0627
63	88	1.5416
65	88	1.5608
67	88	2.2563
68	88	1.7013
73	88	2.4122
77	88	2.2214
4	89	3.8942
5	89	3.6077
12	89	3.6074
20	89	3.5463
23	89	4.9654
42	89	1.0321
44	89	1.6041
62	89	2.9227
21	90	3.9971
23	90	3.9011
28	90	4.1181
29	90	4.3552
32	90	4.2374
62	90	1.974
63	90	1.3458
65	90	1.3004
67	90	1.1658
68	90	1.4984
73	90	2.2661
77	90	1.2908
10	91	2.8697
23	91	5.0618
48	91	1.7269
54	91	2.0662
58	91	2.2212
62	91	3.0794
70	91	-0.62385
74	91	0.024375
75	91	-0.78767
80	91	-0.61951
1	92	3.1962
7	92	4.6546
23	92	5.9657
40	92	3.1539
41	92	3.009
43	92	3.1438
45	92	3.0495
50	92	3.5807
62	92	4.253
83	92	-1.8119
84	92	-2.0436
87	92	-2.3141
89	92	-2.2647
10	93	2.898
23	93	5.2385
48	93	1.5228
54	93	1.8418
58	93	1.9725
62	93	3.3142
70	93	-1.5347
74	93	-1.0472
75	93	-1.793
80	93	-1.3614
10	94	2.9165
23	94	5.0818
48	94	1.6911
54	94	2.0205
58	94	2.1643
62	94	3.14
70	94	-0.90148
74	94	-0.34885
75	94	-1.1968
80	94	-1.1892
10	95	5.8031
23	95	6.29
48	95	5.8457
54	95	5.988
58	95	6.06
62	95	6.1531
70	95	6.0284
74	95	6.4234
75	95	6.3881
80	95	6.3761
1	96	2.7681
7	96	4.716
23	96	6.0385
40	96	3.2589
41	96	2.4856
43	96	2.6444
45	96	3.1686
50	96	3.0812
62	96	4.4424
83	96	-2.3002
84	96	-2.0342
87	96	-1.7889
89	96	-1.3208
10	97	3.6369
23	97	4.5609
48	97	3.0401
54	97	3.0024
58	97	2.8816
62	97	3.0293
70	97	2.8141
74	97	2.4885
75	97	2.8669
80	97	2.579
23	98	4.3463
26	98	2.0808
61	98	1.5632
62	98	2.4
66	98	1.1796
69	98	1.27
76	98	0.44181
82	98	-0.65235
85	98	-0.8102
86	98	-1.3038
88	98	-1.2956
90	98	-1.8612
4	99	4.5746
5	99	4.6511
12	99	4.7225
20	99	4.7742
23	99	6.5036
42	99	2.7582
44	99	2.7267
62	99	5.2718
92	99	-2.1854
96	99	-2.304
4	100	4.5955
5	100	4.6722
12	100	4.7467
20	100	4.7988
23	100	6.1619
42	100	2.8287
44	100	2.7926
62	100	4.8669
92	100	-2.0952
96	100	-2.302
23	101	5.7711
62	101	3.8434
23	102	4.3226
26	102	2.2731
61	102	1.5539
62	102	2.419
66	102	1.1639
69	102	1.2036
76	102	0.31442
82	102	-0.79998
85	102	-1.2013
86	102	-1.5587
88	102	-1.615
90	102	-2.0758
23	103	4.2222
26	103	2.2373
61	103	1.6853
62	103	2.3249
66	103	1.3231
69	103	1.3728
76	103	0.51197
82	103	-0.38859
85	103	-0.64308
86	103	-0.96854
88	103	-0.91356
90	103	-1.2378
1	104	3.4588
2	104	4.8206
3	104	4.613
4	104	4.2435
5	104	4.313
6	104	2.9221
7	104	2.8205
8	104	4.39
9	104	4.3118
10	104	3.3007
11	104	4.3502
12	104	4.4311
13	104	4.3414
14	104	4.9315
15	104	4.3411
16	104	4.8941
17	104	4.9907
18	104	2.9559
19	104	2.9366
20	104	4.4576
21	104	5.2544
22	104	4.9225
24	104	4.7405
25	104	5.4983
26	104	3.7666
27	104	6.5754
28	104	5.7713
29	104	5.5562
30	104	5.2496
31	104	2.9563
32	104	5.7024
33	104	2.9294
34	104	6.6628
35	104	6.9096
36	104	6.553
37	104	3.0316
38	104	2.3482
39	104	1.6746
40	104	0.69961
41	104	1.8241
42	104	2.0648
43	104	2.0403
44	104	2.2044
45	104	0.76327
46	104	3.4501
47	104	2.5193
48	104	1.5271
49	104	1.48
50	104	2.2843
51	104	4.1192
52	104	3.0902
53	104	2.7487
54	104	1.7982
55	104	1.4377
56	104	3.5497
57	104	3.0933
58	104	1.8107
59	104	1.1578
60	104	3.2176
61	104	1.9925
63	104	3.9536
64	104	3.6027
65	104	3.4523
66	104	1.5517
67	104	1.0592
68	104	3.7084
69	104	1.438
70	104	-0.9751
71	104	5.182
72	104	5.1051
73	104	3.5116
74	104	-0.5157
75	104	-1.4259
76	104	0.15858
77	104	0.19558
78	104	4.4624
79	104	1.6103
80	104	-1.3139
81	104	-0.8177
82	104	-1.2716
83	104	-1.8342
84	104	-1.628
85	104	-1.6301
86	104	-1.6501
87	104	-1.7868
88	104	-1.6945
89	104	-1.7603
90	104	-1.7132
91	104	-1.76
92	104	-2.3252
93	104	-1.8771
94	104	-2.0578
95	104	6.863
96	104	-2.0739
97	104	0.061616
98	104	-1.7397
99	104	-2.1116
100	104	-2.504
101	104	-2.6201
102	104	-1.9
103	104	-1.8214
10	105	4.5472
23	105	4.6488
48	105	4.2257
54	105	4.2766
58	105	4.2546
62	105	3.7063
70	105	4.1698
74	105	4.2635
75	105	4.384
80	105	4.2653
104	105	1.4231
1	106	3.6408
2	106	4.6997
3	106	4.4921
4	106	4.3638
5	106	4.4334
6	106	2.7899
7	106	2.6466
8	106	4.3234
9	106	4.2466
10	106	3.1748
11	106	4.1119
12	106	4.5519
13	106	4.2784
14	106	5.0856
15	106	4.2785
16	106	5.0517
17	106	5.1497
18	106	2.8251
19	106	2.805
20	106	4.5795
21	106	5.2503
22	106	5.0791
24	106	4.6579
25	106	5.642
26	106	3.6428
27	106	6.8824
28	106	5.7664
29	106	5.5532
30	106	5.4053
31	106	2.8346
32	106	5.7013
33	106	2.8123
34	106	7.0442
35	106	7.2181
36	106	6.8651
37	106	3.0023
38	106	2.2666
39	106	1.6059
40	106	0.57574
41	106	2.0484
42	106	2.2572
43	106	2.2637
44	106	2.3941
45	106	0.63808
46	106	3.4605
47	106	2.5364
48	106	1.4678
49	106	1.4755
50	106	2.5013
51	106	4.3061
52	106	3.1042
53	106	2.7663
54	106	1.7507
55	106	1.447
56	106	3.7619
57	106	3.1125
58	106	1.792
59	106	1.2022
60	106	2.9407
61	106	1.9628
63	106	4.0482
64	106	3.8288
65	106	3.5449
66	106	1.533
67	106	1.0768
68	106	3.8065
69	106	1.4495
70	106	-0.75694
71	106	5.6175
72	106	5.5142
73	106	3.6358
74	106	-0.26945
75	106	-1.1529
76	106	0.2528
77	106	0.33055
78	106	4.8907
79	106	1.8426
80	106	-1.5175
81	106	-0.48693
82	106	-1.1124
83	106	-2.141
84	106	-1.928
85	106	-1.6579
86	106	-1.6801
87	106	-1.8063
88	106	-1.4792
89	106	-1.4823
90	106	-1.232
91	106	-1.8733
92	106	-1.7307
93	106	-1.4625
94	106	-1.6418
95	106	6.7273
96	106	-1.8384
97	106	0.64387
98	106	-1.727
99	106	-1.7262
100	106	-1.7618
101	106	-2.6558
102	106	-1.5995
103	106	-1.5367
105	106	2.589
23	107	4.6575
27	107	6.732
35	107	7.3528
36	107	7.8126
62	107	3.0665
72	107	6.1839
78	107	6.6838
104	107	-1.9122
106	107	-1.6795
10	108	5.1326
23	108	7.1728
48	108	5.1247
54	108	5.2504
58	108	5.3052
62	108	6.9287
70	108	5.2031
74	108	5.5377
75	108	5.5167
80	108	5.469
104	108	8.4266
106	108	8.2254
23	109	2.4359
27	109	5.6112
35	109	5.847
36	109	5.6806
62	109	0.7729
72	109	4.2341
78	109	3.9255
104	109	-1.9205
106	109	-1.6835
10	110	4.4445
23	110	4.6306
48	110	4.0367
54	110	4.0748
58	110	4.0403
62	110	3.6659
70	110	3.884
74	110	3.947
75	110	4.0679
80	110	3.9251
104	110	0.52576
106	110	0.97007
23	111	4.5578
27	111	6.4988
35	111	7.1264
36	111	7.5664
62	111	2.9689
72	111	5.9651
78	111	6.4205
104	111	-1.8597
106	111	-1.6097
23	112	2.3009
27	112	5.3738
35	112	5.6119
36	112	5.4446
62	112	0.64875
72	112	4.0225
78	112	3.7261
104	112	-2.3301
106	112	-2.2528
14	113	1.5023
16	113	1.7294
17	113	2.0668
22	113	1.5543
23	113	3.5567
25	113	1.3193
30	113	1.8416
34	113	4.5044
51	113	-0.10485
56	113	-0.37171
62	113	2.0289
64	113	-0.11542
71	113	3.0476
104	113	-1.8491
106	113	-1.846
107	113	-2.3655
109	113	-2.1781
111	113	-1.9276
112	113	-1.998
14	114	1.8076
16	114	2.0302
17	114	2.3619
22	114	1.8596
23	114	3.4686
25	114	1.6345
30	114	2.1465
34	114	4.4632
51	114	0.033142
56	114	-0.053546
62	114	1.9361
64	114	0.19418
71	114	3.0132
104	114	-1.6587
106	114	-1.6624
107	114	-2.3019
109	114	-2.0448
111	114	-1.9268
112	114	-1.7501
offset
60
