115
detection	body_part	cost
1	11	9.2102
2	3	-4.1166
3	9	-2.8674
4	9	-1.5067
5	3	-0.70382
6	10	-0.61729
7	11	9.2102
8	4	-4.458
9	9	-0.066903
10	4	-3.6061
11	4	0.10206
12	12	-0.79248
13	11	9.2102
14	11	9.2102
15	1	-6.2372
16	12	-2.6455
17	12	0.0067492
18	11	9.2102
19	12	-0.88693
20	12	0.51013
21	2	0.93273
22	2	0.68009
23	2	0.7603
24	13	0.80146
25	13	0.33267
26	2	-4.3277
27	12	0.22765
28	12	-0.035693
29	5	-1.4672
30	2	0.54487
31	11	9.2102
32	6	1.0817
33	6	-4.3236
34	6	-1.2642
35	7	-1.2214
36	5	-1.0804
37	5	-4.3231
38	11	9.2102
39	11	9.2102
40	13	1.3667
41	11	9.2102
42	5	0.57992
43	1	0.93554
44	6	0.33241
45	11	9.2102
46	7	-4.669
47	8	-1.8703
48	8	-1.3142
49	5	0.34685
50	5	0.81544
51	6	0.063626
52	1	0.02279
53	6	-0.34724
54	7	1.1931
55	7	-0.1
56	1	-1.4545
57	8	-1.0429
58	8	-4.2105
59	1	-1.7591
60	7	0.32194
61	1	-0.35982
62	7	-1.1179
63	1	-0.081645
64	1	-1.8365
65	1	-1.9432
66	7	-0.56926
67	3	1.0037
68	3	0.36989
69	1	-1.0725
70	7	0.96339
71	3	-0.10026
72	3	-0.10804
73	3	0.37299
74	4	0.65698
75	4	0.32655
76	4	0.12752
77	4	0.63653
78	8	0.12201
79	4	0.29526
80	4	-0.47059
81	8	-2.6833
82	8	-2.2864
83	8	0.37936
84	8	-0.92666
85	8	-0.56006
86	5	0.43045
87	12	-0.081511
88	12	0.4661
89	12	-0.72359
90	12	-1.4709
91	9	0.2499
92	12	-1.4836
93	12	-1.7582
94	12	-1.1909
95	9	-1.2643
96	9	-1.1852
97	9	-1.6151
98	9	0.025858
99	13	-1.7599
100	13	-1.141
101	11	9.2102
102	10	-1.5618
103	11	9.2102
104	11	9.2102
105	11	9.2102
106	11	9.2102
107	11	9.2102
108	11	0.49551
109	11	-0.45181
110	14	0.012924
111	11	-0.17645
112	14	-0.70942
113	11	9.2102
114	11	0.68588
115	11	9.2102
detection1	detection2	cost
3	4	-3.7143
2	5	-4.8231
1	7	-0.67521
3	9	-3.2674
4	9	-3.2674
8	10	-5.6071
8	11	-3.2674
10	11	-3.7143
1	13	0.96511
7	13	-3.2674
1	14	1.9643
7	14	-3.7143
13	14	-5.6071
12	16	-4.8231
12	17	-4.8231
16	17	-3.7143
1	18	5.8845
7	18	8.6726
13	18	5.8845
14	18	7.7607
12	19	-3.7143
16	19	-4.8231
17	19	-4.8231
12	20	-3.2674
16	20	-3.2674
17	20	-5.6071
19	20	-5.6071
21	22	-5.6071
21	23	-3.7143
22	23	-5.6071
24	25	-5.6071
21	26	34.1859
22	26	36.0768
23	26	37.968
12	27	-0.67521
16	27	-3.2674
17	27	-0.67521
19	27	-3.2674
20	27	-1.5143
12	28	-1.5143
16	28	-3.7143
17	28	-2.1462
19	28	-4.8231
20	28	-3.2674
27	28	-5.6071
21	30	-3.2674
22	30	-4.8231
23	30	-5.6071
26	30	37.9286
1	31	5.75
7	31	3.5372
13	31	-0.67521
14	31	0.53071
18	31	2.6933
32	33	-3.7143
32	34	0.071429
33	34	-3.7143
29	36	-4.8231
29	37	-4.8231
36	37	-3.7143
1	38	12.6213
7	38	14.5743
13	38	11.1425
14	38	12.8867
18	38	-0.67521
31	38	5.8845
1	39	11.4286
7	39	12.9744
13	39	9.4302
14	39	11.1425
18	39	-1.5143
31	39	4.0138
38	39	-5.6071
24	40	-3.7143
25	40	-3.2674
1	41	7.7607
7	41	6.1496
13	41	1.9643
14	41	3.2076
18	41	1.9643
31	41	-4.8231
38	41	3.8571
39	41	1.9643
29	42	-3.2674
36	42	-5.6071
37	42	-3.2674
15	43	23.7178
32	44	28.5141
33	44	24.7342
34	44	20.9559
1	45	10.4572
7	45	9.9513
13	45	5.8845
14	45	7.2837
18	45	0.96511
31	45	-0.67521
38	45	0.30445
39	45	-1.5143
41	45	-3.2674
35	46	-3.2674
47	48	-5.6071
29	49	-1.5143
36	49	-2.1462
37	49	-3.7143
42	49	-3.2674
29	50	-0.67521
36	50	-0.67521
37	50	-3.2674
42	50	-1.5143
49	50	-5.6071
32	51	26.7811
33	51	23.0214
34	51	19.269
44	51	-4.8231
15	52	26.0415
43	52	-4.8231
32	53	28.663
33	53	24.9005
34	53	21.1441
44	53	-5.6071
51	53	-5.6071
35	54	17.3966
46	54	15.2143
35	55	-0.67521
46	55	-4.8231
54	55	13.4073
15	56	24.8452
43	56	-3.7143
52	56	-4.8231
47	57	-3.2674
48	57	-2.1462
47	58	-3.2674
48	58	-3.7143
57	58	-3.7143
15	59	27.2998
43	59	-1.5143
52	59	-3.7143
56	59	-4.8231
35	60	14.6553
46	60	11.8034
54	60	-2.1462
55	60	9.6406
15	61	29.0571
43	61	-0.67521
52	61	-3.2674
56	61	-3.2674
59	61	-5.6071
35	62	18.2456
46	62	15.5276
54	62	-3.7143
55	62	13.4073
60	62	-3.7143
15	63	24.6786
43	63	0.30445
52	63	-0.67521
56	63	-3.2674
59	63	-3.2674
61	63	-1.5143
15	64	26.3605
43	64	0.071429
52	64	-1.5143
56	64	-3.7143
59	64	-4.8231
61	64	-3.2674
63	64	-5.6071
15	65	28.0636
43	65	0.30445
52	65	-1.8214
56	65	-3.2674
59	65	-5.6071
61	65	-4.8231
63	65	-3.7143
64	65	-5.6071
35	66	17.1071
46	66	14.0819
54	66	-1.5143
55	66	11.8034
60	66	-4.8231
62	66	-4.8231
2	67	25.9881
5	67	25.9881
2	68	27.2998
5	68	27.4026
67	68	-5.6071
15	69	28.9098
43	69	2.1517
52	69	0.071429
56	69	-1.5143
59	69	-3.7143
61	69	-3.2674
63	69	-3.2674
64	69	-4.8231
65	69	-5.6071
35	70	17.8953
46	70	14.6553
54	70	0.30445
55	70	12.262
60	70	-3.2674
62	70	-3.2674
66	70	-5.6071
2	71	28.663
5	71	28.663
67	71	-4.8231
68	71	-5.6071
2	72	29.9767
5	72	30.0721
67	72	-3.2674
68	72	-4.8231
71	72	-5.6071
2	73	31.3382
5	73	31.3382
67	73	-2.1462
68	73	-3.2674
71	73	-4.8231
72	73	-5.6071
8	74	21.3311
10	74	19.6016
11	74	18.2456
8	75	23.8324
10	75	22.1279
11	75	20.6393
74	75	-4.8231
8	76	26.0415
10	76	24.2301
11	76	23.3135
74	76	-1.5143
75	76	-2.1462
8	77	28.0636
10	77	26.3605
11	77	24.8452
74	77	-0.67521
75	77	-3.2674
76	77	-1.8214
47	78	15.6053
48	78	14.5743
57	78	13.9152
58	78	11.4286
8	79	27.8615
10	79	26.0415
11	79	25.1758
74	79	0.30445
75	79	-0.67521
76	79	-5.6071
77	79	-1.5143
8	80	28.4144
10	80	26.624
11	80	25.5573
74	80	0.071429
75	80	-1.5143
76	80	-4.8231
77	80	-3.2674
79	80	-5.6071
47	81	19.4026
48	81	18.2456
57	81	17.9658
58	81	15.293
78	81	-3.2674
47	82	20.6393
48	82	19.4026
57	82	19.4026
58	82	16.5921
78	82	-1.5143
81	82	-5.6071
47	83	18.7964
48	83	17.8953
57	83	16.7404
58	83	14.5743
78	83	-3.7143
81	83	-3.2674
82	83	-1.5143
47	84	19.7992
48	84	18.7964
57	84	17.9658
58	84	15.6053
78	84	-3.2674
81	84	-4.8231
82	84	-3.2674
83	84	-5.6071
47	85	22.0674
48	85	20.8929
57	85	20.6393
58	85	17.9658
78	85	-0.67521
81	85	-4.8231
82	85	-5.6071
83	85	-1.8214
84	85	-3.7143
29	86	23.3135
36	86	21.885
37	86	21.1441
42	86	20.0604
49	86	17.3966
50	86	17.1798
12	87	31.1069
16	87	29.6887
17	87	28.9098
19	87	27.4026
20	87	27.0414
27	87	26.624
28	87	26.0415
12	88	32.4299
16	88	30.7807
17	88	30.4044
19	88	28.663
20	88	28.5141
27	88	27.4026
28	88	27.0414
87	88	-3.2674
12	89	32.6536
16	89	31.1069
17	89	30.546
19	89	28.9098
20	89	28.663
27	89	27.8615
28	89	27.4026
87	89	-4.8231
88	89	-5.6071
12	90	33.3612
16	90	32.024
17	90	31.1069
19	90	29.6887
20	90	29.2526
27	90	29.0571
28	90	28.4144
87	90	-4.8231
88	90	-1.8214
89	90	-3.7143
3	91	40.4233
4	91	39.9726
9	91	36.4045
12	92	34.5282
16	92	32.9647
17	92	32.4299
19	92	30.7807
20	92	30.546
27	92	29.6887
28	92	29.2526
87	92	-3.2674
88	92	-4.8231
89	92	-5.6071
90	92	-3.2674
12	93	34.8256
16	93	33.3612
17	93	32.6536
19	93	31.1069
20	93	30.7807
27	93	30.2149
28	93	29.6887
87	93	-3.7143
88	93	-3.2674
89	93	-4.8231
90	93	-4.8231
92	93	-5.6071
12	94	35.6638
16	94	34.4002
17	94	33.3612
19	94	32.024
20	94	31.5222
27	94	31.5222
28	94	30.8274
87	94	-2.1462
88	94	0.30445
89	94	-1.5143
90	94	-4.8231
92	94	-1.8214
93	94	-3.7143
3	95	41.8597
4	95	41.7143
9	95	37.968
91	95	-3.2674
3	96	43.6422
4	96	43.6422
9	96	39.8214
91	96	-0.67521
95	96	-4.8231
3	97	43.7472
4	97	43.6071
9	97	39.8593
91	97	-2.1462
95	97	-5.6071
96	97	-5.6071
3	98	47.6858
4	98	47.4255
9	98	43.7472
91	98	0.30445
95	98	-1.5143
96	98	-2.1462
97	98	-3.2674
24	99	53.0714
25	99	53.101
40	99	49.2857
24	100	53.101
25	100	53.0714
40	100	49.3173
99	100	-5.6071
1	101	86.8015
7	101	87.6149
13	101	83.5541
14	101	84.8629
18	101	73.5178
31	101	76.8331
38	101	66.7087
39	101	67.8823
41	101	74.1565
45	101	70.1764
6	102	64.826
1	103	72.5614
7	103	69.7137
13	103	65.6388
14	103	66.0053
18	103	62.5357
31	103	59.4226
38	103	56.9684
39	103	56.885
41	103	57.301
45	103	55.0789
101	103	42.0408
1	104	74.9643
7	104	72.3822
13	104	68.2616
14	104	68.7095
18	104	64.5281
31	104	61.9191
38	104	58.75
39	104	58.777
41	104	59.7164
45	104	57.301
101	104	38.5552
103	104	-3.2674
1	105	90.874
7	105	90.6734
13	105	86.478
14	105	87.5584
18	105	78.0144
31	105	79.6537
38	105	71.2301
39	105	72.1126
41	105	77.0241
45	105	73.3629
101	105	7.2837
103	105	32.6536
104	105	28.663
1	106	91.5997
7	106	91.2194
13	106	87.0103
14	106	88.0471
18	106	78.8483
31	106	80.1865
38	106	72.0901
39	106	72.9186
41	106	77.5733
45	106	73.9808
101	106	9.9513
103	106	31.1069
104	106	27.0414
105	106	-4.8231
1	107	82.1863
7	107	79.3654
13	107	75.2895
14	107	75.6566
18	107	72.0225
31	107	69.0613
38	107	66.3457
39	107	66.3214
41	107	66.9256
45	107	64.6524
101	107	42.1852
103	107	2.1517
104	107	0.30445
105	107	30.546
106	107	28.5141
1	108	83.8487
7	108	80.8784
13	108	76.8331
14	108	77.1511
18	108	73.8929
31	108	70.6821
38	108	68.3089
39	108	68.2379
41	108	68.5919
45	108	66.4184
101	108	44.5794
103	108	3.8571
104	108	2.6933
105	108	32.6536
106	108	30.546
107	108	-4.8231
1	109	89.7015
7	109	86.8015
13	109	82.7438
14	109	83.0807
18	109	79.592
31	109	76.5565
38	109	73.9149
39	109	73.8929
41	109	74.4413
45	109	72.2025
101	109	44.9905
103	109	9.6406
104	109	7.7607
105	109	32.024
106	109	29.6887
107	109	0.071429
108	109	-1.5143
1	111	91.3825
7	111	88.3466
13	111	84.3182
14	111	84.6104
18	111	81.4643
31	111	78.2028
38	111	75.8717
39	111	75.8072
41	111	76.1292
45	111	73.9808
101	111	47.5232
103	111	11.4286
104	111	9.9513
105	111	34.4002
106	111	32.024
107	111	2.1517
108	111	0.071429
109	111	-4.8231
110	112	-4.8231
1	113	102.6279
7	113	101.7295
13	113	97.4981
14	113	98.3985
18	113	90.2162
31	113	90.7099
38	113	83.5541
39	113	84.2401
41	113	88.1595
45	113	84.7853
101	113	22.1279
103	113	34.0567
104	113	29.833
105	113	8.1089
106	113	5.8845
107	113	28.4144
108	113	29.6887
109	113	26.7811
111	113	28.5141
1	114	93.6926
7	114	90.874
13	114	86.8015
14	114	87.1618
18	114	83.436
31	114	80.5738
38	114	77.6786
39	114	77.6996
41	114	78.4324
45	114	76.1292
101	114	45.0928
103	114	13.6628
104	114	11.4286
105	114	31.5222
106	114	29.0571
107	114	4.0138
108	114	2.6933
109	114	-3.2674
111	114	-3.2674
113	114	24.6786
1	115	96.8821
7	115	93.6926
13	115	89.7015
14	115	89.9408
18	115	87.1618
31	115	83.6721
38	115	81.6453
39	115	81.5448
41	115	81.6453
45	115	79.592
101	115	51.9068
103	115	17.1798
104	115	15.9133
105	115	38.243
106	115	35.7467
107	115	8.1089
108	115	5.8845
109	115	0.96511
111	115	-1.5143
113	115	30.546
114	115	-0.67521
1	6	-0.54998
3	6	-1.9138
4	6	-1.6057
6	7	-1.9902
2	8	-2.4413
5	8	-1.8067
6	9	-1.4712
2	10	-2.1437
5	10	-1.5287
2	11	-2.3108
5	11	-1.8626
6	13	-0.81172
6	14	-1.0381
1	15	-1.139
2	15	-2.5041
3	15	-1.8499
4	15	-1.9624
5	15	-1.9898
6	15	-1.4858
7	15	-1.511
8	15	-1.9445
9	15	-1.7294
10	15	-1.573
11	15	-1.8557
12	15	-1.5929
13	15	-1.2315
14	15	-1.586
15	16	-1.7323
15	17	-1.6405
6	18	4.7202
15	18	1.0492
15	19	-1.844
15	20	-1.8824
15	21	7.3226
15	22	7.0014
15	23	6.8049
12	24	-0.037994
15	24	-0.28506
16	24	-0.11892
17	24	0.59143
19	24	0.6902
20	24	0.83081
12	25	-0.13183
15	25	-0.75823
16	25	-0.23981
17	25	0.47779
19	25	0.55435
20	25	0.69393
15	26	-2.4493
15	27	-1.7217
24	27	0.12837
25	27	-0.013072
15	28	-1.9292
24	28	0.44216
25	28	0.29276
8	29	-2.179
10	29	-1.8557
11	29	-2.112
15	29	-1.8537
15	30	6.6991
6	31	2.1237
15	31	0.52388
15	32	-1.6609
15	33	-2.3306
15	34	-2.0901
15	35	-2.0717
32	35	-1.9855
33	35	-2.0851
34	35	-1.6031
8	36	-1.9522
10	36	-1.7846
11	36	-1.4333
15	36	-1.8396
8	37	-2.2182
10	37	-1.9505
11	37	-2.3709
15	37	-1.7736
6	38	4.6331
15	38	2.3212
6	39	4.6063
15	39	2.4586
12	40	-0.039499
15	40	0.29337
16	40	-0.10112
17	40	0.61665
19	40	0.78859
20	40	0.88646
27	40	0.22476
28	40	0.55268
6	41	3.2519
15	41	1.2075
8	42	-1.9734
10	42	-1.9406
11	42	-1.2368
15	42	-1.4707
1	43	4.3119
2	43	3.8968
3	43	8.2717
4	43	8.4627
5	43	3.6001
6	43	5.0119
7	43	3.5214
8	43	7.0707
9	43	8.5561
10	43	7.1404
11	43	7.1213
12	43	8.427
13	43	2.9839
14	43	3.0862
16	43	8.2154
17	43	8.5668
18	43	3.3698
19	43	8.232
20	43	8.3864
21	43	-1.8556
22	43	-0.63421
23	43	0.26236
24	43	2.8671
25	43	2.9657
26	43	3.2326
27	43	7.9937
28	43	7.9593
29	43	6.7668
30	43	0.91866
31	43	1.9057
32	43	3.3544
33	43	3.7596
34	43	4.0562
35	43	6.8337
36	43	6.6609
37	43	6.5306
38	43	2.1042
39	43	3.1106
40	43	1.8096
41	43	2.5886
42	43	6.1242
15	44	2.6117
35	44	5.8436
43	44	0.49764
6	45	4.1083
15	45	2.2498
43	45	3.5943
15	46	-2.1147
32	46	-2.2454
33	46	-2.0796
34	46	-2.0335
43	46	6.0012
44	46	5.4047
15	47	-1.5643
35	47	-1.5994
43	47	5.9173
46	47	-1.5833
15	48	-1.3641
35	48	-1.4244
43	48	5.6966
46	48	-1.5448
8	49	-1.4429
10	49	-1.6517
11	49	-1.1359
15	49	-0.16618
43	49	5.0705
8	50	-1.4403
10	50	-1.6453
11	50	-1.2598
15	50	0.14302
43	50	4.3192
15	51	2.7665
35	51	6.2783
43	51	0.59427
46	51	6.1752
1	52	5.0645
2	52	3.5359
3	52	8.0384
4	52	8.3073
5	52	3.2387
6	52	6.0258
7	52	4.2477
8	52	6.7527
9	52	8.2862
10	52	6.8476
11	52	6.7874
12	52	8.231
13	52	3.7847
14	52	3.8374
16	52	8.1133
17	52	8.2805
18	52	4.7902
19	52	8.1041
20	52	8.1192
21	52	-1.2999
22	52	-2.1982
23	52	-1.4803
24	52	4.2411
25	52	4.1688
26	52	3.4479
27	52	8.0099
28	52	7.9582
29	52	6.6019
30	52	-1.1696
31	52	1.8435
32	52	3.6409
33	52	4.0471
34	52	4.3502
35	52	7.1226
36	52	6.5616
37	52	6.427
38	52	6.0248
39	52	3.6317
40	52	2.2513
41	52	2.3748
42	52	6.4025
44	52	0.20244
45	52	3.3757
46	52	6.3812
47	52	6.427
48	52	6.3953
49	52	5.6927
50	52	5.4376
51	52	0.3282
15	53	2.5251
35	53	5.9514
43	53	0.3859
46	53	5.8151
52	53	0.26201
15	54	1.894
32	54	-0.37842
33	54	-0.53538
34	54	-0.25347
43	54	1.4421
44	54	0.76828
47	54	4.3774
48	54	4.1677
51	54	0.46817
52	54	1.3287
53	54	1.2061
15	55	-2.1326
32	55	-1.8908
33	55	-1.7579
34	55	-1.7574
43	55	5.3721
44	55	4.7844
47	55	-1.1618
48	55	-1.4925
51	55	5.5475
52	55	5.8277
53	55	5.2036
1	56	5.1578
2	56	3.8365
3	56	8.3241
4	56	8.6327
5	56	3.5225
6	56	6.035
7	56	4.4549
8	56	6.7178
9	56	8.6342
10	56	6.8198
11	56	6.7874
12	56	8.6187
13	56	4.036
14	56	4.106
16	56	8.4802
17	56	8.7363
18	56	4.568
19	56	8.5379
20	56	8.6111
21	56	-1.0481
22	56	-1.8154
23	56	-1.606
24	56	4.3771
25	56	4.395
26	56	3.7383
27	56	8.3401
28	56	8.339
29	56	6.5057
30	56	-1.3116
31	56	2.2737
32	56	4.1331
33	56	4.5483
34	56	4.8695
35	56	7.7608
36	56	6.4334
37	56	6.402
38	56	4.7345
39	56	3.1329
40	56	2.7608
41	56	2.2747
42	56	6.2607
44	56	-0.12266
45	56	3.2285
46	56	6.9776
47	56	7.2603
48	56	7.2429
49	56	5.5957
50	56	5.4674
51	56	0.15717
53	56	-0.16935
54	56	0.78986
55	56	6.4068
15	57	-1.918
35	57	-2.0142
43	57	4.8483
46	57	-2.0126
52	57	5.2953
54	57	2.6296
55	57	-1.5019
56	57	5.7819
15	58	-1.9963
35	58	-2.4796
43	58	4.0809
46	58	-2.6259
52	58	4.802
54	58	2.7133
55	58	-2.1728
56	58	5.3197
1	59	5.7941
2	59	3.1156
3	59	8.1583
4	59	8.404
5	59	2.8116
6	59	6.8515
7	59	5.0824
8	59	6.5968
9	59	8.4349
10	59	6.7105
11	59	6.6458
12	59	8.4455
13	59	4.7294
14	59	4.7622
16	59	8.3603
17	59	8.5024
18	59	5.5903
19	59	8.3799
20	59	8.374
21	59	-1.4696
22	59	-2.2107
23	59	-1.9151
24	59	5.4518
25	59	5.3815
26	59	3.4457
27	59	8.299
28	59	8.2627
29	59	6.4309
30	59	-1.8372
31	59	3.2274
32	59	4.3986
33	59	4.8142
34	59	5.1395
35	59	7.7753
36	59	6.4092
37	59	6.3105
38	59	6.3509
39	59	5.0045
40	59	4.1338
41	59	2.5634
42	59	6.263
44	59	-0.60186
45	59	2.7675
46	59	7.0983
47	59	7.1512
48	59	7.051
49	59	5.6062
50	59	5.4122
51	59	-0.20235
53	59	-0.72024
54	59	0.44592
55	59	6.6142
57	59	6.0225
58	59	5.877
15	60	1.3145
32	60	-0.61065
33	60	-0.63623
34	60	-1.0764
43	60	1.18
44	60	-0.030236
47	60	4.7311
48	60	4.5096
51	60	-0.5739
52	60	1.3392
53	60	0.1945
56	60	0.72571
57	60	3.7982
58	60	4.0803
59	60	0.40283
1	61	6.2526
2	61	2.8082
3	61	7.992
4	61	8.2035
5	61	2.5108
6	61	7.3818
7	61	5.4857
8	61	6.2621
9	61	8.2392
10	61	6.3811
11	61	6.2918
12	61	8.2774
13	61	5.1566
14	61	5.1576
16	61	8.2129
17	61	8.3009
18	61	6.3951
19	61	8.2065
20	61	8.1672
21	61	-1.6607
22	61	-2.3832
23	61	-2.1615
24	61	6.0827
25	61	5.9233
26	61	3.2271
27	61	8.1809
28	61	8.1229
29	61	6.2753
30	61	-2.028
31	61	3.7628
32	61	2.1724
33	61	2.5734
34	61	2.8785
35	61	7.1303
36	61	6.2793
37	61	6.1385
38	61	6.4457
39	61	6.104
40	61	4.8788
41	61	3.1849
42	61	6.1464
44	61	-0.20324
45	61	2.7738
46	61	6.5164
47	61	6.9212
48	61	6.7971
49	61	5.4815
50	61	5.2566
51	61	-0.37212
53	61	-0.097522
54	61	1.3798
55	61	6.0692
57	61	5.8562
58	61	5.7145
60	61	5.2554
15	62	1.2492
32	62	-0.63034
33	62	-0.67469
34	62	-0.93594
43	62	0.88096
44	62	-0.7751
47	62	4.596
48	62	4.3864
51	62	-1.2037
52	62	0.90858
53	62	-0.54173
56	62	0.3278
57	62	3.5781
58	62	3.8634
59	62	0.16956
61	62	0.66588
1	63	5.2229
2	63	4.3622
3	63	8.6551
4	63	8.2807
5	63	4.2307
6	63	6.0994
7	63	4.6549
8	63	7.3096
9	63	8.9291
10	63	7.4187
11	63	7.4508
12	63	8.8715
13	63	4.3108
14	63	4.39
16	63	8.8555
17	63	8.4012
18	63	4.4828
19	63	8.9737
20	63	8.3166
21	63	-1.5466
22	63	-1.5367
23	63	-1.1176
24	63	4.6425
25	63	4.7198
26	63	3.53
27	63	8.756
28	63	8.7974
29	63	6.4196
30	63	-1.0374
31	63	2.7993
32	63	4.6411
33	63	4.9658
34	63	5.1822
35	63	8.6509
36	63	6.3671
37	63	6.3822
38	63	4.3546
39	63	3.2645
40	63	3.409
41	63	2.1345
42	63	6.2137
44	63	-0.75656
45	63	2.6401
46	63	9.0215
47	63	8.1945
48	63	7.3485
49	63	5.6638
50	63	5.5783
51	63	-0.47864
53	63	-0.89225
54	63	-0.50046
55	63	8.4989
57	63	7.4531
58	63	7.9757
60	63	-1.1427
62	63	-1.1462
1	64	5.6301
2	64	3.5103
3	64	8.4133
4	64	8.6894
5	64	3.1891
6	64	6.5775
7	64	5.0152
8	64	6.6475
9	64	8.7374
10	64	6.7685
11	64	6.7234
12	64	8.7875
13	64	4.6851
14	64	4.7406
16	64	8.6893
17	64	8.8902
18	64	5.1406
19	64	8.7549
20	64	8.7818
21	64	-1.281
22	64	-1.9355
23	64	-1.7626
24	64	5.1232
25	64	5.1394
26	64	3.6094
27	64	8.6134
28	64	8.612
29	64	6.5993
30	64	-1.7432
31	64	3.2442
32	64	4.4756
33	64	4.8083
34	64	5.0343
35	64	8.8288
36	64	6.5589
37	64	6.5215
38	64	5.3874
39	64	4.2435
40	64	3.9346
41	64	2.6282
42	64	6.4064
44	64	-1.1739
45	64	2.5822
46	64	8.3441
47	64	7.926
48	64	7.9373
49	64	5.7929
50	64	5.6548
51	64	-0.9168
53	64	-1.314
54	64	-0.34876
55	64	7.8606
57	64	6.9843
58	64	7.1829
60	64	-0.62072
62	64	-0.90176
1	65	5.9301
2	65	2.7558
3	65	8.1842
4	65	8.4201
5	65	2.4486
6	65	7.019
7	65	5.2712
8	65	6.4813
9	65	8.4704
10	65	6.6039
11	65	6.5324
12	65	8.5558
13	65	4.9616
14	65	4.991
16	65	8.4802
17	65	8.615
18	65	5.7111
19	65	8.5072
20	65	8.4941
21	65	-1.4316
22	65	-2.0989
23	65	-2.0092
24	65	5.6742
25	65	5.6232
26	65	3.4612
27	65	8.4347
28	65	8.401
29	65	6.5661
30	65	-2.0801
31	65	3.6127
32	65	4.4084
33	65	4.7472
34	65	4.9801
35	65	8.2749
36	65	6.549
37	65	6.4572
38	65	6.35
39	65	5.1864
40	65	4.5566
41	65	3.0637
42	65	6.4057
44	65	-1.2355
45	65	2.5493
46	65	7.776
47	65	7.6274
48	65	7.5644
49	65	5.7544
50	65	5.5636
51	65	-1.093
53	65	-1.3071
54	65	0.50728
55	65	7.3257
57	65	6.7526
58	65	6.8174
60	65	1.187
62	65	-0.60806
15	66	0.51747
32	66	-0.56199
33	66	-0.61517
34	66	-1.0794
43	66	0.3925
44	66	-1.6375
47	66	4.7497
48	66	4.5342
51	66	-1.6123
52	66	0.5277
53	66	-1.7095
56	66	-0.092214
57	66	4.1635
58	66	4.5743
59	66	-0.070563
61	66	0.73934
63	66	-1.8915
64	66	-1.4975
65	66	-1.0946
8	67	7.5002
10	67	7.5126
11	67	7.1851
15	67	4.0049
43	67	-0.17178
52	67	-0.86003
56	67	-0.62232
59	67	-1.6755
61	67	-2.0906
63	67	0.15649
64	67	-1.5399
65	67	-2.2838
8	68	6.608
10	68	6.6321
11	68	6.6242
15	68	4.0042
43	68	-0.24518
52	68	-0.94357
56	68	-0.65436
59	68	-1.719
61	68	-2.013
63	68	0.28612
64	68	-1.413
65	68	-2.454
1	69	5.9199
2	69	2.555
3	69	8.2615
4	69	8.494
5	69	2.2415
6	69	7.0408
7	69	5.3131
8	69	6.7202
9	69	8.556
10	69	6.8459
11	69	6.7786
12	69	8.6046
13	69	5.0403
14	69	5.0695
16	69	8.5387
17	69	8.6642
18	69	5.6686
19	69	8.5704
20	69	8.5491
21	69	-1.5846
22	69	-2.2161
23	69	-1.8869
24	69	5.8169
25	69	5.7876
26	69	3.3736
27	69	8.5106
28	69	8.4765
29	69	6.7194
30	69	-2.0458
31	69	3.8103
32	69	3.7414
33	69	4.078
34	69	4.3123
35	69	8.656
36	69	6.7062
37	69	6.6176
38	69	6.1742
39	69	5.1599
40	69	4.8409
41	69	3.3416
42	69	6.5647
44	69	-1.5772
45	69	2.9622
46	69	8.3354
47	69	8.1269
48	69	8.1028
49	69	5.9102
50	69	5.7183
51	69	-1.5858
53	69	-1.5897
54	69	0.99457
55	69	7.9256
57	69	7.4876
58	69	7.7514
60	69	2.2839
62	69	0.44927
66	69	0.73893
67	69	-1.6384
68	69	-1.5754
15	70	-0.48382
32	70	-0.13372
33	70	-0.17739
34	70	-0.61587
43	70	-0.35088
44	70	-1.6439
47	70	4.6879
48	70	4.4764
51	70	-1.3623
52	70	-0.20233
53	70	-1.6759
56	70	-0.8492
57	70	4.4616
58	70	4.9981
59	70	-0.673
61	70	0.16539
63	70	-1.732
64	70	-1.748
65	70	-1.4293
69	70	-0.10933
8	71	6.4476
10	71	6.4821
11	71	6.4497
15	71	3.766
43	71	-0.66824
52	71	-1.4131
56	71	-1.0811
59	71	-1.9648
61	71	-2.0549
63	71	-0.097658
64	71	-1.7016
65	71	-2.2379
69	71	-1.5406
8	72	6.1103
10	72	6.1467
11	72	6.0755
15	72	3.3783
43	72	-1.2876
52	72	-2.0281
56	72	-1.6497
59	72	-2.08
61	72	-1.4069
63	72	-0.51489
64	72	-1.6368
65	72	-1.6187
69	72	-1.0674
8	73	6.3887
10	73	6.4281
11	73	6.358
15	73	3.3687
43	73	-1.3189
52	73	-1.9843
56	73	-1.6806
59	73	-1.9615
61	73	-1.3361
63	73	-0.60818
64	73	-1.6789
65	73	-1.5953
69	73	-1.1738
2	74	1.8345
5	74	2.2099
15	74	3.2708
29	74	5.2571
36	74	5.7184
37	74	5.0082
42	74	5.7092
43	74	-1.1196
49	74	4.5436
50	74	4.0172
52	74	-1.705
56	74	-1.824
59	74	-1.5749
61	74	-1.1397
63	74	-1.2471
64	74	-2.1638
65	74	-1.3354
67	74	-1.6162
68	74	-2.4202
69	74	-0.67375
71	74	-2.1762
72	74	-1.3531
73	74	-0.22024
2	75	1.7002
5	75	2.0845
15	75	3.1263
29	75	5.6753
36	75	6.1239
37	75	5.4624
42	75	6.1223
43	75	-1.3246
49	75	5.053
50	75	4.562
52	75	-2.0506
56	75	-1.9141
59	75	-2.1267
61	75	-1.6623
63	75	-1.1886
64	75	-1.867
65	75	-1.9975
67	75	-1.3942
68	75	-1.7692
69	75	-1.6658
71	75	-1.2911
72	75	-1.8954
73	75	-1.9713
2	76	2.1105
5	76	2.4884
15	76	3.3679
29	76	4.3008
36	76	4.6264
37	76	4.1103
42	76	4.5457
43	76	-1.014
49	76	3.5511
50	76	3.1778
52	76	-1.5647
56	76	-1.7276
59	76	-1.5793
61	76	-1.3762
63	76	-1.2984
64	76	-1.8898
65	76	-1.5265
67	76	-1.5112
68	76	-2.1594
69	76	-1.1512
71	76	-2.2518
72	76	-1.7775
73	76	-1.3455
2	77	1.6945
5	77	2.0838
15	77	3.017
29	77	6.5237
36	77	6.5122
37	77	6.5794
42	77	6.3584
43	77	-1.4309
49	77	5.9705
50	77	5.9515
52	77	-2.141
56	77	-1.797
59	77	-2.056
61	77	-1.5288
63	77	-1.2234
64	77	-1.4846
65	77	-1.891
67	77	-1.4241
68	77	-1.5643
69	77	-1.9662
71	77	-1.1859
72	77	-1.6862
73	77	-1.5974
15	78	0.91208
35	78	-0.47288
43	78	-1.3128
46	78	-0.11292
52	78	-1.3263
54	78	-1.7719
55	78	0.36785
56	78	-1.7579
59	78	-1.5875
60	78	-1.8833
61	78	-1.2548
62	78	-1.9231
63	78	-1.0828
64	78	-1.6617
65	78	-1.5493
66	78	-1.6163
69	78	-1.5313
70	78	-1.6002
2	79	2.1859
5	79	2.5647
15	79	3.4286
29	79	4.471
36	79	4.781
37	79	4.2918
42	79	4.6948
43	79	-0.91697
49	79	3.7313
50	79	3.3784
52	79	-1.6316
56	79	-1.612
59	79	-1.701
61	79	-1.5206
63	79	-1.1971
64	79	-1.9504
65	79	-1.6837
67	79	-1.4264
68	79	-2.0969
69	79	-1.365
71	79	-2.3847
72	79	-1.9363
73	79	-1.5924
2	80	1.9886
5	80	2.373
15	80	3.2808
29	80	4.7616
36	80	5.086
37	80	4.5902
42	80	5.0153
43	80	-1.1444
49	80	4.0679
50	80	3.7049
52	80	-1.7963
56	80	-1.7769
59	80	-1.8454
61	80	-1.6062
63	80	-1.2101
64	80	-1.9501
65	80	-1.8314
67	80	-1.5713
68	80	-2.2636
69	80	-1.5713
71	80	-2.138
72	80	-1.8438
73	80	-1.8777
15	81	1.0992
35	81	-0.47261
43	81	-1.5787
46	81	-0.089608
52	81	-1.9686
54	81	-1.3752
55	81	0.40348
56	81	-1.4704
59	81	-1.6002
60	81	-2.2765
61	81	-1.7268
62	81	-2.092
63	81	-0.62637
64	81	-1.1293
65	81	-1.4739
66	81	-2.3192
69	81	-1.1736
70	81	-2.3296
15	82	0.85128
35	82	-0.58915
43	82	-1.7748
46	82	-0.20231
52	82	-1.8331
54	82	-1.0619
55	82	0.29785
56	82	-1.7551
59	82	-1.657
60	82	-1.9833
61	82	-1.5072
62	82	-1.7203
63	82	-0.89143
64	82	-1.3419
65	82	-1.5951
66	82	-2.2206
69	82	-1.3956
70	82	-2.1317
15	83	1.1594
35	83	-0.2988
43	83	-1.3264
46	83	0.054494
52	83	-1.3835
54	83	-1.5469
55	83	0.51438
56	83	-1.7475
59	83	-1.5711
60	83	-1.6493
61	83	-1.3257
62	83	-1.8204
63	83	-0.88938
64	83	-1.445
65	83	-1.4924
66	83	-1.4347
69	83	-1.4106
70	83	-1.4107
15	84	1.1868
35	84	-0.30217
43	84	-1.5355
46	84	0.063353
52	84	-1.7141
54	84	-1.4459
55	84	0.53414
56	84	-1.5599
59	84	-1.8741
60	84	-1.9503
61	84	-1.6503
62	84	-2.2219
63	84	-0.73722
64	84	-1.2702
65	84	-1.6341
66	84	-1.8581
69	84	-1.3519
70	84	-1.8719
15	85	0.82415
35	85	-0.47695
43	85	-1.5667
46	85	-0.097515
52	85	-1.6748
54	85	-0.96709
55	85	0.39052
56	85	-1.8086
59	85	-1.7284
60	85	-2.0402
61	85	-1.3572
62	85	-1.6397
63	85	-0.96829
64	85	-1.4551
65	85	-1.775
66	85	-2.2227
69	85	-1.4829
70	85	-2.219
8	86	-0.11412
10	86	-0.097733
11	86	-0.32231
15	86	2.2054
43	86	-1.4451
52	86	-1.6592
56	86	-1.973
59	86	-1.6432
61	86	-1.3017
63	86	-1.3191
64	86	-1.8645
65	86	-1.6412
69	86	-1.6307
74	86	-1.4943
75	86	-1.0873
76	86	-0.79654
77	86	-0.90017
79	86	-0.77983
80	86	-1.018
15	87	2.5855
24	87	4.9263
25	87	4.9962
40	87	4.3325
43	87	-1.8223
52	87	-1.8139
56	87	-1.5036
59	87	-1.5557
61	87	-1.2527
63	87	-0.8655
64	87	-1.1663
65	87	-1.4888
69	87	-1.4259
15	88	2.8907
24	88	4.6823
25	88	4.7608
40	88	4.0822
43	88	-1.4895
52	88	-1.8505
56	88	-1.5254
59	88	-1.6773
61	88	-1.3494
63	88	-1.1436
64	88	-1.3877
65	88	-1.5629
69	88	-1.4908
15	89	2.7549
24	89	4.9084
25	89	4.9858
40	89	4.3128
43	89	-1.6762
52	89	-1.9402
56	89	-1.6117
59	89	-1.6918
61	89	-1.4147
63	89	-1.1084
64	89	-1.3925
65	89	-1.6457
69	89	-1.6272
15	90	2.4003
24	90	5.1399
25	90	5.2119
40	90	4.5574
43	90	-2.0754
52	90	-1.6067
56	90	-1.6781
59	90	-1.4293
61	90	-1.1381
63	90	-1.0378
64	90	-1.3034
65	90	-1.4295
69	90	-1.4568
6	91	7.7797
15	91	3.1468
43	91	-1.8293
52	91	-1.7496
56	91	-1.8074
59	91	-1.5231
61	91	-1.2101
63	91	-1.3215
64	91	-1.5341
65	91	-1.4339
69	91	-1.4235
15	92	2.6851
24	92	4.9616
25	92	5.0428
40	92	4.3701
43	92	-1.7891
52	92	-1.853
56	92	-1.8303
59	92	-1.6328
61	92	-1.3646
63	92	-1.3602
64	92	-1.6188
65	92	-1.589
69	92	-1.5714
15	93	2.5821
24	93	5.1146
25	93	5.193
40	93	4.528
43	93	-1.9086
52	93	-1.8316
56	93	-1.7937
59	93	-1.5869
61	93	-1.3118
63	93	-1.231
64	93	-1.4812
65	93	-1.5624
69	93	-1.5643
15	94	2.1877
24	94	5.3944
25	94	5.4711
40	94	4.8215
43	94	-1.7374
52	94	-1.3663
56	94	-1.6928
59	94	-1.2287
61	94	-0.95338
63	94	-1.2283
64	94	-1.4598
65	94	-1.2516
69	94	-1.2915
6	95	7.1456
15	95	3.4172
43	95	-1.4782
52	95	-1.6112
56	95	-1.7027
59	95	-1.5307
61	95	-1.2416
63	95	-1.4376
64	95	-1.7123
65	95	-1.4693
69	95	-1.3661
6	96	6.7972
15	96	3.3839
43	96	-1.2889
52	96	-1.3046
56	96	-1.4959
59	96	-1.2465
61	96	-1.003
63	96	-1.6723
64	96	-1.4673
65	96	-1.2023
69	96	-1.1094
6	97	7.2147
15	97	3.4255
43	97	-1.4491
52	97	-1.5846
56	97	-1.7366
59	97	-1.5396
61	97	-1.2807
63	97	-1.5385
64	97	-1.7984
65	97	-1.5169
69	97	-1.4501
6	98	7.7694
15	98	3.2423
43	98	-1.3881
52	98	-1.5591
56	98	-1.7877
59	98	-1.6102
61	98	-1.3516
63	98	-1.8839
64	98	-1.852
65	98	-1.5833
69	98	-1.5597
12	99	1.7379
15	99	2.0565
16	99	1.8354
17	99	1.1839
19	99	1.0555
20	99	0.94157
27	99	1.6743
28	99	1.3434
43	99	-1.2953
52	99	-1.2374
56	99	-1.3727
59	99	-1.101
61	99	-0.90487
63	99	-1.6099
64	99	-1.4108
65	99	-1.1843
69	99	-1.2678
87	99	-2.205
88	99	-1.9331
89	99	-1.9873
90	99	-2.0361
92	99	-2.0311
93	99	-2.4095
94	99	-1.9653
12	100	1.7448
15	100	1.7224
16	100	1.828
17	100	1.1814
19	100	1.0512
20	100	0.93409
27	100	1.5921
28	100	1.304
43	100	-0.99424
52	100	-0.88966
56	100	-1.0265
59	100	-0.75062
61	100	-0.56426
63	100	-1.2339
64	100	-1.0507
65	100	-0.83249
69	100	-0.91461
87	100	-1.9373
88	100	-1.7619
89	100	-1.7945
90	100	-2.1996
92	100	-1.828
93	100	-2.1632
94	100	-2.1396
6	101	5.8142
15	101	6.5951
43	101	3.1444
52	101	2.9035
56	101	2.9049
59	101	2.7058
61	101	2.5886
63	101	2.9059
64	101	2.7619
65	101	2.6637
69	101	2.634
1	102	7.8038
3	102	2.4721
4	102	2.4806
7	102	7.8714
9	102	2.4955
13	102	8.0043
14	102	7.884
15	102	3.1548
18	102	5.8819
31	102	7.1417
38	102	5.1878
39	102	5.0746
41	102	6.2083
43	102	-1.4586
45	102	6.2035
52	102	-1.634
56	102	-1.871
59	102	-1.5275
61	102	-1.256
63	102	-1.7711
64	102	-1.7235
65	102	-1.5089
69	102	-1.5876
91	102	-2.0827
95	102	-2.0191
96	102	-1.6419
97	102	-1.9364
98	102	-2.0144
101	102	1.6895
6	103	3.4291
15	103	2.4823
43	103	-1.2605
52	103	-1.1356
56	103	-1.1355
59	103	-0.89587
61	103	-0.62708
63	103	-1.3644
64	103	-1.0991
65	103	-0.92872
69	103	-1.0586
102	103	-0.51772
6	104	3.149
15	104	2.6061
43	104	-1.1711
52	104	-1.1185
56	104	-1.2018
59	104	-0.98641
61	104	-0.72776
63	104	-1.4049
64	104	-1.1741
65	104	-1.0008
69	104	-1.0597
102	104	-0.94209
6	105	5.3609
15	105	5.7382
43	105	2.0059
52	105	1.7312
56	105	1.708
59	105	1.4879
61	105	1.351
63	105	1.7214
64	105	1.5565
65	105	1.4492
69	105	1.4385
102	105	1.2516
6	106	5.3623
15	106	5.5883
43	106	1.8908
52	106	1.6141
56	106	1.5676
59	106	1.3471
61	106	1.2187
63	106	1.5564
64	106	1.3982
65	106	1.3011
69	106	1.2854
102	106	1.0965
6	107	3.1835
15	107	2.6552
43	107	-1.3022
52	107	-1.3733
56	107	-1.5175
59	107	-1.2302
61	107	-0.96624
63	107	-1.5964
64	107	-1.3624
65	107	-1.2158
69	107	-1.2965
102	107	-1.7993
6	108	3.1547
15	108	2.4983
43	108	-1.1009
52	108	-1.1884
56	108	-1.3551
59	108	-1.0797
61	108	-0.81801
63	108	-1.4975
64	108	-1.2389
65	108	-1.0876
69	108	-1.1993
102	108	-1.4073
6	109	3.4189
15	109	2.6729
43	109	-1.0581
52	109	-1.1338
56	109	-1.4798
59	109	-1.2948
61	109	-1.0409
63	109	-1.6062
64	109	-1.432
65	109	-1.2927
69	109	-1.298
102	109	-2.0328
15	110	2.1837
24	110	2.9416
25	110	2.7898
40	110	1.7397
43	110	-0.87921
52	110	-0.91388
56	110	-1.2486
59	110	-1.2185
61	110	-1.0388
63	110	-1.406
64	110	-1.2723
65	110	-1.155
69	110	-1.0739
99	110	-1.94
100	110	-1.7289
6	111	3.6833
15	111	2.3557
43	111	-0.52342
52	111	-0.62457
56	111	-0.94056
59	111	-0.814
61	111	-0.59411
63	111	-1.1608
64	111	-0.99078
65	111	-0.85244
69	111	-0.87955
102	111	-2.002
15	112	1.8378
24	112	2.9151
25	112	2.7891
40	112	1.7002
43	112	-0.3934
52	112	-0.44331
56	112	-0.81759
59	112	-0.77968
61	112	-0.61571
63	112	-0.98381
64	112	-0.90137
65	112	-0.77748
69	112	-0.68052
99	112	-2.2004
100	112	-1.9895
6	113	5.1142
15	113	5.4431
43	113	1.6604
52	113	1.3577
56	113	1.2482
59	113	1.0029
61	113	0.84889
63	113	1.223
64	113	1.0474
65	113	0.95991
69	113	0.98146
102	113	0.87847
6	114	3.7276
15	114	2.8191
43	114	-0.63341
52	114	-0.75521
56	114	-1.113
59	114	-1.1412
61	114	-0.97762
63	114	-1.3294
64	114	-1.3131
65	114	-1.1837
69	114	-1.0914
102	114	-2.0728
6	115	4.3485
15	115	2.1227
43	115	0.31996
52	115	0.19896
56	115	-0.075124
59	115	-0.025673
61	115	0.10953
63	115	-0.29883
64	115	-0.19336
65	115	-0.079893
69	115	-0.089431
102	115	-1.5725
offset
60
