122
detection	body_part	cost
1	2	0.16832
2	2	-1.5463
3	2	-1.297
4	11	9.2102
5	2	1.072
6	11	9.2102
7	2	1.234
8	11	9.2102
9	6	-0.90561
10	6	-1.0936
11	6	-0.015026
12	1	0.66276
13	6	0.67243
14	1	-0.88493
15	1	-2.5103
16	6	0.22058
17	7	0.41676
18	3	1.2939
19	1	-3.0974
20	1	-0.77209
21	7	0.089965
22	3	1.0774
23	3	-0.055127
24	3	-1.2334
25	7	0.81643
26	3	-1.3469
27	3	0.66296
28	3	-0.71071
29	7	0.85265
30	4	-0.21421
31	4	0.034923
32	4	1.1899
33	4	1.3288
34	4	-0.78136
35	4	0.33941
36	11	9.2102
37	4	-1.568
38	11	9.2102
39	4	-0.86391
40	4	1.3557
41	11	9.2102
42	11	9.2102
43	5	0.9836
44	5	0.9723
45	11	9.2102
46	5	0.049988
47	5	0.56866
48	12	1.0797
49	12	-0.63877
50	12	0.1655
51	12	-0.53814
52	9	0.23114
53	9	0.20783
54	9	0.44157
55	9	0.24814
56	12	0.98468
57	11	9.2102
58	10	-0.31379
59	10	1.2111
60	11	9.2102
61	10	0.64531
62	10	-0.22185
63	10	0.16748
64	10	0.22403
65	10	0.93855
66	10	1.3717
67	10	1.3047
68	10	0.74535
69	10	0.10555
70	10	0.19206
71	10	0.1482
72	4	0.37368
73	9	0.46741
74	10	0.97912
75	11	9.2102
76	11	9.2102
77	4	-3.5593
78	9	0.37112
79	13	0.90485
80	13	0.92371
81	11	9.2102
82	4	-4.4308
83	4	-3.1371
84	9	-0.53341
85	10	0.92383
86	3	-0.897
87	4	-2.8706
88	9	-0.66833
89	5	-1.6547
90	10	1.1855
91	3	-3.8916
92	3	-4.0879
93	3	-1.7267
94	9	-0.10022
95	9	-0.091014
96	5	-3.0435
97	5	-4.8131
98	10	0.42751
99	10	0.48611
100	5	-2.5996
101	5	-4.3215
102	5	-0.6684
103	1	-0.42093
104	1	0.38902
105	12	0.18357
106	12	1.3856
107	11	9.2102
108	11	9.2102
109	13	0.93712
110	1	-5.7752
111	12	-1.9513
112	13	0.48604
113	12	0.68227
114	13	1.0851
115	2	-5.3222
116	2	1.0236
117	6	-4.82
118	7	-2.1759
119	7	-5.2407
120	11	9.2102
121	7	-0.54948
122	8	-4.9076
detection1	detection2	cost
1	2	-3.2674
1	3	-4.8231
2	3	-5.6071
1	5	-3.7143
2	5	-3.2674
3	5	-4.8231
4	6	3.8571
1	7	-1.5143
2	7	-3.2674
3	7	-3.7143
5	7	-4.8231
4	8	-3.2674
6	8	2.6933
9	10	-5.6071
9	11	-3.7143
10	11	-5.6071
9	13	-1.5143
10	13	-3.2674
11	13	-4.8231
12	14	-5.6071
12	15	-3.2674
14	15	-3.7143
9	16	-2.1462
10	16	-3.2674
11	16	-3.7143
13	16	-4.8231
12	19	-3.2674
14	19	-4.8231
15	19	-4.8231
12	20	-0.67521
14	20	-1.5143
15	20	-4.8231
19	20	-3.7143
17	21	-5.6071
18	22	-4.8231
18	23	-5.6071
22	23	-5.6071
18	24	-3.7143
22	24	-4.8231
23	24	-5.6071
17	25	-1.8214
21	25	-3.7143
18	26	-1.5143
22	26	-2.1462
23	26	-3.2674
24	26	-4.8231
18	27	0.30445
22	27	-1.8214
23	27	-1.5143
24	27	-3.2674
26	27	-3.2674
18	28	0.30445
22	28	-0.67521
23	28	-1.5143
24	28	-3.2674
26	28	-5.6071
27	28	-3.7143
17	29	1.9643
21	29	0.071429
25	29	-3.7143
30	31	-5.6071
30	32	1.9643
31	32	0.071429
30	33	2.1517
31	33	0.30445
32	33	-5.6071
30	34	-2.1462
31	34	-3.2674
32	34	-0.67521
33	34	-1.5143
30	35	-0.67521
31	35	-2.1462
32	35	-2.1462
33	35	-3.2674
34	35	-5.6071
4	36	18.7964
6	36	15.293
8	36	14.5743
30	37	-1.5143
31	37	-1.8214
32	37	1.9643
33	37	0.96511
34	37	-4.8231
35	37	-3.2674
4	38	19.6016
6	38	17.1071
8	38	15.3715
36	38	-4.8231
30	39	0.30445
31	39	0.071429
32	39	3.2076
33	39	1.9643
34	39	-3.2674
35	39	-2.1462
37	39	-5.6071
30	40	3.2076
31	40	1.9643
32	40	0.30445
33	40	-1.5143
34	40	-2.1462
35	40	-3.2674
37	40	-1.5143
39	40	-1.8214
4	41	20.6393
6	41	19.0675
8	41	16.443
36	41	-2.1462
38	41	-4.8231
4	42	21.885
6	42	21.1441
8	42	17.7539
36	42	0.53071
38	42	-2.1462
41	42	-4.8231
43	44	-1.8214
4	45	25.5573
6	45	22.8448
8	45	21.3311
36	45	0.071429
38	45	-1.5143
41	45	-2.1462
42	45	-1.5143
43	46	-3.2674
44	46	-4.8231
43	47	-1.5143
44	47	-5.6071
46	47	-5.6071
48	49	-4.8231
48	50	-5.6071
49	50	-5.6071
48	51	-2.1462
49	51	-4.8231
50	51	-3.2674
52	53	-5.6071
52	54	-3.7143
53	54	-5.6071
52	55	-2.1462
53	55	-3.2674
54	55	-3.7143
48	56	2.1517
49	56	0.071429
50	56	0.30445
51	56	-1.5143
4	57	45.2968
6	57	43.6422
8	57	41.1652
36	57	20.8929
38	57	19.0675
41	57	17.3966
42	57	15.9133
45	57	13.3214
58	59	0.071429
4	60	48.1706
6	60	45.8033
8	60	43.9913
36	60	23.0214
38	60	21.4551
41	60	20.0604
42	60	18.8644
45	60	15.5276
57	60	-3.2674
58	61	-3.2674
59	61	4.0138
58	62	-5.6071
59	62	0.30445
61	62	-3.7143
58	63	-3.2674
59	63	-3.2674
61	63	0.071429
62	63	-3.7143
58	64	-1.5143
59	64	-4.8231
61	64	1.9643
62	64	-1.8214
63	64	-5.6071
58	65	2.1517
59	65	-4.8231
61	65	5.75
62	65	1.9643
63	65	-1.8214
64	65	-3.7143
58	66	4.0138
59	66	-3.2674
61	66	7.6429
62	66	3.8571
63	66	0.071429
64	66	-1.8214
65	66	-5.6071
58	67	-2.1462
59	67	4.4715
61	67	-5.6071
62	67	-3.2674
63	67	0.30445
64	67	2.1517
65	67	5.8845
66	67	7.7607
58	68	-3.2674
59	68	2.6933
61	68	-4.8231
62	68	-4.8231
63	68	-1.5143
64	68	0.30445
65	68	4.0138
66	68	5.8845
67	68	-5.6071
58	69	-3.2674
59	69	-0.67521
61	69	-1.5143
62	69	-4.8231
63	69	-4.8231
64	69	-3.2674
65	69	0.30445
66	69	2.1517
67	69	-1.8214
68	69	-3.7143
58	70	-2.1462
59	70	-2.1462
61	70	0.30445
62	70	-3.2674
63	70	-5.6071
64	70	-4.8231
65	70	-1.5143
66	70	0.30445
67	70	0.071429
68	70	-1.8214
69	70	-5.6071
58	71	-0.67521
59	71	-3.2674
61	71	2.1517
62	71	-1.5143
63	71	-4.8231
64	71	-5.6071
65	71	-3.2674
66	71	-1.5143
67	71	1.9643
68	71	0.071429
69	71	-3.7143
70	71	-5.6071
30	72	32.4299
31	72	32.6536
32	72	34.4002
33	72	32.6089
34	72	29.2526
35	72	29.6887
37	72	27.0414
39	72	25.1758
40	72	26.624
52	73	13.6628
53	73	13.4073
54	73	13.3214
55	73	9.5357
58	74	-0.67521
59	74	-0.67521
61	74	0.96511
62	74	-2.1462
63	74	-3.7143
64	74	-3.2674
65	74	-0.67521
66	74	0.96511
67	74	0.30445
68	74	-1.5143
69	74	-4.8231
70	74	-5.6071
71	74	-4.8231
4	75	53.6015
6	75	51.4527
8	75	49.4432
36	75	28.663
38	75	27.0414
41	75	25.5573
42	75	24.2301
45	75	21.1441
57	75	0.96511
60	75	-1.8214
4	76	54.7632
6	76	51.9369
8	76	50.5648
36	76	29.2526
38	76	27.8615
41	76	26.624
42	76	25.5573
45	76	21.885
57	76	3.2076
60	76	-0.67521
75	76	-3.7143
30	77	34.3146
31	77	34.5282
32	77	36.2
33	77	34.4002
34	77	31.1069
35	77	31.5222
37	77	28.9098
39	77	27.0414
40	77	28.4144
72	77	-5.6071
52	78	15.293
53	78	15.2143
54	78	15.293
55	78	11.523
73	78	-4.8231
79	80	-5.6071
4	81	55.9601
6	81	53.5428
8	81	51.786
36	81	30.7807
38	81	29.2526
41	81	27.8615
42	81	26.624
45	81	23.3135
57	81	3.5372
60	81	0.30445
75	81	-4.8231
76	81	-4.8231
30	82	36.2
31	82	36.4045
32	82	38.0074
33	82	36.2
34	82	32.9647
35	82	33.3612
37	82	30.7807
39	82	28.9098
40	82	30.2149
72	82	-3.7143
77	82	-5.6071
30	83	36.0768
31	83	36.2
32	83	37.4927
33	83	35.6638
34	83	32.6536
35	83	32.9647
37	83	30.546
39	83	28.663
40	83	29.6887
72	83	-3.2674
77	83	-4.8231
82	83	-5.6071
52	84	17.1798
53	84	17.1071
54	84	17.1798
55	84	13.4073
73	84	-3.2674
78	84	-5.6071
58	85	5.8845
59	85	2.1517
61	85	7.7607
62	85	4.6202
63	85	1.9643
64	85	0.96511
65	85	0.071429
66	85	0.30445
67	85	6.9156
68	85	5.1977
69	85	1.9643
70	85	0.53071
71	85	-0.67521
74	85	-0.67521
18	86	51.2091
22	86	48.7787
23	86	49.4432
24	86	47.6858
26	86	46.7032
27	86	43.4667
28	86	44.9905
30	87	38.086
31	87	38.2821
32	87	39.8214
33	87	38.0074
34	87	34.8256
35	87	35.2048
37	87	32.6536
39	87	30.7807
40	87	32.024
72	87	-1.8214
77	87	-3.7143
82	87	-5.6071
83	87	-4.8231
52	88	19.0675
53	88	19
54	88	19.0675
55	88	15.293
73	88	-1.5143
78	88	-3.7143
84	88	-5.6071
43	89	27.8615
44	89	26.7811
46	89	25.1758
47	89	24.9005
58	90	6.1496
59	90	3.8571
61	90	7.2837
62	90	4.6202
63	90	2.6933
64	90	2.1517
65	90	2.1517
66	90	2.6933
67	90	6.1496
68	90	4.6202
69	90	1.9643
70	90	0.96511
71	90	0.30445
74	90	-0.67521
85	90	-4.8231
18	91	52.3574
22	91	49.9756
23	91	50.5648
24	91	48.7787
26	91	47.6858
27	91	44.5794
28	91	45.9376
86	91	-4.8231
18	92	51.786
22	92	49.4432
23	92	49.9756
24	92	48.1706
26	92	46.9998
27	92	43.9913
28	92	45.2289
86	92	-3.2674
91	92	-5.6071
18	93	51.2701
22	93	48.9694
23	93	49.4432
24	93	47.6208
26	93	46.3717
27	93	43.4667
28	93	44.5794
86	93	-1.5143
91	93	-3.7143
92	93	-5.6071
52	94	20.8929
53	94	20.9559
54	94	21.1441
55	94	17.3966
73	94	0.96511
78	94	-1.5143
84	94	-3.2674
88	94	-4.8231
52	95	20.9559
53	95	20.8929
54	95	20.9559
55	95	17.1798
73	95	0.30445
78	95	-1.8214
84	95	-3.7143
88	95	-5.6071
94	95	-5.6071
43	96	28.9098
44	96	28.4643
46	96	26.624
47	96	26.5714
89	96	-3.2674
43	97	29.2526
44	97	28.5141
46	97	26.7811
47	97	26.624
89	97	-4.8231
96	97	-5.6071
58	98	8.783
59	98	5.8845
61	98	9.9513
62	98	7.2837
63	98	5.1977
64	98	4.4715
65	98	3.8571
66	98	4.0138
67	98	8.783
68	98	7.2837
69	98	4.6202
70	98	3.5372
71	98	2.6933
74	98	1.9643
85	98	-3.7143
90	98	-4.8231
58	99	11.2383
59	99	6.9156
61	99	12.9744
62	99	9.9513
63	99	7.2837
64	99	6.1496
65	99	4.4715
66	99	4.0138
67	99	11.9882
68	99	10.3572
69	99	7.2837
70	99	5.8845
71	99	4.6202
74	99	4.6202
85	99	-2.1462
90	99	-1.5143
98	99	-3.7143
43	100	30.7807
44	100	30.3571
46	100	28.5141
47	100	28.4643
89	100	-2.1462
96	100	-5.6071
97	100	-4.8231
43	101	31.1069
44	101	30.4044
46	101	28.663
47	101	28.5141
89	101	-3.2674
96	101	-4.8231
97	101	-5.6071
100	101	-5.6071
43	102	32.9647
44	102	32.295
46	102	30.546
47	102	30.4044
89	102	-1.5143
96	102	-3.2674
97	102	-3.7143
100	102	-4.8231
101	102	-5.6071
12	103	61.9449
14	103	60.1415
15	103	61.401
19	103	58.966
20	103	60.3531
12	104	60.4586
14	104	58.6147
15	104	59.583
19	104	57.2457
20	104	58.3431
103	104	-1.8214
48	105	33.3612
49	105	31.1069
50	105	31.5222
51	105	28.9098
56	105	23.7178
48	106	32.6536
49	106	30.546
50	106	30.7807
51	106	28.5141
56	106	23.0214
105	106	-3.7143
4	107	65.3197
6	107	64.4286
8	107	61.297
36	107	41.7507
38	107	39.8214
41	107	37.968
42	107	36.2
45	107	34.1859
57	107	13.4073
60	107	12.262
75	107	6.9156
76	107	8.783
81	107	6.1496
4	108	65.6388
6	108	64.4535
8	108	61.5828
36	108	41.7143
38	108	39.8593
41	108	38.086
42	108	36.4045
45	108	34.1429
57	108	13.3214
60	108	11.8034
75	108	6.2802
76	108	7.7607
81	108	5.1977
107	108	-5.6071
79	109	7.7607
80	109	6.9156
12	110	65.0485
14	110	63.223
15	110	64.3289
19	110	61.9449
20	110	63.1723
103	110	-3.2674
104	110	-2.1462
48	111	37.0526
49	111	34.8256
50	111	35.2048
51	111	32.6536
56	111	27.4026
105	111	-3.7143
106	111	-2.1462
79	112	9.4302
80	112	8.6726
109	112	-5.6071
48	113	38.2821
49	113	36.2
50	113	36.4045
51	113	34.1859
56	113	28.663
105	113	-0.67521
106	113	-1.8214
111	113	-3.2674
79	114	11.1425
80	114	10.4572
109	114	-3.7143
112	114	-5.6071
1	115	83.9859
2	115	80.7364
3	115	81.4844
5	115	80.5535
7	115	78.0354
1	116	86.7065
2	116	83.5541
3	116	84.2401
5	116	83.219
7	116	80.7364
115	116	-3.2674
9	117	74.2223
10	117	74.6814
11	117	75.1812
13	117	73.9149
16	117	71.548
17	118	69.0613
21	118	67.1899
25	118	63.4506
29	118	59.7164
17	119	72.8071
21	119	70.9338
25	119	67.1899
29	119	63.4506
118	119	-3.7143
4	120	79.9
6	120	79.6537
8	120	75.9791
36	120	57.1072
38	120	55.0789
41	120	53.101
42	120	51.1786
45	120	49.5689
57	120	28.9098
60	120	27.8615
75	120	22.4287
76	120	23.8324
81	120	21.3311
107	120	8.1089
108	120	8.6726
17	121	74.4413
21	121	72.5614
25	121	68.8035
29	121	65.0485
118	121	-1.5143
119	121	-4.8231
1	12	-1.7637
2	12	-1.4456
3	12	-2.092
4	12	5.2508
5	12	-0.75338
6	12	3.1046
7	12	-0.63617
8	12	4.6792
9	12	-0.21977
10	12	-0.70755
11	12	-0.9287
12	13	-1.3814
1	14	-1.7895
2	14	-1.7465
3	14	-2.0669
4	14	5.1929
5	14	-1.0452
6	14	2.8226
7	14	-1.1643
8	14	4.6869
9	14	-0.62415
10	14	-1.1352
11	14	-1.3482
13	14	-1.8122
1	15	-1.6402
2	15	-1.7152
3	15	-2.1839
4	15	5.4808
5	15	-1.2415
6	15	2.259
7	15	-1.9663
8	15	5.5438
9	15	-0.57998
10	15	-1.0881
11	15	-1.5408
13	15	-2.0385
12	16	-1.8807
14	16	-2.1863
15	16	-2.2803
9	17	-0.19003
10	17	-0.25712
11	17	-0.58242
12	17	0.59407
13	17	-1.1412
14	17	0.21217
15	17	0.7779
16	17	0.99502
12	18	-0.35368
14	18	-0.54738
15	18	-1.7878
1	19	-2.0433
2	19	-1.9675
3	19	-2.466
4	19	5.4046
5	19	-1.6204
6	19	2.4983
7	19	-2.0905
8	19	5.331
9	19	-1.5892
10	19	-1.7582
11	19	-1.8825
13	19	-1.9803
16	19	-1.6825
17	19	-0.22995
18	19	-1.0958
1	20	-1.2261
2	20	-2.0111
3	20	-1.7869
4	20	5.5375
5	20	-1.0374
6	20	3.9745
7	20	-1.7851
8	20	5.5825
9	20	-1.2814
10	20	-1.0242
11	20	-0.89483
13	20	-0.58513
16	20	-0.18894
17	20	0.36973
18	20	-1.5152
9	21	-1.2664
10	21	-1.3869
11	21	-1.6684
12	21	-0.40495
13	21	-1.8919
14	21	-0.85333
15	21	-0.099968
16	21	-0.70352
19	21	-1.3166
20	21	-0.34293
12	22	-0.50596
14	22	-0.67994
15	22	-1.7587
19	22	-1.7796
20	22	-1.8183
12	23	-0.63915
14	23	-0.75874
15	23	-1.9774
19	23	-1.9644
20	23	-1.7387
12	24	-0.84687
14	24	-0.94581
15	24	-2.0962
19	24	-1.9673
20	24	-1.9659
9	25	-2.1461
10	25	-2.413
11	25	-2.6073
12	25	-1.7597
13	25	-2.3627
14	25	-1.2977
15	25	-1.6443
16	25	-2.3011
19	25	-1.0114
20	25	-1.3034
12	26	-1.3041
14	26	-1.3443
15	26	-2.2304
19	26	-1.8811
20	26	-1.6364
12	27	-0.85325
14	27	-0.96756
15	27	-1.9236
19	27	-1.8426
20	27	-2.0067
12	28	-1.3127
14	28	-1.3607
15	28	-1.9834
19	28	-1.7229
20	28	-1.6263
9	29	-2.2356
10	29	-2.3444
11	29	-2.3204
12	29	-1.4765
13	29	-2.4047
14	29	-1.2093
15	29	-1.8047
16	29	-2.7033
19	29	-1.2276
20	29	-1.7959
12	30	-0.67711
14	30	-0.75
15	30	-1.5876
18	30	-1.5101
19	30	-1.3393
20	30	-1.5621
22	30	-1.0274
23	30	-1.477
24	30	-1.4541
26	30	-1.7648
27	30	0.41194
28	30	-0.50147
12	31	-0.85049
14	31	-0.87317
15	31	-1.7708
18	31	-1.4143
19	31	-1.4199
20	31	-1.6879
22	31	-0.81242
23	31	-1.2025
24	31	-0.87105
26	31	-1.6647
27	31	0.92056
28	31	-1.6907
12	32	-0.53154
14	32	-0.22058
15	32	-1.2089
18	32	-0.04124
19	32	-0.21165
20	32	-1.4073
22	32	0.34652
23	32	0.34451
24	32	0.8269
26	32	1.2803
27	32	1.4816
28	32	1.8039
12	33	-0.63146
14	33	-0.36416
15	33	-1.2492
18	33	-0.17183
19	33	-0.38229
20	33	-1.4648
22	33	0.16999
23	33	0.13723
24	33	0.54478
26	33	0.85137
27	33	1.158
28	33	1.2762
12	34	-1.2044
14	34	-1.1132
15	34	-2.077
18	34	-1.401
19	34	-1.4378
20	34	-1.9475
22	34	-1.023
23	34	-1.2874
24	34	-1.0364
26	34	-1.2763
27	34	-0.15495
28	34	-1.0756
12	35	-1.058
14	35	-0.91957
15	35	-1.8659
18	35	-1.1812
19	35	-1.1534
20	35	-1.806
22	35	-0.8074
23	35	-1.0032
24	35	-0.69551
26	35	-0.74433
27	35	0.11625
28	35	-0.4115
12	36	2.0513
14	36	1.9514
15	36	2.3102
19	36	2.1886
20	36	2.6621
12	37	-1.5931
14	37	-1.6257
15	37	-2.3153
18	37	-1.8017
19	37	-1.9495
20	37	-1.8696
22	37	-1.514
23	37	-1.8171
24	37	-1.7097
26	37	-2.116
27	37	-1.0499
28	37	-2.1801
12	38	2.1792
14	38	2.1146
15	38	2.4861
19	38	2.4073
20	38	2.8702
12	39	-1.7735
14	39	-1.786
15	39	-2.1
18	39	-1.9368
19	39	-2.0623
20	39	-1.6299
22	39	-1.65
23	39	-1.9793
24	39	-1.9055
26	39	-2.1618
27	39	-1.3909
28	39	-2.2157
12	40	-1.204
14	40	-1.047
15	40	-1.7388
18	40	-1.0251
19	40	-1.1413
20	40	-1.5167
22	40	-0.77866
23	40	-0.90482
24	40	-0.67841
26	40	-0.69297
27	40	-0.1899
28	40	-0.51964
12	41	2.3878
14	41	2.3489
15	41	2.6868
19	41	2.6553
20	41	3.0657
12	42	2.3995
14	42	2.384
15	42	2.7178
19	42	2.7149
20	42	3.1055
12	43	-2.0582
14	43	-2.119
15	43	-1.5425
19	43	-1.813
20	43	-1.1034
30	43	-1.442
31	43	-1.1464
32	43	0.53191
33	43	0.96327
34	43	-0.43404
35	43	-0.11883
37	43	-0.51506
39	43	0.074614
40	43	1.017
12	44	-1.5453
14	44	-1.4801
15	44	-1.6188
19	44	-1.8859
20	44	-1.3395
30	44	-2.0625
31	44	-1.7579
32	44	-0.049951
33	44	0.27461
34	44	-1.8114
35	44	-1.3527
37	44	-2.322
39	44	-1.8969
40	44	-0.21845
12	45	1.3151
14	45	1.2533
15	45	1.6092
19	45	1.5427
20	45	1.9879
12	46	-1.6125
14	46	-1.6273
15	46	-1.776
19	46	-2.0369
20	46	-1.4907
30	46	-1.8924
31	46	-1.9889
32	46	-0.26916
33	46	0.073594
34	46	-1.727
35	46	-1.332
37	46	-1.9504
39	46	-1.6988
40	46	-0.2971
12	47	-1.4962
14	47	-1.4653
15	47	-1.6659
19	47	-1.8639
20	47	-1.3957
30	47	-2.0367
31	47	-1.8617
32	47	-0.25061
33	47	0.034805
34	47	-1.842
35	47	-1.4672
37	47	-2.275
39	47	-1.9839
40	47	-0.66938
12	48	-1.3238
14	48	-1.2105
15	48	-1.245
19	48	-1.4478
20	48	-1.0321
12	49	-1.5237
14	49	-1.4487
15	49	-1.3624
19	49	-1.7224
20	49	-1.1411
12	50	-1.4156
14	50	-1.5143
15	50	-1.0506
19	50	-1.4803
20	50	-0.86401
12	51	-1.6136
14	51	-1.5758
15	51	-1.5586
19	51	-1.9265
20	51	-1.3386
12	52	-1.8662
14	52	-1.8726
15	52	-1.4185
19	52	-1.6696
20	52	-1.1025
12	53	-1.7619
14	53	-1.7874
15	53	-1.6877
19	53	-1.9512
20	53	-1.3645
12	54	-1.6035
14	54	-1.6152
15	54	-1.7223
19	54	-1.9265
20	54	-1.4294
12	55	-1.6153
14	55	-1.656
15	55	-1.6702
19	55	-1.9348
20	55	-1.4764
12	56	-1.5567
14	56	-1.6001
15	56	-1.2713
19	56	-1.6533
20	56	-1.1073
12	57	0.25393
14	57	0.23428
15	57	0.50133
19	57	0.52353
20	57	0.87263
4	58	2.7338
6	58	3.4361
8	58	2.1071
12	58	-0.44441
14	58	-0.45923
15	58	-0.17714
19	58	-0.15951
20	58	0.15375
36	58	4.9727
38	58	4.6587
41	58	4.4591
42	58	4.3454
45	58	4.7078
52	58	-1.9017
53	58	-1.9915
54	58	-1.6529
55	58	-1.5509
57	58	3.5189
4	59	4.4998
6	59	5.244
8	59	3.9272
12	59	-0.2242
14	59	-0.27902
15	59	-0.037899
19	59	-0.072868
20	59	0.25191
36	59	6.5623
38	59	6.234
41	59	5.995
42	59	5.8533
45	59	6.2536
52	59	-0.82998
53	59	-1.0922
54	59	-1.4053
55	59	-0.80439
57	59	5.4385
12	60	0.15112
14	60	0.12041
15	60	0.37009
19	60	0.38448
20	60	0.73511
58	60	2.6212
59	60	1.1975
4	61	1.1814
6	61	1.4284
8	61	0.70165
12	61	0.51408
14	61	0.51074
15	61	0.83014
19	61	0.78416
20	61	1.0415
36	61	2.6384
38	61	2.4078
41	61	2.3175
42	61	2.3229
45	61	2.1345
52	61	-1.3004
53	61	-1.0638
54	61	-0.79002
55	61	-0.80184
57	61	0.61165
60	61	0.48429
4	62	0.87053
6	62	1.4749
8	62	0.23037
12	62	-0.20229
14	62	-0.22888
15	62	0.021497
19	62	0.05104
20	62	0.34102
36	62	2.9255
38	62	2.6412
41	62	2.4738
42	62	2.3948
45	62	2.6108
52	62	-1.9164
53	62	-1.6607
54	62	-1.3881
55	62	-1.3282
57	62	1.9226
60	62	1.8521
4	63	4.0567
6	63	4.0349
8	63	3.3727
12	63	-0.44922
14	63	-0.50044
15	63	-0.26811
19	63	-0.28039
20	63	0.030809
36	63	5.1683
38	63	5.0522
41	63	5.0647
42	63	5.1997
45	63	4.7597
52	63	-1.3806
53	63	-1.7011
54	63	-1.6095
55	63	-1.7468
57	63	2.4264
60	63	1.0432
4	64	4.4691
6	64	5.2402
8	64	3.8871
12	64	-0.31111
14	64	-0.36749
15	64	-0.13927
19	64	-0.17083
20	64	0.14234
36	64	6.6319
38	64	6.3006
41	64	6.0641
42	64	5.9201
45	64	6.3445
52	64	-1.1453
53	64	-1.434
54	64	-1.5561
55	64	-1.3816
57	64	4.5603
60	64	2.235
4	65	4.1496
6	65	4.816
8	65	3.579
12	65	-0.0033243
14	65	-0.06724
15	65	0.15067
19	65	0.09288
20	65	0.40176
36	65	6.0601
38	65	5.7648
41	65	5.5563
42	65	5.4479
45	65	5.7358
52	65	-0.76462
53	65	-0.99103
54	65	-1.2538
55	65	-0.74303
57	65	4.5532
60	65	3.92
4	66	4.4829
6	66	5.1512
8	66	3.9213
12	66	0.074409
14	66	0.0066981
15	66	0.22113
19	66	0.15267
20	66	0.46025
36	66	6.333
38	66	6.0375
41	66	5.8247
42	66	5.7149
45	66	5.991
52	66	-0.60167
53	66	-0.8005
54	66	-1.0348
55	66	-0.47934
57	66	4.5866
60	66	5.2564
4	67	0.72154
6	67	0.99828
8	67	0.24729
12	67	1.0662
14	67	1.0313
15	67	1.3226
19	67	1.2549
20	67	1.4773
36	67	2.2368
38	67	1.9989
41	67	1.9047
42	67	1.9036
45	67	1.909
52	67	-1.1523
53	67	-0.96556
54	67	-0.74541
55	67	-0.82501
57	67	1.1382
60	67	1.0484
4	68	0.58346
6	68	0.95308
8	68	-0.068677
12	68	0.58094
14	68	0.47625
15	68	0.8238
19	68	0.79612
20	68	1.0367
36	68	2.4333
38	68	2.1436
41	68	1.9762
42	68	1.8935
45	68	2.1111
52	68	-1.3841
53	68	-1.1815
54	68	-0.97126
55	68	-0.94475
57	68	1.3843
60	68	1.3019
4	69	0.96186
6	69	1.1616
8	69	0.28373
12	69	-0.068074
14	69	-0.12757
15	69	0.071917
19	69	0.073087
20	69	0.35651
36	69	2.3695
38	69	2.1884
41	69	2.1322
42	69	2.1817
45	69	2.0479
52	69	-1.7951
53	69	-1.6683
54	69	-1.4247
55	69	-1.4468
57	69	1.2464
60	69	1.137
4	70	1.9857
6	70	2.1304
8	70	1.3201
12	70	-0.21299
14	70	-0.27549
15	70	-0.070338
19	70	-0.10109
20	70	0.19056
36	70	3.3234
38	70	3.169
41	70	3.1347
42	70	3.2105
45	70	2.9432
52	70	-1.2585
53	70	-1.5554
54	70	-1.6839
55	70	-1.6601
57	70	1.2458
60	70	0.28749
4	71	4.9481
6	71	5.3973
8	71	4.3703
12	71	-0.19887
14	71	-0.26397
15	71	-0.056548
19	71	-0.10849
20	71	0.18896
36	71	6.5239
38	71	6.4569
41	71	6.5182
42	71	6.4263
45	71	6.1581
52	71	-1.1358
53	71	-1.4095
54	71	-1.5425
55	71	-1.4109
57	71	4.5712
60	71	2.6779
12	72	5.379
14	72	5.2947
15	72	5.3317
18	72	3.7797
19	72	5.2059
20	72	5.4567
22	72	3.8603
23	72	3.6245
24	72	3.4895
26	72	3.4224
27	72	3.6945
28	72	3.3298
43	72	5.3436
44	72	4.5966
46	72	4.9441
47	72	4.57
12	73	2.9392
14	73	2.8698
15	73	3.0556
19	73	2.8861
20	73	3.0841
58	73	2.3588
59	73	2.3981
61	73	2.8636
62	73	2.2973
63	73	2.4071
64	73	2.3979
65	73	2.3532
66	73	2.3559
67	73	2.9337
68	73	2.9152
69	73	2.3726
70	73	2.4715
71	73	2.4157
4	74	1.7203
6	74	1.8891
8	74	1.0555
12	74	0.6131
14	74	0.5424
15	74	0.70453
19	74	0.64774
20	74	0.89745
36	74	3.0918
38	74	2.932
41	74	2.8905
42	74	2.9563
45	74	2.7189
52	74	-1.4429
53	74	-1.2496
54	74	-1.0436
55	74	-1.1007
57	74	1.2496
60	74	0.60638
73	74	2.1544
12	75	0.76899
14	75	0.7389
15	75	0.92728
19	75	0.96425
20	75	1.2616
58	75	0.44276
59	75	-0.42633
61	75	-0.2149
62	75	1.2215
63	75	-1.5029
64	75	-0.86672
65	75	-0.034603
66	75	0.0434
67	75	0.45135
68	75	0.69569
69	75	0.41436
70	75	-0.63553
71	75	-0.42677
74	75	-0.086738
12	76	1.4716
14	76	1.4371
15	76	1.5973
19	76	1.6324
20	76	1.9102
58	76	0.74568
59	76	-0.19857
61	76	-0.64268
62	76	0.73296
63	76	-1.3971
64	76	-0.4853
65	76	0.025185
66	76	-0.0015686
67	76	0.0075232
68	76	0.23413
69	76	-0.071878
70	76	-1.0853
71	76	-0.55229
74	76	-0.57634
12	77	5.4803
14	77	5.3954
15	77	5.4376
18	77	3.7871
19	77	5.3144
20	77	5.564
22	77	3.8697
23	77	3.6315
24	77	3.496
26	77	3.4376
27	77	3.7029
28	77	3.3317
43	77	5.1952
44	77	4.4779
46	77	4.8219
47	77	4.4575
12	78	4.0626
14	78	4.0144
15	78	4.1545
19	78	4
20	78	4.1694
58	78	2.1672
59	78	2.1692
61	78	3.0799
62	78	2.0745
63	78	2.1671
64	78	2.1581
65	78	2.1205
66	78	2.1257
67	78	3.1114
68	78	2.506
69	78	2.1211
70	78	2.2184
71	78	2.1685
74	78	1.9256
12	79	0.93135
14	79	0.84288
15	79	1.0034
19	79	0.74479
20	79	1.041
48	79	-0.85754
49	79	-1.1621
50	79	-1.1522
51	79	-1.3964
56	79	-0.57172
12	80	1.1321
14	80	1.0444
15	80	1.1929
19	80	0.94861
20	80	1.2397
48	80	-1.0779
49	80	-1.2583
50	80	-1.0346
51	80	-1.165
56	80	-0.35503
12	81	1.6593
14	81	1.6265
15	81	1.7725
19	81	1.8169
20	81	2.0796
58	81	0.60031
59	81	-0.17417
61	81	-0.57508
62	81	0.86397
63	81	-1.3585
64	81	-0.44747
65	81	0.12498
66	81	0.11428
67	81	0.096559
68	81	0.31803
69	81	-0.040163
70	81	-1.1425
71	81	-0.93037
74	81	-0.57442
12	82	5.4592
14	82	5.3741
15	82	5.4259
18	82	3.7369
19	82	5.3022
20	82	5.5539
22	82	3.8198
23	82	3.5814
24	82	3.446
26	82	3.3983
27	82	3.6536
28	82	3.2809
43	82	5.0501
44	82	4.3607
46	82	4.7002
47	82	4.3453
12	83	5.2966
14	83	5.2102
15	83	5.3358
18	83	3.5972
19	83	5.213
20	83	5.4672
22	83	3.6775
23	83	3.4392
24	83	3.3016
26	83	3.3419
27	83	3.5014
28	83	3.1892
43	83	5.3623
44	83	4.6565
46	83	5.0045
47	83	4.6452
12	84	4.4791
14	84	4.4339
15	84	4.5666
19	84	4.4145
20	84	4.579
58	84	2.6732
59	84	1.9221
61	84	3.3812
62	84	2.4363
63	84	1.8926
64	84	1.8906
65	84	1.8618
66	84	1.8695
67	84	3.4199
68	84	2.8157
69	84	1.8741
70	84	1.9427
71	84	1.8945
74	84	1.6809
4	85	1.7515
6	85	1.9253
8	85	1.1304
12	85	2.7002
14	85	2.6282
15	85	2.7185
19	85	2.6197
20	85	2.7994
36	85	3.1425
38	85	3.008
41	85	2.975
42	85	3.0494
45	85	2.8536
52	85	0.14611
53	85	0.26787
54	85	0.40283
55	85	0.3488
57	85	2.2122
60	85	1.4245
73	85	0.90436
75	85	0.89874
76	85	0.46597
78	85	0.80552
81	85	0.52832
84	85	0.64091
12	86	5.3108
14	86	5.2228
15	86	5.0455
19	86	4.8043
20	86	5.2219
30	86	5.9574
31	86	5.7137
32	86	5.278
33	86	5.2275
34	86	5.3147
35	86	5.1593
37	86	5.2955
39	86	5.1201
40	86	4.8855
72	86	-1.9644
77	86	-2.0568
82	86	-2.2944
83	86	-2.4068
12	87	5.4495
14	87	5.3643
15	87	5.4262
18	87	3.6887
19	87	5.3016
20	87	5.5562
22	87	3.7722
23	87	3.5331
24	87	3.3976
26	87	3.3589
27	87	3.6059
28	87	3.2306
43	87	4.9975
44	87	4.3338
46	87	4.6681
47	87	4.3221
86	87	-2.2863
12	88	4.5995
14	88	4.557
15	88	4.688
19	88	4.5358
20	88	4.7009
58	88	2.6488
59	88	2.0931
61	88	3.2259
62	88	2.4776
63	88	2.1034
64	88	2.0878
65	88	2.0602
66	88	2.0708
67	88	3.2789
68	88	2.7735
69	88	2.1065
70	88	2.1724
71	88	2.1177
74	88	1.932
85	88	1.0018
12	89	5.0188
14	89	4.9403
15	89	4.9911
19	89	4.837
20	89	4.9979
30	89	1.7359
31	89	1.6257
32	89	1.9919
33	89	2.1221
34	89	1.4449
35	89	1.4106
37	89	1.6172
39	89	1.6786
40	89	1.3158
72	89	-1.8073
77	89	-2.2156
82	89	-1.9059
83	89	-1.804
87	89	-1.5284
4	90	1.8454
6	90	2.0437
8	90	1.2094
12	90	3.3498
14	90	3.2749
15	90	3.3468
19	90	3.2196
20	90	3.3763
36	90	3.2619
38	90	3.1124
41	90	3.0687
42	90	3.1291
45	90	2.9479
52	90	0.042617
53	90	0.16277
54	90	0.29802
55	90	0.24944
57	90	2.1077
60	90	1.3826
73	90	0.87938
75	90	0.71128
76	90	0.31855
78	90	0.81144
81	90	0.40999
84	90	0.66994
88	90	1.0784
12	91	5.321
14	91	5.233
15	91	5.1203
19	91	4.8815
20	91	5.2973
30	91	5.8967
31	91	5.6619
32	91	5.2351
33	91	5.1875
34	91	5.2751
35	91	5.1222
37	91	5.2595
39	91	5.0908
40	91	4.8596
72	91	-1.7511
77	91	-1.9996
82	91	-2.1028
83	91	-2.1378
87	91	-2.0419
12	92	5.445
14	92	5.3573
15	92	5.2921
19	92	5.0549
20	92	5.4696
30	92	5.8392
31	92	5.6542
32	92	5.2228
33	92	5.176
34	92	5.2705
35	92	5.1165
37	92	5.2592
39	92	5.0937
40	92	4.8554
72	92	-1.6058
77	92	-1.8842
82	92	-2.0071
83	92	-2.0754
87	92	-1.9394
12	93	5.5646
14	93	5.4772
15	93	5.46
19	93	5.2247
20	93	5.6378
30	93	5.7537
31	93	5.6212
32	93	5.1901
33	93	5.1445
34	93	5.243
35	93	5.0891
37	93	5.2349
39	93	5.0732
40	93	4.832
72	93	-1.4287
77	93	-1.7429
82	93	-1.9202
83	93	-1.9148
87	93	-1.8057
12	94	4.7009
14	94	4.6676
15	94	4.7409
19	94	4.637
20	94	4.7356
58	94	2.7138
59	94	1.9365
61	94	3.1216
62	94	2.502
63	94	1.9675
64	94	1.9276
65	94	1.9002
66	94	1.9125
67	94	3.0765
68	94	2.6519
69	94	2.0345
70	94	2.0399
71	94	1.9656
74	94	1.7968
85	94	0.90648
90	94	1.0155
12	95	4.651
14	95	4.6107
15	95	4.7385
19	95	4.5866
20	95	4.7508
58	95	2.9311
59	95	1.9706
61	95	3.398
62	95	2.7557
63	95	2.0884
64	95	1.9535
65	95	1.9297
66	95	1.9436
67	95	3.4108
68	95	2.9841
69	95	2.2819
70	95	2.0779
71	95	1.9959
74	95	1.843
85	95	0.9625
90	95	1.074
12	96	4.9003
14	96	4.8228
15	96	4.8894
19	96	4.7334
20	96	4.9053
30	96	1.6571
31	96	1.5521
32	96	1.9493
33	96	2.0909
34	96	1.3965
35	96	1.2961
37	96	1.5728
39	96	1.6475
40	96	1.2213
72	96	-2.1321
77	96	-2.364
82	96	-2.0761
83	96	-2.1665
87	96	-1.6138
12	97	4.9767
14	97	4.8989
15	97	4.9608
19	97	4.8048
20	97	4.9745
30	97	1.7114
31	97	1.6045
32	97	1.9875
33	97	2.1239
34	97	1.4384
35	97	1.3336
37	97	1.6131
39	97	1.6822
40	97	1.2511
72	97	-1.9987
77	97	-2.2689
82	97	-2.1502
83	97	-2.1537
87	97	-1.7496
4	98	1.8283
6	98	2.0354
8	98	1.2047
12	98	3.8236
14	98	3.7489
15	98	3.8145
19	98	3.6784
20	98	3.8283
36	98	3.2548
38	98	3.1094
41	98	3.0648
42	98	3.1239
45	98	2.9606
52	98	0.70961
53	98	0.81269
54	98	0.93051
55	98	0.89231
57	98	2.2517
60	98	1.6357
73	98	1.3952
75	98	1.0415
76	98	0.70294
78	98	0.044971
81	98	0.78912
84	98	-0.078999
88	98	0.38126
94	98	0.37673
95	98	0.42776
4	99	2.4726
6	99	2.6342
8	99	1.8709
12	99	3.8284
14	99	3.7559
15	99	3.8233
19	99	3.705
20	99	3.8601
36	99	3.8551
38	99	3.7355
41	99	3.709
42	99	3.7893
45	99	3.6052
52	99	0.81772
53	99	0.92152
54	99	1.0385
55	99	0.99536
57	99	3.1761
60	99	2.6145
73	99	0.95833
75	99	2.4049
76	99	1.149
78	99	0.092222
81	99	1.7074
84	99	-0.064134
88	99	0.34471
94	99	0.3075
95	99	0.34733
12	100	4.9804
14	100	4.9029
15	100	4.9698
19	100	4.8138
20	100	4.9856
30	100	1.5689
31	100	1.4622
32	100	1.8523
33	100	1.9929
34	100	1.3049
35	100	1.2025
37	100	1.4836
39	100	1.5587
40	100	1.124
72	100	-2.1149
77	100	-2.2516
82	100	-2.0005
83	100	-2.211
87	100	-1.7469
12	101	5.0157
14	101	4.9379
15	101	5.002
19	101	4.8453
20	101	5.0167
30	101	1.699
31	101	1.59
32	101	1.9639
33	101	2.0998
34	101	1.4225
35	101	1.315
37	101	1.6006
39	101	1.6707
40	101	1.2293
72	101	-2.0834
77	101	-2.2436
82	101	-2.2868
83	101	-2.3013
87	101	-2.0424
12	102	4.8974
14	102	4.8193
15	102	4.885
19	102	4.7275
20	102	4.9003
30	102	1.5329
31	102	1.4229
32	102	1.7928
33	102	1.928
34	102	1.2544
35	102	1.1456
37	102	1.4339
39	102	1.5043
40	102	1.0576
72	102	-2.1204
77	102	-2.2636
82	102	-2.0317
83	102	-2.2339
87	102	-1.8015
1	103	6.6186
2	103	6.763
3	103	6.639
4	103	1.3492
5	103	6.4591
6	103	1.768
7	103	6.4681
8	103	0.92289
9	103	5.2984
10	103	5.6762
11	103	5.949
13	103	6.3582
16	103	6.6965
17	103	6.0243
18	103	4.616
21	103	6.8646
22	103	4.5649
23	103	4.7449
24	103	4.8316
25	103	7.7988
26	103	5.1619
27	103	4.665
28	103	5.1302
29	103	8.058
30	103	6.748
31	103	6.8838
32	103	6.2366
33	103	6.2106
34	103	6.5591
35	103	6.392
36	103	3.8167
37	103	6.5456
38	103	3.8382
39	103	6.3859
40	103	6.0605
41	103	3.7736
42	103	3.9057
43	103	6.6964
44	103	6.4059
45	103	4.009
46	103	6.4268
47	103	6.2946
48	103	6.1347
49	103	6.1616
50	103	5.9394
51	103	6.1997
52	103	5.5247
53	103	5.4524
54	103	5.3526
55	103	5.0567
56	103	5.622
57	103	3.4307
58	103	3.6604
59	103	3.2307
60	103	3.1409
61	103	3.3601
62	103	3.3577
63	103	3.233
64	103	3.1348
65	103	3.0355
66	103	3.0288
67	103	2.8657
68	103	2.9241
69	103	3.0045
70	103	2.995
71	103	3.0116
72	103	-1.7673
73	103	0.7574
74	103	2.5199
75	103	2.644
76	103	2.0109
77	103	-1.6538
78	103	-1.1136
79	103	2.8239
80	103	2.6066
81	103	1.8465
82	103	-1.7904
83	103	-2.1174
84	103	-1.4601
85	103	0.63139
86	103	-1.9237
87	103	-1.7748
88	103	-1.0497
89	103	-1.6116
90	103	-0.35373
91	103	-1.7163
92	103	-1.4538
93	103	-1.0597
94	103	-0.81973
95	103	-0.67653
96	103	-1.9915
97	103	-1.8824
98	103	-1.2088
99	103	-1.1051
100	103	-1.8468
101	103	-1.8386
102	103	-1.8771
1	104	6.0838
2	104	6.2134
3	104	6.0957
4	104	1.5247
5	104	6.0669
6	104	1.8987
7	104	5.9215
8	104	1.1149
9	104	5.5942
10	104	6.2341
11	104	6.4847
13	104	6.8673
16	104	7.2035
17	104	6.5216
18	104	4.9944
21	104	7.331
22	104	4.9378
23	104	5.1234
24	104	5.208
25	104	8.2386
26	104	5.5425
27	104	5.0309
28	104	5.5068
29	104	8.4918
30	104	6.5215
31	104	6.6618
32	104	6.1922
33	104	6.1701
34	104	6.5263
35	104	6.3579
36	104	3.8591
37	104	6.5243
38	104	3.8957
39	104	6.3755
40	104	6.0398
41	104	3.8393
42	104	3.9838
43	104	6.9365
44	104	6.6379
45	104	4.0504
46	104	6.6648
47	104	6.5306
48	104	6.0541
49	104	6.0914
50	104	5.8665
51	104	6.1397
52	104	5.482
53	104	5.3994
54	104	5.2904
55	104	5.0091
56	104	5.5673
57	104	3.4407
58	104	3.7112
59	104	3.3926
60	104	3.2528
61	104	3.5048
62	104	3.4221
63	104	3.3648
64	104	3.3427
65	104	3.257
66	104	3.2488
67	104	3.0452
68	104	3.0555
69	104	3.1698
70	104	3.227
71	104	3.2489
72	104	-1.4168
73	104	1.1505
74	104	2.7532
75	104	2.7877
76	104	2.2043
77	104	-1.7789
78	104	-0.5698
79	104	2.8375
80	104	2.6181
81	104	2.0245
82	104	-1.928
83	104	-1.9537
84	104	-1.3604
85	104	0.89979
86	104	-1.2422
87	104	-2.0061
88	104	-1.1599
89	104	-1.7312
90	104	-0.094249
91	104	-1.3252
92	104	-1.4894
93	104	-1.3626
94	104	-0.91425
95	104	-0.69092
96	104	-1.8003
97	104	-1.9142
98	104	-0.9728
99	104	-0.82745
100	104	-1.9222
101	104	-1.891
102	104	-1.9897
12	105	4.8575
14	105	4.7908
15	105	4.848
19	105	4.8141
20	105	4.8698
79	105	3.0551
80	105	2.6783
103	105	-1.2334
104	105	-0.93843
12	106	4.7374
14	106	4.6602
15	106	4.8079
19	106	4.667
20	106	4.8527
79	106	3.8641
80	106	3.3873
103	106	-1.1027
104	106	-0.8661
12	107	3.8558
14	107	3.7874
15	107	3.85
19	107	3.8379
20	107	4.0179
58	107	0.1527
59	107	-0.42221
61	107	0.26531
62	107	2.6879
63	107	-0.36316
64	107	-0.57648
65	107	-0.15157
66	107	0.13019
67	107	0.95633
68	107	1.532
69	107	2.2196
70	107	1.2615
71	107	-0.6425
74	107	1.5741
85	107	3.8424
90	107	3.4774
98	107	3.6251
99	107	4.2688
103	107	-0.51756
104	107	-0.42466
12	108	3.9316
14	108	3.8673
15	108	3.9222
19	108	3.9122
20	108	4.092
58	108	0.60287
59	108	-0.1089
61	108	0.58394
62	108	3.2527
63	108	-0.20985
64	108	-0.24438
65	108	0.13541
66	108	0.20375
67	108	1.0004
68	108	1.7368
69	108	2.2799
70	108	1.3261
71	108	-0.47273
74	108	1.5608
85	108	4.0719
90	108	2.8879
98	108	4.0785
99	108	4.5878
103	108	-0.33526
104	108	-0.29444
12	109	4.0814
14	109	3.9985
15	109	4.0595
19	109	3.8548
20	109	4.0502
48	109	0.8249
49	109	0.75759
50	109	1.0185
51	109	0.78403
56	109	1.581
103	109	-1.4082
104	109	-1.1946
105	109	-2.195
106	109	-2.1165
1	110	6.0775
2	110	6.2139
3	110	6.0934
4	110	1.6773
5	110	5.9959
6	110	2.0828
7	110	5.9212
8	110	1.267
9	110	5.4835
10	110	6.0074
11	110	6.2727
13	110	6.6729
16	110	7.0067
17	110	6.2577
18	110	4.8154
21	110	7.0816
22	110	4.7634
23	110	4.9439
24	110	5.0289
25	110	8.0045
26	110	5.3584
27	110	4.8584
28	110	5.3238
29	110	8.2659
30	110	6.414
31	110	6.5555
32	110	6.0337
33	110	6.0131
34	110	6.3464
35	110	6.1864
36	110	4.1124
37	110	6.3339
38	110	4.1477
39	110	6.183
40	110	5.8779
41	110	4.0938
42	110	4.2359
43	110	6.6437
44	110	6.3753
45	110	4.322
46	110	6.3946
47	110	6.2704
48	110	6.3605
49	110	6.3949
50	110	6.1745
51	110	6.4404
52	110	5.6908
53	110	5.6183
54	110	5.5179
55	110	5.2427
56	110	5.8886
57	110	3.8216
58	110	4.025
59	110	3.4761
60	110	3.506
61	110	3.7769
62	110	3.7456
63	110	3.584
64	110	3.4158
65	110	3.1827
66	110	3.1715
67	110	3.3203
68	110	3.3546
69	110	3.3898
70	110	3.3229
71	110	3.1853
72	110	-1.8196
73	110	1.1202
74	110	2.7599
75	110	2.8488
76	110	2.1917
77	110	-2.2268
78	110	-0.58971
79	110	3.2797
80	110	3.0493
81	110	2.0588
82	110	-2.0049
83	110	-1.8205
84	110	-1.4108
85	110	0.90355
86	110	-2.3996
87	110	-1.8109
88	110	-1.584
89	110	-2.0408
90	110	0.0096785
91	110	-2.2016
92	110	-2.2251
93	110	-2.0142
94	110	-1.591
95	110	-1.5468
96	110	-1.6675
97	110	-1.9876
98	110	-0.81098
99	110	-0.74039
100	110	-1.8588
101	110	-1.9669
102	110	-1.7242
105	110	-2.1496
106	110	-1.8723
107	110	-1.0983
108	110	-1.0046
109	110	-1.6494
12	111	4.8446
14	111	4.7778
15	111	4.8287
19	111	4.7975
20	111	4.8537
79	111	3.4628
80	111	3.1122
103	111	-0.71674
104	111	-0.2143
109	111	-1.3686
110	111	-1.5748
12	112	4.0173
14	112	3.9341
15	112	3.9988
19	112	3.7908
20	112	3.9884
48	112	0.78252
49	112	0.71073
50	112	0.97593
51	112	0.73253
56	112	1.5333
103	112	-1.422
104	112	-1.1281
105	112	-2.0301
106	112	-1.8278
110	112	-1.5447
111	112	-1.788
12	113	4.7363
14	113	4.6655
15	113	4.8025
19	113	4.6716
20	113	4.8477
79	113	4.1108
80	113	3.7222
103	113	-0.49912
104	113	-0.022721
109	113	-0.80644
110	113	-1.1973
112	113	-1.324
12	114	4.0301
14	114	3.9465
15	114	4.0118
19	114	3.8024
20	114	3.9988
48	114	0.72164
49	114	0.64578
50	114	0.91492
51	114	0.6634
56	114	1.4678
103	114	-1.2601
104	114	-0.9387
105	114	-1.6837
106	114	-1.3732
110	114	-1.5858
111	114	-1.8622
113	114	-1.8326
12	115	8.1079
14	115	7.9981
15	115	7.5526
19	115	7.6939
20	115	7.1498
103	115	-1.9889
104	115	-2.4728
110	115	-2.4621
12	116	7.7682
14	116	7.7459
15	116	7.3093
19	116	7.4491
20	116	6.9158
103	116	-1.5813
104	116	-1.5842
110	116	-1.2045
12	117	5.0869
14	117	5.2588
15	117	5.6235
17	117	6.3931
19	117	5.8612
20	117	6.4706
21	117	7.0632
25	117	7.4777
29	117	7.5514
103	117	-2.2695
104	117	-1.8317
110	117	-2.4777
9	118	4.6478
10	118	4.4117
11	118	4.1539
12	118	5.3408
13	118	3.583
14	118	5.4014
15	118	5.0286
16	118	4.1431
19	118	5.4473
20	118	4.8395
103	118	-1.5818
104	118	-1.0407
110	118	-2.0964
117	118	-1.3538
9	119	4.4623
10	119	4.2199
11	119	3.9551
12	119	5.0957
13	119	3.374
14	119	5.1563
15	119	4.7862
16	119	3.9423
19	119	5.2033
20	119	4.5984
103	119	-2.0974
104	119	-1.4983
110	119	-2.1671
117	119	-2.4101
12	120	4.4068
14	120	4.322
15	120	4.4164
19	120	4.1501
20	120	4.2995
58	120	2.0199
59	120	1.2999
61	120	3.1754
62	120	4.3289
63	120	1.7288
64	120	1.0962
65	120	1.3602
66	120	1.508
67	120	3.91
68	120	4.6499
69	120	4.8624
70	120	3.4912
71	120	1.2573
74	120	3.9121
85	120	5.3019
90	120	4.8699
98	120	5.0832
99	120	5.3444
103	120	1.9365
104	120	2.418
110	120	1.5122
9	121	4.3282
10	121	4.0788
11	121	3.8064
12	121	5.0118
13	121	3.2099
14	121	5.071
15	121	4.7001
16	121	3.7916
19	121	5.1133
20	121	4.5121
103	121	-2.1335
104	121	-1.573
110	121	-2.1299
117	121	-2.6305
12	122	4.6391
14	122	4.6804
15	122	4.3519
17	122	2.7259
19	122	4.5202
20	122	4.3243
21	122	2.5578
25	122	2.4544
29	122	2.7118
103	122	-1.8494
104	122	-1.4797
110	122	-2.1479
118	122	-2.2447
119	122	-2.0665
121	122	-1.9322
offset
60
