112
detection	body_part	cost
1	6	-1.8047
2	12	0.79078
3	6	-2.6301
4	7	-1.2314
5	11	9.2102
6	8	1.3783
7	12	-1.6433
8	11	9.2102
9	1	-4.7111
10	7	0.69317
11	11	9.2102
12	11	9.2102
13	3	-3.9739
14	3	-1.6514
15	4	-1.4082
16	4	0.11189
17	9	-0.093068
18	11	0.02923
19	14	0.13919
20	2	-3.7477
21	11	9.2102
22	4	-2.7705
23	4	-3.1606
24	9	-1.897
25	9	-1.2774
26	10	-0.81945
27	13	-1.6798
28	11	0.087846
29	14	-0.54764
30	11	9.2102
31	11	9.2102
32	4	-2.8962
33	11	9.2102
34	14	0.54817
35	14	-0.26499
36	14	0.57847
37	11	9.2102
38	4	0.57086
39	5	-0.58029
40	8	0.76895
41	5	0.71438
42	8	-0.73234
43	8	-1.7884
44	11	9.2102
45	11	9.2102
46	6	-1.849
47	11	9.2102
48	7	-0.83213
49	11	9.2102
50	8	-1.2365
51	6	-3.3752
52	7	-1.7134
53	12	1.2631
54	12	-0.22352
55	12	-0.96273
56	11	9.2102
57	13	1.3396
58	7	-0.11411
59	12	-0.21374
60	11	9.2102
61	11	9.2102
62	1	1.2644
63	6	0.77873
64	6	1.3721
65	11	9.2102
66	12	-3.2306
67	13	-0.92795
68	13	-2.413
69	11	9.2102
70	1	-3.6267
71	1	0.92864
72	11	9.2102
73	13	0.49836
74	14	-1.6154
75	1	-5.7303
76	11	9.2102
77	9	0.587
78	9	0.78145
79	11	9.2102
80	11	9.2102
81	1	-0.28312
82	9	-1.5283
83	9	-0.9073
84	11	9.2102
85	3	-0.76163
86	3	0.47257
87	9	-2.8985
88	11	9.2102
89	10	0.39079
90	2	-5.1709
91	11	9.2102
92	3	-1.0647
93	10	1.1395
94	3	-1.9422
95	3	-5.0124
96	3	-2.5832
97	9	0.72647
98	2	1.2284
99	11	9.2102
100	11	9.2102
101	10	-2.5609
102	10	-1.2504
103	11	-3.1097
104	11	9.2102
105	3	1.0698
106	11	-1.4239
107	11	9.2102
108	4	-4.9793
109	4	-3.9916
110	5	-0.91154
111	5	-4.1666
112	11	9.2102
detection1	detection2	cost
1	3	-4.8231
2	7	-3.7143
5	8	20.8929
4	10	-3.7143
5	11	26.624
8	11	-1.5143
5	12	39.8593
8	12	11.523
11	12	5.75
13	14	-5.6071
15	16	-3.7143
5	18	34.3146
8	18	6.2802
11	18	0.30445
12	18	-1.5143
5	21	5.1977
8	21	32.6536
11	21	38.086
12	21	51.3006
18	21	45.5338
15	22	-5.6071
16	22	-3.2674
15	23	-4.8231
16	23	-4.8231
22	23	-5.6071
17	24	-3.2674
17	25	-1.5143
24	25	-5.6071
5	28	32.6536
8	28	5.1977
11	28	-0.67521
12	28	0.96511
18	28	-4.8231
21	28	43.6071
19	29	-4.8231
5	30	40.1609
8	30	12.262
11	30	6.2802
12	30	-3.7143
18	30	-1.5143
21	30	51.1786
28	30	0.071429
5	31	0.30445
8	31	20.0604
11	31	25.1758
12	31	38.2821
18	31	32.4299
21	31	5.8845
28	31	30.4044
30	31	37.968
15	32	-3.2674
16	32	-3.2674
22	32	-4.8231
23	32	-5.6071
5	33	25.5573
8	33	0.96511
11	33	-1.5143
12	33	8.6726
18	33	2.6933
21	33	36.0768
28	33	0.30445
30	33	7.7607
31	33	22.7857
19	34	0.96511
29	34	-1.5143
19	35	-3.2674
29	35	-5.6071
34	35	-1.8214
19	36	-3.2674
29	36	-3.2674
34	36	1.9643
35	36	-3.7143
5	37	11.9882
8	37	38.904
11	37	44.1649
12	37	57.301
18	37	51.4527
21	37	-0.67521
28	37	49.4118
30	37	56.9684
31	37	11.523
33	37	41.7507
15	38	-1.5143
16	38	-1.5143
22	38	-3.2674
23	38	-3.7143
32	38	-5.6071
6	40	4.6202
39	41	-4.8231
6	42	8.5614
40	42	-3.2674
6	43	11.4286
40	43	0.30445
42	43	-3.7143
5	44	23.08
8	44	3.8571
11	44	3.5372
12	44	13.6628
18	44	7.7607
21	44	32.6536
28	44	5.1977
30	44	12.262
31	44	19.269
33	44	-2.1462
37	44	37.968
5	45	35.6638
8	45	9.9513
11	45	4.6202
12	45	3.5372
18	45	0.071429
21	45	45.8033
28	45	-1.5143
30	45	0.53071
31	45	32.4299
33	45	2.6933
37	45	51.2091
44	45	5.75
1	46	11.9882
3	46	9.4302
5	47	6.9156
8	47	18.7964
11	47	23.08
12	47	35.6638
18	47	29.6887
21	47	11.1425
28	47	27.4026
30	47	34.8256
31	47	-0.67521
33	47	19.6016
37	47	15.5276
44	47	15.293
45	47	28.5141
4	48	10.3572
10	48	7.2837
5	49	15.6053
8	49	8.783
11	49	11.4286
12	49	23.08
18	49	17.1071
21	49	23.7178
28	49	14.6553
30	49	21.885
31	49	10.4572
33	49	6.9156
37	49	28.663
44	49	2.1517
45	49	15.293
47	49	5.75
6	50	12.6213
40	50	0.96511
42	50	-3.2674
43	50	-5.6071
1	51	12.262
3	51	9.9513
46	51	-3.2674
4	52	11.1425
10	52	7.7607
48	52	-4.8231
2	53	11.523
7	53	7.7607
2	54	11.8034
7	54	8.1089
53	54	-5.6071
2	55	12.262
7	55	8.6726
53	55	-3.7143
54	55	-5.6071
5	56	35.0367
8	56	11.4286
11	56	6.9156
12	56	7.7607
18	56	4.0138
21	56	44.4761
28	56	1.9643
30	56	4.6202
31	56	31.1069
33	56	3.2076
37	56	49.5689
44	56	4.4715
45	56	-3.2674
47	56	26.624
49	56	13.4073
27	57	17.1071
4	58	13.6628
10	58	10.3572
48	58	-3.7143
52	58	-4.8231
2	59	16.2174
7	59	12.9744
53	59	2.1517
54	59	0.30445
55	59	-1.5143
5	60	14.5743
8	60	36.5267
11	60	41.0177
12	60	53.6015
18	60	47.6208
21	60	5.75
28	60	45.2968
30	60	52.6559
31	60	9.9513
33	60	37.4927
37	60	3.5372
44	60	32.9647
45	60	46.0381
47	60	10.4572
49	60	23.3135
56	60	43.7472
5	61	13.6628
8	61	34.8256
11	61	39.2501
12	61	51.786
18	61	45.8033
21	61	5.8845
28	61	43.4667
30	61	50.8111
31	61	8.5614
33	61	35.6638
37	61	4.6202
44	61	31.1069
45	61	44.1649
47	61	8.6726
49	61	21.4551
56	61	41.8597
60	61	-5.6071
9	62	9.6406
1	63	15.9133
3	63	13.6628
46	63	-0.67521
51	63	-3.7143
1	64	16.443
3	64	14.0819
46	64	-1.5143
51	64	-3.2674
63	64	-5.6071
5	65	11.8034
8	65	23.5452
11	65	27.2482
12	65	39.2501
18	65	33.2734
21	65	12.6213
28	65	30.8274
30	65	38.0074
31	65	4.0138
33	65	23.08
37	65	15.3715
44	65	18.2456
45	65	31.1069
47	65	-1.5143
49	65	8.6726
56	65	28.663
60	65	7.6429
61	65	5.75
2	66	16.443
7	66	12.8867
53	66	-0.67521
54	66	-2.1462
55	66	-3.2674
59	66	-3.2674
27	67	12.6213
57	67	0.96511
27	68	15.6053
57	68	-2.1462
67	68	-3.7143
5	69	18.2456
8	69	40.7586
11	69	45.2289
12	69	57.7693
18	69	51.786
21	69	8.1089
28	69	49.4432
30	69	56.7736
31	69	14.0819
33	69	41.6414
37	69	4.0138
44	69	37.0526
45	69	50.069
47	69	14.6553
49	69	27.4026
56	69	47.6858
60	69	-3.2674
61	69	-1.5143
65	69	11.523
9	70	11.8034
62	70	-4.8231
9	71	12.8867
62	71	-1.5143
70	71	-3.7143
5	72	35.7053
8	72	15.3715
11	72	11.8034
12	72	13.6628
18	72	9.9513
21	72	43.9913
28	72	7.7607
30	72	10.3572
31	72	30.8274
33	72	6.9156
37	72	48.5554
44	72	5.8845
45	72	2.6933
47	72	25.5573
49	72	12.8867
56	72	-1.5143
60	72	41.7507
61	72	39.8593
65	72	26.624
69	72	45.5
27	73	12.6213
57	73	3.5372
67	73	-4.8231
68	73	-1.5143
19	74	19.4026
29	74	19.7992
34	74	23.8324
35	74	18.7964
36	74	15.6053
9	75	13.6628
62	75	-3.2674
70	75	-5.6071
71	75	-3.2674
5	76	18.7964
8	76	19.7992
11	76	21.9459
12	76	32.4299
18	76	26.624
21	76	22.4287
28	76	24.0034
30	76	30.593
31	76	11.4286
33	76	16.7404
37	76	25.5573
44	76	11.4286
45	76	23.08
47	76	4.6202
49	76	3.5372
56	76	20.0604
60	76	17.3966
61	76	15.5276
65	76	2.6933
69	76	20.9559
72	76	17.1798
17	77	13.6628
24	77	10.4572
25	77	9.9513
17	78	14.5743
24	78	11.1425
25	78	10.4572
77	78	-5.6071
5	79	25.9881
8	79	15.5276
11	79	15.3715
12	79	23.3135
18	79	17.9658
21	79	32.295
28	79	15.293
30	79	20.8929
31	79	19.7992
33	79	9.4302
37	79	36.2
44	79	4.4715
45	79	12.9744
47	79	13.6628
49	79	3.5372
56	79	9.4302
60	79	28.663
61	79	26.7811
65	79	13.6628
69	79	32.295
72	79	5.8845
76	79	3.8571
5	80	55.4215
8	80	30.3571
11	80	24.7342
12	80	16.2174
18	80	17.9658
21	80	64.5779
28	80	17.9658
30	80	12.9744
31	80	51.2701
33	80	23.0214
37	80	69.3649
44	80	24.8452
45	80	12.9744
47	80	46.3384
49	80	33.3612
56	80	12.8867
60	80	62.638
61	80	60.7479
65	80	47.5232
69	80	66.3457
72	80	13.4073
76	80	37.9286
79	80	26.5714
9	81	15.2143
62	81	-1.5143
70	81	-2.1462
71	81	0.96511
75	81	-3.2674
17	82	15.3715
24	82	12.262
25	82	11.8034
77	82	-5.6071
78	82	-4.8231
17	83	17.1798
24	83	13.6628
25	83	12.8867
77	83	-3.2674
78	83	-4.8231
82	83	-3.7143
5	84	22.1279
8	84	41.8597
11	84	45.8369
12	84	57.879
18	84	51.9068
21	84	13.4073
28	84	49.4432
30	84	56.5502
31	84	16.7404
33	84	41.7143
37	84	9.9513
44	84	36.8106
45	84	49.4432
47	84	15.6053
49	84	27.2998
56	84	46.7032
60	84	0.30445
61	84	0.96511
65	84	11.1425
69	84	-1.5143
72	84	43.9217
76	84	19.269
79	84	30.546
80	84	64.5281
13	85	15.293
14	85	15.2143
13	86	15.9133
14	86	15.5276
85	86	-3.7143
17	87	17.8953
24	87	14.6553
25	87	14.0819
77	87	-3.2674
78	87	-3.7143
82	87	-4.8231
83	87	-4.8231
5	88	38.7105
8	88	20.6393
11	88	17.3966
12	88	18.8644
18	88	15.5276
21	88	45.9376
28	88	13.4073
30	88	15.3715
31	88	33.1414
33	88	12.262
37	88	49.9756
44	88	10.3572
45	88	8.1089
47	88	27.2998
49	88	15.6053
56	88	4.0138
60	88	42.2933
61	88	40.4233
65	88	27.4026
69	88	45.8033
72	88	-1.8214
76	88	17.3966
79	88	6.2802
80	88	13.6628
84	88	43.6071
26	89	19.4026
20	90	15.293
5	91	21.885
8	91	38.3212
11	91	41.8597
12	91	53.4547
18	91	47.5232
21	91	15.5276
28	91	44.9905
30	91	51.9068
31	91	15.3715
33	91	37.3731
37	91	13.6628
44	91	32.295
45	91	44.5794
47	91	12.6213
49	91	23.0214
56	91	41.6414
60	91	2.6933
61	91	2.1517
65	91	7.2837
69	91	3.2076
72	91	38.5552
76	91	14.0819
79	91	25.1758
80	91	58.9929
84	91	-1.5143
88	91	37.968
13	92	17.1071
14	92	17.1798
85	92	-4.8231
86	92	-1.5143
26	93	17.8953
89	93	-1.5143
13	94	19
14	94	19.0675
85	94	-3.2674
86	94	-0.67521
92	94	-5.6071
13	95	19.269
14	95	19.0675
85	95	-3.2674
86	95	-3.2674
92	95	-3.2674
94	95	-3.7143
13	96	19.6016
14	96	19.269
85	96	-2.1462
86	96	-3.7143
92	96	-1.5143
94	96	-1.8214
95	96	-5.6071
17	97	20.0604
24	97	17.3966
25	97	17.1798
77	97	0.30445
78	97	0.96511
82	97	-1.5143
83	97	0.53071
87	97	-2.1462
20	98	19.269
90	98	-3.2674
5	99	26.624
8	99	43.6422
11	99	47.0983
12	99	58.5333
18	99	52.6262
21	99	19
28	99	50.069
30	99	56.885
31	99	20.4477
33	99	42.5087
37	99	15.9133
44	99	37.3731
45	99	49.4432
47	99	17.9658
49	99	28.2144
56	99	46.3717
60	99	5.75
61	99	5.8845
65	99	12.6213
69	99	4.4715
72	99	43.0077
76	99	18.8644
79	99	29.6887
80	99	63.1723
84	99	-1.5143
88	99	42.0408
91	99	-2.1462
5	100	40.7586
8	100	25.5573
11	100	22.8448
12	100	24.8452
18	100	21.4551
21	100	46.7362
28	100	19.269
30	100	21.3311
31	100	34.5282
33	100	17.3966
37	100	50.1623
44	100	14.6553
45	100	14.0819
47	100	28.2144
49	100	17.9658
56	100	9.9513
60	100	41.6414
61	100	39.8214
65	100	27.2998
69	100	44.8538
72	100	4.0138
76	100	17.1071
79	100	7.2837
80	100	17.1071
84	100	42.0408
88	100	-1.5143
91	100	36.2
99	100	39.8214
26	101	24.0034
89	101	-1.8214
93	101	-0.67521
26	102	25.0659
89	102	-1.5143
93	102	0.96511
101	102	-5.6071
5	103	59.4226
8	103	36.6892
11	103	31.5222
12	103	24.8452
18	103	25.6115
21	103	67.3816
28	103	25.0659
30	103	21.3311
31	103	54.388
33	103	28.663
37	103	71.548
44	103	29.2526
45	103	19.4026
47	103	48.7787
49	103	36.5267
56	103	17.9658
60	103	63.7781
61	103	61.9191
65	103	48.9694
69	103	67.1899
72	103	16.2174
76	103	38.904
79	103	27.8615
80	103	1.9643
84	103	64.6524
88	103	14.0819
91	103	58.8581
99	103	62.5357
100	103	15.2143
5	104	30.593
8	104	49.2857
11	104	52.8937
12	104	64.4535
18	104	58.5333
21	104	21.4551
28	104	55.9884
30	104	62.842
31	104	25.0659
33	104	48.3954
37	104	17.1071
44	104	43.2907
45	104	55.4215
47	104	23.3135
49	104	34.0567
56	104	52.3574
60	104	8.6726
61	104	9.4302
65	104	18.2456
69	104	5.8845
72	104	48.9694
76	104	24.8452
79	104	35.6638
80	104	69.0613
84	104	0.96511
88	104	47.9126
91	104	3.5372
99	104	-1.5143
100	104	45.5338
103	104	68.2379
13	105	23.3135
14	105	23.0214
85	105	0.96511
86	105	0.071429
92	105	0.53071
94	105	-0.67521
95	105	-3.2674
96	105	-3.7143
5	106	58.723
8	106	36.8511
11	106	31.8878
12	106	26.0415
18	106	26.3605
21	106	66.3214
28	106	25.6115
30	106	22.4287
31	106	53.4547
33	106	28.663
37	106	70.3146
44	106	28.8606
45	106	19.7992
47	106	47.6858
49	106	35.7053
56	106	17.9658
60	106	62.3051
61	106	60.4586
65	106	47.6208
69	106	65.6388
72	106	15.6053
76	106	37.4927
79	106	26.624
80	106	4.0138
84	106	62.9438
88	106	12.8867
91	106	57.1072
99	106	60.6691
100	106	13.4073
103	106	-4.8231
104	106	66.3214
5	107	32.295
8	107	42.4729
11	107	44.7168
12	107	54.5903
18	107	48.9694
21	107	27.8615
28	107	46.3051
30	107	52.3574
31	107	24.9005
33	107	39.3649
37	107	26.3605
44	107	34.0136
45	107	44.4761
47	107	20.0604
49	107	26.2014
56	107	40.8698
60	107	15.3715
61	107	14.6553
65	107	14.0819
69	107	15.6053
72	107	36.5267
76	107	15.293
79	107	24.0034
80	107	55.4215
84	107	9.9513
88	107	34.4002
91	107	5.1977
99	107	4.6202
100	107	31.1069
103	107	53.5428
104	107	8.6726
106	107	51.4527
15	108	34.5282
16	108	35.2048
22	108	32.6536
23	108	32.9647
32	108	31.1069
38	108	29.2526
15	109	34.3146
16	109	34.8256
22	109	32.4299
23	109	32.6536
32	109	30.7807
38	109	28.9098
108	109	-5.6071
39	110	38.0074
41	110	35.6638
39	111	40.3859
41	111	38.0074
110	111	-4.8231
5	112	53.1896
8	112	61.0883
11	112	62.3308
12	112	70.3146
18	112	65.2212
21	112	47.9126
28	112	62.5613
30	112	67.5011
31	112	45.8033
33	112	56.5502
37	112	45.2968
44	112	51.3006
45	112	59.4761
47	112	40.7586
49	112	44.9905
56	112	55.4215
60	112	34.8256
61	112	34.5282
65	112	34.8256
69	112	33.8406
72	112	50.069
76	112	34.0136
79	112	39.8214
80	112	65.5407
84	112	27.8615
88	112	46.3051
91	112	24.9005
99	112	21.885
100	112	41.3489
103	112	61.1144
104	112	22.1279
106	112	58.6147
107	112	13.4073
1	4	-2.459
3	4	-2.3211
4	6	-1.569
1	9	-2.1272
2	9	-1.7974
3	9	-2.364
4	9	-2.1823
5	9	-0.32078
6	9	-1.7833
7	9	-2.0987
8	9	-1.2732
1	10	-1.6482
3	10	-1.6263
6	10	-0.049839
9	10	-1.9794
9	11	-1.1985
9	12	-1.2522
9	13	-2.4464
9	14	-2.3078
9	15	-1.7876
13	15	-2.224
14	15	-2.0981
9	16	-2.0708
13	16	-2.2768
14	16	-2.0932
9	17	-1.9117
9	18	-1.4489
9	19	-1.2746
9	20	-2.4053
9	21	6.2081
9	22	-1.6072
13	22	-2.0243
14	22	-2.2131
9	23	-1.8172
13	23	-2.0818
14	23	-2.2021
9	24	-1.7998
9	25	-1.8616
5	26	6.6617
8	26	1.071
9	26	-1.7786
11	26	-1.6109
12	26	-1.9743
17	26	-2.1427
18	26	-2.1549
21	26	7.2906
24	26	-1.872
25	26	-1.8055
2	27	-1.6482
7	27	-1.7762
9	27	-1.4404
19	27	-1.7466
9	28	-1.5376
26	28	-2.2074
9	29	-1.2228
27	29	-2.2185
9	30	-1.5069
26	30	-2.0808
9	31	1.4736
26	31	7.4814
9	32	-1.429
13	32	-1.7686
14	32	-1.9337
9	33	-1.1404
26	33	-0.50437
9	34	-0.98639
27	34	-1.542
9	35	-1.2901
27	35	-1.9058
9	36	-1.1632
27	36	-2.0046
9	37	7.0766
26	37	7.5462
9	38	-1.7697
13	38	-1.7979
14	38	-1.9603
9	39	-1.8644
15	39	-1.8532
16	39	-0.98781
22	39	-2.2296
23	39	-1.9176
32	39	-2.0018
38	39	-1.3301
4	40	-1.9047
9	40	-0.24321
10	40	-2.1198
9	41	-1.724
15	41	-1.5336
16	41	-0.53385
22	41	-1.7113
23	41	-1.3077
32	41	-1.7725
38	41	-1.306
4	42	-1.7128
9	42	0.41956
10	42	-1.7919
4	43	-1.1943
9	43	0.46057
10	43	-1.7102
9	44	-0.45502
26	44	1.9636
9	45	-1.0644
26	45	-0.77082
4	46	2.6842
9	46	2.5142
10	46	2.6537
9	47	2.0494
26	47	6.5602
1	48	0.26746
3	48	0.53623
6	48	3.7376
9	48	1.6669
40	48	0.5909
42	48	-1.2384
43	48	-1.677
46	48	-2.055
9	49	0.33626
26	49	4.7447
4	50	-1.3964
9	50	0.66519
10	50	-1.5723
48	50	-2.1453
4	51	1.8838
9	51	3.1475
10	51	1.6963
48	51	-1.9064
1	52	0.62709
3	52	0.90467
6	52	3.2929
9	52	2.1212
40	52	0.42176
42	52	-1.0207
43	52	-1.4981
46	52	-1.2654
50	52	-1.873
51	52	-1.554
9	53	1.3391
27	53	1.3581
9	54	1.4574
27	54	1.8188
9	55	1.4305
27	55	2.199
9	56	-0.17204
26	56	0.58277
2	57	-0.29651
7	57	-0.47423
9	57	0.72871
19	57	4.5603
29	57	5.1027
34	57	5.9041
35	57	5.4228
36	57	4.6836
53	57	-1.6213
54	57	-1.502
55	57	-1.5373
1	58	0.59165
3	58	0.86964
6	58	3.5568
9	58	1.9428
40	58	1.2424
42	58	-0.27742
43	58	-0.98418
46	58	-0.8866
50	58	-1.3557
51	58	-1.092
9	59	1.4352
27	59	3.8325
57	59	-1.1424
9	60	5.6953
26	60	5.8164
9	61	5.297
26	61	6.3639
1	62	-0.27445
2	62	1.3698
3	62	0.23254
4	62	1.5376
5	62	3.9414
6	62	1.6916
7	62	1.3659
8	62	1.2508
10	62	1.5531
11	62	0.77629
12	62	0.062376
13	62	3.9581
14	62	3.5038
15	62	4.3173
16	62	3.6786
17	62	2.3032
18	62	0.44787
19	62	0.058173
20	62	3.1097
21	62	5.6893
22	62	4.328
23	62	3.9916
24	62	1.9484
25	62	1.6271
26	62	1.3312
27	62	0.65609
28	62	0.55682
29	62	0.14179
30	62	0.11872
31	62	3.165
32	62	4.0132
33	62	0.6866
34	62	0.2911
35	62	0.20414
36	62	-0.12127
37	62	7.1849
38	62	3.5244
39	62	3.2599
40	62	-0.64296
41	62	3.1706
42	62	-1.5437
43	62	-1.3045
44	62	0.30735
45	62	-0.11644
46	62	-1.3329
47	62	1.3018
48	62	-1.6307
49	62	0.4813
50	62	-1.2498
51	62	-1.233
52	62	-1.2315
53	62	-1.8654
54	62	-1.6171
55	62	-1.5968
56	62	-0.90211
57	62	-1.2867
58	62	-1.2114
59	62	-1.4047
60	62	8.4571
61	62	8.6479
4	63	2.3269
9	63	3.2938
10	63	2.2181
48	63	-1.8422
52	63	-2.2644
58	63	-1.766
62	63	-0.15072
4	64	2.3605
9	64	3.0235
10	64	2.3062
48	64	-2.0935
52	64	-2.1826
58	64	-1.502
62	64	-0.34542
9	65	3.1514
26	65	6.0269
62	65	0.26022
9	66	1.6294
27	66	2.7846
57	66	-1.8949
62	66	-1.3663
2	67	-0.41122
7	67	-0.069169
9	67	0.92354
19	67	2.9842
29	67	3.3929
34	67	4.3987
35	67	3.493
36	67	2.6155
53	67	-1.843
54	67	-2.084
55	67	-2.097
59	67	-1.882
62	67	-1.2837
66	67	-2.2385
2	68	-0.55515
7	68	-0.17746
9	68	0.98382
19	68	3.6149
29	68	4.0648
34	68	4.9509
35	68	4.2496
36	68	3.4429
53	68	-1.8133
54	68	-2.061
55	68	-2.087
59	68	-1.7866
62	68	-1.2129
66	68	-2.2795
9	69	6.3599
26	69	3.7885
62	69	6.2315
1	70	-0.17406
2	70	1.7436
3	70	0.33032
4	70	1.8287
5	70	4.4489
6	70	1.9833
7	70	1.7561
8	70	1.6667
10	70	1.8897
11	70	1.1615
12	70	0.41336
13	70	4.6403
14	70	4.1963
15	70	5.1244
16	70	4.4552
17	70	2.8083
18	70	0.80119
19	70	0.31847
20	70	2.7442
21	70	6.0763
22	70	5.1509
23	70	4.7951
24	70	2.4228
25	70	2.0891
26	70	1.7762
27	70	0.97501
28	70	0.91264
29	70	0.40866
30	70	0.46094
31	70	3.8562
32	70	4.8242
33	70	1.0739
34	70	0.58778
35	70	0.47036
36	70	0.13436
37	70	7.3672
38	70	4.363
39	70	3.9916
40	70	-0.30684
41	70	3.93
42	70	-1.3381
43	70	-1.5078
44	70	0.72246
45	70	0.24124
46	70	-1.8731
47	70	2.1416
48	70	-2.1144
49	70	0.99338
50	70	-1.5838
51	70	-2.0879
52	70	-1.7316
53	70	-1.4909
54	70	-2.0059
55	70	-1.8553
56	70	-0.51498
57	70	-1.4752
58	70	-1.6541
59	70	-1.7361
60	70	8.0254
61	70	7.8261
63	70	-1.0483
64	70	-0.9723
65	70	0.52732
66	70	-1.7225
67	70	-1.4514
68	70	-1.4164
69	70	6.2638
1	71	-0.013336
2	71	2.0653
3	71	0.46312
4	71	2.1841
5	71	4.9632
6	71	2.3497
7	71	2.0735
8	71	1.8532
10	71	2.2924
11	71	1.2856
12	71	0.50012
13	71	4.459
14	71	4.3406
15	71	5.9814
16	71	5.2127
17	71	3.2418
18	71	0.87698
19	71	0.42825
20	71	1.9922
21	71	6.6307
22	71	6.016
23	71	5.5997
24	71	2.7723
25	71	2.4112
26	71	1.935
27	71	1.1805
28	71	0.98579
29	71	0.51277
30	71	0.52365
31	71	4.5578
32	71	5.6188
33	71	1.1775
34	71	0.71021
35	71	0.56482
36	71	0.22043
37	71	7.7884
38	71	5.1624
39	71	4.4297
40	71	-0.062114
41	71	4.3875
42	71	-1.1456
43	71	-1.3723
44	71	0.83494
45	71	0.29965
46	71	-1.9088
47	71	2.8532
48	71	-1.986
49	71	1.1982
50	71	-1.6241
51	71	-1.2993
52	71	-1.9362
53	71	-1.2346
54	71	-1.6703
55	71	-1.8644
56	71	-0.42451
57	71	-1.4456
58	71	-1.7107
59	71	-1.7068
60	71	8.4554
61	71	8.5094
63	71	-0.84726
64	71	-1.5817
65	71	1.1268
66	71	-1.6551
67	71	-1.4074
68	71	-1.3728
69	71	6.3208
9	72	0.30767
26	72	1.5678
62	72	-1.2925
70	72	-0.97046
71	72	-0.92515
2	73	-0.21155
7	73	0.12133
9	73	0.94655
19	73	2.6174
29	73	2.9581
34	73	3.8855
35	73	3.003
36	73	2.2179
53	73	-1.578
54	73	-1.7629
55	73	-1.7172
59	73	-2.0193
62	73	-1.2334
66	73	-1.8443
70	73	-1.4113
71	73	-1.3518
9	74	0.62023
27	74	-0.21337
57	74	-1.7588
62	74	-1.1448
67	74	-1.9982
68	74	-2.0186
70	74	-1.2375
71	74	-1.1862
73	74	-1.9564
1	75	-0.15276
2	75	1.9257
3	75	0.36412
4	75	1.8147
5	75	4.5529
6	75	2.0242
7	75	1.9615
8	75	1.8702
10	75	1.8999
11	75	1.3677
12	75	0.6031
13	75	4.6506
14	75	4.2344
15	75	5.391
16	75	4.7412
17	75	2.9891
18	75	0.99883
19	75	0.51318
20	75	2.5791
21	75	6.0175
22	75	5.4366
23	75	5.0907
24	75	2.6185
25	75	2.2851
26	75	2.0192
27	75	1.2246
28	75	1.1153
29	75	0.60795
30	75	0.65358
31	75	4.0536
32	75	5.1401
33	75	1.2992
34	75	0.80279
35	75	0.67009
36	75	0.33089
37	75	7.1965
38	75	4.7128
39	75	4.4023
40	75	-0.12501
41	75	4.367
42	75	-1.1224
43	75	-1.3002
44	75	0.98102
45	75	0.45801
46	75	-2.1963
47	75	2.5402
48	75	-2.0046
49	75	1.3113
50	75	-1.5622
51	75	-2.4205
52	75	-2.0716
53	75	-1.0629
54	75	-1.5053
55	75	-1.7132
56	75	-0.28089
57	75	-1.617
58	75	-1.9353
59	75	-2.0082
60	75	7.2804
61	75	6.9756
63	75	-1.8843
64	75	-1.6767
65	75	1.3246
66	75	-2.0654
67	75	-1.6272
68	75	-1.6054
69	75	5.923
72	75	-0.7132
73	75	-1.6298
74	75	-1.3946
9	76	2.3657
26	76	5.14
62	76	0.39911
70	76	0.17182
71	76	0.31168
75	76	-0.14538
9	77	1.4106
26	77	3.289
62	77	-1.3652
70	77	-1.5038
71	77	-1.4216
75	77	-1.7387
9	78	1.4902
26	78	3.629
62	78	-1.1659
70	78	-1.2978
71	78	-1.2388
75	78	-1.5608
9	79	1.4854
26	79	3.5799
62	79	-0.22521
70	79	-0.31108
71	79	-0.22637
75	79	-0.51362
9	80	0.32301
26	80	0.45141
62	80	-1.4491
70	80	-1.4253
71	80	-1.3698
75	80	-1.524
1	81	-0.376
2	81	1.7274
3	81	0.19494
4	81	1.5586
5	81	4.1251
6	81	1.8813
7	81	1.791
8	81	1.8137
10	81	1.6401
11	81	1.3677
12	81	0.63378
13	81	3.4682
14	81	3.1001
15	81	4.7665
16	81	4.1928
17	81	2.6977
18	81	1.0351
19	81	0.50709
20	81	3.2758
21	81	5.3426
22	81	4.831
23	81	4.5277
24	81	2.4002
25	81	2.0873
26	81	1.9959
27	81	1.2462
28	81	1.1551
29	81	0.6101
30	81	0.70236
31	81	3.6078
32	81	4.606
33	81	1.3296
34	81	0.80419
35	81	0.68079
36	81	0.34753
37	81	6.4598
38	81	4.2092
39	81	4.1544
40	81	-0.050065
41	81	4.1343
42	81	-0.95802
43	81	-1.0883
44	81	1.0338
45	81	0.52525
46	81	-1.7769
47	81	2.2636
48	81	-1.8632
49	81	1.3358
50	81	-1.3233
51	81	-1.9229
52	81	-1.9746
53	81	-0.94387
54	81	-1.355
55	81	-1.5533
56	81	-0.21639
57	81	-1.7461
58	81	-1.7144
59	81	-2.0403
60	81	5.4104
61	81	4.8365
63	81	-1.5422
64	81	-1.5456
65	81	1.2848
66	81	-1.8522
67	81	-1.7579
68	81	-1.7693
69	81	4.1071
72	81	-0.55589
73	81	-1.7742
74	81	-1.5727
76	81	-0.22442
77	81	-1.4373
78	81	-1.7042
79	81	-0.67845
80	81	-1.4948
9	82	1.514
26	82	3.4239
62	82	-1.3976
70	82	-1.5103
71	82	-1.3985
75	82	-1.7681
81	82	-1.6245
9	83	1.5249
26	83	4.0194
62	83	-1.172
70	83	-1.3063
71	83	-1.2154
75	83	-1.5671
81	83	-1.9015
9	84	5.3003
26	84	5.1633
62	84	6.4992
70	84	7.2355
71	84	7.735
75	84	7.7109
81	84	7.6278
9	85	-0.21467
15	85	5.1506
16	85	4.7039
22	85	5.1804
23	85	4.9355
32	85	4.9642
38	85	4.7669
62	85	-1.9842
70	85	-2.252
71	85	-1.1424
75	85	-1.8734
81	85	-0.48887
9	86	0.38478
15	86	6.0462
16	86	5.5194
22	86	6.091
23	86	5.7994
32	86	5.8362
38	86	5.6512
62	86	-1.839
70	86	-1.7344
71	86	-0.93298
75	86	-1.3952
81	86	-0.88356
9	87	1.5232
26	87	3.7464
62	87	-1.4042
70	87	-1.5618
71	87	-1.4415
75	87	-1.8015
81	87	-1.8504
9	88	1.0969
26	88	2.1265
62	88	-0.46286
70	88	-0.58285
71	88	-0.49514
75	88	-0.75039
81	88	-1.0419
5	89	7.278
8	89	4.7301
9	89	0.86264
11	89	4.0524
12	89	2.8562
17	89	1.1357
18	89	3.5406
21	89	8.2659
24	89	1.277
25	89	1.3092
28	89	3.8536
30	89	2.8423
31	89	7.5687
33	89	4.5768
37	89	8.5092
44	89	5.2333
45	89	3.3964
47	89	7.5439
49	89	6.5544
56	89	3.5215
60	89	7.7279
61	89	8.2108
62	89	-1.4081
65	89	8.196
69	89	6.1217
70	89	-1.3883
71	89	-1.3405
72	89	4.594
75	89	-1.5065
76	89	7.6299
77	89	-1.4813
78	89	-1.4106
79	89	6.905
80	89	-1.2264
81	89	-1.7239
82	89	-1.6413
83	89	-1.5284
84	89	7.0791
87	89	-1.8485
88	89	6.2678
9	90	2.0772
62	90	-2.1092
70	90	-2.1103
71	90	-1.7614
75	90	-1.9211
81	90	-2.0109
9	91	4.5288
26	91	6.9133
62	91	4.6745
70	91	5.3299
71	91	6.3283
75	91	5.534
81	91	3.3944
89	91	8.1168
9	92	0.082645
15	92	4.9673
16	92	4.5703
22	92	5.0035
23	92	4.7869
32	92	4.8268
38	92	4.6449
62	92	-1.9004
70	92	-2.2998
71	92	-1.2819
75	92	-2.3717
81	92	-0.97023
5	93	6.7757
8	93	4.0902
9	93	1.1377
11	93	3.3559
12	93	2.2961
17	93	1.1385
18	93	2.8744
21	93	7.9016
24	93	1.3446
25	93	1.4039
28	93	3.1302
30	93	2.2429
31	93	7.0341
33	93	3.7489
37	93	8.1372
44	93	4.3426
45	93	2.4637
47	93	6.9677
49	93	5.8254
56	93	2.2249
60	93	7.3344
61	93	7.8057
62	93	-1.0389
65	93	7.6743
69	93	5.9047
70	93	-1.1252
71	93	-1.0549
72	93	2.4599
75	93	-1.2597
76	93	6.9841
77	93	-1.3947
78	93	-1.289
79	93	5.9777
80	93	-1.1125
81	93	-1.5059
82	93	-1.7821
83	93	-1.5922
84	93	7.2473
87	93	-2.0244
88	93	2.4196
91	93	8.2024
9	94	0.14874
15	94	5.138
16	94	4.7578
22	94	5.1824
23	94	4.9752
32	94	5.0247
38	94	4.8566
62	94	-1.8973
70	94	-2.3455
71	94	-1.5253
75	94	-2.4091
81	94	-1.0953
9	95	0.13557
15	95	6.1489
16	95	5.7035
22	95	6.1994
23	95	5.9555
32	95	6.0067
38	95	5.8427
62	95	-2.2009
70	95	-2.1441
71	95	-1.4126
75	95	-2.3452
81	95	-1.4937
9	96	0.47093
15	96	6.8343
16	96	6.3384
22	96	6.8905
23	96	6.6181
32	96	6.672
38	96	6.5129
62	96	-1.8332
70	96	-1.7207
71	96	-1.0631
75	96	-1.9497
81	96	-1.6135
9	97	1.7386
26	97	3.4424
62	97	-1.0437
70	97	-1.2807
71	97	-0.95539
75	97	-1.5482
81	97	-1.6022
89	97	-1.7729
93	97	-1.4704
9	98	2.203
62	98	-1.103
70	98	-1.0887
71	98	-0.87032
75	98	-0.88888
81	98	-0.59542
9	99	3.9188
26	99	5.6532
62	99	4.4901
70	99	5.0581
71	99	5.7401
75	99	5.2864
81	99	4.3491
89	99	7.3375
93	99	7.4384
9	100	1.7294
26	100	2.3118
62	100	0.25486
70	100	0.14431
71	100	0.26429
75	100	-0.039399
81	100	-0.36686
89	100	4.7191
93	100	3.5789
5	101	6.7799
8	101	4.3978
9	101	1.1396
11	101	3.7765
12	101	2.8557
17	101	1.1056
18	101	3.4147
21	101	7.8399
24	101	1.2883
25	101	1.3301
28	101	3.6704
30	101	2.8644
31	101	6.9816
33	101	4.1677
37	101	8.0453
44	101	4.6502
45	101	3.2148
47	101	6.8612
49	101	5.8606
56	101	3.1314
60	101	7.1897
61	101	7.6546
62	101	-1.1023
65	101	7.4605
69	101	5.7836
70	101	-1.3478
71	101	-1.183
72	101	3.5894
75	101	-1.5079
76	101	6.6804
77	101	-1.3954
78	101	-1.3286
79	101	5.7616
80	101	-0.28735
81	101	-1.8061
82	101	-1.7291
83	101	-1.5511
84	101	7.0943
87	101	-1.963
88	101	4.2808
91	101	8.0619
97	101	-2.1681
99	101	7.7749
100	101	6.546
5	102	6.8743
8	102	4.5434
9	102	1.1566
11	102	3.9428
12	102	3.0298
17	102	1.1742
18	102	3.5946
21	102	7.8994
24	102	1.3427
25	102	1.3773
28	102	3.8548
30	102	3.0522
31	102	7.0757
33	102	4.3468
37	102	8.1034
44	102	4.8238
45	102	3.4483
47	102	6.9576
49	102	5.9911
56	102	3.4099
60	102	7.2462
61	102	7.7128
62	102	-1.0718
65	102	7.545
69	102	5.8342
70	102	-1.3559
71	102	-1.1865
72	102	3.9227
75	102	-1.5477
76	102	6.7756
77	102	-1.3333
78	102	-1.2886
79	102	5.9071
80	102	-0.10295
81	102	-1.8752
82	102	-1.6451
83	102	-1.5027
84	102	7.1472
87	102	-1.8731
88	102	4.6751
91	102	8.1196
97	102	-2.1784
99	102	7.8247
100	102	6.5956
9	103	0.85849
26	103	1.0718
62	103	-0.93358
70	103	-1.0776
71	103	-0.97891
75	103	-1.2121
81	103	-1.4812
89	103	-1.4309
93	103	-1.9834
101	103	-1.8711
102	103	-1.8473
9	104	5.1469
26	104	4.5521
62	104	5.9437
70	104	6.3626
71	104	6.7756
75	104	6.5729
81	104	6.1946
89	104	6.3711
93	104	6.4626
101	104	6.9626
102	104	7.0116
9	105	0.37647
15	105	6.9026
16	105	6.4635
22	105	6.9704
23	105	6.7306
32	105	6.8014
38	105	6.6655
62	105	-1.9738
70	105	-1.8914
71	105	-1.3048
75	105	-2.0703
81	105	-1.623
9	106	0.91734
26	106	0.94854
62	106	-0.82821
70	106	-0.96534
71	106	-0.85123
75	106	-1.1029
81	106	-1.3839
89	106	-1.2271
93	106	-1.9671
101	106	-1.6043
102	106	-1.6169
9	107	2.4225
26	107	5.1947
62	107	1.9499
70	107	2.2337
71	107	2.997
75	107	2.1542
81	107	1.0404
89	107	6.7759
93	107	6.7835
101	107	7.5705
102	107	7.6228
9	108	1.1
13	108	1.7025
14	108	1.6904
39	108	6.4758
41	108	6.7651
62	108	-1.9284
70	108	-1.8887
71	108	-1.3365
75	108	-1.9753
81	108	-1.5485
85	108	-2.1385
86	108	-1.5588
92	108	-2.2602
94	108	-2.1855
95	108	-2.0686
96	108	-1.5614
105	108	-1.6454
9	109	1.189
13	109	1.8854
14	109	1.8675
39	109	6.4733
41	109	6.6074
62	109	-1.9238
70	109	-1.9594
71	109	-1.4176
75	109	-2.085
81	109	-1.7297
85	109	-2.1359
86	109	-1.5264
92	109	-2.5422
94	109	-2.3192
95	109	-1.8236
96	109	-1.334
105	109	-1.4627
9	110	1.1125
15	110	1.4983
16	110	1.5769
22	110	1.6403
23	110	1.7024
32	110	1.7966
38	110	1.8733
62	110	-1.4595
70	110	-1.4679
71	110	-0.94611
75	110	-1.5948
81	110	-1.5892
108	110	-2.0838
109	110	-1.7403
9	111	0.98669
15	111	1.47
16	111	1.4401
22	111	1.5948
23	111	1.5708
32	111	1.6698
38	111	1.7526
62	111	-1.4383
70	111	-1.4387
71	111	-0.9442
75	111	-1.5407
81	111	-1.2818
108	111	-2.3676
109	111	-1.9333
9	112	2.0238
26	112	3.599
62	112	1.6493
70	112	1.4638
71	112	1.1306
75	112	1.4574
81	112	1.7853
89	112	4.7923
93	112	4.6407
101	112	5.3807
102	112	5.4697
offset
60
