114
detection	body_part	cost
1	2	-2.8903
2	2	1.1805
3	11	9.2102
4	11	9.2102
5	5	-2.8073
6	3	-0.64029
7	5	-2.4722
8	5	-3.6059
9	3	-1.2644
10	1	-1.5526
11	3	-2.4053
12	4	-3.8202
13	3	-0.46255
14	1	-3.979
15	3	-1.425
16	1	-0.87372
17	4	-2.0917
18	1	-3.1229
19	4	0.97752
20	1	-1.3876
21	11	9.2102
22	10	1.342
23	10	0.29552
24	10	-0.91373
25	6	0.88277
26	11	9.2102
27	10	-2.0315
28	11	0.64741
29	4	-1.4906
30	5	-3.5084
31	11	9.2102
32	11	9.2102
33	10	0.73444
34	10	-1.0982
35	11	0.070068
36	10	0.26677
37	11	0.057576
38	4	-3.6025
39	9	-0.057287
40	9	-0.057901
41	11	9.2102
42	10	0.80543
43	3	0.60748
44	3	-0.86331
45	9	-1.9471
46	9	-1.255
47	9	0.13703
48	9	-0.61318
49	6	-1.6319
50	8	-1.6123
51	8	-0.8194
52	9	-2.1715
53	9	-0.50182
54	9	-0.51378
55	9	-0.073697
56	6	-1.3467
57	11	9.2102
58	11	9.2102
59	8	-6.3254
60	11	9.2102
61	9	-0.63269
62	9	-0.63084
63	6	0.16317
64	11	9.2102
65	11	9.2102
66	8	-6.7562
67	8	-6.1045
68	1	1.3265
69	1	0.56275
70	7	-4.2414
71	8	-0.3187
72	11	9.2102
73	12	-1.5241
74	12	0.67736
75	12	-0.018666
76	12	-0.075012
77	12	0.5617
78	7	0.18577
79	7	-6.42
80	11	9.2102
81	13	1.0514
82	13	0.7414
83	12	0.45278
84	12	-0.28205
85	12	-1.3818
86	11	1.2411
87	13	0.72841
88	13	-0.71843
89	11	9.2102
90	6	0.82312
91	8	-1.0303
92	8	-3.9534
93	12	-1.9128
94	12	-1.4588
95	11	9.2102
96	7	-0.79998
97	7	-2.2724
98	7	-0.21631
99	13	-1.1806
100	8	-3.3238
101	8	-0.10645
102	12	-0.2665
103	12	1.0149
104	11	9.2102
105	14	0.68602
106	7	-3.2455
107	7	-2.274
108	13	1.2745
109	13	0.90432
110	14	0.60856
111	13	-0.46631
112	13	-0.56543
113	14	-1.1472
114	14	-0.60085
detection1	detection2	cost
1	2	-1.5143
3	4	4.6202
5	7	-5.6071
5	8	-4.8231
7	8	-5.6071
6	9	-3.2674
6	11	-4.8231
9	11	-5.6071
6	13	-0.67521
9	13	-4.8231
11	13	-3.2674
10	14	-4.8231
6	15	-3.2674
9	15	-4.8231
11	15	-5.6071
13	15	-3.7143
10	16	-4.8231
14	16	-3.7143
12	17	-4.8231
10	18	-3.7143
14	18	-4.8231
16	18	-4.8231
12	19	-3.2674
17	19	-3.2674
10	20	-1.5143
14	20	-3.7143
16	20	-2.1462
18	20	-4.8231
3	21	9.6406
4	21	4.6202
22	23	-5.6071
22	24	1.9643
23	24	0.071429
3	26	12.262
4	26	4.4715
21	26	-3.2674
22	27	0.30445
23	27	-1.5143
24	27	-4.8231
3	28	16.7404
4	28	19.6016
21	28	9.6406
26	28	13.3214
12	29	29.6887
17	29	31.1069
19	29	27.0414
5	30	30.8274
7	30	30.2149
8	30	32.024
3	31	19.4026
4	31	7.7607
21	31	8.1089
26	31	4.0138
28	31	24.7342
3	32	16.2174
4	32	5.8845
21	32	2.6933
26	32	-1.5143
28	32	19.0675
31	32	-1.8214
22	33	-3.2674
23	33	-3.7143
24	33	0.96511
27	33	-1.5143
22	34	2.6933
23	34	0.96511
24	34	-3.7143
27	34	-4.8231
33	34	0.071429
3	35	17.1798
4	35	18.7964
21	35	8.1089
26	35	11.523
28	35	-4.8231
31	35	22.7857
32	35	17.1071
22	36	6.2802
23	36	4.4715
24	36	-2.1462
27	36	-1.5143
33	36	3.8571
34	36	-3.7143
3	37	18.2456
4	37	20.4477
21	37	9.9513
26	37	13.4073
28	37	-5.6071
31	37	24.6786
32	37	19
35	37	-5.6071
12	38	28.4144
17	38	29.6887
19	38	25.5573
29	38	-4.8231
39	40	-5.6071
3	41	15.9133
4	41	13.9152
21	41	1.9643
26	41	4.4715
28	41	2.6933
31	41	15.293
32	41	9.6406
35	41	0.30445
37	41	2.1517
22	42	3.5372
23	42	1.9643
24	42	-1.8214
27	42	-3.2674
33	42	0.30445
34	42	-5.6071
36	42	-3.2674
6	43	31.5222
9	43	27.2998
11	43	29.0571
13	43	24.8452
15	43	28.4144
6	44	29.785
9	44	25.5573
11	44	27.2998
13	44	23.08
15	44	26.624
43	44	-5.6071
39	45	9.6406
40	45	11.523
39	46	7.7607
40	46	9.6406
45	46	-5.6071
39	47	-1.5143
40	47	0.30445
45	47	3.8571
46	47	1.9643
39	48	-4.8231
40	48	-3.2674
45	48	7.6429
46	48	5.75
47	48	-3.7143
25	49	-1.5143
50	51	-5.6071
39	52	9.9513
40	52	11.8034
45	52	-5.6071
46	52	-4.8231
47	52	4.0138
48	52	7.7607
39	53	6.2802
40	53	8.1089
45	53	-3.2674
46	53	-4.8231
47	53	0.30445
48	53	4.0138
52	53	-3.7143
39	54	-0.67521
40	54	0.96511
45	54	4.0138
46	54	2.1517
47	54	-5.6071
48	54	-3.2674
52	54	3.8571
53	54	0.071429
39	55	-3.2674
40	55	-2.1462
45	55	7.7607
46	55	5.8845
47	55	-3.2674
48	55	-5.6071
52	55	7.6429
53	55	3.8571
54	55	-3.7143
25	56	0.30445
49	56	-5.6071
3	57	19.0675
4	57	14.5743
21	57	2.6933
26	57	3.2076
28	57	7.7607
31	57	12.262
32	57	6.9156
35	57	5.1977
37	57	6.9156
41	57	-2.1462
3	58	19.269
4	58	15.6053
21	58	3.5372
26	58	4.6202
28	58	6.1496
31	58	14.0819
32	58	8.6726
35	58	3.5372
37	58	5.1977
41	58	-3.2674
57	58	-5.6071
50	59	-5.6071
51	59	-4.8231
3	60	39.8214
4	60	27.7092
21	60	30.2149
26	60	26.0415
28	60	46.3384
31	60	14.6553
32	60	20.0604
35	60	44.1649
37	60	46.0381
41	60	36.4045
57	60	32.295
58	60	34.1859
39	61	10.4572
40	61	12.262
45	61	-3.7143
46	61	-3.2674
47	61	4.4715
48	61	8.1089
52	61	-5.6071
53	61	-3.2674
54	61	4.0138
55	61	7.7607
39	62	0.53071
40	62	1.9643
45	62	4.4715
46	62	2.6933
47	62	-3.7143
48	62	-2.1462
52	62	4.0138
53	62	0.30445
54	62	-5.6071
55	62	-3.2674
61	62	3.8571
25	63	2.1517
49	63	-3.7143
56	63	-5.6071
3	64	21.1441
4	64	14.0819
21	64	4.0138
26	64	2.1517
28	64	13.6628
31	64	7.7607
32	64	3.2076
35	64	11.1425
37	64	12.8867
41	64	3.5372
57	64	-1.5143
58	64	0.30445
60	64	26.5714
3	65	20.8929
4	65	15.3715
21	65	4.0138
26	65	3.5372
28	65	10.3572
31	65	11.1425
32	65	6.1496
35	65	7.7607
37	65	9.4302
41	65	0.53071
57	65	-4.8231
58	65	-3.2674
60	65	30.3571
64	65	-3.7143
50	66	-3.7143
51	66	-3.2674
59	66	-5.6071
50	67	-3.2674
51	67	-3.7143
59	67	-4.8231
66	67	-5.6071
10	68	28.2144
14	68	25.6115
16	68	28.9098
18	68	26.3605
20	68	23.8324
10	69	25.0659
14	69	22.4287
16	69	25.6115
18	69	23.0214
20	69	20.4477
68	69	-3.7143
50	71	-0.67521
51	71	-1.5143
59	71	-2.1462
66	71	-3.2674
67	71	-4.8231
3	72	36.6892
4	72	24.7342
21	72	24.6786
26	72	20.4477
28	72	39.8214
31	72	9.9513
32	72	14.5743
35	72	37.4927
37	72	39.3267
41	72	29.6887
57	72	25.1758
58	72	27.0414
60	72	0.96511
64	72	19.269
65	72	23.0214
73	74	-3.7143
73	75	5.75
74	75	1.9643
73	76	7.6429
74	76	3.8571
75	76	-5.6071
73	77	9.5357
74	77	5.75
75	77	-3.7143
76	77	-5.6071
70	78	-3.2674
70	79	-5.6071
78	79	-3.7143
3	80	25.1758
4	80	21.3932
21	80	9.4302
26	80	9.9513
28	80	8.783
31	80	17.8953
32	80	12.9744
35	80	6.1496
37	80	7.2837
41	80	1.9643
57	80	-0.67521
58	80	-1.5143
60	80	36.2
64	80	2.6933
65	80	-0.67521
72	80	28.4643
81	82	-5.6071
73	83	0.30445
74	83	-3.2674
75	83	-1.5143
76	83	0.30445
77	83	2.1517
73	84	2.1517
74	84	-1.5143
75	84	-3.2674
76	84	-1.5143
77	84	0.30445
83	84	-5.6071
73	85	7.7607
74	85	4.0138
75	85	-4.8231
76	85	-5.6071
77	85	-4.8231
83	85	0.071429
84	85	-1.8214
3	86	27.0414
4	86	23.0214
21	86	11.1425
26	86	11.4286
28	86	10.3572
31	86	18.7964
32	86	14.0819
35	86	7.7607
37	86	8.783
41	86	3.8571
57	86	0.96511
58	86	0.30445
60	86	36.4045
64	86	3.5372
65	86	0.53071
72	86	28.5141
80	86	-5.6071
81	87	-4.8231
82	87	-5.6071
81	88	-3.2674
82	88	-4.8231
87	88	-5.6071
3	89	44.7168
4	89	32.6536
21	89	33.1414
26	89	28.9098
28	89	48.1706
31	89	18.2456
32	89	23.0214
35	89	45.8033
37	89	47.6208
41	89	38.0074
57	89	33.3612
58	89	35.2048
60	89	0.071429
64	89	27.4026
65	89	31.1069
72	89	0.96511
80	89	36.2
86	89	36.0768
25	90	24.0034
49	90	23.08
56	90	22.4287
63	90	21.885
50	91	30.2149
51	91	32.024
59	91	29.6887
66	91	29.2526
67	91	31.1069
71	91	32.6536
50	92	28.4144
51	92	30.2149
59	92	27.8615
66	92	27.4026
67	92	29.2526
71	92	30.7807
91	92	-5.6071
73	93	6.2802
74	93	2.6933
75	93	-3.7143
76	93	-3.2674
77	93	-2.1462
83	93	-1.5143
84	93	-3.2674
85	93	-4.8231
73	94	8.1089
74	94	4.4715
75	94	-3.2674
76	94	-3.7143
77	94	-3.2674
83	94	0.30445
84	94	-1.5143
85	94	-5.6071
93	94	-5.6071
3	95	28.5141
4	95	21.885
21	95	11.4286
26	95	9.9513
28	95	16.5921
31	95	13.9152
32	95	10.3572
35	95	13.9152
37	95	15.293
41	95	7.7607
57	95	2.6933
58	95	3.5372
60	95	29.2526
64	95	0.30445
65	95	0.30445
72	95	21.1441
80	95	0.96511
86	95	0.30445
89	95	28.4643
70	96	-1.5143
78	96	-3.2674
79	96	-3.2674
70	97	-1.8214
78	97	-2.1462
79	97	-3.7143
96	97	-5.6071
70	98	-1.5143
78	98	-0.67521
79	98	-3.2674
96	98	-3.7143
97	98	-5.6071
81	99	-0.67521
82	99	-2.1462
87	99	-3.2674
88	99	-4.8231
50	100	27.2998
51	100	29.0571
59	100	26.624
66	100	26.0415
67	100	27.8615
71	100	29.2526
91	100	-3.2674
92	100	-4.8231
50	101	25.5573
51	101	27.2998
59	101	24.8452
66	101	24.2301
67	101	26.0415
71	101	27.4026
91	101	-1.5143
92	101	-3.2674
100	101	-5.6071
73	102	8.6726
74	102	5.1977
75	102	-1.5143
76	102	-1.8214
77	102	-1.5143
83	102	0.96511
84	102	-0.67521
85	102	-3.7143
93	102	-4.8231
94	102	-5.6071
73	103	10.4572
74	103	6.9156
75	103	-0.67521
76	103	-1.5143
77	103	-1.8214
83	103	2.6933
84	103	0.96511
85	103	-3.2674
93	103	-3.2674
94	103	-4.8231
102	103	-5.6071
3	104	30.4044
4	104	23.7178
21	104	13.3214
26	104	11.8034
28	104	17.9658
31	104	15.293
32	104	11.9882
35	104	15.293
37	104	16.5921
41	104	9.4302
57	104	4.4715
58	104	5.1977
60	104	29.6887
64	104	2.1517
65	104	2.1517
72	104	21.4551
80	104	1.9643
86	104	0.96511
89	104	28.5141
95	104	-5.6071
70	106	26.0415
78	106	21.885
79	106	25.5573
96	106	23.0214
97	106	24.9005
98	106	26.7811
70	107	24.2301
78	107	20.0604
79	107	23.7178
96	107	21.1441
97	107	23.0214
98	107	24.9005
106	107	-5.6071
81	108	12.8867
82	108	14.6553
87	108	14.0819
88	108	15.9133
99	108	17.3966
81	109	11.1425
82	109	12.8867
87	109	12.262
88	109	14.0819
99	109	15.5276
108	109	-5.6071
105	110	-4.8231
81	111	8.783
82	111	10.3572
87	111	9.4302
88	111	11.1425
99	111	12.262
108	111	-1.5143
109	111	-3.2674
81	112	7.2837
82	112	8.783
87	112	7.7607
88	112	9.4302
99	112	10.4572
108	112	0.30445
109	112	-1.5143
111	112	-5.6071
105	113	-2.1462
110	113	-1.5143
105	114	-0.67521
110	114	0.30445
113	114	-5.6071
1	10	-2.1104
2	10	-0.83191
3	10	2.7363
4	10	6.1834
5	10	-1.6176
6	10	-0.64268
7	10	-1.9654
8	10	-1.7124
9	10	0.089005
10	11	-0.3548
5	12	-2.3925
6	12	-1.713
7	12	-2.1012
8	12	-2.2535
9	12	-2.0781
10	12	-1.2141
11	12	-2.099
10	13	1.7333
12	13	-1.5885
1	14	-1.987
2	14	-0.49687
3	14	2.6044
4	14	4.741
5	14	-1.8598
6	14	-1.6519
7	14	-1.7333
8	14	-2.0853
9	14	-1.3111
11	14	-1.4891
12	14	-1.7739
13	14	-0.93173
10	15	-0.41067
12	15	-1.4057
14	15	-1.168
1	16	-2.0305
2	16	-1.4145
3	16	3.4153
4	16	6.2553
5	16	-1.6489
6	16	-1.6569
7	16	-1.6274
8	16	-1.9832
9	16	-0.13331
11	16	-1.5415
12	16	-2.0497
13	16	0.91106
15	16	-0.81876
5	17	-1.8565
6	17	-1.8437
7	17	-1.5827
8	17	-1.7449
9	17	-2.2302
10	17	-1.8915
11	17	-2.1286
13	17	-1.6739
14	17	-2.2445
15	17	-1.6681
16	17	-2.1256
1	18	-2.2044
2	18	-1.0124
3	18	3.0698
4	18	5.0615
5	18	-1.2634
6	18	-2.1577
7	18	-1.1906
8	18	-1.556
9	18	-1.6312
11	18	-2.3299
12	18	-1.5903
13	18	-0.51556
15	18	-1.7463
17	18	-1.6431
5	19	-1.5751
6	19	-0.25791
7	19	-1.4643
8	19	-1.7287
9	19	-1.9473
10	19	-0.69158
11	19	-1.3264
13	19	-1.7698
14	19	-1.5625
15	19	-1.681
16	19	-0.86115
18	19	-2.1435
1	20	-2.0226
2	20	-0.69352
3	20	2.7174
4	20	4.0193
5	20	-1.012
6	20	-2.1296
7	20	-0.90075
8	20	-1.2736
9	20	-2.2997
11	20	-2.3054
12	20	-1.2562
13	20	-1.5319
15	20	-1.6548
17	20	-1.1906
19	20	-1.4944
10	21	1.4993
14	21	0.12626
16	21	1.8469
18	21	-0.20862
20	21	-0.2092
3	22	2.2706
4	22	4.1216
10	22	0.34267
14	22	-0.66285
16	22	0.33297
18	22	-1.1036
20	22	-0.44634
21	22	5.2797
3	23	2.7447
4	23	4.637
10	23	-0.82031
14	23	-1.3095
16	23	-0.97795
18	23	-0.7427
20	23	0.1478
21	23	5.1885
3	24	5.1115
4	24	4.6305
10	24	-0.73929
14	24	-1.1185
16	24	-0.95755
18	24	-1.3007
20	24	-0.79836
21	24	4.5419
10	25	-2.2995
14	25	-1.8935
16	25	-1.8852
18	25	-2.1866
20	25	-1.8276
10	26	3.6247
14	26	2.7574
16	26	4.2892
18	26	3.6847
20	26	1.6586
22	26	4.7144
23	26	4.8322
24	26	4.531
3	27	3.9699
4	27	5.3784
10	27	-0.87626
14	27	-1.3435
16	27	-1.0147
18	27	-1.5226
20	27	-0.90599
21	27	5.491
26	27	5.2439
10	28	-1.0662
14	28	-1.3653
16	28	-1.1872
18	28	-1.1919
20	28	-0.86984
22	28	-1.6259
23	28	-1.5581
24	28	-0.77941
27	28	-1.6576
5	29	0.23151
6	29	6.6026
7	29	0.33025
8	29	0.26001
9	29	6.7792
10	29	6.8408
11	29	7.0276
13	29	6.9857
14	29	7.1272
15	29	7.4732
16	29	7.6218
18	29	7.5838
20	29	7.7034
10	30	8.1886
12	30	7.337
14	30	8.4222
16	30	8.8436
17	30	6.805
18	30	8.6713
19	30	7.2109
20	30	8.722
29	30	-2.085
10	31	5.8979
14	31	5.8067
16	31	6.2153
18	31	6.4719
20	31	6.7404
22	31	2.8416
23	31	2.8415
24	31	2.4397
27	31	3.0728
10	32	4.8345
14	32	4.5467
16	32	5.3067
18	32	5.4279
20	32	5.4831
22	32	4.4415
23	32	4.48
24	32	4.1427
27	32	4.7389
3	33	2.5549
4	33	3.8278
10	33	-0.11656
14	33	-1.1278
16	33	-0.0079353
18	33	-1.1358
20	33	-1.3194
21	33	5.0072
26	33	6.4751
28	33	-1.3971
31	33	3.8324
32	33	5.486
3	34	4.3836
4	34	5.2661
10	34	-1.0604
14	34	-1.4467
16	34	-1.1443
18	34	-1.6866
20	34	-1.1098
21	34	5.7148
26	34	5.452
28	34	-0.36622
31	34	3.2316
32	34	4.8856
10	35	-0.94557
14	35	-1.288
16	35	-1.06
18	35	-1.5605
20	35	-1.1519
22	35	-1.8222
23	35	-1.703
24	35	-0.62655
27	35	-1.558
33	35	-1.5963
34	35	-1.1384
3	36	4.5024
4	36	3.883
10	36	-0.91101
14	36	-1.2204
16	36	-1.0085
18	36	-1.5431
20	36	-1.1621
21	36	4.4056
26	36	4.3623
28	36	2.0819
31	36	2.2502
32	36	3.904
35	36	4.6979
10	37	-1.2239
14	37	-1.4666
16	37	-1.3065
18	37	-1.2596
20	37	-0.91493
22	37	-1.8988
23	37	-1.81
24	37	-0.8483
27	37	-1.6982
33	37	-1.5378
34	37	-1.0872
36	37	-0.20861
5	38	-0.063634
6	38	6.7344
7	38	0.22993
8	38	0.15619
9	38	6.8908
10	38	7.3912
11	38	7.1846
13	38	7.133
14	38	7.6618
15	38	7.7081
16	38	8.1663
18	38	8.1254
20	38	8.236
30	38	-1.925
10	39	-0.38407
14	39	-0.92961
16	39	0.017978
18	39	-0.53845
20	39	-1.1437
22	39	-0.96772
23	39	-1.5708
24	39	-2.011
27	39	-2.2327
33	39	-1.5509
34	39	-2.0027
36	39	-1.9658
10	40	-0.9395
14	40	-1.1611
16	40	-0.55228
18	40	-1.2901
20	40	0.054411
22	40	0.11444
23	40	-0.72013
24	40	-2.0066
27	40	-1.9808
33	40	-1.6914
34	40	-2.0801
36	40	-2.0803
10	41	0.19752
14	41	-0.53185
16	41	0.143
18	41	-0.54045
20	41	-1.3368
22	41	-0.38177
23	41	-0.67148
24	41	0.79967
27	41	0.72111
33	41	-0.16871
34	41	2.359
36	41	2.0267
3	42	4.4112
4	42	5.27
10	42	-0.93369
14	42	-1.2879
16	42	-0.9693
18	42	-1.5705
20	42	-1.5445
21	42	5.8457
26	42	5.6746
28	42	0.55768
31	42	3.3875
32	42	5.0312
35	42	0.40709
37	42	0.042668
39	42	-1.5876
40	42	-1.5988
41	42	3.4858
10	43	4.1809
12	43	0.67316
14	43	5.2472
16	43	3.94
17	43	1.0028
18	43	4.2039
19	43	0.96585
20	43	4.0286
29	43	-0.74049
38	43	-1.9544
10	44	4.2685
12	44	0.53062
14	44	5.3927
16	44	4.064
17	44	0.97044
18	44	4.328
19	44	0.98059
20	44	4.1506
29	44	-1.2144
38	44	-1.9559
10	45	5.2777
14	45	5.26
16	45	5.4848
18	45	5.5745
20	45	5.624
22	45	-0.44869
23	45	-0.46507
24	45	-0.66789
27	45	-0.92781
33	45	-0.77887
34	45	-0.9474
36	45	-0.83094
42	45	-0.88784
10	46	4.8192
14	46	4.7777
16	46	5.0583
18	46	5.135
20	46	5.1676
22	46	-0.57571
23	46	-0.63291
24	46	-0.85205
27	46	-1.1089
33	46	-0.95996
34	46	-1.1105
36	46	-0.98782
42	46	-1.0361
10	47	0.1962
14	47	-0.29673
16	47	0.79771
18	47	0.52077
20	47	-0.057114
22	47	-1.0935
23	47	-1.2168
24	47	-1.6575
27	47	-2.0261
33	47	-1.7422
34	47	-2.1408
36	47	-1.9932
42	47	-1.9874
10	48	-0.70857
14	48	-1.2713
16	48	-0.14935
18	48	-0.77687
20	48	-1.5335
22	48	-1.3807
23	48	-1.7639
24	48	-2.1601
27	48	-2.1276
33	48	-2.03
34	48	-2.1927
36	48	-1.9893
42	48	-2.0797
10	49	-1.8025
14	49	-1.8964
16	49	-1.4357
18	49	-1.8514
20	49	-1.7873
10	50	-1.3097
14	50	-1.6719
16	50	-1.2571
18	50	-1.7123
20	50	-1.5284
10	51	-1.5041
14	51	-1.9481
16	51	-1.4425
18	51	-1.7177
20	51	-1.281
10	52	4.8467
14	52	4.802
16	52	5.0478
18	52	5.1055
20	52	5.1191
22	52	-0.53785
23	52	-0.52835
24	52	-0.70213
27	52	-0.98856
33	52	-0.89034
34	52	-1.0086
36	52	-0.86947
42	52	-0.95678
10	53	3.5848
14	53	3.4782
16	53	3.8603
18	53	3.8766
20	53	3.8326
22	53	-0.91546
23	53	-0.96708
24	53	-1.1932
27	53	-1.4822
33	53	-1.4104
34	53	-1.4643
36	53	-1.2192
42	53	-1.3835
10	54	-0.34169
14	54	-0.83536
16	54	0.21322
18	54	-0.10098
20	54	-0.68153
22	54	-1.4225
23	54	-1.5012
24	54	-1.9095
27	54	-1.8453
33	54	-2.1915
34	54	-1.9517
36	54	-1.7496
42	54	-1.9415
10	55	-1.2187
14	55	-1.7701
16	55	-0.71075
18	55	-1.291
20	55	-1.8243
22	55	-1.1043
23	55	-1.4457
24	55	-1.8744
27	55	-1.7169
33	55	-1.4889
34	55	-1.8344
36	55	-1.6874
42	55	-1.8494
10	56	-1.8137
14	56	-1.7843
16	56	-1.4712
18	56	-1.8667
20	56	-1.7581
10	57	0.71977
14	57	0.011617
16	57	0.86862
18	57	0.29187
20	57	-0.48617
22	57	-0.72984
23	57	-0.68482
24	57	1.0004
27	57	1.2083
33	57	-0.64476
34	57	1.9107
36	57	1.5669
42	57	2.312
10	58	0.59228
14	58	-0.091192
16	58	0.67321
18	58	0.11342
20	58	-0.60867
22	58	-0.55842
23	58	-0.9058
24	58	0.62097
27	58	0.67734
33	58	-0.68523
34	58	1.4935
36	58	1.3429
42	58	1.9379
10	59	-1.1911
14	59	-1.5222
16	59	-1.121
18	59	-1.5393
20	59	-2.0681
10	60	7.5559
14	60	7.4509
16	60	7.6439
18	60	7.8417
20	60	8.0021
22	60	6.525
23	60	6.4803
24	60	6.0012
27	60	6.4616
33	60	6.9266
34	60	6.463
36	60	5.5678
42	60	6.4605
10	61	4.5087
14	61	4.4419
16	61	4.7004
18	61	4.7296
20	61	4.7138
22	61	-0.67231
23	61	-0.65249
24	61	-0.80511
27	61	-1.121
33	61	-1.0727
34	61	-0.94772
36	61	-0.70084
42	61	-0.86005
10	62	-0.73416
14	62	-1.2216
16	62	-0.22849
18	62	-0.56787
20	62	-1.1326
22	62	-1.5834
23	62	-1.6454
24	62	-1.6483
27	62	-1.4811
33	62	-1.6771
34	62	-1.6084
36	62	-1.5363
42	62	-1.7058
10	63	-1.5129
14	63	-1.4748
16	63	-1.6331
18	63	-1.5606
20	63	-1.5122
10	64	1.8129
14	64	1.2362
16	64	2.1013
18	64	1.7466
20	64	1.1696
22	64	-0.18279
23	64	0.28443
24	64	1.1334
27	64	1.4932
33	64	1.0141
34	64	1.9271
36	64	1.3896
42	64	2.1714
10	65	1.0292
14	65	0.37981
16	65	1.2359
18	65	0.765
20	65	0.090138
22	65	-0.6395
23	65	-0.11567
24	65	1.0833
27	65	1.3277
33	65	0.22671
34	65	1.8585
36	65	1.4731
42	65	2.1377
10	66	-1.5473
14	66	-1.9303
16	66	-1.536
18	66	-1.9451
20	66	-1.8297
10	67	-1.5092
14	67	-1.9628
16	67	-1.4664
18	67	-1.9055
20	67	-1.8118
1	68	3.2282
2	68	3.9541
3	68	0.92411
4	68	-0.43095
5	68	0.66774
6	68	1.691
7	68	1.0363
8	68	0.84948
9	68	2.0541
11	68	1.774
12	68	0.98787
13	68	2.6334
15	68	1.0297
17	68	1.759
19	68	1.5854
21	68	0.99907
22	68	1.2325
23	68	1.7745
24	68	1.0805
25	68	4.0547
26	68	0.13413
27	68	1.3111
28	68	0.97451
29	68	-0.69806
30	68	-1.4483
31	68	0.40662
32	68	0.39554
33	68	1.5392
34	68	1.3778
35	68	0.99423
36	68	1.2046
37	68	1.1162
38	68	-1.7831
39	68	2.4765
40	68	2.6622
41	68	0.86753
42	68	1.336
43	68	-2.152
44	68	-2.3578
45	68	-1.2324
46	68	-0.79112
47	68	2.8059
48	68	2.7749
49	68	3.4105
50	68	2.0701
51	68	2.1737
52	68	-0.9743
53	68	0.57552
54	68	2.9683
55	68	2.971
56	68	3.3269
57	68	1.2128
58	68	1.0233
59	68	1.8753
60	68	5.6114
61	68	-0.71139
62	68	3.0725
63	68	3.3284
64	68	1.2197
65	68	1.2915
66	68	2.099
67	68	2.0365
1	69	4.3082
2	69	4.7249
3	69	1.1092
4	69	-0.11637
5	69	0.7753
6	69	1.6296
7	69	1.1341
8	69	0.94571
9	69	1.9931
11	69	1.7115
12	69	1.1733
13	69	2.5858
15	69	1.0031
17	69	1.9195
19	69	1.7458
21	69	1.0866
22	69	1.253
23	69	1.7703
24	69	1.0524
25	69	4.5343
26	69	0.26251
27	69	1.272
28	69	0.96371
29	69	-1.6363
30	69	-0.8312
31	69	0.70777
32	69	0.56509
33	69	1.5033
34	69	1.2976
35	69	0.97299
36	69	1.1195
37	69	1.0935
38	69	-1.4905
39	69	2.4637
40	69	2.6119
41	69	0.85054
42	69	1.2449
43	69	-1.0382
44	69	-1.3189
45	69	-0.67848
46	69	-0.39483
47	69	2.7516
48	69	2.6616
49	69	3.8102
50	69	2.199
51	69	2.303
52	69	-0.66236
53	69	0.57441
54	69	2.8457
55	69	2.8465
56	69	3.7018
57	69	1.1416
58	69	0.95129
59	69	1.9922
60	69	6.8528
61	69	-0.77984
62	69	2.9364
63	69	3.6764
64	69	1.1355
65	69	1.2078
66	69	2.2067
67	69	2.145
10	70	-2.0394
14	70	-1.9737
16	70	-1.8805
18	70	-2.1682
20	70	-1.5841
25	70	-1.9937
49	70	-2.2508
50	70	-1.3579
51	70	-1.7166
56	70	-2.0421
59	70	-1.7151
63	70	-1.9678
66	70	-2.2506
67	70	-2.351
68	70	3.2801
69	70	3.4622
10	71	-1.7664
14	71	-2.0973
16	71	-1.7129
18	71	-1.928
20	71	-1.5813
68	71	2.2093
69	71	2.3111
70	71	-2.3671
10	72	6.7986
14	72	6.6563
16	72	6.9063
18	72	7.0569
20	72	7.1657
22	72	4.8844
23	72	4.8751
24	72	4.5157
27	72	4.9507
33	72	5.3247
34	72	4.9859
36	72	4.1577
42	72	4.9976
68	72	0.77251
69	72	2.3364
10	73	3.6838
14	73	3.576
16	73	3.8738
18	73	3.8013
20	73	3.7411
68	73	-0.64088
69	73	-0.90541
10	74	2.4878
14	74	2.3264
16	74	2.7362
18	74	2.6171
20	74	2.4945
68	74	0.5999
69	74	0.50238
10	75	-1.8127
14	75	-1.7465
16	75	-1.3923
18	75	-1.8422
20	75	-1.7905
68	75	2.8922
69	75	2.8992
10	76	-1.7419
14	76	-1.2591
16	76	-1.8614
18	76	-1.7328
20	76	-1.137
68	76	3.005
69	76	3.015
10	77	-1.7737
14	77	-1.2469
16	77	-1.6234
18	77	-1.6612
20	77	-0.99509
68	77	2.871
69	77	2.8839
10	78	-1.7356
14	78	-1.3817
16	78	-1.9107
18	78	-1.716
20	78	-1.2781
25	78	-1.8747
49	78	-1.2607
50	78	-1.5528
51	78	-1.8086
56	78	-1.0577
59	78	-1.9178
63	78	-0.67009
66	78	-2.3507
67	78	-2.5117
68	78	3.466
69	78	3.6276
71	78	-2.2295
10	79	-2.089
14	79	-1.7446
16	79	-2.0463
18	79	-1.977
20	79	-1.538
25	79	-2.3153
49	79	-2.4692
50	79	-1.5357
51	79	-1.6266
56	79	-2.1537
59	79	-1.9044
63	79	-1.6652
66	79	-2.3309
67	79	-2.4793
68	79	3.2788
69	79	3.4461
71	79	-2.1853
10	80	0.08897
14	80	-0.51229
16	80	0.13284
18	80	-0.29953
20	80	-0.82974
22	80	-0.90296
23	80	-0.8661
24	80	0.20531
27	80	0.18285
33	80	-1.0302
34	80	0.581
36	80	0.58794
42	80	0.6357
68	80	1.5198
69	80	1.4078
10	81	-1.381
14	81	-1.8409
16	81	-1.3606
18	81	-1.8126
20	81	-1.5042
68	81	1.9934
69	81	1.8557
73	81	-0.87118
74	81	-1.0579
75	81	-1.2992
76	81	-1.3109
77	81	-1.5488
10	82	-1.1681
14	82	-1.5134
16	82	-1.0853
18	82	-1.6156
20	82	-1.6685
68	82	1.7763
69	82	1.6408
73	82	-0.7589
74	82	-0.94316
75	82	-1.1956
76	82	-1.2281
77	82	-1.4968
10	83	0.28723
14	83	0.0024488
16	83	0.60248
18	83	0.37032
20	83	0.10204
68	83	2.0456
69	83	1.8117
81	83	-1.1707
82	83	-1.082
10	84	-0.58229
14	84	-0.93153
16	84	-0.23196
18	84	-0.53026
20	84	-0.88734
68	84	2.4395
69	84	2.2244
81	84	-1.4552
82	84	-1.3721
10	85	-1.8793
14	85	-1.4275
16	85	-1.8655
18	85	-1.8636
20	85	-1.312
68	85	2.9249
69	85	2.7977
81	85	-1.6316
82	85	-1.6043
10	86	-0.27975
14	86	-0.87529
16	86	-0.23096
18	86	-0.6499
20	86	-1.1241
22	86	-0.71351
23	86	-0.90665
24	86	0.035336
27	86	0.031903
33	86	-0.84849
34	86	0.36701
36	86	0.34138
42	86	0.38083
68	86	1.8938
69	86	1.7731
10	87	-1.0489
14	87	-1.4252
16	87	-1.0169
18	87	-1.4463
20	87	-1.8193
68	87	1.7595
69	87	1.5374
73	87	-0.94447
74	87	-1.1501
75	87	-1.5387
76	87	-1.6216
77	87	-1.9535
83	87	-1.3163
84	87	-1.6384
85	87	-2.0242
10	88	-1.1418
14	88	-1.4728
16	88	-1.0795
18	88	-1.5636
20	88	-1.6206
68	88	1.7726
69	88	1.5594
73	88	-0.92836
74	88	-1.1338
75	88	-1.5452
76	88	-1.6425
77	88	-2.0045
83	88	-1.3099
84	88	-1.6342
85	88	-2.0699
10	89	7.1091
14	89	6.9669
16	89	7.185
18	89	7.3348
20	89	7.4447
22	89	6.3354
23	89	6.3082
24	89	5.9026
27	89	6.3165
33	89	6.6787
34	89	6.3146
36	89	5.4879
42	89	6.2958
68	89	5.2051
69	89	6.4073
10	90	1.6425
14	90	1.7615
16	90	1.5386
18	90	1.5932
20	90	1.8673
68	90	-1.7444
69	90	-1.5685
70	90	1.9589
78	90	1.9781
79	90	1.9138
10	91	4.747
14	91	4.8388
16	91	4.934
18	91	5.0551
20	91	5.1332
68	91	-1.308
69	91	-2.0179
70	91	6.1159
78	91	6.0218
79	91	6.0142
10	92	4.5584
14	92	4.6333
16	92	4.7545
18	92	4.8604
20	92	4.9204
68	92	-1.1103
69	92	-1.5531
70	92	6.2069
78	92	6.131
79	92	6.1119
10	93	-1.6237
14	93	-2.1782
16	93	-1.3298
18	93	-1.7412
20	93	-2.2667
68	93	2.6964
69	93	2.466
81	93	-1.5629
82	93	-1.8245
87	93	-2.0346
88	93	-1.9872
10	94	-1.9263
14	94	-1.6861
16	94	-1.6585
18	94	-1.9581
20	94	-1.5962
68	94	2.7832
69	94	2.5557
81	94	-1.4344
82	94	-1.6193
87	94	-2.0589
88	94	-2.0233
10	95	0.43843
14	95	-0.10352
16	95	0.62072
18	95	0.30111
20	95	-0.14056
22	95	-0.17472
23	95	-0.17922
24	95	0.51105
27	95	0.70203
33	95	0.048733
34	95	1.0126
36	95	0.68814
42	95	1.102
68	95	2.1186
69	95	1.9812
10	96	-1.7222
14	96	-1.4397
16	96	-1.7605
18	96	-1.7442
20	96	-1.409
25	96	-1.714
49	96	-1.2451
50	96	-1.763
51	96	-1.8389
56	96	-0.99994
59	96	-2.0674
63	96	-0.53846
66	96	-2.3475
67	96	-2.2998
68	96	3.0853
69	96	3.2132
71	96	-1.6879
90	96	1.577
91	96	5.3548
92	96	5.4168
10	97	-1.8083
14	97	-1.5744
16	97	-1.7953
18	97	-1.8525
20	97	-1.5179
25	97	-2.0269
49	97	-1.6906
50	97	-1.8179
51	97	-1.9324
56	97	-1.4612
59	97	-2.1165
63	97	-0.91003
66	97	-2.4279
67	97	-2.0803
68	97	3.0186
69	97	3.1506
71	97	-1.4481
90	97	1.5725
91	97	5.2945
92	97	5.3566
10	98	-1.7479
14	98	-1.7477
16	98	-1.6645
18	98	-2.0009
20	98	-1.6626
25	98	-2.1603
49	98	-2.0577
50	98	-1.6847
51	98	-1.8413
56	98	-1.8481
59	98	-1.9494
63	98	-1.2522
66	98	-2.2283
67	98	-1.9264
68	98	2.9173
69	98	3.0528
71	98	-1.2798
90	98	1.5542
91	98	5.2298
92	98	5.2917
10	99	-1.013
14	99	-1.3304
16	99	-0.9487
18	99	-1.3922
20	99	-1.6576
68	99	1.6942
69	99	1.445
73	99	-1.0925
74	99	-1.3115
75	99	-1.7904
76	99	-1.908
77	99	-2.009
83	99	-1.5201
84	99	-1.8659
85	99	-2.2164
93	99	-2.1518
94	99	-2.1854
10	100	4.151
14	100	4.1955
16	100	4.3437
18	100	4.419
20	100	4.4446
68	100	-1.0668
69	100	-1.4452
70	100	6.3866
78	100	6.47
79	100	6.7001
96	100	6.0602
97	100	5.9832
98	100	5.9014
10	101	3.6045
14	101	3.6244
16	101	3.8136
18	101	3.8665
20	101	3.8651
68	101	-0.35185
69	101	-0.61199
70	101	6.1125
78	101	6.1849
79	101	6.4616
96	101	6.1282
97	101	6.0469
98	101	5.9612
10	102	-1.5871
14	102	-1.9123
16	102	-1.3398
18	102	-1.6289
20	102	-1.9351
68	102	2.6086
69	102	2.3688
81	102	-0.98211
82	102	-1.2089
87	102	-1.5679
88	102	-1.5672
99	102	-1.8932
10	103	-1.5536
14	103	-1.7863
16	103	-1.3081
18	103	-1.6104
20	103	-1.6399
68	103	2.5843
69	103	2.3481
81	103	-0.89564
82	103	-1.1659
87	103	-1.5904
88	103	-1.6314
99	103	-2.0232
10	104	0.79926
14	104	0.30163
16	104	0.9536
18	104	0.68138
20	104	0.31063
22	104	-0.16734
23	104	-0.088139
24	104	0.51091
27	104	0.69449
33	104	0.10433
34	104	0.96225
36	104	0.63718
42	104	1.0195
68	104	1.8832
69	104	1.7312
10	105	-0.57607
14	105	-1.0264
16	105	-0.47762
18	105	-0.74344
20	105	-0.94716
68	105	2.1447
69	105	1.9309
81	105	1.6109
82	105	1.8028
87	105	2.3135
88	105	2.429
99	105	3.1927
10	106	3.0456
14	106	3.1538
16	106	3.1286
18	106	3.2638
20	106	3.3351
25	106	3.6926
49	106	4.5386
50	106	-0.534
51	106	-0.59169
56	106	4.8929
59	106	-0.5342
63	106	5.3288
66	106	-0.55266
67	106	-0.52162
68	106	-0.94448
69	106	-1.8873
71	106	-0.1981
90	106	-2.1616
91	106	-2.0148
92	106	-2.3249
100	106	-2.1413
101	106	-2.0194
10	107	3.3131
14	107	3.4092
16	107	3.3889
18	107	3.5134
20	107	3.5721
25	107	3.8263
49	107	4.7117
50	107	-0.25522
51	107	-0.31128
56	107	5.0787
59	107	-0.25937
63	107	5.5294
66	107	-0.28102
67	107	-0.24903
68	107	-1.3893
69	107	-2.1548
71	107	0.085078
90	107	-2.5052
91	107	-1.7233
92	107	-2.379
100	107	-2.0311
101	107	-1.7969
10	108	1.4677
14	108	1.1547
16	108	1.6684
18	108	1.6055
20	108	1.4011
68	108	1.6997
69	108	1.3654
73	108	-0.72469
74	108	-0.39108
75	108	2.6177
76	108	3.0958
77	108	3.5919
83	108	0.63658
84	108	1.6154
85	108	3.6015
93	108	3.5785
94	108	4.0614
102	108	4.5723
103	108	4.8647
105	108	-0.33734
10	109	0.96258
14	109	0.6123
16	109	1.1684
18	109	1.0672
20	109	0.8137
68	109	1.9262
69	109	1.6026
73	109	-0.81111
74	109	-0.61045
75	109	2.0327
76	109	2.6041
77	109	3.1874
83	109	-0.14729
84	109	0.77153
85	109	3.0945
93	109	2.8386
94	109	3.5643
102	109	4.1838
103	109	4.6017
105	109	0.061457
10	110	-0.20865
14	110	-0.61667
16	110	-0.097471
18	110	-0.2993
20	110	-0.69924
68	110	2.0655
69	110	1.8289
81	110	1.4806
82	110	1.6011
87	110	2.0171
88	110	2.1138
99	110	2.8232
108	110	-0.7288
109	110	-0.37755
10	111	0.42263
14	111	0.030955
16	111	0.56975
18	111	0.43024
20	111	0.11551
68	111	2.0146
69	111	1.6893
73	111	-0.95254
74	111	-0.83391
75	111	1.1676
76	111	1.739
77	111	2.416
83	111	-0.5488
84	111	0.085074
85	111	2.0079
93	111	1.2844
94	111	2.0931
102	111	2.0655
103	111	3.1756
105	111	1.2529
110	111	1.0203
10	112	0.32685
14	112	-0.074079
16	112	0.45773
18	112	0.29271
20	112	-0.039354
68	112	1.9487
69	112	1.627
73	112	-1.0654
74	112	-0.95079
75	112	0.74339
76	112	1.3037
77	112	2.0133
83	112	-0.80178
84	112	-0.25592
85	112	1.4818
93	112	0.6643
94	112	1.398
102	112	1.0366
103	112	2.2395
105	112	1.6964
110	112	1.563
10	113	-0.42487
14	113	-0.81861
16	113	-0.40321
18	113	-0.58988
20	113	-0.95998
68	113	1.8145
69	113	1.5847
81	113	0.77945
82	113	1.0748
87	113	1.4785
88	113	1.8033
99	113	2.8288
108	113	-1.2694
109	113	-1.5184
111	113	-0.79845
112	113	-0.67806
10	114	-0.27492
14	114	-0.66003
16	114	-0.2753
18	114	-0.45241
20	114	-0.81202
68	114	1.5504
69	114	1.3238
81	114	0.31159
82	114	0.65588
87	114	1.0124
88	114	1.4421
99	114	2.6057
108	114	-1.3355
109	114	-1.5029
111	114	-0.84027
112	114	-0.72184
offset
60
