125
detection	body_part	cost
1	14	0.42144
2	14	0.21261
3	11	0.12583
4	11	-0.4215
5	11	9.2102
6	11	0.59547
7	11	0.57284
8	12	1.2257
9	10	0.56887
10	11	9.2102
11	11	9.2102
12	4	-2.5854
13	9	-1.4726
14	12	0.13755
15	9	-0.57639
16	10	-0.6496
17	13	-0.62149
18	10	-1.631
19	13	-0.29373
20	12	0.45772
21	11	9.2102
22	3	-1.9665
23	7	1.1114
24	12	0.13938
25	12	-1.0115
26	3	-3.1611
27	1	-1.0138
28	7	1.3321
29	7	0.37415
30	11	9.2102
31	3	-1.5137
32	1	-0.36165
33	3	-1.1441
34	6	-0.38158
35	1	-3.7333
36	6	-0.18674
37	6	0.69495
38	7	-0.5158
39	11	9.2102
40	14	0.35555
41	6	-1.5789
42	1	-1.0887
43	7	-1.4511
44	7	0.18631
45	5	-1.904
46	6	-0.83502
47	8	-0.3699
48	14	0.9216
49	14	-1.702
50	2	1.153
51	6	0.78323
52	5	-1.1414
53	5	-2.8038
54	6	0.3107
55	7	0.23947
56	8	-4.5417
57	13	-1.058
58	11	9.2102
59	2	-3.1253
60	5	1.0149
61	5	-1.5005
62	13	-2.3263
63	13	-1.4427
64	11	0.40938
65	11	-1.6775
66	7	-0.12276
67	11	9.2102
68	11	9.2102
69	13	0.46498
70	11	-1.7332
71	2	-0.71305
72	2	0.63686
73	7	-1.3485
74	7	-3.8578
75	12	1.0337
76	11	9.2102
77	13	0.98158
78	11	1.2077
79	11	-0.091779
80	11	9.2102
81	10	0.48434
82	10	-0.41627
83	10	0.19619
84	6	-1.7516
85	7	1.1799
86	12	-1.8306
87	10	0.27973
88	10	-0.091806
89	6	-3.4787
90	12	0.30583
91	12	-2.7021
92	12	0.020932
93	10	-1.52
94	12	-0.67389
95	6	-1.5624
96	1	-0.41526
97	5	0.66389
98	9	0.52436
99	9	-1.2124
100	9	-0.33737
101	5	1.3083
102	11	9.2102
103	11	9.2102
104	9	-2.4038
105	2	0.79721
106	1	-3.7543
107	1	0.11667
108	9	-0.81562
109	5	1.2182
110	5	1.0463
111	1	1.2985
112	2	-3.3554
113	3	-0.79145
114	3	-2.2584
115	4	-1.579
116	9	1.0681
117	3	-3.9377
118	4	1.1797
119	2	-1.2295
120	11	9.2102
121	3	-1.4949
122	3	-3.1073
123	3	-1.0783
124	4	-0.068885
125	3	-0.5458
detection1	detection2	cost
1	2	-5.6071
3	4	-5.6071
3	5	4.4715
4	5	6.2802
3	6	-3.7143
4	6	-3.2674
5	6	3.8571
3	7	-2.1462
4	7	-3.2674
5	7	7.6429
6	7	-3.7143
3	10	-0.67521
4	10	0.53071
5	10	0.30445
6	10	-3.2674
7	10	0.30445
3	11	36.6892
4	11	38.5552
5	11	24.9005
6	11	36.2
7	11	39.9726
10	11	32.295
8	14	-3.2674
13	15	-5.6071
9	16	0.96511
9	18	-2.1462
16	18	-3.7143
17	19	-3.7143
8	20	0.53071
14	20	-3.2674
3	21	5.1977
4	21	6.1496
5	21	1.9643
6	21	1.9643
7	21	4.6202
10	21	-1.5143
11	21	30.546
8	24	0.071429
14	24	-3.2674
20	24	-1.5143
8	25	0.96511
14	25	-3.2674
20	25	-4.8231
24	25	-3.7143
22	26	-4.8231
23	28	-3.2674
23	29	-5.6071
28	29	-3.7143
3	30	15.293
4	30	16.7404
5	30	5.1977
6	30	12.9744
7	30	16.2174
10	30	8.783
11	30	20.0604
21	30	4.4715
22	31	-2.1462
26	31	-4.8231
27	32	-4.8231
22	33	-3.7143
26	33	-4.8231
31	33	-3.7143
27	35	-4.8231
32	35	-3.7143
34	36	-3.7143
34	37	-1.8214
36	37	-5.6071
23	38	-2.1462
28	38	0.30445
29	38	-3.2674
3	39	24.0034
4	39	25.6115
5	39	12.6213
6	39	22.1279
7	39	25.5573
10	39	17.8953
11	39	11.9882
21	39	14.0819
30	39	2.1517
1	40	19.269
2	40	17.9658
34	41	-4.8231
36	41	-4.8231
37	41	-3.2674
27	42	-2.1462
32	42	-1.5143
35	42	-4.8231
23	43	-1.5143
28	43	-0.67521
29	43	-3.2674
38	43	-4.8231
23	44	0.53071
28	44	2.6933
29	44	-0.67521
38	44	-4.8231
43	44	-3.7143
34	46	-2.1462
36	46	-3.7143
37	46	-3.2674
41	46	-4.8231
1	48	19.7992
2	48	18.2456
40	48	-2.1462
1	49	23.3135
2	49	21.9459
40	49	-3.2674
48	49	-1.8214
34	51	-1.8214
36	51	-0.67521
37	51	0.53071
41	51	-3.2674
46	51	-3.2674
45	52	-4.8231
45	53	-5.6071
52	53	-5.6071
34	54	-0.67521
36	54	-1.8214
37	54	-1.5143
41	54	-3.2674
46	54	-5.6071
51	54	-3.7143
23	55	1.9643
28	55	0.96511
29	55	0.071429
38	55	-0.67521
43	55	-3.2674
44	55	-0.67521
47	56	-3.2674
17	57	7.7607
19	57	6.2802
3	58	15.293
4	58	15.5276
5	58	13.6628
6	58	11.523
7	58	12.262
10	58	9.6406
11	58	36.8106
21	58	4.4715
30	58	9.4302
39	58	17.7539
50	59	-4.8231
45	60	-2.1462
52	60	-4.8231
53	60	-3.2674
45	61	-3.2674
52	61	-5.6071
53	61	-4.8231
60	61	-5.6071
17	62	11.4286
19	62	9.4302
57	62	-3.2674
17	63	12.6213
19	63	10.3572
57	63	-1.5143
62	63	-5.6071
3	64	18.2456
4	64	17.7539
5	64	20.6393
6	64	14.6553
7	64	13.6628
10	64	14.5743
11	64	46.3717
21	64	11.2383
30	64	18.8644
39	64	27.4026
58	64	2.1517
3	65	19.6016
4	65	18.8644
5	65	23.3135
6	65	16.2174
7	65	14.6553
10	65	16.7404
11	65	49.9756
21	65	14.0819
30	65	22.4287
39	65	31.1069
58	65	5.8845
64	65	-3.7143
23	66	6.9156
28	66	7.2837
29	66	5.1977
38	66	2.1517
43	66	0.96511
44	66	0.071429
55	66	-0.67521
3	67	32.7427
4	67	34.1859
5	67	22.0674
6	67	30.3571
7	67	33.4488
10	67	26.2014
11	67	15.6053
21	67	21.3932
30	67	9.9513
39	67	2.6933
58	67	21.1441
64	67	30.4044
65	67	34.1859
3	68	23.0214
4	68	24.0034
5	68	15.5276
6	68	19.7992
7	68	22.0674
10	68	16.2174
11	68	26.624
21	68	10.3572
30	68	4.0138
39	68	7.2837
58	68	6.2802
64	68	15.293
65	68	19.0675
67	68	7.6429
17	69	10.4572
19	69	9.6406
57	69	-3.2674
62	69	-1.5143
63	69	0.30445
3	70	21.3311
4	70	20.6393
5	70	24.6229
6	70	17.8953
7	70	16.443
10	70	18.2456
11	70	50.5648
21	70	15.293
30	70	23.08
39	70	31.5222
58	70	6.2802
64	70	-3.2674
65	70	-5.6071
67	70	34.1429
68	70	19
50	71	-1.5143
59	71	-2.1462
50	72	-0.67521
59	72	-0.67521
71	72	-5.6071
23	73	7.7607
28	73	5.8845
29	73	5.8845
38	73	5.1977
43	73	2.6933
44	73	4.6202
55	73	-1.5143
66	73	0.30445
23	74	7.7607
28	74	6.9156
29	74	5.8845
38	74	4.0138
43	74	1.9643
44	74	2.6933
55	74	-1.5143
66	74	-3.2674
73	74	-3.7143
8	75	15.9133
14	75	11.8034
20	75	9.5357
24	75	8.6726
25	75	7.7607
3	76	23.8324
4	76	24.6786
5	76	17.1798
6	76	20.4477
7	76	22.4287
10	76	17.1071
11	76	29.2526
21	76	11.1425
30	76	6.2802
39	76	9.9513
58	76	5.1977
64	76	13.6628
65	76	17.3966
67	76	9.6406
68	76	-4.8231
70	76	17.1798
17	77	12.8867
19	77	11.8034
57	77	-1.8214
62	77	-2.1462
63	77	-0.67521
69	77	-4.8231
3	78	21.885
4	78	21.4551
5	78	23.5452
6	78	18.2456
7	78	17.3966
10	78	17.8953
11	78	47.6858
21	78	14.0819
30	78	20.4477
39	78	28.4144
58	78	3.5372
64	78	-3.7143
65	78	-2.1462
67	78	30.4044
68	78	15.293
70	78	-3.2674
76	78	13.3214
3	79	22.4287
4	79	21.885
5	79	24.7342
6	79	18.8644
7	79	17.7539
10	79	18.7964
11	79	49.4432
21	79	15.293
30	79	22.1279
39	79	30.2149
58	79	5.1977
64	79	-3.2674
65	79	-3.2674
67	79	32.295
68	79	17.1798
70	79	-4.8231
76	79	15.2143
78	79	-5.6071
3	80	47.0983
4	80	48.6831
5	80	35.6638
6	80	45.0928
7	80	48.3954
10	80	40.8698
11	80	15.293
21	80	36.5267
30	80	24.6786
39	80	15.6053
58	80	36.6892
64	80	45.8033
65	80	49.5689
67	80	8.1089
68	80	23.0214
70	80	49.4118
76	80	24.7342
78	80	45.5338
79	80	47.4255
9	81	17.3966
16	81	16.2174
18	81	14.6553
9	82	17.7539
16	82	17.1798
18	82	15.3715
81	82	-5.6071
9	83	18.8644
16	83	19.4026
18	83	17.1798
81	83	-1.8214
82	83	-3.7143
34	84	7.7607
36	84	8.6726
37	84	9.4302
41	84	6.2802
46	84	5.1977
51	84	2.1517
54	84	3.5372
23	85	11.8034
28	85	11.1425
29	85	9.9513
38	85	7.6429
43	85	5.8845
44	85	5.8845
55	85	2.6933
66	85	-1.5143
73	85	-0.67521
74	85	-3.2674
8	86	19.0675
14	86	15.2143
20	86	13.6628
24	86	11.523
25	86	11.523
75	86	-2.1462
9	87	19
16	87	16.443
18	87	15.5276
81	87	-3.2674
82	87	-1.5143
83	87	2.1517
9	88	20.6393
16	88	20.8929
18	88	18.7964
81	88	-1.5143
82	88	-3.2674
83	88	-5.6071
87	88	1.9643
34	89	9.6406
36	89	10.4572
37	89	11.1425
41	89	8.1089
46	89	6.9156
51	89	4.0138
54	89	5.1977
84	89	-5.6071
8	90	20.8929
14	90	17.1798
20	90	15.9133
24	90	13.3214
25	90	13.6628
75	90	0.53071
86	90	-4.8231
8	91	21.1441
14	91	17.1798
20	91	15.293
24	91	13.6628
25	91	13.3214
75	91	-1.5143
86	91	-4.8231
90	91	-3.7143
8	92	21.885
14	92	17.7539
20	92	15.293
24	92	14.6553
25	92	13.6628
75	92	-1.5143
86	92	-1.5143
90	92	0.071429
91	92	-3.7143
9	93	21.1441
16	93	19.6016
18	93	18.2456
81	93	-3.7143
82	93	-3.2674
83	93	-0.67521
87	93	-3.2674
88	93	-1.5143
8	94	23.3135
14	94	19.269
20	94	17.1071
24	94	15.9133
25	94	15.293
75	94	0.071429
86	94	-2.1462
90	94	-1.5143
91	94	-4.8231
92	94	-4.8231
34	95	13.4073
36	95	14.0819
37	95	14.6553
41	95	11.8034
46	95	10.4572
51	95	7.7607
54	95	8.6726
84	95	-1.8214
89	95	-3.7143
27	96	17.1798
32	96	15.5276
35	96	15.2143
42	96	13.4073
45	97	14.5743
52	97	14.0819
53	97	12.9744
60	97	13.9152
61	97	12.6213
13	98	22.7857
15	98	22.8448
13	99	22.8448
15	99	22.7857
98	99	-5.6071
13	100	23.3135
15	100	23.0214
98	100	-1.8214
99	100	-3.7143
45	101	23.5452
52	101	24.0034
53	101	22.4287
60	101	24.6786
61	101	23.0214
97	101	5.75
3	102	32.9647
4	102	33.3612
5	102	28.663
6	102	29.2526
7	102	30.2149
10	102	26.7811
11	102	40.7586
21	102	20.9559
30	102	18.8644
39	102	22.0674
58	102	10.4572
64	102	13.9152
65	102	16.7404
67	102	18.7964
68	102	7.7607
70	102	15.6053
76	102	5.1977
78	102	11.4286
79	102	12.9744
80	102	31.5222
3	103	61.401
4	103	62.9184
5	103	50.1933
6	103	59.1812
7	103	62.3308
10	103	54.993
11	103	28.4144
21	103	50.2864
30	103	38.7105
39	103	30.0721
58	103	48.7787
64	103	57.2457
65	103	60.9052
67	103	21.3932
68	103	35.0367
70	103	60.4586
76	103	36.2
78	103	56.3541
79	103	58.207
80	103	7.2837
102	103	39.8593
13	104	24.9005
15	104	24.7342
98	104	-3.2674
99	104	-4.8231
100	104	-4.8231
50	105	14.6553
59	105	12.262
71	105	10.3572
72	105	11.4286
27	106	20.9559
32	106	19.269
35	106	19
42	106	17.1798
96	106	-3.7143
27	107	21.4551
32	107	20.0604
35	107	19.269
42	107	17.1798
96	107	-2.1462
106	107	-3.7143
13	108	27.0414
15	108	26.7811
98	108	-0.67521
99	108	-2.1462
100	108	-3.7143
104	108	-4.8231
45	109	25.9881
52	109	26.2014
53	109	24.7342
60	109	26.624
61	109	25.0659
97	109	6.2802
101	109	-3.7143
45	110	27.4026
52	110	27.7092
53	110	26.2014
60	110	28.2144
61	110	26.624
97	110	8.1089
101	110	-3.2674
109	110	-5.6071
27	111	22.8448
32	111	20.8929
35	111	21.1441
42	111	19.6016
96	111	-0.67521
106	111	-3.2674
107	111	0.30445
50	112	17.7539
59	112	15.5276
71	112	12.8867
72	112	13.6628
105	112	-3.2674
22	113	26.5714
26	113	24.7342
31	113	23.0214
33	113	22.7857
22	114	26.624
26	114	24.9005
31	114	23.3135
33	114	22.8448
113	114	-5.6071
12	115	31.5222
13	116	30.4044
15	116	30.3571
98	116	0.30445
99	116	0.071429
100	116	0.96511
104	116	-1.5143
108	116	-2.1462
22	117	28.5141
26	117	26.7811
31	117	25.1758
33	117	24.7342
113	117	-4.8231
114	117	-5.6071
12	118	35.0367
115	118	-1.5143
50	119	21.885
59	119	19.6016
71	119	17.1071
72	119	17.8953
105	119	0.071429
112	119	-3.2674
3	120	67.5011
4	120	68.8974
5	120	56.8014
6	120	64.9744
7	120	67.8823
10	120	60.8791
11	120	37.4927
21	120	55.7622
30	120	44.7168
39	120	36.8511
58	120	52.6262
64	120	60.3531
65	120	63.8534
67	120	27.2998
68	120	39.2501
70	120	63.1723
76	120	39.9349
78	120	58.966
79	120	60.7479
80	120	15.3715
102	120	41.1652
103	120	1.9643
22	121	30.3571
26	121	28.5141
31	121	26.7811
33	121	26.5714
113	121	-3.7143
114	121	-3.2674
117	121	-4.8231
22	122	30.4044
26	122	28.663
31	122	27.0414
33	122	26.624
113	122	-3.2674
114	122	-3.7143
117	122	-5.6071
121	122	-5.6071
22	123	30.7807
26	123	29.2526
31	123	27.8615
33	123	27.0414
113	123	-0.67521
114	123	-2.1462
117	123	-3.2674
121	123	-1.8214
122	123	-3.7143
12	124	35.6638
115	124	-3.2674
118	124	-3.2674
22	125	32.4299
26	125	30.7807
31	125	29.2526
33	125	28.663
113	125	-0.67521
114	125	-1.5143
117	125	-3.2674
121	125	-3.2674
122	125	-4.8231
123	125	-4.8231
3	9	-1.6099
4	9	-1.6291
5	9	1.2508
6	9	-1.4019
7	9	-1.5414
9	10	-0.95899
9	11	5.5698
9	13	-1.9395
9	15	-1.8654
3	16	-1.7132
4	16	-1.6856
5	16	-1.8874
6	16	-1.894
7	16	-1.9755
10	16	-2.0155
11	16	4.7492
13	16	-2.3837
15	16	-2.2941
1	17	-1.0396
2	17	-1.1922
8	17	-1.1971
14	17	-1.6963
3	18	-2.0751
4	18	-1.9934
5	18	-0.75965
6	18	-2.0175
7	18	-1.9896
10	18	-1.9641
11	18	4.6389
13	18	-2.2643
15	18	-2.2345
1	19	-0.49296
2	19	-0.60421
8	19	-1.3734
14	19	-1.6888
17	20	-1.9809
19	20	-2.2782
9	21	1.368
16	21	-0.56604
18	21	-0.1617
12	22	-0.59428
17	24	-2.1553
19	24	-2.1939
17	25	-1.8172
19	25	-2.172
12	26	-1.4017
1	27	-0.9923
2	27	-1.2934
3	27	-1.349
4	27	-1.2843
5	27	-1.5974
6	27	-1.6752
7	27	-1.5257
8	27	-0.76934
9	27	-1.6189
10	27	-1.5985
11	27	-0.22429
12	27	0.23274
13	27	-1.1123
14	27	-0.91512
15	27	-1.3046
16	27	-1.592
17	27	-1.4213
18	27	-1.7896
19	27	-1.4528
20	27	-1.0975
21	27	-1.1687
22	27	-1.0393
23	27	-0.91762
24	27	-0.82214
25	27	-0.98753
26	27	-1.0151
27	28	-0.23291
27	29	-0.9798
9	30	4.8797
16	30	2.6506
18	30	4.4739
27	30	-0.1347
12	31	-1.5671
27	31	2.551
1	32	-1.1166
2	32	-1.4283
3	32	-1.4114
4	32	-1.3479
5	32	-1.5256
6	32	-1.6255
7	32	-1.404
8	32	-0.8899
9	32	-1.6624
10	32	-1.4944
11	32	-0.29968
12	32	-0.35201
13	32	-1.3219
14	32	-1.0932
15	32	-1.5098
16	32	-1.7292
17	32	-1.5617
18	32	-1.8609
19	32	-1.5794
20	32	-1.3282
21	32	-1.4727
22	32	-0.98867
23	32	-1.2702
24	32	-1.1545
25	32	-1.2933
26	32	-0.64229
28	32	-0.64253
29	32	-1.3973
30	32	-0.45551
31	32	-0.10389
12	33	-1.1182
27	33	1.6031
32	33	0.44398
23	34	-0.95609
27	34	0.033296
28	34	-0.94936
29	34	-1.4017
32	34	-0.46068
1	35	-1.2465
2	35	-1.343
3	35	-1.5948
4	35	-1.5239
5	35	-1.3672
6	35	-1.5538
7	35	-1.3118
8	35	-1.3692
9	35	-1.6593
10	35	-1.2845
11	35	0.82733
12	35	-1.2246
13	35	-1.5016
14	35	-1.4804
15	35	-1.6549
16	35	-1.8678
17	35	-1.7487
18	35	-1.8393
19	35	-1.7668
20	35	-1.4284
21	35	-1.2643
22	35	-1.8483
23	35	-1.3334
24	35	-1.3004
25	35	-1.3237
26	35	-1.902
28	35	-0.68261
29	35	-1.3053
30	35	-0.31082
31	35	-0.9476
33	35	-1.683
34	35	0.49446
23	36	0.19014
27	36	-1.0156
28	36	0.54695
29	36	-0.45236
32	36	-1.6409
35	36	-1.0395
23	37	0.60556
27	37	-0.92139
28	37	2.2326
29	37	-0.30479
32	37	-1.5014
35	37	-0.9116
27	38	-0.91033
32	38	-1.3393
34	38	-1.9076
35	38	-1.1165
36	38	-1.1741
37	38	-1.4062
9	39	6.1124
16	39	5.7343
18	39	6.4356
27	39	1.0664
32	39	0.69972
35	39	0.85322
17	40	0.6715
19	40	0.94114
27	40	0.6882
32	40	0.54633
35	40	0.5927
23	41	-0.058452
27	41	-1.0997
28	41	0.079803
29	41	-0.73737
32	41	-1.7398
35	41	-1.0518
38	41	-1.4435
1	42	-1.1869
2	42	-1.1045
3	42	-1.3875
4	42	-1.4216
5	42	-1.1224
6	42	-1.2339
7	42	-1.0109
8	42	-1.4848
9	42	-1.3303
10	42	-0.99051
11	42	1.5882
12	42	-1.3291
13	42	-1.7667
14	42	-1.9587
15	42	-1.5145
16	42	-1.5654
17	42	-1.5509
18	42	-1.4593
19	42	-1.6214
20	42	-1.9123
21	42	-1.3019
22	42	-1.5611
23	42	-0.4452
24	42	-1.9247
25	42	-1.859
26	42	-1.717
28	42	-0.37129
29	42	-0.93474
30	42	-0.5613
31	42	-1.6816
33	42	-0.89233
34	42	2.2442
36	42	-0.27081
37	42	-1.0993
38	42	-1.6376
39	42	0.52765
40	42	0.52881
41	42	1.5925
27	43	-0.6434
32	43	-1.1036
34	43	-1.9826
35	43	-0.80792
36	43	-1.8317
37	43	-1.9828
41	43	-1.9136
42	43	-1.2808
27	44	-0.11792
32	44	-0.50639
34	44	-1.921
35	44	-0.24094
36	44	-1.3783
37	44	-1.7507
41	44	-1.6725
42	44	-0.63809
12	45	-2.4304
27	45	-1.2142
32	45	-0.33966
35	45	-1.1245
42	45	-0.99216
23	46	0.70906
27	46	-1.5298
28	46	1.2528
29	46	0.23304
32	46	-1.9541
35	46	-1.4927
38	46	-0.97024
42	46	-1.6754
43	46	-1.4849
44	46	-1.4887
23	47	-0.65252
27	47	1.4741
28	47	-0.090025
29	47	-0.84065
32	47	1.0719
35	47	1.3303
38	47	-0.85402
42	47	1.0702
43	47	-1.7315
44	47	-0.40638
17	48	0.9395
19	48	1.2519
27	48	0.44103
32	48	0.26965
35	48	0.34708
42	48	0.27191
17	49	0.80908
19	49	1.0783
27	49	0.63993
32	49	0.48527
35	49	0.55982
42	49	0.50943
27	50	-1.9695
32	50	-2.0307
35	50	-1.9822
42	50	-1.8195
23	51	-0.080738
27	51	-1.4994
28	51	0.053574
29	51	-0.54325
32	51	-0.83015
35	51	-1.7142
38	51	-1.3933
42	51	-0.299
43	51	-1.8304
44	51	-1.9239
12	52	-1.8027
27	52	-1.1822
32	52	-0.19427
35	52	-1.1866
42	52	-0.37392
12	53	-2.363
27	53	-1.3907
32	53	-0.46269
35	53	-1.1841
42	53	-1.3599
23	54	0.61691
27	54	-1.3615
28	54	1.1316
29	54	0.22324
32	54	-1.7039
35	54	-1.5218
38	54	-0.98181
42	54	-1.1375
43	54	-1.3638
44	54	-1.884
27	55	1.1059
32	55	0.68299
34	55	-0.31581
35	55	0.83982
36	55	-0.15419
37	55	0.74134
41	55	-0.8254
42	55	0.69465
46	55	-1.2534
47	55	-1.366
51	55	-1.9236
54	55	-1.8867
23	56	-0.41461
27	56	1.6521
28	56	0.02483
29	56	-0.65541
32	56	1.247
35	56	1.5265
38	56	-0.86437
42	56	1.2889
43	56	-1.2979
44	56	-0.30961
55	56	-1.6075
1	57	1.7648
2	57	1.8719
8	57	1.5086
14	57	1.5257
20	57	1.3709
24	57	0.98962
25	57	1.1363
27	57	1.276
32	57	1.0461
35	57	1.1876
40	57	-1.8376
42	57	1.0712
48	57	-2.0491
49	57	-1.9915
9	58	2.6853
16	58	1.6679
18	58	2.1556
27	58	0.51564
32	58	0.24528
35	58	0.45335
42	58	0.37457
27	59	-1.8771
32	59	-1.732
35	59	-2.0302
42	59	-2.2399
12	60	-0.79321
27	60	-0.99428
32	60	-1.1068
35	60	0.033059
42	60	1.2223
12	61	-1.6779
27	61	-1.7565
32	61	-0.749
35	61	-1.1201
42	61	-0.0091635
1	62	1.9385
2	62	2.0743
8	62	1.2693
14	62	1.3186
20	62	1.1432
24	62	0.86524
25	62	0.97705
27	62	1.1553
32	62	0.93545
35	62	1.0777
40	62	-1.9782
42	62	0.98551
48	62	-2.0849
49	62	-1.9152
1	63	1.9971
2	63	2.1447
8	63	1.17
14	63	1.2256
20	63	1.0316
24	63	0.79603
25	63	0.88888
27	63	1.1443
32	63	0.9354
35	63	1.066
40	63	-2.0713
42	63	0.97937
48	63	-1.941
49	63	-1.7299
9	64	2.3342
16	64	1.7169
18	64	2.0295
27	64	0.55064
32	64	0.31551
35	64	0.50167
42	64	0.46812
9	65	2.2531
16	65	1.7276
18	65	2.0023
27	65	0.84124
32	65	0.61995
35	65	0.80184
42	65	0.7874
27	66	2.0324
32	66	1.7843
34	66	0.2801
35	66	1.8402
36	66	0.026855
37	66	0.57763
41	66	-0.089614
42	66	1.7954
46	66	-0.19044
47	66	-0.67865
51	66	-0.42189
54	66	-0.14604
56	66	-2.0901
9	67	6.565
16	67	6.0477
18	67	6.7469
27	67	2.2537
32	67	1.8096
35	67	2.218
42	67	2.105
9	68	4.6106
16	68	3.5572
18	68	4.3217
27	68	1.1423
32	68	0.79737
35	68	1.0964
42	68	0.99993
1	69	1.4494
2	69	1.547
8	69	1.8276
14	69	1.8926
20	69	1.8372
24	69	1.3868
25	69	1.6016
27	69	1.36
32	69	1.0975
35	69	1.2992
40	69	-2.0457
42	69	1.2
48	69	-2.1963
49	69	-1.995
9	70	2.224
16	70	1.6876
18	70	1.976
27	70	0.71256
32	70	0.48555
35	70	0.67481
42	70	0.66045
27	71	-1.0847
32	71	-0.76424
35	71	-1.1827
42	71	-0.85579
27	72	-0.29659
32	72	0.091982
35	72	-0.35439
42	72	-0.16461
27	73	3.0458
32	73	2.7578
34	73	1.6418
35	73	2.9876
36	73	1.9128
37	73	2.546
41	73	1.6003
42	73	3.2004
46	73	1.8626
47	73	-1.234
51	73	0.86235
54	73	1.8681
56	73	-1.7073
27	74	2.7108
32	74	2.4539
34	74	1.0888
35	74	2.5805
36	74	1.1062
37	74	1.6963
41	74	0.881
42	74	2.6555
46	74	0.94376
47	74	-1.1333
51	74	0.35551
54	74	0.93603
56	74	-1.9882
17	75	1.4344
19	75	0.98162
27	75	2.8119
32	75	2.517
35	75	2.8875
42	75	2.8117
57	75	-1.6997
62	75	-1.9596
63	75	-1.8765
69	75	-1.6469
9	76	4.3565
16	76	3.3613
18	76	4.056
27	76	1.1213
32	76	0.78558
35	76	1.086
42	76	1.0077
1	77	1.6111
2	77	1.721
8	77	1.7902
14	77	1.8696
20	77	1.7951
24	77	1.4145
25	77	1.6014
27	77	1.4328
32	77	1.1811
35	77	1.3818
40	77	-1.9001
42	77	1.2996
48	77	-2.0423
49	77	-2.0967
75	77	-1.2591
9	78	2.447
16	78	1.831
18	78	2.1685
27	78	0.64445
32	78	0.40257
35	78	0.60555
42	78	0.57903
9	79	2.3593
16	79	1.7845
18	79	2.1014
27	79	0.61675
32	79	0.37844
35	79	0.58091
42	79	0.56269
9	80	6.6053
16	80	6.2737
18	80	6.9263
27	80	3.7819
32	80	3.2019
35	80	4.1103
42	80	4.4851
3	81	1.3583
4	81	1.2266
5	81	2.5342
6	81	1.572
7	81	1.4211
10	81	2.0612
11	81	4.3028
13	81	2.4176
15	81	2.5279
21	81	2.0918
27	81	1.488
30	81	3.7459
32	81	1.2277
35	81	1.5066
39	81	4.1495
42	81	1.4719
58	81	-0.077594
64	81	-1.6523
65	81	-1.4705
67	81	5.825
68	81	4.6739
70	81	-1.654
76	81	5.0704
78	81	-1.5272
79	81	-1.5098
80	81	7.2543
3	82	1.417
4	82	1.2794
5	82	2.6141
6	82	1.6408
7	82	1.4726
10	82	2.1492
11	82	4.2809
13	82	2.3288
15	82	2.4297
21	82	2.2485
27	82	1.4581
30	82	3.8651
32	82	1.2109
35	82	1.4713
39	82	4.1833
42	82	1.4382
58	82	0.39818
64	82	-1.7738
65	82	-1.65
67	82	5.7527
68	82	4.8023
70	82	-1.6047
76	82	5.1792
78	82	-1.4316
79	82	-1.406
80	82	7.1315
3	83	1.691
4	83	1.5472
5	83	2.8918
6	83	1.9345
7	83	1.7444
10	83	2.4645
11	83	4.3689
13	83	2.1464
15	83	2.2308
21	83	2.674
27	83	1.2956
30	83	4.1619
32	83	1.0637
35	83	1.3026
39	83	4.345
42	83	1.277
58	83	1.592
64	83	-1.9397
65	83	-1.7586
67	83	5.7563
68	83	5.0252
70	83	-1.6392
76	83	5.3413
78	83	-1.4338
79	83	-1.3679
80	83	7.0668
23	84	0.82949
27	84	2.7527
28	84	0.9085
29	84	0.57671
32	84	2.9298
35	84	2.4442
38	84	-0.014632
42	84	2.6702
43	84	-0.11726
44	84	-0.63104
55	84	-0.70292
66	84	-2.245
73	84	-2.1249
74	84	-2.4716
27	85	2.6355
32	85	2.4249
34	85	1.1817
35	85	2.5271
36	85	1.0797
37	85	1.5666
41	85	1.0104
42	85	2.6289
46	85	1.11
47	85	-0.47346
51	85	0.7441
54	85	1.2406
56	85	-1.4556
84	85	-1.4917
17	86	1.3229
19	86	0.94547
27	86	3.5828
32	86	3.2826
35	86	3.7339
42	86	3.7503
57	86	-1.5599
62	86	-2.0545
63	86	-2.0814
69	86	-2.0683
77	86	-1.889
3	87	1.1543
4	87	1.0448
5	87	2.2015
6	87	1.3648
7	87	1.2643
10	87	1.7942
11	87	3.9686
13	87	2.6777
15	87	2.8133
21	87	1.6988
27	87	1.6514
30	87	3.1698
32	87	1.3624
35	87	1.6912
39	87	3.6142
42	87	1.6627
58	87	-0.57618
64	87	-1.6727
65	87	-1.4584
67	87	5.3736
68	87	3.2973
70	87	-1.69
76	87	3.0406
78	87	-1.8534
79	87	-1.8085
80	87	7.0879
3	88	1.6883
4	88	1.5552
5	88	2.8176
6	88	1.9339
7	88	1.7672
10	88	2.4348
11	88	4.2001
13	88	2.2205
15	88	2.3091
21	88	2.6069
27	88	1.376
30	88	3.9795
32	88	1.1371
35	88	1.3954
39	88	4.1236
42	88	1.38
58	88	1.537
64	88	-1.5383
65	88	-2.0303
67	88	5.4764
68	88	4.6151
70	88	-2.062
76	88	4.8411
78	88	-1.9718
79	88	-1.8847
80	88	6.9032
23	89	0.73417
27	89	2.8384
28	89	0.81536
29	89	0.49561
32	89	3.1134
35	89	2.5246
38	89	-0.082974
42	89	2.7407
43	89	-0.15925
44	89	-0.69454
55	89	-0.66974
66	89	-2.4131
73	89	-2.0825
74	89	-2.5642
85	89	-1.6302
17	90	1.2597
19	90	0.91626
27	90	3.8008
32	90	3.4969
35	90	3.9932
42	90	4.061
57	90	-1.5077
62	90	-1.9442
63	90	-1.9744
69	90	-2.0229
77	90	-2.043
17	91	1.1717
19	91	0.76451
27	91	3.4321
32	91	3.1488
35	91	3.5883
42	91	3.6107
57	91	-2.0726
62	91	-1.9832
63	91	-1.8532
69	91	-2.1396
77	91	-1.7029
17	92	1.0333
19	92	0.55746
27	92	3.024
32	92	2.7545
35	92	3.1569
42	92	3.1525
57	92	-2.1423
62	92	-1.4614
63	92	-1.3346
69	92	-1.5703
77	92	-1.1685
3	93	1.3435
4	93	1.2299
5	93	2.3851
6	93	1.5713
7	93	1.4543
10	93	2.0169
11	93	3.8728
13	93	2.6719
15	93	2.7863
21	93	2.0261
27	93	1.6529
30	93	3.3814
32	93	1.3873
35	93	1.6919
39	93	3.6199
42	93	1.6751
58	93	0.29646
64	93	-2.0511
65	93	-1.9636
67	93	5.098
68	93	3.6472
70	93	-2.2114
76	93	3.6752
78	93	-2.249
79	93	-2.1579
80	93	6.8003
17	94	0.99318
19	94	0.55802
27	94	3.2305
32	94	2.9585
35	94	3.3909
42	94	3.4185
57	94	-2.2062
62	94	-1.5337
63	94	-1.4013
69	94	-1.7393
77	94	-1.3468
23	95	0.23657
27	95	2.791
28	95	0.32893
29	95	0.01428
32	95	3.1247
35	95	2.4691
38	95	-0.56046
42	95	2.6715
43	95	-0.59818
44	95	-1.1729
55	95	-1.0125
66	95	-1.9186
73	95	-2.1152
74	95	-2.1894
85	95	-1.2185
1	96	0.85234
2	96	1.0446
3	96	1.1085
4	96	0.99737
5	96	1.6342
6	96	1.2204
7	96	1.2032
8	96	1.357
9	96	1.766
10	96	1.4932
11	96	3.123
12	96	2.5472
13	96	2.2092
14	96	1.2816
15	96	2.2718
16	96	1.8956
17	96	1.19
18	96	1.7979
19	96	0.97753
20	96	1.2846
21	96	1.0254
22	96	2.5306
23	96	1.1742
24	96	1.6712
25	96	1.4347
26	96	3.2247
28	96	1.1189
29	96	1.2203
30	96	0.96504
31	96	4.0202
33	96	2.5713
34	96	-0.4232
36	96	0.75783
37	96	0.70548
38	96	0.80897
39	96	0.90396
40	96	-1.3666
41	96	0.91904
43	96	0.72562
44	96	-0.09961
45	96	5.4085
46	96	1.1957
47	96	-1.6141
48	96	-1.4241
49	96	-1.4913
50	96	5.2378
51	96	1.8257
52	96	5.8568
53	96	5.4396
54	96	1.221
55	96	-0.19586
56	96	-1.7365
57	96	-1.6193
58	96	-0.70581
59	96	4.8584
60	96	5.8112
61	96	5.6339
62	96	-1.8455
63	96	-1.784
64	96	-1.0365
65	96	-1.2022
66	96	-1.8832
67	96	0.75429
68	96	-0.22763
69	96	-1.7126
70	96	-1.1782
71	96	5.5139
72	96	5.837
73	96	-1.7696
74	96	-1.9378
75	96	-1.846
76	96	-0.40123
77	96	-1.7922
78	96	-1.1662
79	96	-1.135
80	96	3.9475
81	96	-1.5558
82	96	-1.5527
83	96	-1.4355
84	96	-1.8961
85	96	-1.4626
86	96	-1.4986
87	96	-1.5541
88	96	-1.4921
89	96	-1.8311
90	96	-1.465
91	96	-1.3948
92	96	-1.488
93	96	-1.7236
94	96	-1.3383
95	96	-1.0297
12	97	2.3321
27	97	1.6287
32	97	1.6537
35	97	1.8623
42	97	1.8597
96	97	-1.8407
9	98	2.1369
16	98	2.6878
18	98	2.325
27	98	3.8601
32	98	3.5903
35	98	4.1737
42	98	4.2928
81	98	-1.39
82	98	-1.3761
83	98	-1.3608
87	98	-1.5892
88	98	-1.4533
93	98	-1.4621
96	98	-1.3176
9	99	2.1798
16	99	2.7497
18	99	2.3793
27	99	3.6256
32	99	3.3601
35	99	3.9206
42	99	4.0188
81	99	-1.553
82	99	-1.5299
83	99	-1.5022
87	99	-1.7561
88	99	-1.5844
93	99	-1.5888
96	99	-1.5118
9	100	2.2763
16	100	2.8906
18	100	2.5048
27	100	3.3222
32	100	3.0672
35	100	3.5898
42	100	3.6584
81	100	-1.9139
82	100	-1.8739
83	100	-1.8253
87	100	-2.044
88	100	-1.7939
93	100	-1.7469
96	100	-1.6125
12	101	2.2229
27	101	1.7417
32	101	1.449
35	101	1.5223
42	101	1.4268
96	101	-1.8003
9	102	3.826
16	102	3.1121
18	102	3.6272
27	102	1.8344
32	102	1.5362
35	102	1.8567
42	102	1.8598
81	102	3.0376
82	102	3.709
83	102	4.8113
87	102	1.7624
88	102	5.1696
93	102	3.2117
96	102	-1.2776
9	103	6.3679
16	103	6.0301
18	103	6.6313
27	103	4.8108
32	103	4.4898
35	103	5.177
42	103	5.5369
81	103	7.4032
82	103	7.3623
83	103	7.252
87	103	7.2929
88	103	7.0702
93	103	7.0138
96	103	7.4257
9	104	2.2279
16	104	2.8036
18	104	2.4398
27	104	3.5586
32	104	3.3092
35	104	3.85
42	104	3.9439
81	104	-1.9766
82	104	-1.9377
83	104	-1.8804
87	104	-2.2514
88	104	-1.8818
93	104	-1.9304
96	104	-1.3034
27	105	-0.087838
32	105	-0.1245
35	105	0.29962
42	105	1.0912
96	105	-1.1522
1	106	1.001
2	106	1.1953
3	106	1.296
4	106	1.1893
5	106	1.818
6	106	1.4176
7	106	1.398
8	106	1.4925
9	106	1.9453
10	106	1.6861
11	106	3.1615
12	106	2.3852
13	106	2.3191
14	106	1.4573
15	106	2.3904
16	106	2.0802
17	106	1.3679
18	106	1.989
19	106	1.1709
20	106	1.4962
21	106	1.2465
22	106	2.3162
23	106	1.1542
24	106	1.8506
25	106	1.6468
26	106	3.0019
28	106	1.06
29	106	1.2127
30	106	1.2203
31	106	3.9312
33	106	2.3571
34	106	-0.29532
36	106	0.88947
37	106	0.84
38	106	0.87503
39	106	1.1896
40	106	-1.3555
41	106	1.0475
43	106	0.79406
44	106	0.1476
45	106	5.4445
46	106	1.3213
47	106	-1.3918
48	106	-1.1618
49	106	-1.2396
50	106	4.8774
51	106	1.9535
52	106	5.8601
53	106	5.4889
54	106	1.3444
55	106	-0.065043
56	106	-1.8518
57	106	-1.6335
58	106	-0.40185
59	106	4.5526
60	106	5.7651
61	106	5.647
62	106	-1.4911
63	106	-1.4784
64	106	-0.7458
65	106	-0.95678
66	106	-1.6268
67	106	1.1893
68	106	0.13059
69	106	-1.4124
70	106	-0.90028
71	106	5.2417
72	106	5.4782
73	106	-1.4221
74	106	-1.8902
75	106	-1.5447
76	106	-0.034529
77	106	-1.4497
78	106	-0.85675
79	106	-0.83112
80	106	4.1586
81	106	-1.1882
82	106	-1.2177
83	106	-1.0606
84	106	-2.0733
85	106	-1.4017
86	106	-1.7815
87	106	-1.165
88	106	-1.1265
89	106	-2.1894
90	106	-1.519
91	106	-1.7837
92	106	-1.6173
93	106	-1.389
94	106	-1.5155
95	106	-2.2807
97	106	-0.88249
98	106	-1.6303
99	106	-1.6595
100	106	-1.7588
101	106	-1.9309
102	106	-1.2121
103	106	7.7931
104	106	-1.9117
105	106	-2.0009
1	107	1.1545
2	107	1.336
3	107	1.4559
4	107	1.3457
5	107	1.9744
6	107	1.5608
7	107	1.5461
8	107	1.8008
9	107	2.1268
10	107	1.8313
11	107	3.4594
12	107	2.9687
13	107	2.7009
14	107	1.7664
15	107	2.7536
16	107	2.2826
17	107	1.5193
18	107	2.1753
19	107	1.3124
20	107	1.7783
21	107	1.3944
22	107	2.5898
23	107	1.4987
24	107	2.1713
25	107	1.9463
26	107	2.6053
28	107	1.4587
29	107	1.5688
30	107	1.409
31	107	3.387
33	107	2.625
34	107	0.20971
36	107	1.3108
37	107	1.2626
38	107	1.2107
39	107	1.4758
40	107	-1.164
41	107	1.4538
43	107	1.1756
44	107	0.43721
45	107	5.7857
46	107	1.7051
47	107	-0.73566
48	107	-1.0014
49	107	-1.0361
50	107	4.309
51	107	2.2216
52	107	6.2297
53	107	5.8608
54	107	1.7167
55	107	0.4562
56	107	-1.263
57	107	-1.3943
58	107	-0.27694
59	107	3.9733
60	107	6.1858
61	107	6.0646
62	107	-1.2079
63	107	-1.2014
64	107	-0.60501
65	107	-0.78151
66	107	-1.1797
67	107	1.5684
68	107	0.31592
69	107	-1.164
70	107	-0.74127
71	107	4.4322
72	107	4.6232
73	107	-0.61015
74	107	-1.3843
75	107	-1.0473
76	107	0.11551
77	107	-1.1712
78	107	-0.73569
79	107	-0.69646
80	107	4.8027
81	107	-1.0075
82	107	-1.0545
83	107	-0.90417
84	107	-1.3273
85	107	-0.97178
86	107	-1.2055
87	107	-0.98928
88	107	-0.9659
89	107	-1.455
90	107	-0.90332
91	107	-1.4057
92	107	-1.2833
93	107	-1.2339
94	107	-1.2047
95	107	-1.3432
97	107	-0.53301
98	107	-1.2706
99	107	-1.3594
100	107	-1.4886
101	107	-1.7597
102	107	-1.134
103	107	7.8622
104	107	-1.833
105	107	-1.9243
9	108	2.3321
16	108	2.9015
18	108	2.5498
27	108	3.3467
32	108	3.1046
35	108	3.637
42	108	3.7296
81	108	-1.9719
82	108	-2.0229
83	108	-1.9713
87	108	-1.8053
88	108	-1.9538
93	108	-2.3236
96	108	-1.2973
106	108	-1.6735
107	108	-1.612
12	109	2.1568
27	109	1.5387
32	109	1.3912
35	109	1.4804
42	109	1.4039
96	109	-1.8741
106	109	-1.8071
107	109	-1.6964
12	110	2.1379
27	110	1.4325
32	110	1.227
35	110	1.3051
42	110	1.2203
96	110	-2.0116
106	110	-1.5952
107	110	-1.506
1	111	0.99918
2	111	1.2032
3	111	1.3687
4	111	1.2723
5	111	1.8612
6	111	1.5088
7	111	1.4914
8	111	1.3842
9	111	1.9849
10	111	1.7614
11	111	2.9314
12	111	1.9289
13	111	2.112
14	111	1.3712
15	111	2.2056
16	111	2.0874
17	111	1.4356
18	111	2.0226
19	111	1.2693
20	111	1.4539
21	111	1.3234
22	111	1.7141
23	111	1.1337
24	111	1.7575
25	111	1.5905
26	111	2.3852
28	111	0.97493
29	111	1.1896
30	111	1.2363
31	111	3.225
33	111	1.4382
34	111	-0.42614
36	111	0.63847
37	111	0.54865
38	111	0.88728
39	111	1.1096
40	111	-1.3136
41	111	0.89249
43	111	0.77781
44	111	0.054576
45	111	5.1769
46	111	1.0648
47	111	-1.4999
48	111	-1.0244
49	111	-1.1718
50	111	5.5435
51	111	1.9199
52	111	5.5476
53	111	5.2
54	111	1.0962
55	111	-0.16021
56	111	-1.8895
57	111	-1.4648
58	111	-0.25261
59	111	5.2836
60	111	5.3795
61	111	5.2966
62	111	-1.3466
63	111	-1.3557
64	111	-0.56107
65	111	-0.83291
66	111	-1.8545
67	111	1.0733
68	111	0.17167
69	111	-1.3242
70	111	-0.73178
71	111	6.1746
72	111	6.3724
73	111	-1.7625
74	111	-2.1457
75	111	-1.5195
76	111	0.039868
77	111	-1.4704
78	111	-0.63824
79	111	-0.62482
80	111	3.6838
81	111	-0.98527
82	111	-0.98979
83	111	-0.84699
84	111	-1.9219
85	111	-1.6578
86	111	-1.7637
87	111	-0.98858
88	111	-0.92342
89	111	-1.873
90	111	-1.5236
91	111	-1.8209
92	111	-1.682
93	111	-1.142
94	111	-1.5389
95	111	-1.4165
97	111	-0.73352
98	111	-1.3969
99	111	-1.4048
100	111	-1.565
101	111	-1.6359
102	111	-1.1638
103	111	6.4649
104	111	-1.6814
105	111	-0.95704
108	111	-1.4514
109	111	-1.5441
110	111	-1.3294
27	112	-0.046522
32	112	-0.21512
35	112	0.35738
42	112	1.1331
96	112	-2.3805
106	112	-1.9503
107	112	-1.9484
111	112	-2.1009
12	113	2.6293
27	113	1.6945
32	113	1.6362
35	113	1.9788
42	113	2.0598
96	113	-2.0729
106	113	-1.8849
107	113	-0.41014
111	113	-0.70222
12	114	2.6979
27	114	2.1003
32	114	2.0551
35	114	2.498
42	114	2.5575
96	114	-1.9584
106	114	-2.3634
107	114	-0.76254
111	114	-0.80002
22	115	3.1866
26	115	3.7496
27	115	2.6447
31	115	3.7778
32	115	2.9722
33	115	3.9943
35	115	3.5777
42	115	4.4943
45	115	3.8446
52	115	3.6038
53	115	3.8184
60	115	3.0712
61	115	3.5144
96	115	-1.5084
97	115	-1.1402
101	115	-1.8677
106	115	-2.248
107	115	-1.8768
109	115	-1.5549
110	115	-1.4906
111	115	-1.7451
113	115	-1.7744
114	115	-1.7132
9	116	2.4008
16	116	2.8824
18	116	2.5783
27	116	3.6718
32	116	3.4392
35	116	4.0067
42	116	4.145
81	116	-1.5569
82	116	-1.5776
83	116	-1.5204
87	116	-1.4975
88	116	-1.5334
93	116	-1.8948
96	116	-0.62618
106	116	-1.4499
107	116	-1.1615
111	116	-1.2457
12	117	2.6073
27	117	2.0405
32	117	2.0011
35	117	2.4271
42	117	2.4912
96	117	-2.1075
106	117	-2.5435
107	117	-1.2459
111	117	-1.5179
115	117	-2.2058
22	118	2.7395
26	118	3.2889
27	118	2.2767
31	118	3.3114
32	118	2.597
33	118	3.5008
35	118	3.1566
42	118	3.9988
45	118	3.8247
52	118	3.5721
53	118	3.801
60	118	3.0289
61	118	3.4889
96	118	-1.8564
97	118	0.51453
101	118	-1.8787
106	118	-1.9715
107	118	-2.0733
109	118	-1.7752
110	118	-1.6958
111	118	-1.4869
113	118	-1.7909
114	118	-1.7352
117	118	-2.0473
27	119	-0.26334
32	119	-0.46765
35	119	0.18563
42	119	1.0045
96	119	-1.884
106	119	-1.1789
107	119	-1.1976
111	119	-1.0937
9	120	7.1051
16	120	6.7515
18	120	7.3034
27	120	4.6476
32	120	4.3589
35	120	4.9543
42	120	5.2419
81	120	7.6316
82	120	7.9706
83	120	8.2869
87	120	7.4564
88	120	8.0718
93	120	8.0521
96	120	5.0926
106	120	5.6337
107	120	6.4205
111	120	4.5133
12	121	2.6658
27	121	1.7303
32	121	1.8845
35	121	2.0001
42	121	2.0807
96	121	-2.1793
106	121	-2.0375
107	121	-1.2092
111	121	-1.1191
115	121	-2.3136
118	121	-1.9361
12	122	2.5397
27	122	1.9432
32	122	1.9088
35	122	2.3203
42	122	2.3888
96	122	-2.2053
106	122	-2.3794
107	122	-1.473
111	122	-1.2855
115	122	-2.2622
118	122	-1.7714
12	123	2.5366
27	123	2.3838
32	123	2.3589
35	123	2.981
42	123	3.0291
96	123	-1.6521
106	123	-2.2072
107	123	-1.1742
111	123	-1.5448
115	123	-1.7546
118	123	-1.4517
22	124	2.8677
26	124	3.4337
27	124	2.242
31	124	3.4664
32	124	2.574
33	124	3.6747
35	124	3.1703
42	124	4.078
45	124	3.9001
52	124	3.6466
53	124	3.8702
60	124	3.1024
61	124	3.5527
96	124	-1.6887
97	124	-0.45272
101	124	-1.9141
106	124	-1.7642
107	124	-1.6778
109	124	-1.8369
110	124	-1.6684
111	124	-1.2502
113	124	-1.6127
114	124	-1.4481
117	124	-1.861
121	124	-1.8671
122	124	-1.6686
123	124	-1.3432
12	125	2.7206
27	125	2.1623
32	125	2.139
35	125	2.6328
42	125	2.6916
96	125	-1.9568
106	125	-2.4194
107	125	-1.3984
111	125	-1.4194
115	125	-1.6109
118	125	-1.5323
124	125	-1.4013
offset
60
