127
detection	body_part	cost
1	5	-5.1815
2	3	-4.4273
3	4	-4.906
4	4	-1.5716
5	5	-2.8016
6	5	-4.3954
7	3	-3.3835
8	9	-0.74938
9	11	9.2102
10	2	-5.4811
11	1	-5.2438
12	9	-3.8118
13	10	-2.8849
14	13	-2.4148
15	11	9.2102
16	10	-1.9378
17	13	-3.8058
18	10	-1.3201
19	13	-2.0924
20	10	0.76279
21	6	-2.4708
22	12	-4.0921
23	11	-1.8959
24	14	0.074731
25	11	-2.1606
26	14	-1.3865
27	6	-5.187
28	7	-4.8052
29	8	-2.4663
30	11	-0.074535
31	14	-2.1817
32	6	-2.8291
33	8	-5.415
34	11	9.2102
35	8	-3.5003
36	11	9.2102
37	11	9.2102
38	11	9.2102
39	11	9.2102
40	11	9.2102
41	11	9.2102
42	7	0.72386
43	7	0.13214
44	7	0.3318
45	7	-0.75462
46	7	0.79794
47	6	0.33821
48	7	0.51538
49	6	-1.4046
50	7	1.0411
51	7	0.14031
52	12	0.55201
53	2	0.71464
54	11	9.2102
55	6	0.57115
56	6	-0.94814
57	7	0.97201
58	11	9.2102
59	6	-0.056479
60	11	9.2102
61	11	9.2102
62	12	-1.8134
63	12	0.36004
64	2	-0.68721
65	11	9.2102
66	1	-0.94212
67	1	-1.2973
68	11	9.2102
69	11	9.2102
70	12	-1.0733
71	2	0.28539
72	1	-0.4354
73	3	1.0124
74	11	9.2102
75	11	9.2102
76	12	0.25622
77	2	1.2028
78	1	0.68971
79	3	-0.45936
80	11	9.2102
81	11	9.2102
82	9	1.2208
83	9	1.2572
84	1	0.45262
85	9	1.2213
86	2	1.3517
87	1	0.64599
88	3	-0.1813
89	3	-2.2701
90	11	9.2102
91	9	0.029775
92	11	9.2102
93	3	-3.0102
94	11	9.2102
95	9	0.44654
96	9	-1.1853
97	2	-4.7894
98	1	-3.1257
99	1	-2.1626
100	1	0.86077
101	1	-1.0483
102	1	-0.30155
103	3	-1.3257
104	9	0.48551
105	9	-0.2468
106	3	1.0631
107	12	1.2082
108	9	0.54707
109	6	-0.43265
110	11	9.2102
111	12	0.7336
112	6	-1.5994
113	6	0.17484
114	12	-0.49967
115	12	0.034608
116	5	-0.21609
117	5	-1.0181
118	8	0.341
119	5	1.3642
120	5	-2.3749
121	8	0.092607
122	4	1.0119
123	5	-2.7223
124	4	-3.055
125	4	-0.003269
126	4	-1.4346
127	7	0.02181
detection1	detection2	cost
3	4	-5.6071
1	5	-4.8231
1	6	-5.6071
5	6	-5.6071
2	7	-4.8231
8	12	-4.8231
9	15	-3.7143
13	16	-5.6071
14	17	-5.6071
13	18	-4.8231
16	18	-5.6071
14	19	-4.8231
17	19	-5.6071
13	20	-3.2674
16	20	-3.7143
18	20	-5.6071
9	23	6.9156
15	23	5.8845
9	25	8.6726
15	25	7.7607
23	25	-5.6071
24	26	-5.6071
21	27	-4.8231
9	30	11.1425
15	30	9.9513
23	30	-3.2674
25	30	-4.8231
24	31	-3.2674
26	31	-4.8231
21	32	-3.2674
27	32	-5.6071
29	33	-4.8231
9	34	3.5372
15	34	0.53071
23	34	0.96511
25	34	2.6933
30	34	4.0138
29	35	-3.2674
33	35	-5.6071
9	36	4.0138
15	36	0.30445
23	36	5.1977
25	36	6.9156
30	36	8.1089
34	36	-3.2674
9	37	4.4715
15	37	0.96511
23	37	3.5372
25	37	5.1977
30	37	6.2802
34	37	-4.8231
36	37	-5.6071
9	38	6.2802
15	38	2.6933
23	38	4.6202
25	38	6.1496
30	38	6.9156
34	38	-3.2674
36	38	-4.8231
37	38	-5.6071
9	39	11.1425
15	39	7.7607
23	39	5.1977
25	39	6.1496
30	39	5.8845
34	39	0.30445
36	39	0.53071
37	39	-0.67521
38	39	-2.1462
9	40	16.5921
15	40	14.0819
23	40	4.4715
25	40	4.0138
30	40	1.9643
34	40	6.1496
36	40	8.6726
37	40	6.9156
38	40	6.2802
39	40	1.9643
9	41	17.9658
15	41	15.293
23	41	6.2802
25	41	5.8845
30	41	3.8571
34	41	7.2837
36	41	9.4302
37	41	7.7607
38	41	6.9156
39	41	2.1517
40	41	-5.6071
28	42	6.9156
28	43	8.783
42	43	-3.7143
28	44	8.6726
42	44	-5.6071
43	44	-3.2674
28	45	9.4302
42	45	-4.8231
43	45	-4.8231
44	45	-5.6071
28	46	11.4286
42	46	-1.5143
43	46	-4.8231
44	46	-1.8214
45	46	-3.7143
21	47	12.262
27	47	11.1425
32	47	9.4302
28	48	10.4572
42	48	-3.7143
43	48	-2.1462
44	48	-5.6071
45	48	-4.8231
46	48	-1.5143
21	49	13.6628
27	49	12.262
32	49	10.4572
47	49	-4.8231
28	50	12.262
42	50	-1.8214
43	50	-0.67521
44	50	-3.7143
45	50	-3.2674
46	50	-0.67521
48	50	-5.6071
28	51	12.8867
42	51	-1.5143
43	51	-1.5143
44	51	-3.2674
45	51	-3.7143
46	51	-2.1462
48	51	-4.8231
50	51	-5.6071
22	52	20.6393
10	53	19.269
9	54	28.8606
15	54	25.9881
23	54	35.0367
25	54	36.6486
30	54	37.3731
34	54	26.624
36	54	22.4287
37	54	24.0034
38	54	23.0214
39	54	24.8452
40	54	33.8406
41	54	33.3612
21	55	15.2143
27	55	13.4073
32	55	11.523
47	55	-0.67521
49	55	-3.2674
21	56	15.5276
27	56	14.0819
32	56	12.262
47	56	-3.2674
49	56	-5.6071
55	56	-3.7143
28	57	14.6553
42	57	0.30445
43	57	0.30445
44	57	-1.5143
45	57	-1.8214
46	57	-0.67521
48	57	-3.2674
50	57	-4.8231
51	57	-5.6071
9	58	30.3571
15	58	27.4026
23	58	36.0768
25	58	37.6517
30	58	38.2821
34	58	27.7092
36	58	23.5452
37	58	25.0659
38	58	24.0034
39	58	25.5573
40	58	34.4002
41	58	33.8406
54	58	-5.6071
21	59	17.3966
27	59	15.9133
32	59	14.0819
47	59	-1.5143
49	59	-3.7143
55	59	-3.2674
56	59	-5.6071
9	60	22.8448
15	60	19.0675
23	60	19.6016
25	60	20.4477
30	60	19.7992
34	60	13.6628
36	60	11.4286
37	60	11.523
38	60	9.6406
39	60	6.9156
40	60	12.6213
41	60	11.4286
54	60	17.1798
58	60	17.1071
9	61	23.3135
15	61	19.6016
23	61	18.2456
25	61	18.8644
30	61	17.8953
34	61	13.3214
36	61	11.8034
37	61	11.523
38	61	9.6406
39	61	5.8845
40	61	9.9513
41	61	8.5614
54	61	20.9559
58	61	20.8929
60	61	-3.7143
22	62	23.5452
52	62	-3.7143
22	63	25.9881
52	63	-2.1462
62	63	-3.7143
10	64	23.3135
53	64	-3.2674
9	65	31.8878
15	65	28.8606
23	65	37.173
25	65	38.7105
30	65	39.2501
34	65	28.8606
36	65	24.7342
37	65	26.2014
38	65	25.0659
39	65	26.3605
40	65	35.0367
41	65	34.4002
54	65	-3.7143
58	65	-5.6071
60	65	17.1798
61	65	20.9559
11	66	22.7857
11	67	22.8448
66	67	-5.6071
9	68	25.1758
15	68	21.4551
23	68	20.0604
25	68	20.6393
30	68	19.6016
34	68	15.2143
36	68	13.6628
37	68	13.4073
38	68	11.523
39	68	7.7607
40	68	11.4286
41	68	9.9513
54	68	21.1441
58	68	20.9559
60	68	-3.2674
61	68	-5.6071
65	68	20.8929
9	69	25.5573
15	69	21.885
23	69	19.6016
25	69	20.0604
30	69	18.8644
34	69	15.293
36	69	14.0819
37	69	13.6628
38	69	11.8034
39	69	7.6429
40	69	10.3572
41	69	8.783
54	69	23.0214
58	69	22.8448
60	69	-1.5143
61	69	-4.8231
65	69	22.7857
68	69	-5.6071
22	70	24.0034
52	70	-1.5143
62	70	-4.8231
63	70	-1.5143
10	71	24.9005
53	71	-1.8214
64	71	-4.8231
11	72	24.7342
66	72	-4.8231
67	72	-5.6071
2	73	28.663
7	73	26.624
9	74	26.5714
15	74	22.7857
23	74	23.8324
25	74	24.6786
30	74	24.0034
34	74	17.7539
36	74	15.293
37	74	15.5276
38	74	13.6628
39	74	11.1425
40	74	16.5921
41	74	15.293
54	74	15.9133
58	74	15.5276
60	74	-3.2674
61	74	-0.67521
65	74	15.293
68	74	-1.5143
69	74	0.30445
9	75	27.0414
15	75	23.3135
23	75	21.885
25	75	22.4287
30	75	21.3311
34	75	17.1071
36	75	15.5276
37	75	15.293
38	75	13.4073
39	75	9.6406
40	75	12.9744
41	75	11.4286
54	75	21.4551
58	75	21.1441
60	75	-2.1462
61	75	-3.7143
65	75	20.9559
68	75	-5.6071
69	75	-4.8231
74	75	-1.8214
22	76	24.6786
52	76	0.96511
62	76	-2.1462
63	76	0.96511
70	76	-4.8231
10	77	26.7811
53	77	0.071429
64	77	-3.2674
71	77	-5.6071
11	78	26.624
66	78	-3.2674
67	78	-3.7143
72	78	-5.6071
2	79	30.546
7	79	28.5141
73	79	-5.6071
9	80	28.5141
15	80	24.7342
23	80	26.3605
25	80	27.2482
30	80	26.624
34	80	20.0604
36	80	17.3966
37	80	17.7539
38	80	15.9133
39	80	13.6628
40	80	19.269
41	80	17.9658
54	80	14.6553
58	80	14.0819
60	80	-0.67521
61	80	1.9643
65	80	13.6628
68	80	0.96511
69	80	2.6933
74	80	-4.8231
75	80	0.30445
9	81	28.4643
15	81	24.6786
23	81	25.5573
25	81	26.3605
30	81	25.6115
34	81	19.6016
36	81	17.1798
37	81	17.3966
38	81	15.5276
39	81	12.8867
40	81	17.9658
41	81	16.5921
54	81	16.443
58	81	15.9133
60	81	-1.5143
61	81	0.53071
65	81	15.5276
68	81	-0.67521
69	81	0.96511
74	81	-5.6071
75	81	-1.5143
80	81	-5.6071
8	82	31.5222
12	82	30.593
8	83	33.1414
12	83	32.4299
82	83	-3.7143
11	84	28.4643
66	84	-1.8214
67	84	-1.5143
72	84	-3.2674
78	84	-4.8231
8	85	32.6089
12	85	31.5222
82	85	-4.8231
83	85	-1.5143
10	86	30.546
53	86	3.8571
64	86	0.30445
71	86	-1.8214
77	86	-3.7143
11	87	30.4044
66	87	0.30445
67	87	0.96511
72	87	-0.67521
78	87	-2.1462
84	87	-4.8231
2	88	34.1859
7	88	32.25
73	88	-1.5143
79	88	-3.2674
2	89	34.5282
7	89	32.4299
73	89	-1.5143
79	89	-3.2674
88	89	-3.7143
9	90	32.6536
15	90	28.9098
23	90	27.4026
25	90	27.8615
30	90	26.624
34	90	22.7857
36	90	21.1441
37	90	20.9559
38	90	19.0675
39	90	15.293
40	90	17.8953
41	90	16.2174
54	90	23.08
58	90	22.4287
60	90	2.6933
61	90	1.9643
65	90	21.885
68	90	0.071429
69	90	0.30445
74	90	0.53071
75	90	-1.8214
80	90	0.96511
81	90	-0.67521
8	91	35.0367
12	91	34.0136
82	91	-3.7143
83	91	-2.1462
85	91	-4.8231
9	92	41.8597
15	92	38.7105
23	92	46.105
25	92	47.5232
30	92	47.7831
34	92	38.0074
36	92	34.0136
37	92	35.3305
38	92	34.0136
39	92	34.5282
40	92	42.5087
41	92	41.605
54	92	6.2802
58	92	4.4715
60	92	23.08
61	92	26.624
65	92	2.6933
68	92	26.0415
69	92	27.8615
74	92	20.0604
75	92	25.5573
80	92	17.7539
81	92	19.6016
90	92	24.7342
2	93	36.4045
7	93	34.3146
73	93	0.30445
79	93	-1.5143
88	93	-3.2674
89	93	-5.6071
9	94	34.5282
15	94	30.7807
23	94	29.2526
25	94	29.6887
30	94	28.4144
34	94	24.6786
36	94	23.0214
37	94	22.8448
38	94	20.9559
39	94	17.1798
40	94	19.6016
41	94	17.8953
54	94	23.8324
58	94	23.08
60	94	4.4715
61	94	3.8571
65	94	22.4287
68	94	1.9643
69	94	2.1517
74	94	1.9643
75	94	0.071429
80	94	1.9643
81	94	0.53071
90	94	-5.6071
92	94	24.6786
8	95	36.2
12	95	35.0367
82	95	-1.5143
83	95	0.53071
85	95	-3.7143
91	95	-4.8231
8	96	37.4927
12	96	36.5267
82	96	-1.5143
83	96	-1.5143
85	96	-2.1462
91	96	-4.8231
95	96	-3.7143
10	97	34.5282
53	97	7.7607
64	97	3.8571
71	97	2.1517
77	97	0.30445
86	97	-3.2674
11	98	34.1429
66	98	3.8571
67	98	4.0138
72	98	2.1517
78	98	0.30445
84	98	-1.8214
87	98	-3.2674
11	99	34.1859
66	99	4.0138
67	99	3.8571
72	99	1.9643
78	99	0.071429
84	99	-1.5143
87	99	-2.1462
98	99	-5.6071
11	100	34.3146
66	100	4.4715
67	100	4.0138
72	100	2.1517
78	100	0.30445
84	100	-0.67521
87	100	-0.67521
98	100	-3.7143
99	100	-5.6071
11	101	36.0357
66	101	5.75
67	101	5.8845
72	101	4.0138
78	101	2.1517
84	101	0.071429
87	101	-1.5143
98	101	-5.6071
99	101	-4.8231
100	101	-3.2674
11	102	36.0768
66	102	5.8845
67	102	5.75
72	102	3.8571
78	102	1.9643
84	102	0.30445
87	102	-0.67521
98	102	-4.8231
99	102	-5.6071
100	102	-4.8231
101	102	-5.6071
2	103	40.1609
7	103	38.086
73	103	4.0138
79	103	2.1517
88	103	-0.67521
89	103	-1.8214
93	103	-3.7143
8	104	39.8214
12	104	38.5941
82	104	2.1517
83	104	3.5372
85	104	0.071429
91	104	-1.5143
95	104	-3.7143
96	104	-2.1462
8	105	42.4729
12	105	41.605
82	105	3.5372
83	105	2.1517
85	105	3.2076
91	105	0.53071
95	105	0.96511
96	105	-2.1462
104	105	0.071429
2	106	42.0408
7	106	39.9726
73	106	5.8845
79	106	4.0138
88	106	0.96511
89	106	0.071429
93	106	-1.8214
103	106	-5.6071
22	107	36.8106
52	107	13.6628
62	107	9.9513
63	107	11.1425
70	107	7.7607
76	107	5.75
8	108	42.1852
12	108	41.0177
82	108	3.8571
83	108	4.4715
85	108	2.1517
91	108	0.071429
95	108	-1.5143
96	108	-1.5143
104	108	-4.8231
105	108	-1.5143
21	109	36.0768
27	109	34.1429
32	109	32.25
47	109	18.2456
49	109	15.9133
55	109	13.4073
56	109	14.0819
59	109	12.262
9	110	42.6161
15	110	38.904
23	110	41.605
25	110	42.5087
30	110	41.8597
34	110	35.0367
36	110	32.024
37	110	32.6089
38	110	30.8274
39	110	28.9098
40	110	34.1859
41	110	32.7427
54	110	17.1798
58	110	15.6053
60	110	14.5743
61	110	16.7404
65	110	14.0819
68	110	15.293
69	110	16.5921
74	110	10.3572
75	110	13.9152
80	110	7.7607
81	110	8.783
90	110	10.3572
92	110	11.1425
94	110	9.4302
22	111	38.5941
52	111	15.5276
62	111	11.8034
63	111	12.8867
70	111	9.6406
76	111	7.6429
107	111	-5.6071
21	112	37.968
27	112	36.0357
32	112	34.1429
47	112	20.0604
49	112	17.7539
55	112	15.293
56	112	15.9133
59	112	14.0819
109	112	-5.6071
21	113	37.9286
27	113	36.0768
32	113	34.1859
47	113	19.6016
49	113	17.3966
55	113	15.2143
56	113	15.5276
59	113	13.6628
109	113	-4.8231
112	113	-5.6071
22	114	42.7945
52	114	19.0675
62	114	15.293
63	114	15.9133
70	114	13.3214
76	114	11.523
107	114	-1.5143
111	114	-3.2674
22	115	43.4667
52	115	19
62	115	15.2143
63	115	15.5276
70	115	13.4073
76	115	11.8034
107	115	-0.67521
111	115	-2.1462
114	115	-5.6071
1	116	52.6559
5	116	50.4103
6	116	50.8111
1	117	51.9369
5	117	49.7883
6	117	50.069
116	117	-3.7143
29	118	41.1652
33	118	38.904
35	118	37.0526
1	119	54.9356
5	119	52.6559
6	119	53.101
116	119	-4.8231
117	119	-1.5143
1	120	53.8064
5	120	51.665
6	120	51.9369
116	120	-3.2674
117	120	-5.6071
119	120	-1.8214
29	121	43.0077
33	121	40.7586
35	121	38.904
118	121	-5.6071
3	122	51.4527
4	122	51.3006
1	123	55.9884
5	123	53.8064
6	123	54.127
116	123	-3.2674
117	123	-3.2674
119	123	-3.2674
120	123	-4.8231
3	124	53.101
4	124	53.0714
122	124	-3.2674
3	125	53.337
4	125	53.1896
122	125	-5.6071
124	125	-3.7143
3	126	55.0789
4	126	54.993
122	126	-3.2674
124	126	-4.8231
125	126	-4.8231
28	127	45.8033
42	127	32.25
43	127	32.4299
44	127	30.3571
45	127	30.4044
46	127	30.7807
48	127	28.4643
50	127	26.5714
51	127	26.624
57	127	24.7342
1	3	-2.1533
2	3	-2.4046
1	4	-1.7998
2	4	-2.1884
3	5	-1.6799
4	5	-1.2331
3	6	-1.633
4	6	-1.204
3	7	-1.6312
4	7	-1.8748
1	11	-1.6152
2	11	-2.3896
3	11	-2.2802
4	11	-2.275
5	11	-1.8619
6	11	-1.6356
7	11	-1.9725
8	11	-1.6337
9	11	-1.065
10	11	-2.4756
11	12	-2.0854
8	13	-1.54
9	13	3.7408
11	13	-1.8614
12	13	-2.1528
11	14	-1.4392
11	15	-0.55297
13	15	1.9511
8	16	-1.5982
9	16	3.1697
11	16	-1.6399
12	16	-2.3573
15	16	3.4976
11	17	-1.449
8	18	-1.7478
9	18	3.6423
11	18	-1.5968
12	18	-2.2349
15	18	3.6224
11	19	-1.4378
8	20	-1.6015
9	20	4.2204
11	20	-1.5982
12	20	-2.2901
15	20	3.3873
11	21	-1.7669
11	22	-1.7259
14	22	-1.8098
17	22	-2.3201
19	22	-2.1608
11	23	-1.5239
13	23	-2.2478
16	23	-1.6853
18	23	-1.8073
20	23	-2.1229
11	24	-1.6364
14	24	-2.2863
17	24	-1.8346
19	24	-2.2535
11	25	-1.6587
13	25	-2.0797
16	25	-1.6403
18	25	-1.8372
20	25	-1.9445
11	26	-1.7025
14	26	-2.1915
17	26	-1.6568
19	26	-2.1736
11	27	-2.3201
11	28	-1.4106
21	28	-1.608
27	28	-2.407
11	29	-0.92757
28	29	-1.8758
11	30	-1.3922
13	30	-2.1888
16	30	-1.8362
18	30	-1.9013
20	30	-2.1541
11	31	-1.4577
14	31	-2.2493
17	31	-2.0024
19	31	-1.9886
11	32	-2.3183
28	32	-2.2117
11	33	-1.9042
28	33	-2.2351
11	34	0.05819
13	34	1.3623
16	34	1.588
18	34	2.3901
20	34	2.8358
11	35	-1.3133
28	35	-1.6967
11	36	1.3711
13	36	2.2244
16	36	2.4883
18	36	2.5976
20	36	2.4495
11	37	1.228
13	37	2.4647
16	37	2.7124
18	37	2.845
20	37	2.7325
11	38	1.6315
13	38	3.0548
16	38	3.297
18	38	3.4402
20	38	3.3468
11	39	1.9743
13	39	2.4945
16	39	2.6632
18	39	2.9998
20	39	3.1217
11	40	0.8046
13	40	0.72474
16	40	0.73449
18	40	0.97209
20	40	1.0576
11	41	1.0695
13	41	0.8952
16	41	0.93116
18	41	1.1603
20	41	1.2287
11	42	3.0903
21	42	1.063
27	42	1.9456
29	42	2.6996
32	42	2.24
33	42	3.0306
35	42	3.2579
11	43	2.6734
21	43	0.29722
27	43	1.3748
29	43	1.6115
32	43	1.7216
33	43	1.8991
35	43	2.1476
11	44	3.1867
21	44	1.2292
27	44	2.119
29	44	2.6119
32	44	2.4289
33	44	2.9409
35	44	3.1742
11	45	3.0029
21	45	0.84598
27	45	1.8193
29	45	2.169
32	45	2.149
33	45	2.4853
35	45	2.7314
11	46	2.3681
21	46	0.10664
27	46	1.2471
29	46	1.7176
32	46	1.6225
33	46	2.0207
35	46	2.2778
11	47	1.8485
28	47	2.6304
42	47	-1.182
43	47	-2.2407
44	47	-2.0981
45	47	-1.9786
46	47	-1.6255
11	48	3.2023
21	48	1.2648
27	48	2.1647
29	48	2.6646
32	48	2.4877
33	48	2.9935
35	48	3.2309
47	48	-0.69695
11	49	1.9238
28	49	2.2844
42	49	-1.438
43	49	-2.2642
44	49	-2.0345
45	49	-2.5199
46	49	-2.0118
48	49	-1.8724
11	50	3.2103
21	50	1.3838
27	50	2.2917
29	50	2.5097
32	50	2.6239
33	50	2.8343
35	50	3.0754
47	50	0.75435
49	50	-0.66275
11	51	2.9545
21	51	0.98679
27	51	1.958
29	51	2.4816
32	51	2.3038
33	51	2.8091
35	51	3.0573
47	51	0.19236
49	51	-0.80464
11	52	2.7992
14	52	4.8037
17	52	4.934
19	52	4.7827
11	53	4.0373
11	54	6.8267
13	54	4.116
16	54	4.4308
18	54	4.5419
20	54	4.379
11	55	2.4326
28	55	1.6776
42	55	-1.9866
43	55	-2.4399
44	55	-2.5272
45	55	-2.2582
46	55	-1.8836
48	55	-1.9465
50	55	-1.2117
51	55	-1.2134
11	56	2.0408
28	56	2.0761
42	56	-1.4931
43	56	-2.4002
44	56	-2.0311
45	56	-2.5786
46	56	-2.0487
48	56	-2.5765
50	56	-1.4914
51	56	-1.334
11	57	2.9637
21	57	1.1003
27	57	2.0711
29	57	2.5348
32	57	2.4219
33	57	2.8636
35	57	3.1127
47	57	0.93569
49	57	-0.016977
55	57	-0.6436
56	57	-0.508
11	58	6.6479
13	58	3.4806
16	58	3.778
18	58	3.8772
20	58	3.7062
11	59	2.088
28	59	2.0876
42	59	-1.2021
43	59	-2.0197
44	59	-1.5887
45	59	-2.0912
46	59	-2.2012
48	59	-2.069
50	59	-2.4011
51	59	-1.913
57	59	-1.2892
11	60	3.334
13	60	3.2276
16	60	3.4653
18	60	3.678
20	60	3.6644
11	61	2.9784
13	61	2.954
16	61	3.1594
18	61	3.3628
20	61	3.3529
11	62	2.9038
14	62	4.392
17	62	4.5099
19	62	4.3673
11	63	2.8113
14	63	4.8609
17	63	4.9955
19	63	4.8678
11	64	3.5744
11	65	7.0011
13	65	3.4063
16	65	3.6963
18	65	3.7916
20	65	3.6199
1	66	5.0759
2	66	2.9164
3	66	5.2267
4	66	5.0489
5	66	5.3391
6	66	5.0868
7	66	3.4541
8	66	4.0121
9	66	3.4874
10	66	3.7564
12	66	4.468
13	66	3.5955
14	66	2.9678
15	66	3.3653
16	66	3.552
17	66	2.9549
18	66	3.3888
19	66	2.8154
20	66	3.288
21	66	2.4753
22	66	4.1648
23	66	2.7519
24	66	2.4886
25	66	2.7262
26	66	2.4173
27	66	2.8142
28	66	3.7692
29	66	2.6264
30	66	2.4718
31	66	2.1658
32	66	2.8729
33	66	3.2787
34	66	2.4906
35	66	3.0128
36	66	1.9608
37	66	1.7685
38	66	1.3859
39	66	0.36993
40	66	0.68299
41	66	0.39771
42	66	-0.50072
43	66	-0.69049
44	66	-0.54923
45	66	-0.61096
46	66	-1.2127
47	66	-1.6303
48	66	-0.72137
49	66	-1.656
50	66	-0.85164
51	66	-1.0639
52	66	-1.0009
53	66	-1.2062
54	66	5.1577
55	66	-1.2265
56	66	-1.4619
57	66	-1.1724
58	66	5.7281
59	66	-1.0456
60	66	-0.54789
61	66	-0.81032
62	66	-1.1883
63	66	-1.1076
64	66	-2.4511
65	66	6.8997
1	67	5.4648
2	67	3.3753
3	67	5.6453
4	67	5.4598
5	67	5.7368
6	67	5.4761
7	67	3.8916
8	67	4.2494
9	67	3.7804
10	67	3.5291
12	67	4.7098
13	67	3.8751
14	67	3.1997
15	67	3.6663
16	67	3.8321
17	67	3.1883
18	67	3.6608
19	67	3.0401
20	67	3.5523
21	67	2.4418
22	67	4.3508
23	67	2.9943
24	67	2.7128
25	67	2.9591
26	67	2.633
27	67	2.7875
28	67	3.659
29	67	2.2868
30	67	2.6964
31	67	2.3738
32	67	2.8545
33	67	2.9357
34	67	2.7783
35	67	2.6794
36	67	2.2971
37	67	2.0848
38	67	1.7132
39	67	0.66392
40	67	0.92562
41	67	0.64052
42	67	-0.91873
43	67	-1.0706
44	67	-0.95775
45	67	-0.99647
46	67	-1.5631
47	67	-1.9143
48	67	-1.1155
49	67	-1.954
50	67	-1.2177
51	67	-1.3509
52	67	-1.0416
53	67	-1.412
54	67	5.8153
55	67	-1.5821
56	67	-1.6655
57	67	-1.0883
58	67	6.2414
59	67	-1.098
60	67	-0.39876
61	67	-0.653
62	67	-1.2134
63	67	-1.1535
64	67	-2.3811
65	67	6.9652
11	68	3.0556
13	68	3.0334
16	68	3.2382
18	68	3.4313
20	68	3.4118
66	68	-0.64717
67	68	-0.46476
11	69	2.872
13	69	2.8028
16	69	2.9935
18	69	3.1877
20	69	3.1681
66	69	-0.82269
67	69	-0.64037
11	70	3.0047
14	70	3.9757
17	70	4.0796
19	70	3.9344
66	70	-1.2611
67	70	-1.2398
11	71	3.61
66	71	-1.8048
67	71	-1.8677
1	72	5.8263
2	72	3.3645
3	72	5.791
4	72	5.6147
5	72	6.096
6	72	5.8412
7	72	3.8909
8	72	4.277
9	72	3.8548
10	72	3.7168
12	72	4.7313
13	72	4.0442
14	72	3.3437
15	72	3.7548
16	72	4.008
17	72	3.3386
18	72	3.8406
19	72	3.1945
20	72	3.7341
21	72	2.4079
22	72	4.3993
23	72	3.1093
24	72	2.8138
25	72	3.0733
26	72	2.7339
27	72	2.7433
28	72	3.5769
29	72	2.3526
30	72	2.8187
31	72	2.4831
32	72	2.8098
33	72	2.9972
34	72	2.9156
35	72	2.7533
36	72	2.4552
37	72	2.2498
38	72	1.9022
39	72	0.90792
40	72	1.1165
41	72	0.84491
42	72	-1.2668
43	72	-1.4009
44	72	-1.3253
45	72	-1.3462
46	72	-1.912
47	72	-2.1937
48	72	-1.5133
49	72	-2.2651
50	72	-1.7159
51	72	-1.6802
52	72	-1.2904
53	72	-1.0744
54	72	5.0864
55	72	-1.942
56	72	-2.0961
57	72	-1.4739
58	72	5.3165
59	72	-1.6754
60	72	-0.36239
61	72	-0.55376
62	72	-1.4672
63	72	-1.3739
64	72	-2.1464
65	72	6.7812
68	72	-0.77485
69	72	-0.77916
70	72	-1.5238
71	72	-2.4802
3	73	5.5363
4	73	5.3258
11	73	4.3497
66	73	-0.54914
67	73	-0.29054
72	73	-0.65134
11	74	3.7458
13	74	3.3672
16	74	3.6112
18	74	3.8075
20	74	3.7761
66	74	0.14118
67	74	0.35568
72	74	-0.042242
11	75	3.1401
13	75	2.9643
16	75	3.1687
18	75	3.3549
20	75	3.3292
66	75	-0.49111
67	75	-0.29094
72	75	-0.61716
11	76	2.9673
14	76	3.7375
17	76	3.8283
19	76	3.6841
66	76	-1.3557
67	76	-1.297
72	76	-1.6418
11	77	3.6513
66	77	-1.1476
67	77	-1.2819
72	77	-2.0092
1	78	6.1392
2	78	3.4263
3	78	5.9507
4	78	5.7828
5	78	6.4065
6	78	6.1573
7	78	3.9611
8	78	4.2954
9	78	3.9729
10	78	3.9858
12	78	4.7425
13	78	4.1864
14	78	3.5152
15	78	3.8839
16	78	4.1557
17	78	3.5148
18	78	3.9929
19	78	3.3756
20	78	3.8895
21	78	2.6052
22	78	4.4993
23	78	3.266
24	78	2.9923
25	78	3.2301
26	78	2.9141
27	78	2.9306
28	78	3.79
29	78	2.66
30	78	2.9832
31	78	2.671
32	78	2.9963
33	78	3.2997
34	78	3.0877
35	78	3.0661
36	78	2.6423
37	78	2.4441
38	78	2.1164
39	78	1.1723
40	78	1.3422
41	78	1.083
42	78	-1.3113
43	78	-1.4517
44	78	-1.39
45	78	-1.4091
46	78	-1.9001
47	78	-2.1113
48	78	-1.6081
49	78	-2.1362
50	78	-1.7782
51	78	-1.942
52	78	-1.47
53	78	-0.55542
54	78	4.5544
55	78	-2.1323
56	78	-2.2543
57	78	-2.0352
58	78	4.6119
59	78	-2.2759
60	78	0.12347
61	78	-0.12516
62	78	-1.6521
63	78	-1.527
64	78	-1.2938
65	78	6.004
68	78	-0.33774
69	78	-0.37154
70	78	-1.7638
71	78	-1.5888
73	78	-1.1507
74	78	-0.44673
75	78	-0.63641
76	78	-2.0502
77	78	-2.2528
3	79	6.2433
4	79	6.0309
11	79	4.1884
66	79	-0.87682
67	79	-0.59084
72	79	-0.86076
78	79	-1.3247
11	80	4.0688
13	80	3.6426
16	80	3.8939
18	80	4.0808
20	80	4.0376
66	80	0.77085
67	80	1.0112
72	80	0.52527
78	80	0.11726
11	81	3.878
13	81	3.4213
16	81	3.6615
18	81	3.85
20	81	3.8123
66	81	0.52435
67	81	0.74277
72	81	0.32336
78	81	-0.046039
11	82	3.271
13	82	5.0979
16	82	5.2434
18	82	5.0964
20	82	4.8449
66	82	-1.2321
67	82	-1.1671
72	82	-1.4404
78	82	-1.7246
11	83	3.2552
13	83	5.7971
16	83	5.9508
18	83	5.8043
20	83	5.556
66	83	-1.0526
67	83	-1.0108
72	83	-1.2528
78	83	-1.4858
1	84	5.7191
2	84	2.7327
3	84	5.4757
4	84	5.3239
5	84	5.9734
6	84	5.7416
7	84	3.2975
8	84	4.1457
9	84	3.8454
10	84	4.3687
12	84	4.5847
13	84	4.1095
14	84	3.5971
15	84	3.758
16	84	4.0826
17	84	3.5984
18	84	3.9302
19	84	3.4712
20	84	3.8357
21	84	3.212
22	84	4.5808
23	84	3.2133
24	84	2.9865
25	84	3.1863
26	84	2.9173
27	84	3.5268
28	84	4.6362
29	84	4.2001
30	84	2.9525
31	84	2.6871
32	84	3.5869
33	84	4.8443
34	84	3.005
35	84	4.6057
36	84	2.5308
37	84	2.3539
38	84	2.0312
39	84	1.147
40	84	1.3418
41	84	1.0918
42	84	-0.42038
43	84	-0.60436
44	84	-0.50762
45	84	-0.56487
46	84	-0.95049
47	84	-1.4308
48	84	-0.74354
49	84	-1.4983
50	84	-0.90408
51	84	-1.1217
52	84	-1.4258
53	84	0.33388
54	84	3.4502
55	84	-1.2099
56	84	-1.5012
57	84	-1.2894
58	84	3.306
59	84	-1.6281
60	84	0.24223
61	84	0.018724
62	84	-1.6276
63	84	-1.5427
64	84	-0.3624
65	84	4.7211
68	84	-0.17691
69	84	-0.21083
70	84	-1.7457
71	84	-0.52677
73	84	-1.0889
74	84	-0.35117
75	84	-0.43522
76	84	-1.6984
77	84	-1.1831
79	84	-1.3164
80	84	-0.4496
81	84	-0.57492
82	84	-1.6806
83	84	-1.7244
11	85	3.3603
13	85	5.0119
16	85	5.1512
18	85	5.0111
20	85	4.765
66	85	-1.2869
67	85	-1.1951
72	85	-1.4791
78	85	-1.7954
84	85	-1.8029
11	86	4.3866
66	86	0.47382
67	86	0.28248
72	86	-0.32143
78	86	-1.1607
84	86	-1.9509
1	87	5.2411
2	87	2.0868
3	87	4.9092
4	87	4.7726
5	87	5.4843
6	87	5.2685
7	87	2.6782
8	87	3.9403
9	87	3.7615
10	87	4.7457
12	87	4.3723
13	87	3.9724
14	87	3.7034
15	87	3.6798
16	87	3.9507
17	87	3.7078
18	87	3.8048
19	87	3.5891
20	87	3.7153
21	87	3.8942
22	87	4.636
23	87	3.1882
24	87	3.1242
25	87	3.1665
26	87	3.0625
27	87	4.2022
28	87	5.3389
29	87	4.717
30	87	2.9437
31	87	2.8436
32	87	4.2582
33	87	5.3606
34	87	2.9663
35	87	5.1229
36	87	2.4734
37	87	2.3129
38	87	1.9973
39	87	1.1657
40	87	1.372
41	87	1.1332
42	87	0.35515
43	87	0.14761
44	87	0.26382
45	87	0.17087
46	87	-0.13403
47	87	-0.63912
48	87	0.023102
49	87	-0.69496
50	87	-0.15293
51	87	-0.39291
52	87	-1.1351
53	87	1.1821
54	87	2.4601
55	87	-0.36647
56	87	-0.71714
57	87	-0.59441
58	87	2.074
59	87	-0.87134
60	87	0.39084
61	87	0.20182
62	87	-1.3389
63	87	-1.4123
64	87	0.59057
65	87	3.4762
68	87	0.020408
69	87	-0.0071593
70	87	-1.3962
71	87	0.59478
73	87	-1.3661
74	87	-0.10307
75	87	-0.20474
76	87	-1.2666
77	87	0.0068535
79	87	-1.3609
80	87	-0.44425
81	87	-0.49333
82	87	-1.4679
83	87	-1.6757
85	87	-1.58
86	87	-1.7747
3	88	6.1372
4	88	5.9439
11	88	3.4273
66	88	-1.615
67	88	-1.2485
72	88	-1.4452
78	88	-1.8421
84	88	-1.7868
87	88	-0.99845
3	89	7.6992
4	89	7.4811
11	89	3.4203
66	89	-1.9821
67	89	-1.6993
72	89	-1.9516
78	89	-2.1431
84	89	-1.536
87	89	-1.1345
11	90	3.4251
13	90	3.1189
16	90	3.3222
18	90	3.4887
20	90	3.4445
66	90	0.2482
67	90	0.4636
72	90	0.14884
78	90	-0.19916
84	90	-0.7332
87	90	-0.99165
11	91	3.2995
13	91	5.2421
16	91	5.3819
18	91	5.2512
20	91	5.0156
66	91	-1.3452
67	91	-1.2847
72	91	-1.5674
78	91	-1.8899
84	91	-1.9575
87	91	-1.5974
11	92	6.0986
13	92	2.4964
16	92	2.8645
18	92	3.061
20	92	2.9924
66	92	6.8788
67	92	7.1734
72	92	7.4628
78	92	7.7856
84	92	7.9025
87	92	8.2896
3	93	7.8571
4	93	7.6457
11	93	3.1844
66	93	-2.2367
67	93	-1.997
72	93	-2.2391
78	93	-2.2247
84	93	-1.6691
87	93	-0.88166
11	94	3.4425
13	94	3.0627
16	94	3.2657
18	94	3.4284
20	94	3.3809
66	94	0.39287
67	94	0.62121
72	94	0.33118
78	94	0.0050979
84	94	-0.55404
87	94	-0.97983
11	95	3.4629
13	95	5.1047
16	95	5.2403
18	95	5.1155
20	95	4.8843
66	95	-1.0206
67	95	-0.94156
72	95	-1.2242
78	95	-1.5546
84	95	-1.9095
87	95	-1.6591
11	96	3.3625
13	96	5.6662
16	96	5.8064
18	96	5.6821
20	96	5.4542
66	96	-1.1089
67	96	-1.0906
72	96	-1.3364
78	96	-1.5925
84	96	-1.858
87	96	-1.6957
11	97	4.1564
66	97	0.75651
67	97	0.59727
72	97	0.13528
78	97	-0.51914
84	97	-1.037
87	97	-1.6868
1	98	6.1659
2	98	1.7756
3	98	4.9036
4	98	4.7782
5	98	6.4108
6	98	6.1967
7	98	2.3628
8	98	4.1288
9	98	3.986
10	98	4.1859
12	98	4.5527
13	98	4.0832
14	98	4.0669
15	98	3.9265
16	98	4.0708
17	98	4.0787
18	98	3.9265
19	98	3.9627
20	98	3.8369
21	98	4.431
22	98	5.0146
23	98	3.4386
24	98	3.4922
25	98	3.4107
26	98	3.4275
27	98	4.734
28	98	5.9116
29	98	5.1511
30	98	3.1954
31	98	3.2163
32	98	4.795
33	98	5.7833
34	98	3.2699
35	98	5.5651
36	98	2.8305
37	98	2.6681
38	98	2.3887
39	98	1.6156
40	98	1.742
41	98	1.5261
42	98	0.54322
43	98	0.51875
44	98	0.45985
45	98	0.38205
46	98	0.82948
47	98	0.089996
48	98	0.51624
49	98	0.067417
50	98	0.53306
51	98	0.58388
52	98	-0.46928
53	98	0.68352
54	98	2.6241
55	98	-0.16095
56	98	-0.12144
57	98	0.55734
58	98	2.2117
59	98	-0.18857
60	98	1.1734
61	98	0.89525
62	98	-0.66834
63	98	-0.79091
64	98	0.25482
65	98	3.4759
68	98	0.75298
69	98	0.67615
70	98	-0.69684
71	98	0.37378
73	98	-0.86046
74	98	0.84444
75	98	0.5592
76	98	-0.53063
77	98	-0.046743
79	98	-0.74906
80	98	0.65474
81	98	0.51045
82	98	-0.94682
83	98	-1.2054
85	98	-1.0155
86	98	-1.7861
88	98	-0.13492
89	98	-0.32512
90	98	-0.18197
91	98	-1.1504
92	98	8.1492
93	98	-0.095219
94	98	-0.35668
95	98	-1.1886
96	98	-1.2609
97	98	-1.8427
1	99	7.0231
2	99	1.9639
3	99	5.6912
4	99	5.5592
5	99	7.2809
6	99	7.0513
7	99	2.5373
8	99	4.274
9	99	4.2071
10	99	4.1013
12	99	4.701
13	99	4.319
14	99	4.1572
15	99	4.1545
16	99	4.3084
17	99	4.1717
18	99	4.1587
19	99	4.0491
20	99	4.0635
21	99	3.8037
22	99	5.0345
23	99	3.6317
24	99	3.6227
25	99	3.5968
26	99	3.5514
27	99	4.1048
28	99	5.5454
29	99	4.044
30	99	3.3776
31	99	3.3362
32	99	4.1695
33	99	4.6664
34	99	3.498
35	99	4.4597
36	99	3.0907
37	99	2.9184
38	99	2.6499
39	99	1.8729
40	99	1.9544
41	99	1.7424
42	99	0.35811
43	99	0.2957
44	99	0.28552
45	99	0.18913
46	99	0.58868
47	99	-0.38506
48	99	0.35213
49	99	-0.3754
50	99	0.37304
51	99	0.3951
52	99	-0.5032
53	99	0.47652
54	99	3.2099
55	99	-0.5255
56	99	-0.54191
57	99	0.36847
58	99	2.8659
59	99	-0.58878
60	99	1.5028
61	99	1.1722
62	99	-0.72473
63	99	-0.86521
64	99	0.068848
65	99	4.0848
68	99	1.031
69	99	0.93193
70	99	-0.75049
71	99	0.14539
73	99	-0.43768
74	99	1.1994
75	99	0.8281
76	99	-0.56963
77	99	-0.26075
79	99	-0.31483
80	99	1.0374
81	99	0.85479
82	99	-0.90009
83	99	-1.2011
85	99	-0.92745
86	99	-1.9107
88	99	0.45646
89	99	-0.3468
90	99	0.039752
91	99	-1.1677
92	99	8.4278
93	99	-0.1633
94	99	-0.16447
95	99	-1.1449
96	99	-1.2998
97	99	-1.9168
1	100	7.3231
2	100	2.0404
3	100	6.3183
4	100	6.1782
5	100	7.4435
6	100	7.3977
7	100	2.602
8	100	4.4236
9	100	4.3794
10	100	3.9251
12	100	4.8517
13	100	4.5204
14	100	4.241
15	100	4.3327
16	100	4.5111
17	100	4.2582
18	100	4.3579
19	100	4.1306
20	100	4.2594
21	100	3.1479
22	100	5.0697
23	100	3.7825
24	100	3.7026
25	100	3.7419
26	100	3.6253
27	100	3.4489
28	100	5.0038
29	100	2.7502
30	100	3.5197
31	100	3.4071
32	100	3.5167
33	100	3.3638
34	100	3.6786
35	100	3.1664
36	100	3.3016
37	100	3.1203
38	100	2.8632
39	100	2.0846
40	100	2.1234
41	100	1.9146
42	100	0.033269
43	100	-0.060777
44	100	-0.02693
45	100	-0.13381
46	100	0.21326
47	100	-0.88659
48	100	0.050835
49	100	-0.84529
50	100	0.078118
51	100	0.076332
52	100	-0.48017
53	100	0.18446
54	100	3.6789
55	100	-0.92567
56	100	-0.98672
57	100	0.055066
58	100	3.3836
59	100	-1.0089
60	100	1.7952
61	100	1.4098
62	100	-0.72104
63	100	-0.8771
64	100	-0.21145
65	100	4.5563
68	100	1.269
69	100	1.146
70	100	-0.74449
71	100	-0.16863
73	100	-0.075676
74	100	1.5247
75	100	1.057
76	100	-0.55144
77	100	-0.56279
79	100	0.088711
80	100	1.4007
81	100	1.171
82	100	-0.80476
83	100	-1.1346
85	100	-0.82343
86	100	-2.1211
88	100	1.178
89	100	-0.22182
90	100	0.21289
91	100	-1.1031
92	100	8.6118
93	100	-0.081363
94	100	-0.025861
95	100	-1.104
96	100	-1.2933
97	100	-1.7999
1	101	6.4079
2	101	1.7433
3	101	4.8921
4	101	4.7729
5	101	6.6509
6	101	6.4403
7	101	2.3347
8	101	4.1683
9	101	4.087
10	101	3.9418
12	101	4.5869
13	101	4.1871
14	101	4.1432
15	101	4.033
16	101	4.1775
17	101	4.1582
18	101	4.0371
19	101	4.0453
20	101	3.9505
21	101	4.6035
22	101	5.0724
23	101	3.5667
24	101	3.5883
25	101	3.5398
26	101	3.5251
27	101	4.9015
28	101	6.0223
29	101	5.0425
30	101	3.3302
31	101	3.3199
32	101	4.9629
33	101	5.6684
34	101	3.4017
35	101	5.4577
36	101	2.9675
37	101	2.8104
38	101	2.5408
39	101	1.7977
40	101	1.9162
41	101	1.7087
42	101	0.7871
43	101	0.77694
44	101	0.72318
45	101	0.6546
46	101	1.0987
47	101	0.35758
48	101	0.79965
49	101	0.33606
50	101	0.83919
51	101	0.89263
52	101	-0.2316
53	101	0.52271
54	101	2.5047
55	101	0.079355
56	101	0.16824
57	101	0.88975
58	101	2.0456
59	101	0.12511
60	101	1.4537
61	101	1.1707
62	101	-0.41138
63	101	-0.54527
64	101	0.14218
65	101	3.2886
68	101	1.0447
69	101	0.95978
70	101	-0.42486
71	101	0.31632
73	101	-0.72009
74	101	1.1861
75	101	0.87055
76	101	-0.24725
77	101	-0.051451
79	101	-0.56669
80	101	1.0498
81	101	0.88931
82	101	-0.67633
83	101	-0.94886
85	101	-0.72778
86	101	-1.6682
88	101	0.10944
89	101	-0.077929
90	101	0.18534
91	101	-0.89759
92	101	7.6559
93	101	0.14063
94	101	0.02262
95	101	-0.96682
96	101	-1.0264
97	101	-1.5719
1	102	7.2943
2	102	1.8259
3	102	5.567
4	102	5.4426
5	102	7.545
6	102	7.3237
7	102	2.4044
8	102	4.3238
9	102	4.2744
10	102	3.8958
12	102	4.7453
13	102	4.3983
14	102	4.265
15	102	4.2263
16	102	4.3905
17	102	4.2822
18	102	4.245
19	102	4.1638
20	102	4.1534
21	102	4.1642
22	102	5.1551
23	102	3.7302
24	102	3.7306
25	102	3.6972
26	102	3.6618
27	102	4.4602
28	102	5.9263
29	102	4.2825
30	102	3.4843
31	102	3.453
32	102	4.5247
33	102	4.9007
34	102	3.5959
35	102	4.6987
36	102	3.1906
37	102	3.0247
38	102	2.7654
39	102	2.02
40	102	2.0981
41	102	1.8942
42	102	0.84604
43	102	0.79855
44	102	0.79116
45	102	0.70441
46	102	1.0999
47	102	0.05511
48	102	0.87472
49	102	0.059867
50	102	0.91714
51	102	0.94335
52	102	-0.19285
53	102	0.36327
54	102	3.0242
55	102	-0.13371
56	102	-0.089106
57	102	0.94035
58	102	2.6294
59	102	-0.11568
60	102	1.7466
61	102	1.4165
62	102	-0.39214
63	102	-0.54776
64	102	-0.0026643
65	102	3.8312
68	102	1.2931
69	102	1.1873
70	102	-0.40158
71	102	0.12453
73	102	-0.44268
74	102	1.5103
75	102	1.1129
76	102	-0.21268
77	102	-0.23919
79	102	-0.27967
80	102	1.4081
81	102	1.2115
82	102	-0.60628
83	102	-0.91974
85	102	-0.62591
86	102	-1.7995
88	102	0.54041
89	102	-0.012867
90	102	0.3943
91	102	-0.89494
92	102	7.9576
93	102	0.17339
94	102	0.20736
95	102	-0.92623
96	102	-1.0811
97	102	-1.6736
3	103	7.7844
4	103	7.5893
11	103	3.0916
66	103	-2.0334
67	103	-1.9368
72	103	-2.1216
78	103	-2.4154
84	103	-1.5613
87	103	-0.7364
98	103	0.046419
99	103	-0.087987
100	103	-0.12565
101	103	0.30892
102	103	0.31348
11	104	3.7097
13	104	5.1234
16	104	5.2557
18	104	5.1453
20	104	4.9282
66	104	-0.45275
67	104	-0.36632
72	104	-0.60486
78	104	-0.88172
84	104	-1.2463
87	104	-1.4934
98	104	-1.3906
99	104	-1.3877
100	104	-1.3707
101	104	-1.1499
102	104	-1.1499
11	105	3.5351
13	105	6.2936
16	105	6.4342
18	105	6.3213
20	105	6.1066
66	105	-0.59728
67	105	-0.57692
72	105	-0.76725
78	105	-0.95975
84	105	-1.2141
87	105	-1.3763
98	105	-1.4836
99	105	-1.507
100	105	-1.5037
101	105	-1.2511
102	105	-1.2963
3	106	7.7431
4	106	7.5551
11	106	3.2198
66	106	-1.7749
67	106	-1.706
72	106	-1.8535
78	106	-2.0882
84	106	-1.6152
87	106	-0.79203
98	106	-0.037046
99	106	-0.21645
100	106	-0.32377
101	106	0.24526
102	106	0.21865
11	107	3.5024
14	107	4.6682
17	107	4.7404
19	107	4.6498
66	107	0.18083
67	107	0.32584
72	107	0.090493
78	107	-0.24004
84	107	-0.82803
87	107	-1.3243
98	107	-1.759
99	107	-1.6452
100	107	-1.5061
101	107	-1.5202
102	107	-1.4612
11	108	3.7674
13	108	5.4213
16	108	5.5538
18	108	5.4492
20	108	5.239
66	108	-0.27283
67	108	-0.20689
72	108	-0.41625
78	108	-0.65292
84	108	-0.97102
87	108	-1.184
98	108	-1.4812
99	108	-1.5501
100	108	-1.5465
101	108	-1.2551
102	108	-1.3029
11	109	0.89589
28	109	5.4793
42	109	3.5036
43	109	3.4633
44	109	3.4671
45	109	3.4394
46	109	3.47
48	109	3.4997
50	109	3.4433
51	109	3.4568
57	109	3.388
66	109	0.42844
67	109	0.94252
72	109	1.0206
78	109	0.81779
84	109	-0.46576
87	109	-1.0326
98	109	-1.4019
99	109	-0.32833
100	109	1.5693
101	109	-1.306
102	109	-0.58136
11	110	3.8932
13	110	3.5976
16	110	3.8592
18	110	4.0217
20	110	3.9506
66	110	2.2674
67	110	2.6626
72	110	2.5587
78	110	2.4113
84	110	1.6646
87	110	0.89613
98	110	0.45952
99	110	1.1877
100	110	2.0236
101	110	-0.12815
102	110	0.35174
11	111	3.6716
14	111	4.8687
17	111	4.9394
19	111	4.8547
66	111	0.50396
67	111	0.65369
72	111	0.43944
78	111	0.13148
84	111	-0.44758
87	111	-0.94899
98	111	-1.6169
99	111	-1.3929
100	111	-1.1492
101	111	-1.7027
102	111	-1.6445
11	112	1.0043
28	112	5.3006
42	112	3.3332
43	112	3.2914
44	112	3.2997
45	112	3.2718
46	112	3.3001
48	112	3.3365
50	112	3.2845
51	112	3.2983
57	112	3.2353
66	112	0.56358
67	112	1.046
72	112	1.1246
78	112	0.92214
84	112	-0.29491
87	112	-1.0283
98	112	-1.4496
99	112	-0.25135
100	112	1.4346
101	112	-1.3999
102	112	-0.51003
11	113	1.1856
28	113	5.6177
42	113	3.6812
43	113	3.6426
44	113	3.6546
45	113	3.6289
46	113	3.6611
48	113	3.7008
50	113	3.6567
51	113	3.6735
57	113	3.6196
66	113	0.56885
67	113	1.025
72	113	1.0683
78	113	0.8283
84	113	-0.38879
87	113	-1.1926
98	113	-1.5261
99	113	-0.65353
100	113	0.97673
101	113	-1.4274
102	113	-1.1075
11	114	3.7578
14	114	4.9061
17	114	4.9793
19	114	4.8999
66	114	0.76462
67	114	0.90486
72	114	0.7246
78	114	0.45596
84	114	-0.082195
87	114	-0.54958
98	114	-1.1217
99	114	-0.90371
100	114	-0.66217
101	114	-1.4231
102	114	-1.2965
11	115	3.7612
14	115	4.8511
17	115	4.9287
19	115	4.8488
66	115	0.74253
67	115	0.87023
72	115	0.69582
78	115	0.43664
84	115	-0.078279
87	115	-0.52074
98	115	-1.074
99	115	-0.87479
100	115	-0.64876
101	115	-1.3592
102	115	-1.2433
3	116	5.4588
4	116	6.0598
11	116	3.0637
66	116	-1.1049
67	116	-1.4403
72	116	-1.6546
78	116	-1.8437
84	116	-1.3676
87	116	-0.76318
98	116	-1.2395
99	116	-1.6648
100	116	-1.7539
101	116	-0.97964
102	116	-1.4832
3	117	5.5851
4	117	6.1725
11	117	2.662
66	117	-1.5919
67	117	-1.9243
72	117	-1.9151
78	117	-1.8715
84	117	-1.4907
87	117	-1.027
98	117	-0.70143
99	117	-0.93258
100	117	-1.5002
101	117	-0.23807
102	117	-0.5234
11	118	1.6301
28	118	4.233
42	118	1.6932
43	118	3.1934
44	118	1.9906
45	118	2.641
46	118	2.9136
48	118	1.9651
50	118	2.2588
51	118	2.1752
57	118	2.0822
66	118	0.27281
67	118	1.198
72	118	1.1772
78	118	0.83755
84	118	-0.80111
87	118	-0.90507
98	118	-0.90354
99	118	-0.16176
100	118	1.9474
101	118	-0.56172
102	118	-0.12772
3	119	5.4924
4	119	6.1002
11	119	3.3172
66	119	-0.96838
67	119	-1.2783
72	119	-1.5165
78	119	-1.7317
84	119	-1.35
87	119	-0.81673
98	119	-1.4352
99	119	-2.1151
100	119	-1.6698
101	119	-1.4536
102	119	-1.8724
3	120	5.7963
4	120	6.382
11	120	2.5952
66	120	-1.4124
67	120	-1.731
72	120	-1.7578
78	120	-1.7301
84	120	-1.4047
87	120	-0.91038
98	120	-0.75085
99	120	-0.94049
100	120	-1.4261
101	120	-0.35545
102	120	-0.58636
11	121	1.4774
28	121	4.1754
42	121	1.6743
43	121	3.1754
44	121	1.9726
45	121	2.625
46	121	2.9048
48	121	1.9507
50	121	2.2461
51	121	2.1708
57	121	2.0838
66	121	0.56006
67	121	1.0814
72	121	1.0703
78	121	0.8472
84	121	-0.54533
87	121	-0.69675
98	121	-0.7427
99	121	0.037344
100	121	1.868
101	121	-0.43905
102	121	0.034334
1	122	4.7974
2	122	3.5115
5	122	4.9874
6	122	5.003
7	122	4.1072
11	122	4.0188
66	122	-1.1324
67	122	-1.0579
72	122	-1.2769
73	122	-0.39
78	122	-1.417
79	122	-0.98478
84	122	-1.7652
87	122	-1.4736
88	122	-1.6185
89	122	-1.0461
93	122	-1.1958
98	122	-1.1354
99	122	-1.7601
100	122	-1.8826
101	122	-0.85786
102	122	-1.4043
103	122	-1.5886
106	122	-1.7541
116	122	-1.438
117	122	-1.5754
119	122	-1.7063
120	122	-2.1098
3	123	5.7201
4	123	6.3097
11	123	3.0528
66	123	-1.0606
67	123	-1.361
72	123	-1.541
78	123	-1.6363
84	123	-1.3055
87	123	-0.76057
98	123	-1.0625
99	123	-1.2746
100	123	-1.734
101	123	-0.77524
102	123	-1.0213
122	123	-2.3733
1	124	4.1864
2	124	3.0511
5	124	4.387
6	124	4.3991
7	124	3.6716
11	124	3.551
66	124	-1.4103
67	124	-1.3198
72	124	-1.522
73	124	-0.58126
78	124	-1.7436
79	124	-1.1546
84	124	-1.5382
87	124	-0.87967
88	124	-1.7475
89	124	-1.6524
93	124	-1.8362
98	124	-0.57329
99	124	-1.2723
100	124	-1.7931
101	124	-0.33389
102	124	-0.95441
103	124	-2.1924
106	124	-2.3152
116	124	-1.3349
117	124	-0.96965
119	124	-1.579
120	124	-1.8319
123	124	-1.8789
1	125	4.5534
2	125	3.6868
5	125	4.7454
6	125	4.7591
7	125	4.2814
11	125	4.1959
66	125	-0.85727
67	125	-0.79697
72	125	-1.0015
73	125	-0.14497
78	125	-1.2056
79	125	-0.72734
84	125	-1.4317
87	125	-1.5143
88	125	-1.302
89	125	-0.88003
93	125	-1.0439
98	125	-1.2698
99	125	-1.8668
100	125	-1.6964
101	125	-1.0211
102	125	-1.5977
103	125	-1.4504
106	125	-1.6287
116	125	-1.2715
117	125	-1.2537
119	125	-1.5767
120	125	-2.045
123	125	-2.3385
1	126	4.1178
2	126	3.3595
5	126	4.3157
6	126	4.3269
7	126	3.9668
11	126	3.7728
66	126	-1.1949
67	126	-1.1266
72	126	-1.3227
73	126	-0.34565
78	126	-1.5354
79	126	-0.9184
84	126	-1.6458
87	126	-1.0207
88	126	-1.4681
89	126	-1.3043
93	126	-1.4877
98	126	-0.74101
99	126	-1.4176
100	126	-1.8436
101	126	-0.50555
102	126	-1.1048
103	126	-1.8853
106	126	-2.0276
116	126	-1.185
117	126	-0.92188
119	126	-1.3457
120	126	-1.5799
123	126	-1.6593
11	127	2.1588
21	127	2.7397
27	127	3.6753
29	127	3.2115
32	127	4.0273
33	127	3.5347
35	127	3.7896
47	127	3.698
49	127	3.5578
55	127	3.3208
56	127	3.638
59	127	3.5604
66	127	1.0892
67	127	1.655
72	127	1.6926
78	127	1.3731
84	127	-0.064584
87	127	-1.055
98	127	-1.3049
99	127	-1.0192
100	127	0.067611
101	127	-1.1949
102	127	-1.1835
109	127	-2.0508
112	127	-2.443
113	127	-2.1281
118	127	-1.937
121	127	-2.1306
offset
60
