118
detection	body_part	cost
1	8	0.65079
2	7	-1.3291
3	8	-1.7965
4	7	-3.3349
5	8	-2.1464
6	6	-1.0083
7	8	-0.20336
8	7	-0.48715
9	11	9.2102
10	6	-2.7034
11	6	1.145
12	11	9.2102
13	11	9.2102
14	12	-0.55895
15	1	-2.412
16	12	-2.0485
17	12	-2.1209
18	1	-5.9572
19	11	9.2102
20	2	-3.3958
21	9	1.1917
22	11	9.2102
23	10	-1.0511
24	13	-0.88726
25	1	0.41948
26	3	-3.5807
27	9	-2.6354
28	11	9.2102
29	10	-1.231
30	13	-0.30898
31	3	-1.5742
32	9	-0.64413
33	10	0.39684
34	3	1.3623
35	4	1.1526
36	8	-0.70234
37	8	-0.22684
38	2	-3.0092
39	2	0.026064
40	11	9.2102
41	11	9.2102
42	4	-0.6724
43	8	-0.97402
44	2	0.43587
45	4	-2.3356
46	8	-0.34564
47	2	-0.51668
48	2	0.62314
49	11	9.2102
50	4	-0.84708
51	4	0.016237
52	11	9.2102
53	7	-0.19863
54	8	0.31104
55	6	-1.1306
56	6	-0.4554
57	7	-1.3094
58	8	-2.3206
59	1	-1.9624
60	1	-0.69823
61	6	-0.53911
62	6	-0.16094
63	7	0.011436
64	7	-1.0145
65	11	9.2102
66	6	0.32942
67	1	0.28249
68	1	-1.6824
69	1	-3.1008
70	1	-0.95064
71	12	1.0192
72	12	0.60395
73	8	0.63382
74	11	9.2102
75	1	-1.6413
76	11	9.2102
77	3	-1.6393
78	5	0.80421
79	8	0.65476
80	12	-2.248
81	11	9.2102
82	11	9.2102
83	3	-0.20092
84	3	-1.7133
85	3	0.43556
86	11	9.2102
87	12	0.5789
88	12	-0.094678
89	11	9.2102
90	5	1.208
91	12	-0.17711
92	12	-0.31905
93	11	9.2102
94	11	9.2102
95	11	9.2102
96	11	9.2102
97	4	-4.5576
98	5	-2.5273
99	5	-1.2725
100	11	9.2102
101	11	9.2102
102	11	9.2102
103	9	0.2707
104	4	-2.784
105	5	-0.38442
106	5	0.22517
107	9	0.30643
108	9	-0.84341
109	9	-1.4026
110	11	9.2102
111	11	9.2102
112	11	9.2102
113	9	0.97018
114	9	-2.3562
115	9	-1.7908
116	11	9.2102
117	11	9.2102
118	9	1.1135
detection1	detection2	cost
1	3	-5.6071
2	4	-4.8231
1	5	-3.7143
3	5	-5.6071
1	7	-1.5143
3	7	-3.2674
5	7	-4.8231
2	8	-1.8214
4	8	-3.2674
6	10	-4.8231
6	11	-4.8231
10	11	-3.7143
9	12	-5.6071
9	13	-3.7143
12	13	-5.6071
14	16	-4.8231
14	17	-3.2674
16	17	-5.6071
15	18	-4.8231
9	19	9.4302
12	19	8.6726
13	19	8.1089
9	22	10.3572
12	22	9.4302
13	22	8.6726
19	22	-5.6071
15	25	-1.5143
18	25	-3.7143
21	27	-1.5143
9	28	11.4286
12	28	10.3572
13	28	9.4302
19	28	-3.7143
22	28	-5.6071
23	29	-5.6071
24	30	-5.6071
26	31	-4.8231
21	32	-0.67521
27	32	-5.6071
23	33	-3.7143
29	33	-5.6071
26	34	-2.1462
31	34	-1.5143
1	36	16.2174
3	36	14.5743
5	36	12.9744
7	36	10.3572
1	37	17.1798
3	37	15.6053
5	37	14.0819
7	37	11.4286
36	37	-5.6071
20	38	4.6202
20	39	9.4302
38	39	-1.8214
9	40	11.1425
12	40	9.4302
13	40	7.7607
19	40	17.1071
22	40	16.443
28	40	15.9133
9	41	10.4572
12	41	8.6726
13	41	6.9156
19	41	15.3715
22	41	14.6553
28	41	14.0819
40	41	-5.6071
35	42	-4.8231
1	43	17.8953
3	43	16.2174
5	43	14.5743
7	43	11.9882
36	43	-5.6071
37	43	-4.8231
20	44	10.3572
38	44	-1.5143
39	44	-5.6071
35	45	-3.7143
42	45	-4.8231
1	46	19.6016
3	46	17.8953
5	46	16.2174
7	46	13.6628
36	46	-3.7143
37	46	-3.2674
43	46	-5.6071
20	47	7.2837
38	47	-3.7143
39	47	-0.67521
44	47	-1.5143
20	48	9.9513
38	48	-2.1462
39	48	-3.2674
44	48	-4.8231
47	48	-3.7143
9	49	15.3715
12	49	13.6628
13	49	11.9882
19	49	20.4477
22	49	19.6016
28	49	18.8644
40	49	-3.2674
41	49	-2.1462
35	50	-1.5143
42	50	-3.7143
45	50	-4.8231
35	51	-1.5143
42	51	-2.1462
45	51	-4.8231
50	51	-3.7143
9	52	20.8929
12	52	19.4026
13	52	17.9658
19	52	28.0636
22	52	27.2998
28	52	26.624
40	52	3.5372
41	52	5.1977
49	52	0.30445
2	53	21.885
4	53	20.6393
8	53	16.443
1	54	30.0721
3	54	28.663
5	54	27.2998
7	54	24.6229
36	54	7.7607
37	54	6.1496
43	54	6.9156
46	54	6.2802
6	55	17.7539
10	55	16.443
11	55	15.5276
6	56	18.2456
10	56	17.1071
11	56	15.9133
55	56	-5.6071
2	57	23.7178
4	57	22.4287
8	57	18.2456
53	57	-5.6071
1	58	32.7427
3	58	31.3382
5	58	29.9767
7	58	27.2998
36	58	10.3572
37	58	8.783
43	58	9.4302
46	58	8.6726
54	58	-4.8231
15	59	13.6628
18	59	12.262
25	59	8.6726
15	60	14.0819
18	60	12.8867
25	60	9.4302
59	60	-5.6071
6	61	19.6016
10	61	18.2456
11	61	17.3966
55	61	-5.6071
56	61	-4.8231
6	62	20.0604
10	62	18.8644
11	62	17.7539
55	62	-4.8231
56	62	-5.6071
61	62	-5.6071
2	63	25.1758
4	63	23.7178
8	63	19.6016
53	63	-3.2674
57	63	-4.8231
2	64	25.5573
4	64	24.2301
8	64	20.0604
53	64	-3.7143
57	64	-5.6071
63	64	-5.6071
9	65	24.6786
12	65	23.0214
13	65	21.3932
19	65	29.2526
22	65	28.2144
28	65	27.2482
40	65	6.1496
41	65	7.2837
49	65	1.9643
52	65	-1.5143
6	66	21.4551
10	66	19.269
11	66	20.0604
55	66	4.4715
56	66	6.2802
61	66	4.0138
62	66	5.8845
15	67	15.293
18	67	13.3214
25	67	9.5357
59	67	-1.5143
60	67	0.30445
15	68	15.2143
18	68	13.4073
25	68	9.6406
59	68	-3.2674
60	68	-1.5143
67	68	-5.6071
15	69	15.5276
18	69	14.0819
25	69	10.4572
59	69	-5.6071
60	69	-4.8231
67	69	-1.8214
68	69	-3.7143
15	70	15.9133
18	70	14.6553
25	70	11.1425
59	70	-4.8231
60	70	-5.6071
67	70	0.071429
68	70	-1.8214
69	70	-5.6071
14	71	17.7539
16	71	15.5276
17	71	15.293
14	72	18.2456
16	72	15.9133
17	72	15.5276
71	72	-5.6071
1	73	35.6638
3	73	34.1859
5	73	32.7427
7	73	30.0721
36	73	12.6213
37	73	11.2383
43	73	11.4286
46	73	10.3572
54	73	-1.5143
58	73	-3.7143
9	74	27.7092
12	74	26.2014
13	74	24.7342
19	74	14.0819
22	74	12.262
28	74	10.4572
40	74	23.08
41	74	21.3311
49	74	23.7178
52	74	30.7807
65	74	28.4643
15	75	17.3966
18	75	15.9133
25	75	12.262
59	75	-3.7143
60	75	-3.2674
67	75	-1.5143
68	75	-3.2674
69	75	-5.6071
70	75	-4.8231
9	76	29.2526
12	76	27.7092
13	76	26.2014
19	76	15.9133
22	76	14.0819
28	76	12.262
40	76	23.8324
41	76	22.1279
49	76	24.2301
52	76	31.1069
65	76	28.5141
74	76	-5.6071
26	77	14.0819
31	77	11.8034
34	77	11.9882
1	79	31.1069
3	79	29.2526
5	79	27.4026
7	79	25.1758
36	79	9.9513
37	79	10.4572
43	79	8.1089
46	79	6.2802
54	79	11.9882
58	79	12.8867
73	79	11.8034
14	80	21.885
16	80	19.6016
17	80	19.269
71	80	-3.2674
72	80	-3.7143
9	81	30.8274
12	81	29.2526
13	81	27.7092
19	81	17.7539
22	81	15.9133
28	81	14.0819
40	81	24.6786
41	81	23.0214
49	81	24.8452
52	81	31.5222
65	81	28.663
74	81	-3.7143
76	81	-5.6071
9	82	31.4763
12	82	29.833
13	82	28.2144
19	82	35.6638
22	82	34.5282
28	82	33.4488
40	82	12.9744
41	82	14.0819
49	82	8.783
52	82	4.0138
65	82	-0.67521
74	82	32.6536
76	82	32.4299
81	82	32.295
26	83	16.443
31	83	14.0819
34	83	14.5743
77	83	-4.8231
26	84	15.9133
31	84	13.6628
34	84	13.6628
77	84	-5.6071
83	84	-5.6071
26	85	15.293
31	85	13.3214
34	85	12.262
77	85	-3.2674
83	85	-1.8214
84	85	-3.7143
9	86	27.0414
12	86	25.1758
13	86	23.3135
19	86	20.6393
22	86	18.8644
28	86	17.1071
40	86	14.0819
41	86	12.9744
49	86	12.6213
52	86	17.8953
65	86	14.0819
74	86	8.6726
76	86	8.1089
81	86	7.7607
82	86	17.1071
14	87	22.8448
16	87	20.8929
17	87	20.9559
71	87	-0.67521
72	87	0.53071
80	87	-1.5143
14	88	24.8452
16	88	22.4287
17	88	21.885
71	88	0.53071
72	88	-0.67521
80	88	-3.2674
87	88	1.9643
9	89	31.4763
12	89	29.833
13	89	28.2144
19	89	19.269
22	89	17.3966
28	89	15.5276
40	89	24.0034
41	89	22.4287
49	89	23.8324
52	89	30.2149
65	89	27.0414
74	89	-1.5143
76	89	-3.2674
81	89	-4.8231
82	89	30.3571
86	89	5.75
78	90	-3.7143
14	91	25.1758
16	91	23.0214
17	91	22.8448
71	91	0.071429
72	91	0.30445
80	91	-3.2674
87	91	-3.2674
88	91	-1.5143
14	92	25.5573
16	92	23.3135
17	92	23.0214
71	92	0.30445
72	92	0.071429
80	92	-3.7143
87	92	-1.5143
88	92	-3.2674
91	92	-5.6071
9	93	33.1414
12	93	31.4763
13	93	29.833
19	93	21.1441
22	93	19.269
28	93	17.3966
40	93	25.0659
41	93	23.5452
49	93	24.6786
52	93	30.8274
65	93	27.4026
74	93	0.30445
76	93	-1.5143
81	93	-3.2674
82	93	30.4044
86	93	5.8845
89	93	-5.6071
9	94	34.0567
12	94	32.4299
13	94	30.8274
19	94	21.4551
22	94	19.6016
28	94	17.7539
40	94	26.624
41	94	25.0659
49	94	26.3605
52	94	32.6089
65	94	29.2526
74	94	0.071429
76	94	-1.8214
81	94	-3.7143
82	94	32.295
86	94	7.7607
89	94	-4.8231
93	94	-5.6071
9	95	30.4044
12	95	28.5141
13	95	26.624
19	95	25.5573
22	95	23.8324
28	95	22.1279
40	95	15.3715
41	95	14.6553
49	95	12.9744
52	95	16.7404
65	95	11.9882
74	95	13.6628
76	95	12.8867
81	95	12.262
82	95	13.6628
86	95	-2.1462
89	95	9.9513
93	95	9.6406
94	95	11.523
9	96	34.8256
12	96	33.1414
13	96	31.4763
19	96	23.0214
22	96	21.1441
28	96	19.269
40	96	26.2014
41	96	24.7342
49	96	25.6115
52	96	31.5222
65	96	27.8615
74	96	2.1517
76	96	0.30445
81	96	-1.5143
82	96	30.546
86	96	6.2802
89	96	-3.7143
93	96	-5.6071
94	96	-4.8231
95	96	9.5357
35	97	21.3932
42	97	18.7964
45	97	18.2456
50	97	15.6053
51	97	17.9658
78	98	0.96511
90	98	-2.1462
78	99	0.071429
90	99	-3.7143
98	99	-3.7143
9	100	32.295
12	100	30.4044
13	100	28.5141
19	100	28.9098
22	100	27.2482
28	100	25.6115
40	100	15.9133
41	100	15.5276
49	100	12.8867
52	100	15.293
65	100	9.9513
74	100	17.8953
76	100	17.1071
81	100	16.443
82	100	10.4572
86	100	1.9643
89	100	14.0819
93	100	13.6628
94	100	15.5276
95	100	-3.2674
96	100	13.4073
9	101	32.295
12	101	30.4044
13	101	28.5141
19	101	27.2998
22	101	25.5573
28	101	23.8324
40	101	17.1071
41	101	16.443
49	101	14.5743
52	101	17.9658
65	101	12.9744
74	101	14.5743
76	101	13.6628
81	101	12.8867
82	101	14.0819
86	101	-0.67521
89	101	10.4572
93	101	9.9513
94	101	11.8034
95	101	-5.6071
96	101	9.6406
100	101	-3.7143
9	102	32.4299
12	102	30.546
13	102	28.663
19	102	26.624
22	102	24.8452
28	102	23.08
40	102	17.8953
41	102	17.1071
49	102	15.6053
52	102	19.4026
65	102	14.5743
74	102	12.9744
76	102	11.9882
81	102	11.1425
82	102	15.9133
86	102	-1.5143
89	102	8.6726
93	102	8.1089
94	102	9.9513
95	102	-4.8231
96	102	7.7607
100	102	-1.8214
101	102	-5.6071
21	103	24.2301
27	103	21.1441
32	103	19.269
35	104	22.1279
42	104	19.6016
45	104	18.7964
50	104	16.2174
51	104	18.2456
97	104	-4.8231
78	105	3.5372
90	105	0.53071
98	105	-4.8231
99	105	-1.5143
78	106	1.9643
90	106	-1.8214
98	106	-3.2674
99	106	-5.6071
105	106	-1.8214
21	107	24.7342
27	107	23.0214
32	107	21.1441
103	107	0.30445
21	108	24.9005
27	108	22.8448
32	108	20.9559
103	108	-1.5143
107	108	-5.6071
21	109	26.0415
27	109	23.0214
32	109	21.1441
103	109	-5.6071
107	109	0.071429
108	109	-1.8214
9	110	38.243
12	110	36.5267
13	110	34.8256
19	110	26.7811
22	110	24.9005
28	110	23.0214
40	110	28.663
41	110	27.2998
49	110	27.7092
52	110	33.1414
65	110	29.0571
74	110	5.8845
76	110	4.0138
81	110	2.1517
82	110	31.1069
86	110	7.7607
89	110	0.071429
93	110	-1.8214
94	110	-1.5143
95	110	9.9513
96	110	-3.7143
100	110	13.4073
101	110	9.6406
102	110	7.7607
9	111	39.0581
12	111	37.3731
13	111	35.7053
19	111	27.0414
22	111	25.1758
28	111	23.3135
40	111	30.0721
41	111	28.663
49	111	29.2526
52	111	34.8256
65	111	30.8274
74	111	5.75
76	111	3.8571
81	111	1.9643
82	111	32.9647
86	111	9.4302
89	111	0.30445
93	111	-1.5143
94	111	-1.8214
95	111	11.8034
96	111	-3.2674
100	111	15.293
101	111	11.523
102	111	9.6406
110	111	-5.6071
9	112	38.0074
12	112	36.2
13	112	34.4002
19	112	38.3212
22	112	36.8511
28	112	35.414
40	112	19.6016
41	112	20.0604
49	112	15.5276
52	112	13.6628
65	112	7.7607
74	112	29.785
76	112	29.0571
81	112	28.4144
82	112	3.5372
86	112	13.6628
89	112	26.0415
93	112	25.5573
94	112	27.4026
95	112	8.6726
96	112	25.1758
100	112	4.4715
101	112	8.1089
102	112	9.9513
110	112	24.7342
111	112	26.624
21	113	26.5714
27	113	25.1758
32	113	23.3135
103	113	2.6933
107	113	-4.8231
108	113	-3.2674
109	113	2.1517
21	114	27.4026
27	114	24.7342
32	114	22.8448
103	114	-3.2674
107	114	-1.5143
108	114	-3.2674
109	114	-4.8231
113	114	0.071429
21	115	27.8615
27	115	24.9005
32	115	23.0214
103	115	-3.7143
107	115	0.30445
108	115	-1.5143
109	115	-5.6071
113	115	1.9643
114	115	-5.6071
9	116	40.7586
12	116	39.0581
13	116	37.3731
19	116	28.9098
22	116	27.0414
28	116	25.1758
40	116	31.3382
41	116	29.9767
49	116	30.3571
52	116	35.7053
65	116	31.5222
74	116	7.6429
76	116	5.75
81	116	3.8571
82	116	33.3612
86	116	10.3572
89	116	2.1517
93	116	0.30445
94	116	0.071429
95	116	12.262
96	116	-1.5143
100	116	15.5276
101	116	11.8034
102	116	9.9513
110	116	-4.8231
111	116	-5.6071
112	116	26.5714
9	117	40.3859
12	117	38.5941
13	117	36.8106
19	117	40.9808
22	117	39.5176
28	117	38.086
40	117	21.885
41	117	22.4287
49	117	17.7539
52	117	15.293
65	117	9.5357
74	117	32.295
76	117	31.5222
81	117	30.8274
82	117	4.4715
86	117	16.2174
89	117	28.4144
93	117	27.8615
94	117	29.6887
95	117	11.1425
96	117	27.4026
100	117	6.9156
101	117	10.4572
102	117	12.262
110	117	26.7811
111	117	28.663
112	117	-4.8231
116	117	28.5141
21	118	31.1069
27	118	28.5141
32	118	26.624
103	118	0.30445
107	118	0.53071
108	118	-0.67521
109	118	-1.5143
113	118	0.96511
114	118	-3.7143
115	118	-3.2674
1	2	-0.15234
2	3	-0.97705
1	4	0.043841
3	4	-0.30922
2	5	-1.443
4	5	-0.9234
2	6	-2.1644
4	6	-2.2889
2	7	-2.2775
4	7	-2.2314
1	8	-0.9407
3	8	-0.9699
5	8	-1.504
6	8	-0.4236
7	8	-1.6954
2	10	-1.8974
4	10	-2.0911
8	10	-1.4347
2	11	-1.9142
4	11	-1.4556
8	11	-0.62057
1	15	-0.68458
2	15	-2.0305
3	15	-1.233
4	15	-1.9384
5	15	-1.247
6	15	-2.1011
7	15	-1.5718
8	15	-1.9149
9	15	0.63577
10	15	-2.2206
11	15	-1.5151
12	15	0.36051
13	15	-0.30019
14	15	-1.6102
15	16	-1.8591
15	17	-1.7431
1	18	-1.2152
2	18	-1.9888
3	18	-1.1137
4	18	-1.8523
5	18	-0.92181
6	18	-2.3586
7	18	-1.8539
8	18	-2.1091
9	18	0.87416
10	18	-2.1719
11	18	-1.9267
12	18	0.69886
13	18	0.19138
14	18	-1.789
16	18	-1.9124
17	18	-2.0367
15	19	-1.1932
18	19	-0.83363
15	20	-2.2595
18	20	-2.5607
15	21	-1.0155
18	21	-1.4489
15	22	-0.98912
18	22	-1.2551
9	23	5.2752
12	23	5.4389
13	23	5.9118
15	23	-1.3481
18	23	-1.2399
19	23	4.5177
21	23	-2.0484
22	23	5.3682
14	24	-1.9265
15	24	-1.516
16	24	-2.2374
17	24	-2.135
18	24	-1.8661
1	25	-0.94926
2	25	-1.8025
3	25	-1.3074
4	25	-1.9398
5	25	-1.1628
6	25	-1.8701
7	25	-1.0748
8	25	-1.4022
9	25	1.6755
10	25	-2.3488
11	25	-1.7382
12	25	1.5811
13	25	1.2102
14	25	-0.86479
16	25	-1.0306
17	25	-1.2629
19	25	-0.14433
20	25	-2.0829
21	25	-0.94629
22	25	-0.53997
23	25	-0.55624
24	25	-1.3995
15	26	-1.8581
18	26	-1.9267
25	26	-0.3571
15	27	-1.66
18	27	-1.7846
23	27	-1.6008
25	27	-1.0129
15	28	-0.83086
18	28	-1.1201
23	28	6.2228
25	28	-0.84538
9	29	4.8587
12	29	4.9926
13	29	5.4408
15	29	-1.4851
18	29	-1.2994
19	29	3.5965
21	29	-1.9992
22	29	4.1882
25	29	-0.61977
27	29	-1.6559
28	29	5.3056
14	30	-2.008
15	30	-1.4375
16	30	-1.975
17	30	-1.9119
18	30	-1.7965
25	30	-1.4863
15	31	-2.0769
18	31	-1.8222
25	31	-1.0833
15	32	-1.975
18	32	-1.7844
23	32	-1.1155
25	32	-1.0449
29	32	-1.3475
9	33	4.4415
12	33	4.5489
13	33	4.9757
15	33	-1.4932
18	33	-1.4805
19	33	2.8848
21	33	-1.8204
22	33	3.2609
25	33	-0.80592
27	33	-1.6001
28	33	4.167
32	33	-1.2796
15	34	-1.9086
18	34	-1.8308
25	34	-1.3249
15	35	-2.0607
18	35	-1.6663
25	35	-0.61787
26	35	-2.1188
31	35	-1.3295
34	35	-0.058244
2	36	0.20901
4	36	0.22108
8	36	1.4333
15	36	0.81953
18	36	0.17146
25	36	-0.36944
2	37	0.49726
4	37	0.50466
8	37	1.6725
15	37	0.52419
18	37	-0.067974
25	37	-0.22917
15	38	3.6668
18	38	4.2332
25	38	4.1568
15	39	4.8978
18	39	5.7237
25	39	6.6844
15	40	3.6774
18	40	3.2233
23	40	7.1743
25	40	2.518
29	40	6.6443
33	40	6.0495
15	41	2.9899
18	41	2.4915
23	41	7.296
25	41	1.6841
29	41	6.8402
33	41	6.2335
15	42	-2.1752
18	42	-1.4592
25	42	-0.76725
26	42	-2.4167
31	42	-1.5174
34	42	-2.0042
2	43	0.4209
4	43	0.42029
8	43	1.6506
15	43	1.2503
18	43	0.64426
25	43	-0.18909
15	44	6.0332
18	44	5.9901
25	44	6.1378
15	45	-2.1318
18	45	-1.4931
25	45	-1.0042
26	45	-2.3802
31	45	-1.8014
34	45	-1.999
2	46	0.55011
4	46	0.54362
8	46	1.7867
15	46	2.1243
18	46	1.6059
25	46	0.94544
15	47	3.6733
18	47	4.1407
25	47	4.2923
15	48	5.8993
18	48	6.5746
25	48	7.0739
15	49	4.507
18	49	4.2505
23	49	6.7835
25	49	3.9453
29	49	6.7258
33	49	6.1089
15	50	-1.6448
18	50	-1.7872
25	50	-1.4192
26	50	-1.7488
31	50	-1.8934
34	50	-1.1766
15	51	-1.8778
18	51	-1.9264
25	51	-1.5652
26	51	-2.1569
31	51	-2.0954
34	51	-2.0264
15	52	6.3327
18	52	6.276
23	52	6.0028
25	52	6.3392
29	52	5.8567
33	52	5.2557
1	53	3.4174
3	53	3.9582
5	53	4.134
6	53	3.1814
7	53	4.3139
10	53	2.7641
11	53	3.5551
15	53	3.2606
18	53	2.7888
25	53	2.4499
36	53	4.9814
37	53	4.1787
43	53	5.054
46	53	4.7455
2	54	2.2855
4	54	2.256
8	54	3.311
15	54	2.9225
18	54	2.6555
25	54	2.3087
53	54	-1.3874
2	55	3.4906
4	55	3.5242
8	55	3.7813
15	55	3.3103
18	55	2.7712
25	55	2.4759
53	55	-0.7593
2	56	3.7976
4	56	3.8325
8	56	4.1225
15	56	3.2096
18	56	2.6843
25	56	2.3822
53	56	-0.17784
1	57	3.2575
3	57	3.8051
5	57	3.9861
6	57	3.2082
7	57	4.1664
10	57	2.8104
11	57	3.5785
15	57	3.2914
18	57	2.8273
25	57	2.5211
36	57	4.8302
37	57	3.8886
43	57	4.6922
46	57	4.7806
54	57	-1.6271
55	57	-1.6362
56	57	-1.2431
2	58	2.1436
4	58	2.1151
8	58	3.1652
15	58	2.8298
18	58	2.5687
25	58	2.2414
53	58	-1.8006
57	58	-2.015
1	59	2.559
2	59	2.5592
3	59	2.2726
4	59	2.5512
5	59	2.1826
6	59	0.6536
7	59	2.9923
8	59	3.0117
9	59	4.2204
10	59	0.38338
11	59	0.64168
12	59	4.2951
13	59	4.198
14	59	3.5677
16	59	3.4182
17	59	3.117
19	59	2.612
20	59	-0.038166
21	59	4.1073
22	59	2.3476
23	59	2.286
24	59	1.4935
26	59	4.131
27	59	3.4879
28	59	2.1326
29	59	2.2254
30	59	1.4201
31	59	4.0331
32	59	3.4587
33	59	2.0652
34	59	4.1118
35	59	6.419
36	59	2.4336
37	59	2.2112
38	59	-2.2924
39	59	-0.42649
40	59	4.637
41	59	4.3887
42	59	6.9377
43	59	2.0856
44	59	-1.0814
45	59	6.0867
46	59	1.2641
47	59	-1.1564
48	59	-1.9023
49	59	5.2655
50	59	6.0841
51	59	4.854
52	59	7.138
53	59	-1.2704
54	59	-1.1691
55	59	-1.6011
56	59	-1.3182
57	59	-1.5651
58	59	-1.2672
1	60	2.4751
2	60	2.5045
3	60	2.2097
4	60	2.5085
5	60	2.1372
6	60	0.27146
7	60	2.9279
8	60	2.9711
9	60	4.3959
10	60	-0.093304
11	60	0.38036
12	60	4.4841
13	60	4.4025
14	60	3.6858
16	60	3.5251
17	60	3.2143
19	60	2.725
20	60	-0.94716
21	60	4.3467
22	60	2.4657
23	60	2.3114
24	60	1.442
26	60	3.9521
27	60	3.6523
28	60	2.2506
29	60	2.2439
30	60	1.3637
31	60	3.6973
32	60	3.615
33	60	2.0783
34	60	3.8719
35	60	7.1093
36	60	2.4416
37	60	2.1823
38	60	-2.3764
39	60	-0.26198
40	60	5.1816
41	60	4.9227
42	60	7.7859
43	60	2.1143
44	60	-0.56531
45	60	6.848
46	60	1.3265
47	60	-1.6057
48	60	-1.7415
49	60	6.0091
50	60	7.1589
51	60	5.4576
52	60	7.341
53	60	-1.2903
54	60	-1.3873
55	60	-1.272
56	60	-0.81554
57	60	-1.6459
58	60	-1.3937
2	61	3.4202
4	61	3.4522
8	61	3.7135
15	61	3.0854
18	61	2.5488
25	61	2.2732
53	61	-0.24581
57	61	-0.96802
59	61	-1.4359
60	61	-0.66447
2	62	3.4967
4	62	3.5346
8	62	3.8226
15	62	2.943
18	62	2.4176
25	62	2.1308
53	62	0.070049
57	62	-0.7832
59	62	-1.4382
60	62	-0.66921
1	63	2.9928
3	63	3.5553
5	63	3.7465
6	63	3.3481
7	63	3.9279
10	63	2.9663
11	63	3.7205
15	63	3.363
18	63	2.8874
25	63	2.6061
36	63	3.9579
37	63	3.1099
43	63	3.7062
46	63	3.7102
54	63	-1.8219
55	63	-2.0473
56	63	-1.8618
58	63	-2.1996
59	63	-1.7397
60	63	-1.8964
61	63	-1.8459
62	63	-1.9563
1	64	3.0577
3	64	3.6107
5	64	3.7957
6	64	3.2208
7	64	3.9759
10	64	2.8384
11	64	3.5886
15	64	3.2142
18	64	2.7525
25	64	2.4714
36	64	4.4569
37	64	3.5889
43	64	4.2611
46	64	4.3717
54	64	-1.5926
55	64	-2.3305
56	64	-2.3585
58	64	-2.0745
59	64	-1.7396
60	64	-1.8845
61	64	-1.8874
62	64	-2.0071
15	65	6.4766
18	65	6.4708
23	65	6.2644
25	65	6.4083
29	65	6.6437
33	65	6.1908
59	65	6.2347
60	65	6.3527
2	66	3.8019
4	66	3.7544
8	66	3.9678
15	66	4.0242
18	66	3.6402
25	66	3.597
53	66	1.2661
57	66	1.0845
59	66	0.7382
60	66	-0.22129
63	66	0.81872
64	66	0.87319
1	67	1.5405
2	67	1.6973
3	67	1.1847
4	67	1.6217
5	67	1.0352
6	67	0.4182
7	67	1.9682
8	67	2.1447
9	67	3.7233
10	67	0.058269
11	67	0.42402
12	67	3.7749
13	67	3.6589
14	67	3.0072
16	67	2.9284
17	67	2.6703
19	67	2.3951
20	67	1.5017
21	67	3.4193
22	67	2.1425
23	67	2.0672
24	67	1.4184
26	67	4.7225
27	67	3.0398
28	67	1.9531
29	67	2.0339
30	67	1.3696
31	67	5.147
32	67	3.0556
33	67	1.8988
34	67	3.923
35	67	5.4061
36	67	1.79
37	67	1.6851
38	67	-0.85682
39	67	-0.22417
40	67	3.2061
41	67	3.1944
42	67	5.716
43	67	1.481
44	67	-1.2462
45	67	5.1869
46	67	0.71617
47	67	-0.45378
48	67	-1.5608
49	67	2.8337
50	67	4.9393
51	67	4.3105
52	67	4.9869
53	67	-1.2523
54	67	-1.2754
55	67	-1.585
56	67	-1.3676
57	67	-1.3399
58	67	-1.47
61	67	-1.5639
62	67	-1.4492
63	67	-1.3054
64	67	-1.325
65	67	6.3392
66	67	0.48937
1	68	2.1215
2	68	2.0437
3	68	1.789
4	68	1.9888
5	68	1.6594
6	68	0.4397
7	68	2.5493
8	68	2.4935
9	68	3.9825
10	68	0.10573
11	68	0.44234
12	68	4.042
13	68	3.9335
14	68	3.2678
16	68	3.17
17	68	2.8992
19	68	2.5868
20	68	1.2401
21	68	3.733
22	68	2.3348
23	68	2.3056
24	68	1.6062
26	68	4.4675
27	68	3.2862
28	68	2.1417
29	68	2.266
30	68	1.5526
31	68	4.6009
32	68	3.2924
33	68	2.1261
34	68	4.5303
35	68	5.8251
36	68	2.2561
37	68	2.1124
38	68	-1.0172
39	68	-0.48566
40	68	3.7363
41	68	3.6624
42	68	6.1832
43	68	1.9419
44	68	-1.6018
45	68	5.5856
46	68	1.1745
47	68	-0.49989
48	68	-2.2349
49	68	3.631
50	68	5.3985
51	68	4.6368
52	68	5.7419
53	68	-1.0805
54	68	-1.2108
55	68	-1.698
56	68	-1.4365
57	68	-1.2195
58	68	-1.3903
61	68	-1.4796
62	68	-1.3754
63	68	-1.223
64	68	-1.2597
65	68	6.3349
66	68	-0.27561
1	69	2.5801
2	69	2.5634
3	69	2.2915
4	69	2.546
5	69	2.1989
6	69	0.39695
7	69	3.0274
8	69	3.0275
9	69	4.2974
10	69	0.11084
11	69	0.3986
12	69	4.3775
13	69	4.2904
14	69	3.6543
16	69	3.5284
17	69	3.238
19	69	2.7846
20	69	0.073376
21	69	4.2119
22	69	2.5386
23	69	2.4404
24	69	1.7195
26	69	3.9048
27	69	3.64
28	69	2.3426
29	69	2.3888
30	69	1.6559
31	69	3.8714
32	69	3.6309
33	69	2.24
34	69	3.8398
35	69	6.8237
36	69	2.688
37	69	2.4785
38	69	-2.0722
39	69	-0.39098
40	69	4.6551
41	69	4.4977
42	69	7.3479
43	69	2.3892
44	69	-1.105
45	69	6.6067
46	69	1.653
47	69	-1.3505
48	69	-2.1902
49	69	5.0552
50	69	6.6796
51	69	5.475
52	69	6.554
53	69	-0.75723
54	69	-1.3975
55	69	-1.527
56	69	-1.6753
57	69	-1.0084
58	69	-1.4854
61	69	-1.0893
62	69	-1.0711
63	69	-1.0749
64	69	-1.1714
65	69	6.4404
66	69	-0.64957
1	70	2.4648
2	70	2.4943
3	70	2.1955
4	70	2.4886
5	70	2.1187
6	70	0.31485
7	70	2.9275
8	70	2.9697
9	70	4.4079
10	70	-0.0026147
11	70	0.42563
12	70	4.4994
13	70	4.4251
14	70	3.7966
16	70	3.6619
17	70	3.3639
19	70	2.85
20	70	-0.69565
21	70	4.4305
22	70	2.609
23	70	2.4578
24	70	1.6783
26	70	3.7219
27	70	3.7987
28	70	2.4133
29	70	2.4006
30	70	1.6104
31	70	3.5454
32	70	3.7849
33	70	2.2477
34	70	3.6142
35	70	7.4424
36	70	2.6544
37	70	2.4168
38	70	-2.3916
39	70	-0.23066
40	70	5.0504
41	70	4.8828
42	70	7.7438
43	70	2.3785
44	70	-0.63883
45	70	7.2961
46	70	1.6813
47	70	-1.9252
48	70	-1.6784
49	70	5.6041
50	70	7.6075
51	70	6.0625
52	70	6.7501
53	70	-0.7588
54	70	-1.6582
55	70	-1.013
56	70	-1.1478
57	70	-1.0586
58	70	-1.7032
61	70	-0.63788
62	70	-0.68225
63	70	-1.1638
64	70	-1.2809
65	70	6.5058
66	70	-0.8869
15	71	2.3365
18	71	1.9683
24	71	2.5609
25	71	1.5609
30	71	2.4235
59	71	-1.1164
60	71	-1.1538
67	71	-1.5019
68	71	-1.4991
69	71	-1.468
70	71	-1.4933
15	72	2.4083
18	72	2.0531
24	72	2.8236
25	72	1.6617
30	72	2.7039
59	72	-0.83508
60	72	-0.87272
67	72	-1.2175
68	72	-1.1897
69	72	-1.1545
70	72	-1.1735
2	73	2.0695
4	73	2.0404
8	73	3.1167
15	73	3.191
18	73	2.9417
25	73	2.6567
53	73	-2.3088
57	73	-2.0637
59	73	-1.0327
60	73	-0.77559
63	73	-1.6119
64	73	-1.6838
67	73	-1.0382
68	73	-1.1739
69	73	-1.2612
70	73	-1.1083
15	74	0.98112
18	74	0.81819
23	74	3.1568
25	74	0.39839
29	74	3.3111
33	74	3.5269
59	74	-0.94802
60	74	-0.90114
67	74	-1.1514
68	74	-1.03
69	74	-0.98082
70	74	-1.0036
1	75	2.605
2	75	2.4779
3	75	2.3161
4	75	2.4526
5	75	2.2229
6	75	0.45475
7	75	3.0666
8	75	2.9525
9	75	4.3588
10	75	0.15842
11	75	0.4649
12	75	4.4407
13	75	4.3593
14	75	3.7459
16	75	3.6423
17	75	3.3642
19	75	2.9427
20	75	0.40363
21	75	4.388
22	75	2.71
23	75	2.6414
24	75	1.9254
26	75	3.7231
27	75	3.8642
28	75	2.5275
29	75	2.5976
30	75	1.8696
31	75	3.7388
32	75	3.8718
33	75	2.4587
34	75	3.6268
35	75	7.2161
36	75	2.8989
37	75	2.6951
38	75	-1.7732
39	75	-0.63213
40	75	4.6413
41	75	4.5474
42	75	7.7399
43	75	2.641
44	75	-1.3826
45	75	7.0792
46	75	1.974
47	75	-1.1608
48	75	-2.2653
49	75	4.8951
50	75	7.186
51	75	6.0315
52	75	6.078
53	75	-0.41041
54	75	-1.4276
55	75	-1.295
56	75	-1.378
57	75	-0.6143
58	75	-1.4211
61	75	-0.83167
62	75	-0.82265
63	75	-0.57616
64	75	-0.74954
65	75	6.5136
66	75	-0.35973
71	75	-1.0529
72	75	-1.328
73	75	-1.5914
74	75	-0.68911
15	76	0.90241
18	76	0.73277
23	76	3.175
25	76	0.31397
29	76	3.3285
33	76	3.5437
59	76	-1.0823
60	76	-1.0146
67	76	-1.1188
68	76	-1.0185
69	76	-1.0056
70	76	-1.0485
75	76	-0.71453
15	77	0.29082
18	77	0.61443
25	77	0.81826
35	77	4.4831
42	77	4.8142
45	77	4.4438
50	77	4.3347
51	77	3.7965
59	77	-1.8999
60	77	-1.6206
67	77	-1.4108
68	77	-2.0954
69	77	-1.6154
70	77	-1.4327
75	77	-1.23
15	78	-0.95532
18	78	-1.1879
25	78	-1.1311
35	78	1.3399
42	78	1.4496
45	78	1.0319
50	78	1.0227
51	78	1.4021
59	78	-0.61286
60	78	-1.4131
67	78	1.7674
68	78	1.4506
69	78	0.39393
70	78	-0.81107
75	78	1.4447
2	79	0.67607
4	79	0.62901
8	79	2.007
15	79	3.1274
18	79	2.7557
25	79	2.5373
53	79	1.6672
57	79	2.172
59	79	-0.74149
60	79	0.3775
63	79	2.366
64	79	2.6397
67	79	-0.50648
68	79	-0.84495
69	79	-1.1512
70	79	-0.40136
75	79	-0.45261
15	80	2.2487
18	80	1.8999
24	80	2.8974
25	80	1.5338
30	80	2.8026
59	80	-1.3366
60	80	-1.3069
67	80	-1.7344
68	80	-1.7252
69	80	-1.6514
70	80	-1.6017
75	80	-1.5182
15	81	1.2064
18	81	1.042
23	81	3.3237
25	81	0.64453
29	81	3.4763
33	81	3.6905
59	81	-0.73162
60	81	-0.64956
67	81	-1.1789
68	81	-1.0388
69	81	-0.93012
70	81	-0.91524
75	81	-1.1426
15	82	4.8764
18	82	5.0037
23	82	4.1239
25	82	4.8774
29	82	4.4261
33	82	4.3022
59	82	3.9608
60	82	3.9839
67	82	4.1992
68	82	4.0626
69	82	3.9436
70	82	3.9244
75	82	3.7233
15	83	0.47504
18	83	0.79179
25	83	0.99144
35	83	4.0418
42	83	4.3602
45	83	4.0589
50	83	3.9489
51	83	3.482
59	83	-1.9367
60	83	-1.7017
67	83	-1.409
68	83	-1.9773
69	83	-1.8014
70	83	-1.6124
75	83	-1.5772
15	84	0.26429
18	84	0.58792
25	84	0.79094
35	84	4.7313
42	84	5.0698
45	84	4.7267
50	84	4.643
51	84	4.1061
59	84	-2.0662
60	84	-1.7692
67	84	-1.4413
68	84	-2.0502
69	84	-1.9028
70	84	-1.6522
75	84	-1.6152
15	85	-0.30659
18	85	0.036924
25	85	0.25189
35	85	5.869
42	85	6.2774
45	85	5.8417
50	85	5.8538
51	85	5.1205
59	85	-2.1031
60	85	-1.751
67	85	-0.8948
68	85	-1.4245
69	85	-1.7619
70	85	-1.4055
75	85	-1.3553
15	86	2.1397
18	86	1.9642
23	86	5.1646
25	86	1.6072
29	86	5.4756
33	86	5.8962
59	86	0.11626
60	86	0.48032
67	86	-0.91519
68	86	-0.71823
69	86	-0.25033
70	86	0.034568
75	86	-0.8416
15	87	2.2875
18	87	1.919
24	87	2.3806
25	87	1.5601
30	87	2.2597
59	87	-1.6178
60	87	-1.2973
67	87	-1.5685
68	87	-1.6388
69	87	-1.9703
70	87	-1.8026
75	87	-1.4634
15	88	2.1655
18	88	1.8322
24	88	3.0573
25	88	1.4918
30	88	3.0009
59	88	-1.1997
60	88	-1.1253
67	88	-1.6475
68	88	-1.621
69	88	-1.468
70	88	-1.3818
75	88	-1.6371
15	89	1.2011
18	89	1.0347
23	89	3.5097
25	89	0.63971
29	89	3.6846
33	89	3.9277
59	89	-0.87022
60	89	-0.7594
67	89	-1.3755
68	89	-1.2231
69	89	-1.0709
70	89	-1.0283
75	89	-1.1527
15	90	0.47217
18	90	0.30029
25	90	0.032249
35	90	1.9976
42	90	2.1534
45	90	1.6651
50	90	1.7231
51	90	1.9252
59	90	-0.81419
60	90	-0.40719
67	90	-0.37271
68	90	-0.93136
69	90	-0.77123
70	90	-0.27329
75	90	-1.109
15	91	2.2473
18	91	1.9002
24	91	2.6079
25	91	1.5619
30	91	2.5158
59	91	-1.592
60	91	-1.2273
67	91	-1.8741
68	91	-2.0418
69	91	-1.9778
70	91	-1.6237
75	91	-1.8674
15	92	2.2665
18	92	1.926
24	92	2.7286
25	92	1.5917
30	92	2.6479
59	92	-1.4439
60	92	-1.1668
67	92	-1.9578
68	92	-1.9612
69	92	-1.731
70	92	-1.5224
75	92	-1.8852
15	93	1.4167
18	93	1.2557
23	93	3.5151
25	93	0.87902
29	93	3.6868
33	93	3.9258
59	93	-0.59794
60	93	-0.40765
67	93	-1.1207
68	93	-0.96891
69	93	-0.77915
70	93	-0.65675
75	93	-1.0634
15	94	1.2895
18	94	1.1241
23	94	3.3917
25	94	0.74529
29	94	3.5431
33	94	3.7562
59	94	-0.69506
60	94	-0.52617
67	94	-1.1819
68	94	-1.0296
69	94	-0.86837
70	94	-0.75995
75	94	-1.12
15	95	3.1405
18	95	3.0128
23	95	5.6302
25	95	2.738
29	95	5.9342
33	95	6.3447
59	95	1.9283
60	95	2.3369
67	95	0.85362
68	95	1.1042
69	95	1.737
70	95	2.1171
75	95	1.3216
15	96	1.622
18	96	1.4677
23	96	3.6218
25	96	1.1077
29	96	3.7911
33	96	4.0268
59	96	-0.29498
60	96	-0.094235
67	96	-0.83081
68	96	-0.71517
69	96	-0.45673
70	96	-0.31966
75	96	-0.77648
15	97	1.251
18	97	1.5213
25	97	1.3979
26	97	0.66458
31	97	0.89803
34	97	0.099369
59	97	-1.3513
60	97	-1.0019
67	97	-0.90652
68	97	-1.3255
69	97	-1.1452
70	97	-0.7717
75	97	-0.83893
77	97	-1.4371
78	97	-1.0079
83	97	-0.80775
84	97	-1.5497
85	97	-0.78986
90	97	-1.1002
15	98	0.34336
18	98	0.19791
25	98	0.01583
35	98	1.8867
42	98	2.0871
45	98	1.604
50	98	1.7338
51	98	1.8629
59	98	-0.84912
60	98	-0.38759
67	98	-1.53
68	98	-1.6567
69	98	-0.86856
70	98	-0.5505
75	98	-0.99312
97	98	-2.326
15	99	1.0254
18	99	0.8966
25	99	0.67331
35	99	1.6876
42	99	1.8589
45	99	1.3494
50	99	1.4317
51	99	1.5706
59	99	-0.36496
60	99	-0.067916
67	99	-1.0491
68	99	-0.85462
69	99	-0.23178
70	99	0.12177
75	99	-0.41595
97	99	-1.9713
15	100	3.4965
18	100	3.3879
23	100	5.9619
25	100	3.1566
29	100	6.2734
33	100	6.6931
59	100	2.7745
60	100	3.2076
67	100	1.6186
68	100	1.9353
69	100	2.7034
70	100	3.1322
75	100	2.4274
15	101	3.1956
18	101	3.0757
23	101	5.5621
25	101	2.8136
29	101	5.8536
33	101	6.2473
59	101	2.1208
60	101	2.5086
67	101	1.1089
68	101	1.3619
69	101	1.9862
70	101	2.347
75	101	1.6447
15	102	3.0742
18	102	2.9526
23	102	5.3985
25	102	2.6774
29	102	5.6786
33	102	6.0575
59	102	1.844
60	102	2.2007
67	102	0.92251
68	102	1.1427
69	102	1.6917
70	102	2.0117
75	102	1.3374
15	103	1.6109
18	103	1.3703
23	103	3.4338
25	103	1.1581
29	103	3.4811
33	103	3.5045
59	103	-1.1209
60	103	-0.96692
67	103	-1.7116
68	103	-1.6347
69	103	-1.3809
70	103	-1.2281
75	103	-1.5548
15	104	0.61194
18	104	0.89469
25	104	0.77744
26	104	0.40902
31	104	0.38401
34	104	0.56015
59	104	-1.2319
60	104	-0.87302
67	104	-1.4237
68	104	-1.8334
69	104	-1.085
70	104	-0.68935
75	104	-0.86532
77	104	-1.9953
78	104	-0.84623
83	104	-1.3145
84	104	-1.9921
85	104	-1.1969
90	104	-1.5825
98	104	-2.1285
99	104	-2.2951
15	105	-0.37623
18	105	-0.23007
25	105	-0.28273
35	105	1.6856
42	105	1.9045
45	105	1.4131
50	105	1.5684
51	105	1.6624
59	105	-1.3124
60	105	-0.85036
67	105	-1.2851
68	105	-1.9441
69	105	-1.4738
70	105	-0.95215
75	105	-1.2645
97	105	-1.9625
104	105	-1.5018
15	106	0.57028
18	106	0.43534
25	106	0.2144
35	106	1.3751
42	106	1.5508
45	106	1.0339
50	106	1.1229
51	106	1.2424
59	106	-0.87697
60	106	-0.53368
67	106	-1.4002
68	106	-1.4201
69	106	-0.73121
70	106	-0.33939
75	106	-0.86624
97	106	-2.2104
104	106	-1.8419
15	107	1.7938
18	107	1.5506
23	107	2.8419
25	107	1.3726
29	107	2.8803
33	107	2.8934
59	107	-0.84078
60	107	-0.45618
67	107	-1.924
68	107	-1.7221
69	107	-1.1027
70	107	-0.69016
75	107	-1.5122
15	108	1.6825
18	108	1.4395
23	108	2.9532
25	108	1.2516
29	108	2.9939
33	108	3.0097
59	108	-1.1163
60	108	-0.74899
67	108	-1.896
68	108	-1.9339
69	108	-1.387
70	108	-0.99849
75	108	-1.7885
15	109	1.5832
18	109	1.3477
23	109	3.3314
25	109	1.1485
29	109	3.3826
33	109	3.4106
59	109	-1.1843
60	109	-1.0077
67	109	-1.7994
68	109	-1.7224
69	109	-1.4295
70	109	-1.2459
75	109	-1.5948
15	110	1.909
18	110	1.7639
23	110	3.5653
25	110	1.4306
29	110	3.7312
33	110	3.9626
59	110	0.15578
60	110	0.37307
67	110	-0.37609
68	110	-0.26002
69	110	0.030689
70	110	0.19173
75	110	-0.2602
15	111	1.6447
18	111	1.4898
23	111	3.4207
25	111	1.1486
29	111	3.5718
33	111	3.7848
59	111	-0.15061
60	111	0.064188
67	111	-0.68063
68	111	-0.56039
69	111	-0.26972
70	111	-0.11173
75	111	-0.55174
15	112	2.9938
18	112	2.9085
23	112	5.5819
25	112	2.7919
29	112	5.9268
33	112	6.3867
59	112	3.4842
60	112	3.8693
67	112	2.4581
68	112	2.8848
69	112	3.7001
70	112	4.0567
75	112	3.7829
15	113	1.8074
18	113	1.5712
23	113	2.7848
25	113	1.4181
29	113	2.8261
33	113	2.8427
59	113	-0.53668
60	113	-0.13032
67	113	-1.6873
68	113	-1.4493
69	113	-0.74539
70	113	-0.30209
75	113	-1.0979
15	114	1.5643
18	114	1.3319
23	114	3.1227
25	114	1.1473
29	114	3.1733
33	114	3.2008
59	114	-1.2248
60	114	-0.90334
67	114	-1.8432
68	114	-1.9003
69	114	-1.4493
70	114	-1.1164
75	114	-1.7451
15	115	1.6183
18	115	1.3889
23	115	3.2097
25	115	1.2042
29	115	3.2637
33	115	3.2952
59	115	-1.1307
60	115	-0.83801
67	115	-1.7937
68	115	-1.6933
69	115	-1.3361
70	115	-1.0384
75	115	-1.5298
15	116	1.7665
18	116	1.6151
23	116	3.3685
25	116	1.286
29	116	3.5196
33	116	3.7326
59	116	0.044194
60	116	0.26588
67	116	-0.48577
68	116	-0.36624
69	116	-0.060145
70	116	0.10889
75	116	-0.32875
15	117	1.6805
18	117	1.8877
23	117	4.8104
25	117	1.7547
29	117	5.1629
33	117	5.6291
59	117	1.1087
60	117	1.5891
67	117	1.2477
68	117	0.92636
69	117	1.3864
70	117	1.8351
75	117	1.5339
15	118	1.53
18	118	1.3094
23	118	3.2235
25	118	1.1493
29	118	3.2784
33	118	3.3112
59	118	-1.0337
60	118	-0.71084
67	118	-1.6462
68	118	-1.6962
69	118	-1.2096
70	118	-0.8714
75	118	-1.4646
offset
60
