140
detection	body_part	cost
1	7	-3.5786
2	7	1.0458
3	7	-4.484
4	8	0.24707
5	8	-0.4174
6	8	-1.6362
7	8	-1.9502
8	6	-3.2927
9	6	-3.1894
10	12	-1.9306
11	1	-5.63
12	5	-0.17888
13	9	-1.7186
14	2	-4.9412
15	3	-0.59263
16	5	-0.93809
17	11	9.2102
18	14	0.24694
19	3	-3.7291
20	4	-3.2096
21	8	-4.585
22	14	-1.7776
23	3	-0.99372
24	8	-0.35549
25	8	-1.9816
26	4	-1.3674
27	4	-1.7941
28	8	-1.6626
29	8	-0.6822
30	8	0.59497
31	13	0.14171
32	14	-0.50214
33	8	1.178
34	13	-0.55813
35	7	-5.1203
36	13	-2.2422
37	13	0.063165
38	7	-1.1755
39	13	-1.3371
40	12	-1.5577
41	7	-1.0696
42	12	-2.921
43	12	-2.7623
44	10	-0.80187
45	11	9.2102
46	10	1.3767
47	10	-0.41548
48	10	-1.734
49	7	0.66532
50	12	0.015973
51	12	-0.7363
52	10	-1.0424
53	6	-3.7294
54	6	-1.8831
55	12	0.15167
56	12	-0.95855
57	12	-2.1843
58	6	-1.0711
59	6	-0.56522
60	9	-2.1149
61	10	0.08371
62	11	9.2102
63	9	0.64871
64	6	-3.5866
65	2	1.1483
66	1	-5.6548
67	1	-3.2013
68	1	0.76902
69	9	-0.32578
70	6	-2.0626
71	2	-4.5622
72	1	-0.6347
73	9	-1.4991
74	3	-4.0948
75	3	-4.3415
76	1	-3.0002
77	9	-1.4141
78	9	-0.73785
79	3	-3.2085
80	5	-1.8998
81	4	-3.8679
82	13	1.25
83	2	-0.87587
84	2	-3.7696
85	11	9.2102
86	1	-4.52
87	1	-5.2453
88	5	0.084914
89	5	-0.59735
90	5	-1.2388
91	4	-1.8447
92	4	-1.0516
93	13	-2.7345
94	14	1.3834
95	14	0.40572
96	5	-1.3303
97	5	0.13243
98	7	-0.85887
99	13	-4.0387
100	13	-2.8458
101	1	1.0871
102	5	-0.10141
103	11	0.063927
104	3	-0.93413
105	7	-5.0146
106	8	-3.6818
107	13	0.58517
108	14	0.14767
109	11	9.2102
110	3	-3.0263
111	3	-4.8619
112	4	-4.0828
113	4	-1.0601
114	14	-1.4871
115	6	-4.2341
116	10	0.44617
117	6	-3.8322
118	12	-2.7996
119	12	-1.543
120	10	-2.4565
121	11	0.10773
122	14	0.152
123	11	9.2102
124	10	-0.45837
125	1	-6.1777
126	1	-4.6135
127	9	-1.1309
128	9	-1.9951
129	10	0.43819
130	2	-4.3725
131	9	-2.5515
132	9	-0.38086
133	9	-1.0425
134	3	-3.9806
135	5	-1.1417
136	3	-3.4871
137	4	-2.3288
138	5	-4.835
139	4	-1.3295
140	4	-4.9423
detection1	detection2	cost
1	2	-1.5143
1	3	-4.8231
2	3	-3.7143
4	5	-5.6071
4	6	-4.8231
5	6	-5.6071
4	7	-3.2674
5	7	-4.8231
6	7	-5.6071
8	9	-5.6071
12	16	-2.1462
15	19	-3.2674
4	21	61.401
5	21	63.1723
6	21	62.5357
7	21	64.3289
18	22	-3.2674
15	23	-1.5143
19	23	-5.6071
4	24	18.2456
5	24	18.8644
6	24	17.1071
7	24	17.8953
21	24	49.2857
4	25	17.3966
5	25	17.7539
6	25	15.9133
7	25	16.443
21	25	53.0714
24	25	-3.7143
20	26	-4.8231
20	27	-4.8231
26	27	-3.7143
4	28	19.269
5	28	19.6016
6	28	17.7539
7	28	18.2456
21	28	53.101
24	28	-3.2674
25	28	-5.6071
4	29	19.0675
5	29	19.269
6	29	17.3966
7	29	17.7539
21	29	54.993
24	29	-1.5143
25	29	-4.8231
28	29	-5.6071
4	30	19
5	30	19.0675
6	30	17.1798
7	30	17.3966
21	30	56.885
24	30	0.30445
25	30	-3.2674
28	30	-3.7143
29	30	-5.6071
18	32	-1.5143
22	32	-3.2674
4	33	22.4287
5	33	23.08
6	33	21.3311
7	33	22.1279
21	33	47.5232
24	33	-3.2674
25	33	-0.67521
28	33	-1.5143
29	33	0.30445
30	33	2.1517
31	34	54.9643
1	35	76.3217
2	35	70.3837
3	35	73.8048
31	36	-1.5143
34	36	60.6691
31	37	-4.8231
34	37	56.885
36	37	-3.7143
1	38	30.2149
2	38	27.0414
3	38	27.8615
35	38	56.8571
31	39	54.993
34	39	-5.6071
36	39	60.6429
37	39	56.8571
10	40	69.1549
1	41	76.3431
2	41	70.4526
3	41	73.7827
35	41	-3.2674
38	41	55.0789
10	42	69.8296
40	42	-5.6071
10	43	68.0722
40	43	-4.8231
42	43	-5.6071
17	45	15.6053
44	46	-1.5143
44	47	-3.2674
46	47	-5.6071
44	48	-5.6071
46	48	-1.8214
47	48	-3.7143
1	49	36.2
2	49	32.9647
3	49	33.8406
35	49	55.2219
38	49	-1.5143
41	49	53.101
10	50	22.8448
40	50	62.638
42	50	62.5613
43	50	60.6691
10	51	71.2983
40	51	-1.8214
42	51	-3.7143
43	51	-3.2674
50	51	62.5613
44	52	-3.2674
46	52	-3.2674
47	52	-4.8231
48	52	-4.8231
8	53	64.5779
9	53	66.2243
8	54	62.9438
9	54	64.5779
53	54	-5.6071
10	55	27.8615
40	55	55.4215
42	55	55.2219
43	55	53.337
50	55	0.96511
51	55	54.993
10	56	27.4026
40	56	57.301
42	56	57.1072
43	56	55.2219
50	56	-0.67521
51	56	56.885
55	56	-5.6071
10	57	26.7811
40	57	61.0622
42	57	60.8791
43	57	58.9929
50	57	-3.2674
51	57	60.6691
55	57	-1.8214
56	57	-3.7143
8	58	68.8035
9	58	70.4526
53	58	-3.2674
54	58	-1.5143
8	59	63.9287
9	59	65.5407
53	59	-4.8231
54	59	-5.6071
58	59	-1.8214
13	60	67.3816
44	61	0.96511
46	61	-1.5143
47	61	-1.8214
48	61	-0.67521
52	61	-3.2674
17	62	18.2456
45	62	0.96511
13	63	62.842
60	63	-1.5143
8	64	32.295
9	64	32.4299
53	64	53.1896
54	64	51.3006
58	64	56.885
59	64	51.2091
14	65	55.9884
11	66	59.4226
11	67	57.7693
66	67	-5.6071
11	68	56.1293
66	68	-3.7143
67	68	-5.6071
13	69	70.5445
60	69	-3.2674
63	69	0.30445
8	70	34.3146
9	70	34.5282
53	70	51.4527
54	70	49.5689
58	70	55.0789
59	70	49.4118
64	70	-4.8231
14	71	57.7693
65	71	-3.7143
11	72	61.323
66	72	-3.7143
67	72	-3.2674
68	72	-2.1462
13	73	26.624
60	73	61.0622
63	73	55.2219
69	73	62.638
15	74	62.7655
19	74	62.842
23	74	62.0995
15	75	61.0883
19	75	61.1144
23	75	60.3531
74	75	-5.6071
11	76	30.3571
66	76	51.4527
67	76	49.5689
68	76	47.6858
72	76	51.2091
13	77	28.5141
60	77	61.297
63	77	55.4215
69	77	62.7655
73	77	-5.6071
13	78	28.4643
60	78	63.1723
63	78	57.301
69	78	64.6524
73	78	-4.8231
77	78	-5.6071
15	79	63.6523
19	79	63.6271
23	79	62.842
74	79	-5.6071
75	79	-4.8231
12	80	72.1126
16	80	66.9978
20	81	67.0699
26	81	64.5779
27	81	68.0722
31	82	17.7539
34	82	54.388
36	82	17.8953
37	82	16.443
39	82	53.6601
14	83	28.663
65	83	46.0381
71	83	45.635
14	84	28.4643
65	84	49.7883
71	84	49.4118
83	84	-3.7143
17	85	24.6786
45	85	19.269
62	85	11.4286
11	86	32.295
66	86	49.7883
67	86	47.9126
68	86	46.0381
72	86	49.4118
76	86	-4.8231
11	87	32.25
66	87	51.665
67	87	49.7883
68	87	47.9126
72	87	51.3006
76	87	-5.6071
86	87	-5.6071
12	88	30.4044
16	88	26.624
80	88	60.6429
12	89	30.4044
16	89	27.0414
80	89	64.4286
88	89	-3.7143
12	90	73.0299
16	90	67.8823
80	90	-5.6071
88	90	60.6691
89	90	64.4535
20	91	67.8585
26	91	65.3443
27	91	68.8035
81	91	-5.6071
20	92	66.1514
26	92	63.6271
27	92	67.0699
81	92	-4.8231
91	92	-5.6071
31	93	19.6016
34	93	55.1647
36	93	19.6016
37	93	18.2456
39	93	54.388
82	93	-5.6071
18	94	24.9005
22	94	23.7178
32	94	19.6016
18	95	25.1758
22	95	24.2301
32	95	20.0604
94	95	-5.6071
12	96	32.4299
16	96	29.2526
80	96	66.3457
88	96	-1.5143
89	96	-4.8231
90	96	66.3214
12	97	32.9647
16	97	30.2149
80	97	70.1302
88	97	2.1517
89	97	-1.5143
90	97	70.1071
96	97	-3.7143
1	98	80.8378
2	98	75.5272
3	98	78.1609
35	98	22.1279
38	98	50.069
41	98	17.8953
49	98	45.9376
31	99	21.4551
34	99	55.9884
36	99	21.3311
37	99	20.0604
39	99	55.1647
82	99	-3.7143
93	99	-5.6071
31	100	21.885
34	100	54.3011
36	100	22.1279
37	100	20.6393
39	100	53.4547
82	100	-3.2674
93	100	-4.8231
99	100	-5.6071
11	101	36.0768
66	101	54.127
67	101	52.2675
68	101	50.4103
72	101	53.5428
76	101	-1.5143
86	101	-2.1462
87	101	-3.2674
12	102	34.1859
16	102	30.7807
80	102	64.5281
88	102	-2.1462
89	102	-3.7143
90	102	64.4535
96	102	-4.8231
97	102	-1.5143
17	103	30.4044
45	103	22.4287
62	103	14.0819
85	103	-1.5143
15	104	32.4299
19	104	28.5141
23	104	26.624
74	104	59.1812
75	104	57.301
79	104	58.9929
1	105	82.2661
2	105	77.0876
3	105	79.592
35	105	26.3605
38	105	50.2864
41	105	22.1279
49	105	45.8369
98	105	-3.2674
4	106	71.7517
5	106	72.9854
6	106	71.5707
7	106	72.8517
21	106	30.8274
24	106	48.9694
25	106	51.9369
28	106	50.8111
29	106	52.3574
30	106	53.9231
33	106	45.1269
31	107	25.5573
34	107	56.1293
36	107	25.5573
37	107	24.2301
39	107	55.1933
82	107	0.30445
93	107	-1.5143
99	107	-3.2674
100	107	-3.7143
18	108	30.546
22	108	28.4643
32	108	24.7342
94	108	1.9643
95	108	3.5372
17	109	32.295
45	109	26.2014
62	109	17.9658
85	109	0.30445
103	109	-3.2674
15	110	34.1859
19	110	30.546
23	110	28.663
74	110	53.8064
75	110	51.9369
79	110	53.5428
104	110	-1.5143
15	111	34.1859
19	111	30.3571
23	111	28.4643
74	111	57.5493
75	111	55.6772
79	111	57.301
104	111	-4.8231
110	111	-3.7143
20	112	30.4044
26	112	28.4643
27	112	28.663
81	112	59.1812
91	112	58.9929
92	112	57.1072
20	113	30.4044
26	113	28.663
27	113	28.4643
81	113	62.9438
91	113	62.7655
92	113	60.8791
112	113	-3.7143
18	114	32.4299
22	114	30.3571
32	114	26.624
94	114	3.2076
95	114	4.6202
108	114	-5.6071
8	115	74.2443
9	115	75.5272
53	115	18.2456
54	115	17.7539
58	115	17.8953
59	115	15.9133
64	115	49.4432
70	115	46.9998
44	116	23.0214
46	116	22.4287
47	116	21.885
48	116	21.1441
52	116	19.6016
61	116	16.443
8	117	75.6566
9	117	76.918
53	117	20.0604
54	117	19.6016
58	117	19.6016
59	117	17.7539
64	117	50.1623
70	117	47.6858
115	117	-5.6071
10	118	82.2661
40	118	27.0414
42	118	25.1758
43	118	24.9005
50	118	63.6271
51	118	21.4551
55	118	55.1647
56	118	56.885
57	118	60.3531
10	119	79.5097
40	119	27.8615
42	119	26.0415
43	119	25.5573
50	119	60.2209
51	119	22.4287
55	119	51.7558
56	119	53.4547
57	119	56.885
118	119	-3.7143
44	120	25.5573
46	120	25.5573
47	120	24.8452
48	120	23.7178
52	120	22.4287
61	120	19.6016
116	120	-3.2674
17	121	38.2821
45	121	33.0089
62	121	24.7342
85	121	6.9156
103	121	3.2076
109	121	-0.67521
18	122	36.0768
22	122	34.1859
32	122	30.3571
94	122	5.1977
95	122	6.1496
108	122	-1.5143
114	122	-3.2674
17	123	63.5515
45	123	72.0901
62	123	65.6143
85	123	47.6208
103	123	48.2028
109	123	44.1649
121	123	39.8593
44	124	26.7811
46	124	26.0415
47	124	25.5573
48	124	24.9005
52	124	23.3135
61	124	20.0604
116	124	-3.7143
120	124	-3.2674
11	125	71.5707
66	125	19.6016
67	125	19.269
68	125	19.0675
72	125	15.9133
76	125	49.4432
86	125	46.9998
87	125	48.7787
101	125	49.4432
11	126	70.3146
66	126	20.0604
67	126	19.6016
68	126	19.269
72	126	16.443
76	126	47.6858
86	126	45.2289
87	126	46.9998
101	126	47.6208
125	126	-5.6071
13	127	79.7564
60	127	23.0214
63	127	20.9559
69	127	19.6016
73	127	60.7479
77	127	60.1415
78	127	61.9449
13	128	78.3281
60	128	23.3135
63	128	20.8929
69	128	20.0604
73	128	58.966
77	128	58.3431
78	128	60.1415
127	128	-5.6071
44	129	30.7807
46	129	30.2149
47	129	29.6887
48	129	28.9098
52	129	27.4026
61	129	24.2301
116	129	0.30445
120	129	-1.5143
124	129	-3.2674
14	130	68.8974
65	130	21.4551
71	130	17.7539
83	130	44.1996
84	130	47.6858
13	131	79.592
60	131	25.1758
63	131	22.7857
69	131	21.885
73	131	59.6364
77	131	58.966
78	131	60.7479
127	131	-4.8231
128	131	-5.6071
13	132	75.484
60	132	26.624
63	132	23.3135
69	132	23.8324
73	132	54.388
77	132	53.6601
78	132	55.4215
127	132	0.30445
128	132	-1.5143
131	132	-1.8214
13	133	79.5097
60	133	27.4026
63	133	24.7342
69	133	24.2301
73	133	58.6147
77	133	57.879
78	133	59.6364
127	133	-2.1462
128	133	-3.2674
131	133	-4.8231
132	133	-3.2674
15	134	72.8517
19	134	71.48
23	134	70.1764
74	134	20.0604
75	134	19.6016
79	134	18.2456
104	134	54.156
110	134	48.1706
111	134	51.786
12	135	70.8652
16	135	65.5653
80	135	25.9881
88	135	44.1649
89	135	47.5232
90	135	24.6229
96	135	48.4274
97	135	51.9068
102	135	45.9376
15	136	74.2443
19	136	72.8071
23	136	71.48
74	136	21.885
75	136	21.4551
79	136	20.0604
104	136	54.7632
110	136	48.7787
111	136	52.3574
134	136	-5.6071
20	137	75.5272
26	137	72.8517
27	137	75.6566
81	137	20.0604
91	137	18.2456
92	137	17.7539
112	137	54.156
113	137	57.7693
12	138	73.5178
16	138	68.2143
80	138	26.2014
88	138	46.7362
89	138	50.069
90	138	24.7342
96	138	50.9338
97	138	54.388
102	138	48.4274
135	138	-4.8231
20	139	80.9999
26	139	78.3281
27	139	81.2021
81	139	20.9559
91	139	19.0675
92	139	19
112	139	60.1415
113	139	63.7529
137	139	-1.5143
20	140	78.2028
26	140	75.5272
27	140	78.3281
81	140	21.4551
91	140	19.6016
92	140	19.269
112	140	56.5502
113	140	60.1415
137	140	-4.8231
139	140	-3.7143
1	4	-1.1435
2	4	-1.0545
3	4	-0.82651
1	5	-1.6393
2	5	-1.6921
3	5	-1.7511
1	6	-2.0236
2	6	-1.5722
3	6	-1.7138
1	7	-2.4945
2	7	-1.8566
3	7	-2.3335
1	8	-2.5982
2	8	-2.1388
3	8	-2.4909
1	9	-2.4094
2	9	-2.0052
3	9	-2.3376
1	11	-2.2273
2	11	-2.0106
3	11	-2.2792
4	11	-1.8363
5	11	-1.7774
6	11	-1.5809
7	11	-1.6837
8	11	-2.3743
9	11	-2.5137
10	11	-2.1082
11	12	-1.4912
11	13	-1.7635
11	14	-2.4729
11	15	-2.2048
11	16	-1.2756
11	17	8.0087
11	18	9.1389
11	19	-2.3805
11	20	-2.1284
12	20	-1.8887
15	20	-2.0603
16	20	-1.1111
19	20	-1.911
1	21	6.7729
2	21	7.5231
3	21	7.1237
11	21	9.342
11	22	9.5587
11	23	-2.0469
20	23	-1.4011
1	24	1.9032
2	24	3.2242
3	24	2.497
11	24	5.9213
1	25	2.2663
2	25	3.7387
3	25	2.9142
11	25	5.1818
11	26	-2.1395
12	26	-2.1061
15	26	-2.18
16	26	-1.6407
19	26	-2.1151
23	26	-1.5841
11	27	-1.8665
12	27	-1.8654
15	27	-2.2971
16	27	-1.2567
19	27	-1.9481
23	27	-1.4839
1	28	2.7595
2	28	4.0747
3	28	3.424
11	28	5.5134
1	29	2.1082
2	29	3.0898
3	29	2.626
11	29	4.9373
1	30	0.98227
2	30	2.0739
3	30	1.5328
11	30	4.3987
10	31	9.0747
11	31	10.5759
18	31	-2.0825
22	31	-1.9957
11	32	8.8787
31	32	-0.8272
1	33	1.9891
2	33	3.2883
3	33	2.5769
11	33	6.8751
10	34	4.2347
11	34	2.7646
18	34	6.487
22	34	6.562
32	34	6.9752
4	35	3.9592
5	35	3.4905
6	35	3.4924
7	35	3.2429
8	35	8.8367
9	35	8.7696
11	35	9.7875
21	35	-1.8484
24	35	3.2985
25	35	2.9863
28	35	2.8025
29	35	2.5393
30	35	2.1277
33	35	3.4078
10	36	9.1862
11	36	10.7966
18	36	-1.0731
22	36	-1.0593
32	36	-0.48297
10	37	9.3851
11	37	10.5447
18	37	-1.7602
22	37	-1.759
32	37	-0.85252
4	38	3.4404
5	38	3.4743
6	38	3.4989
7	38	2.8763
8	38	6.1864
9	38	6.4929
11	38	6.6984
21	38	6.5447
24	38	-0.11446
25	38	-1.214
28	38	-1.8169
29	38	-1.9235
30	38	-1.8545
33	38	0.64239
10	39	4.1855
11	39	2.9751
18	39	6.4197
22	39	6.5723
32	39	7.0949
11	40	11.7178
31	40	-1.7022
34	40	2.3789
36	40	-1.7875
37	40	-2.1244
39	40	2.3818
4	41	5.1599
5	41	4.7268
6	41	4.8393
7	41	4.5991
8	41	9.4635
9	41	9.3912
11	41	10.1334
21	41	-2.1449
24	41	4.2498
25	41	3.9536
28	41	3.7534
29	41	3.504
30	41	3.1022
33	41	4.3166
11	42	11.7625
31	42	-2.1263
34	42	2.8819
36	42	-2.007
37	42	-2.1133
39	42	2.8757
11	43	11.6896
31	43	-2.0394
34	43	3.1484
36	43	-2.0278
37	43	-1.902
39	43	3.1392
11	44	9.7098
13	44	9.7042
17	44	-1.0392
11	45	4.3763
44	45	1.5449
11	46	9.9239
13	46	9.9796
17	46	-1.0016
45	46	1.78
11	47	9.7965
13	47	9.9308
17	47	-0.88725
45	47	1.8329
11	48	9.5355
13	48	9.7767
17	48	-0.89039
45	48	1.6712
4	49	2.3336
5	49	2.3213
6	49	2.3439
7	49	1.8782
8	49	6.3345
9	49	6.6051
11	49	7.2143
21	49	5.6888
24	49	-1.4513
25	49	-1.7003
28	49	-1.6822
29	49	-1.4227
30	49	-0.93321
33	49	-1.144
11	50	3.8878
31	50	7.3743
34	50	-1.9129
36	50	7.6039
37	50	7.7001
39	50	-1.8601
11	51	11.542
31	51	-2.178
34	51	3.2411
36	51	-1.5817
37	51	-2.117
39	51	3.2273
11	52	9.5284
13	52	9.9155
17	52	-0.6125
45	52	1.8184
1	53	3.8738
2	53	3.6663
3	53	3.8464
11	53	7.2838
35	53	-2.0722
38	53	4.6223
41	53	-1.7963
49	53	4.6451
1	54	4.0319
2	54	3.8092
3	54	4.0028
11	54	7.4624
35	54	-1.5612
38	54	4.7241
41	54	-2.106
49	54	4.7441
11	55	4.7778
31	55	7.4005
34	55	-1.0302
36	55	7.6571
37	55	7.7305
39	55	-1.3277
11	56	4.5876
31	56	7.3494
34	56	-1.3003
36	56	7.6023
37	56	7.6779
39	56	-1.6086
11	57	4.2783
31	57	7.161
34	57	-1.8788
36	57	7.4083
37	57	7.4875
39	57	-2.2025
1	58	3.3875
2	58	3.1808
3	58	3.3628
11	58	6.9498
35	58	-1.9499
38	58	4.1906
41	58	-1.8585
49	58	4.2235
1	59	4.145
2	59	3.9089
3	59	4.1141
11	59	7.5759
35	59	-1.6345
38	59	4.7217
41	59	-2.2284
49	59	4.7349
11	60	10.1571
44	60	-2.0132
46	60	-0.70838
47	60	-1.3507
48	60	-2.1443
52	60	-2.1947
11	61	9.3785
13	61	9.8693
17	61	-0.35681
45	61	1.7146
60	61	-1.3283
11	62	4.8691
44	62	0.89234
46	62	0.99282
47	62	1.0762
48	62	0.98792
52	62	1.0569
61	62	0.81768
11	63	9.3444
44	63	-0.8793
46	63	1.1701
47	63	0.54239
48	63	-0.90081
52	63	-0.21924
61	63	1.2394
1	64	0.63723
2	64	0.91856
3	64	0.68636
11	64	5.6034
35	64	6.1895
38	64	-2.2411
41	64	6.6348
49	64	-2.4798
11	65	1.7486
1	66	3.4701
2	66	3.5934
3	66	3.585
4	66	3.3455
5	66	3.2433
6	66	3.1224
7	66	2.805
8	66	4.5523
9	66	4.4355
10	66	2.6849
12	66	3.9854
13	66	3.1486
14	66	10.2869
15	66	5.483
16	66	3.9982
17	66	0.22617
18	66	-1.1403
19	66	5.3592
20	66	5.0333
21	66	-1.4633
22	66	-1.7039
23	66	5.469
24	66	4.5358
25	66	4.4066
26	66	4.9992
27	66	5.1559
28	66	4.4587
29	66	4.183
30	66	3.8652
31	66	-1.7924
32	66	-1.4745
33	66	4.9057
34	66	2.6115
35	66	-1.8592
36	66	-1.6603
37	66	-1.8234
38	66	5.158
39	66	2.6878
40	66	-1.7879
41	66	-2.1663
42	66	-1.9421
43	66	-1.8366
44	66	-1.4286
45	66	0.031327
46	66	-0.81821
47	66	-1.0389
48	66	-1.4789
49	66	5.2158
50	66	3.2261
51	66	-1.7976
52	66	-1.4004
53	66	-2.2706
54	66	-1.9795
55	66	3.2809
56	66	3.2726
57	66	3.2557
58	66	-1.5561
59	66	-1.6722
60	66	-1.8089
61	66	-1.2682
62	66	-0.59851
63	66	-1.4501
64	66	5.1171
65	66	-1.0701
1	67	3.5327
2	67	3.6537
3	67	3.6478
4	67	3.3735
5	67	3.2718
6	67	3.1509
7	67	2.8327
8	67	4.707
9	67	4.5902
10	67	2.7514
12	67	4.0964
13	67	3.1211
14	67	10.1118
15	67	5.6468
16	67	4.1066
17	67	0.20266
18	67	-1.0816
19	67	5.5177
20	67	5.0705
21	67	-1.1357
22	67	-1.6305
23	67	5.6246
24	67	4.5823
25	67	4.4547
26	67	5.0352
27	67	5.1907
28	67	4.5094
29	67	4.2331
30	67	3.915
31	67	-1.9111
32	67	-1.3793
33	67	4.9571
34	67	2.5868
35	67	-1.44
36	67	-1.6571
37	67	-1.8025
38	67	5.2585
39	67	2.6647
40	67	-1.8736
41	67	-1.6373
42	67	-1.9928
43	67	-1.9117
44	67	-1.3428
45	67	0.03537
46	67	-0.70696
47	67	-0.94334
48	67	-1.4146
49	67	5.3255
50	67	3.2644
51	67	-1.7324
52	67	-1.3327
53	67	-1.6658
54	67	-1.3593
55	67	3.3226
56	67	3.3145
57	67	3.2981
58	67	-1.2408
59	67	-1.2815
60	67	-1.8658
61	67	-1.186
62	67	-0.55361
63	67	-1.3688
64	67	5.3215
65	67	-1.2419
1	68	3.5144
2	68	3.6337
3	68	3.6292
4	68	3.2758
5	68	3.1739
6	68	3.0513
7	68	2.7727
8	68	4.7169
9	68	4.5996
10	68	2.7804
12	68	4.0294
13	68	3.0997
14	68	9.9715
15	68	5.8346
16	68	4.0377
17	68	0.29352
18	68	-0.95798
19	68	5.6986
20	68	5.1624
21	68	-0.89882
22	68	-1.5077
23	68	5.802
24	68	4.4822
25	68	4.3557
26	68	5.1258
27	68	5.2801
28	68	4.4113
29	68	4.1343
30	68	3.8156
31	68	-1.8611
32	68	-1.3124
33	68	4.8585
34	68	2.5657
35	68	-0.9535
36	68	-1.4786
37	68	-1.6734
38	68	5.254
39	68	2.6448
40	68	-1.6
41	68	-1.1531
42	68	-1.7189
43	68	-1.8257
44	68	-1.1693
45	68	-0.030719
46	68	-0.52905
47	68	-0.77891
48	68	-1.2651
49	68	5.3258
50	68	3.2603
51	68	-1.5052
52	68	-1.2019
53	68	-1.3474
54	68	-1.0122
55	68	3.3218
56	68	3.3138
57	68	3.2979
58	68	-0.98667
59	68	-0.88235
60	68	-1.9028
61	68	-1.1437
62	68	-0.6033
63	68	-1.307
64	68	5.3628
65	68	-1.2184
11	69	9.8
44	69	-1.7293
46	69	-0.55256
47	69	-0.94297
48	69	-1.7864
52	69	-1.5729
61	69	-1.2658
66	69	-1.7683
67	69	-1.7001
68	69	-1.6485
1	70	0.89653
2	70	1.1413
3	70	0.93478
11	70	5.9348
35	70	6.1688
38	70	-2.0741
41	70	6.6056
49	70	-2.3402
66	70	5.3499
67	70	5.5582
68	70	5.6026
11	71	1.5818
66	71	-2.3526
67	71	-2.4398
68	71	-2.3339
1	72	3.3972
2	72	3.5223
3	72	3.5097
4	72	3.338
5	72	3.2323
6	72	3.1023
7	72	2.924
8	72	4.3964
9	72	4.2741
10	72	2.9552
12	72	4.2466
13	72	3.1265
14	72	9.781
15	72	5.1929
16	72	4.2588
17	72	0.51643
18	72	-0.74651
19	72	5.0751
20	72	5.0073
21	72	-1.2154
22	72	-1.4509
23	72	5.184
24	72	4.4422
25	72	4.3142
26	72	4.9747
27	72	5.1277
28	72	4.3569
29	72	4.0843
30	72	3.7646
31	72	-1.6585
32	72	-1.1791
33	72	4.8006
34	72	2.5855
35	72	-1.6402
36	72	-1.4438
37	72	-1.5839
38	72	4.975
39	72	2.6578
40	72	-1.5958
41	72	-2.0169
42	72	-1.6242
43	72	-1.8095
44	72	-0.94361
45	72	-0.048736
46	72	-0.3168
47	72	-0.54492
48	72	-0.98691
49	72	5.0219
50	72	3.1775
51	72	-1.4075
52	72	-0.89624
53	72	-2.3421
54	72	-1.8734
55	72	3.2193
56	72	3.2132
57	72	3.1997
58	72	-1.7743
59	72	-1.8928
60	72	-1.5938
61	72	-0.7521
62	72	-0.24691
63	72	-0.80427
64	72	4.8181
65	72	-1.0446
69	72	-0.95255
70	72	5.0515
71	72	-2.1804
11	73	3.5684
44	73	8.4037
46	73	8.8318
47	73	8.7763
48	73	8.5822
52	73	8.8318
61	73	9.3761
66	73	1.9242
67	73	1.9333
68	73	1.9125
72	73	1.9443
11	74	5.9131
20	74	3.8056
26	74	3.9045
27	74	4.0537
66	74	-2.0931
67	74	-1.3797
68	74	-0.78315
72	74	-1.6506
11	75	6.0191
20	75	3.7867
26	75	3.8845
27	75	4.0323
66	75	-2.2114
67	75	-1.7093
68	75	-1.2144
72	75	-1.4845
1	76	1.3148
2	76	1.2434
3	76	1.1805
4	76	1.2181
5	76	1.2554
6	76	1.2727
7	76	1.5422
8	76	0.88175
9	76	0.97453
10	76	2.8132
12	76	4.6047
13	76	3.5555
14	76	4.606
15	76	5.2848
16	76	4.7565
17	76	6.0286
18	76	5.7811
19	76	4.9587
20	76	4.7527
21	76	6.1883
22	76	6.0059
23	76	4.9578
24	76	-1.6437
25	76	-1.5291
26	76	4.7789
27	76	4.6173
28	76	-1.6054
29	76	-1.1033
30	76	-0.55422
31	76	7.2521
32	76	6.2209
33	76	-1.9761
34	76	-1.6913
35	76	6.4359
36	76	7.78
37	76	7.5758
38	76	-1.9062
39	76	-1.7151
40	76	8.9602
41	76	6.6328
42	76	9.1774
43	76	9.0655
44	76	8.8096
45	76	2.3499
46	76	9.4868
47	76	9.3378
48	76	9.0073
49	76	-1.9748
50	76	-1.5801
51	76	9.6091
52	76	9.3599
53	76	4.9829
54	76	5.1653
55	76	-1.4762
56	76	-1.5763
57	76	-1.6189
58	76	4.554
59	76	5.2259
60	76	10.7323
61	76	9.9802
62	76	3.0534
63	76	10.9269
64	76	-2.4071
65	76	1.622
69	76	11.4396
70	76	-2.2876
71	76	1.5834
73	76	-1.5124
74	76	6.3073
75	76	6.4186
11	77	3.576
44	77	7.894
46	77	8.3183
47	77	8.2625
48	77	8.0659
52	77	8.3094
61	77	8.8409
66	77	1.7985
67	77	1.81
68	77	1.7915
72	77	1.8148
76	77	-1.6028
11	78	3.4623
44	78	7.8211
46	78	8.2361
47	78	8.1816
48	78	7.9883
52	78	8.2255
61	78	8.7463
66	78	1.7981
67	78	1.8093
68	78	1.7906
72	78	1.8174
76	78	-1.5713
11	79	5.8282
20	79	3.6644
26	79	3.7633
27	79	3.9115
66	79	-2.0541
67	79	-1.5189
68	79	-1.0601
72	79	-1.844
76	79	6.1725
11	80	8.4277
20	80	4.0086
26	80	4.4013
27	80	4.0197
66	80	-1.2741
67	80	-0.75682
68	80	0.031793
72	80	-1.1189
76	80	9.9208
11	81	8.2788
12	81	6.7362
15	81	8.3553
16	81	6.9335
19	81	8.7894
23	81	8.8409
66	81	-2.2508
67	81	-2.3116
68	81	-1.8883
72	81	-1.347
74	81	-2.2798
75	81	-2.3459
76	81	9.5666
79	81	-1.7967
80	81	-2.4095
10	82	8.8889
11	82	9.5155
18	82	2.8807
22	82	2.9662
32	82	2.973
40	82	3.212
42	82	3.3851
43	82	3.6988
50	82	7.6815
51	82	3.3054
55	82	7.7677
56	82	7.6872
57	82	7.4516
66	82	2.1181
67	82	2.1692
68	82	2.2147
72	82	1.7005
76	82	9.4866
11	83	3.7023
66	83	9.5749
67	83	9.6144
68	83	9.5584
72	83	9.77
76	83	-1.2322
11	84	3.442
66	84	9.9819
67	84	9.9837
68	84	9.8869
72	84	10.6006
76	84	-1.8506
11	85	7.0922
44	85	2.4282
46	85	2.1939
47	85	2.382
48	85	2.5612
52	85	2.4928
61	85	2.0522
66	85	-0.010726
67	85	0.074756
68	85	0.051622
72	85	-0.3436
76	85	9.3248
1	86	1.3713
2	86	1.2935
3	86	1.2346
4	86	1.2655
5	86	1.3051
6	86	1.3219
7	86	1.5411
8	86	0.91634
9	86	1.0159
10	86	2.7494
12	86	4.582
13	86	3.6646
14	86	4.5766
15	86	5.1895
16	86	4.7133
17	86	5.9929
18	86	5.6654
19	86	4.8716
20	86	4.8468
21	86	6.2254
22	86	5.8732
23	86	4.8726
24	86	-1.7211
25	86	-1.7249
26	86	4.8669
27	86	4.7288
28	86	-1.9002
29	86	-1.3103
30	86	-0.73504
31	86	7.07
32	86	6.0659
33	86	-1.7919
34	86	-1.6176
35	86	6.4941
36	86	7.6169
37	86	7.3985
38	86	-1.6484
39	86	-1.7876
40	86	8.6185
41	86	6.6923
42	86	8.8346
43	86	8.715
44	86	8.6371
45	86	2.376
46	86	9.3427
47	86	9.1834
48	86	8.8291
49	86	-1.6579
50	86	-1.7806
51	86	9.2644
52	86	9.1891
53	86	5.0231
54	86	5.2065
55	86	-1.6942
56	86	-1.7874
57	86	-1.8125
58	86	4.592
59	86	5.2706
60	86	10.4969
61	86	9.8163
62	86	3.0115
63	86	10.6564
64	86	-2.1365
65	86	1.1379
69	86	11.218
70	86	-1.829
71	86	1.1406
73	86	-1.6118
74	86	6.4342
75	86	6.5475
77	86	-1.7387
78	86	-1.7268
79	86	6.2945
80	86	9.9712
81	86	9.6125
82	86	9.2256
83	86	-1.5828
84	86	-2.0769
85	86	9.2143
1	87	1.4091
2	87	1.335
3	87	1.2755
4	87	1.3232
5	87	1.3623
6	87	1.381
7	87	1.6241
8	87	0.87604
9	87	0.98962
10	87	2.8583
12	87	4.6439
13	87	3.6863
14	87	4.4109
15	87	5.3133
16	87	4.796
17	87	6.0553
18	87	5.7848
19	87	5.0006
20	87	4.8481
21	87	6.129
22	87	5.987
23	87	5.0034
24	87	-1.5159
25	87	-1.427
26	87	4.8787
27	87	4.7205
28	87	-1.537
29	87	-0.99994
30	87	-0.45399
31	87	7.1831
32	87	6.1933
33	87	-1.9152
34	87	-1.5336
35	87	6.3967
36	87	7.7073
37	87	7.5017
38	87	-1.9713
39	87	-1.7753
40	87	8.7302
41	87	6.588
42	87	8.942
43	87	8.8272
44	87	8.6745
45	87	2.5583
46	87	9.3525
47	87	9.2001
48	87	8.8624
49	87	-2.0957
50	87	-1.8124
51	87	9.3621
52	87	9.2084
53	87	4.8807
54	87	5.0646
55	87	-1.7657
56	87	-1.8598
57	87	-1.8805
58	87	4.4458
59	87	5.1247
60	87	10.5088
61	87	9.8142
62	87	3.326
63	87	10.676
64	87	-2.3747
65	87	1.1329
69	87	11.2074
70	87	-2.458
71	87	1.1338
73	87	-1.7196
74	87	6.4433
75	87	6.5562
77	87	-1.8194
78	87	-1.7765
79	87	6.3076
80	87	10.1904
81	87	9.8239
82	87	9.2269
83	87	-1.6088
84	87	-2.1622
85	87	9.1172
11	88	3.2912
20	88	5.4015
26	88	6.1483
27	88	5.2672
66	88	1.7441
67	88	1.8169
68	88	1.7384
72	88	1.9671
76	88	-1.5945
81	88	7.7685
86	88	-1.1812
87	88	-1.2093
11	89	3.2098
20	89	5.9384
26	89	6.7523
27	89	5.815
66	89	2.0895
67	89	2.1635
68	89	2.084
72	89	1.9725
76	89	-1.4836
81	89	7.6061
86	89	-1.4614
87	89	-1.5295
11	90	8.0978
20	90	3.4915
26	90	3.8837
27	90	3.4919
66	90	-1.4511
67	90	-0.9404
68	90	-0.18517
72	90	-0.86356
76	90	9.5666
81	90	-1.9124
86	90	9.6121
87	90	9.835
11	91	8.1131
12	91	6.0384
15	91	8.1346
16	91	6.2272
19	91	8.5628
23	91	8.6115
66	91	-2.2334
67	91	-2.0924
68	91	-1.7409
72	91	-1.4582
74	91	-1.9503
75	91	-2.0568
76	91	9.2965
79	91	-1.4629
80	91	-1.5231
86	91	9.3328
87	91	9.5492
88	91	6.8436
89	91	6.6833
90	91	-1.0921
11	92	8.319
12	92	6.3934
15	92	8.1975
16	92	6.5833
19	92	8.6203
23	92	8.6667
66	92	-1.7817
67	92	-1.5919
68	92	-1.3487
72	92	-2.124
74	92	-2.2554
75	92	-2.1349
76	92	9.4323
79	92	-1.8755
80	92	-1.8345
86	92	9.4677
87	92	9.6846
88	92	7.3112
89	92	7.1516
90	92	-1.3945
10	93	9.1198
11	93	9.5928
18	93	3.2467
22	93	3.305
32	93	3.3338
40	93	3.4311
42	93	3.6087
43	93	3.9195
50	93	7.9398
51	93	3.5482
55	93	8.0352
56	93	7.9515
57	93	7.7103
66	93	2.4563
67	93	2.5153
68	93	2.5689
72	93	2.0538
76	93	9.802
86	93	9.5629
87	93	9.5345
11	94	7.6008
31	94	2.9091
34	94	6.9011
36	94	2.9577
37	94	2.9523
39	94	7.4078
66	94	0.99306
67	94	1.0412
68	94	1.0474
72	94	0.6379
76	94	9.2982
82	94	-0.51918
86	94	9.2476
87	94	9.1749
93	94	0.22869
11	95	7.3831
31	95	2.7325
34	95	6.6632
36	95	2.8108
37	95	2.7871
39	95	7.1771
66	95	0.83532
67	95	0.88139
68	95	0.88465
72	95	0.49232
76	95	9.2867
82	95	-0.55796
86	95	9.221
87	95	9.1176
93	95	0.16162
11	96	3.0613
20	96	6.1186
26	96	6.8763
27	96	6.0761
66	96	1.9644
67	96	2.0201
68	96	1.923
72	96	2.166
76	96	-1.7115
81	96	7.7322
86	96	-1.5655
87	96	-1.6735
91	96	6.7997
92	96	7.2772
11	97	2.9067
20	97	5.7286
26	97	6.5391
27	97	5.721
66	97	2.0456
67	97	2.1155
68	97	2.0378
72	97	2.24
76	97	-1.7433
81	97	7.0328
86	97	-1.5601
87	97	-1.6999
91	97	6.0971
92	97	6.5746
4	98	7.8269
5	98	7.2936
6	98	7.377
7	98	7.0809
8	98	9.3685
9	98	9.5499
11	98	12.0877
21	98	1.3514
24	98	5.1335
25	98	4.9165
28	98	4.6703
29	98	4.4975
30	98	4.1978
33	98	5.0702
53	98	3.7166
54	98	3.9444
58	98	3.0276
59	98	3.7826
64	98	8.1604
66	98	4.276
67	98	4.7058
68	98	5.0433
70	98	8.1983
72	98	3.5387
76	98	8.4193
86	98	8.5038
87	98	8.3282
10	99	9.5017
11	99	9.4806
18	99	3.3668
22	99	3.4097
32	99	3.4518
40	99	3.3332
42	99	3.5171
43	99	3.8202
50	99	8.3295
51	99	3.4792
55	99	8.4319
56	99	8.3453
57	99	8.0993
66	99	2.4519
67	99	2.5194
68	99	2.582
72	99	2.0507
76	99	10.169
86	99	9.9583
87	99	9.9012
94	99	0.46584
95	99	0.38059
10	100	9.2811
11	100	9.2547
18	100	3.486
22	100	3.542
32	100	3.5994
40	100	3.0663
42	100	3.2573
43	100	3.5541
50	100	8.4894
51	100	3.2271
55	100	8.5932
56	100	8.503
57	100	8.2513
66	100	2.2324
67	100	2.2982
68	100	2.3594
72	100	1.8402
76	100	10.2492
86	100	10.0255
87	100	9.9567
94	100	0.53854
95	100	0.44677
1	101	1.662
2	101	1.5885
3	101	1.533
4	101	1.6218
5	101	1.6584
6	101	1.6797
7	101	1.8885
8	101	1.1437
9	101	1.2974
10	101	2.9812
12	101	4.6177
13	101	3.7598
14	101	4.0902
15	101	5.3493
16	101	4.771
17	101	5.9389
18	101	5.671
19	101	5.0658
20	101	4.9423
21	101	6.156
22	101	5.8235
23	101	5.0764
24	101	-0.98156
25	101	-0.98732
26	101	4.9837
27	101	4.8282
28	101	-1.1432
29	101	-0.70066
30	101	-0.19699
31	101	6.8417
32	101	6.0247
33	101	-1.3619
34	101	-1.0734
35	101	6.2821
36	101	7.331
37	101	7.1388
38	101	-1.9922
39	101	-1.2207
40	101	8.3121
41	101	6.456
42	101	8.5104
43	101	8.3959
44	101	8.2136
45	101	2.8485
46	101	8.861
47	101	8.7108
48	101	8.3799
49	101	-1.5638
50	101	-1.3194
51	101	8.9011
52	101	8.6987
53	101	4.8015
54	101	4.9889
55	101	-1.4096
56	101	-1.5321
57	101	-1.6045
58	101	4.3485
59	101	5.0424
60	101	9.8389
61	101	9.2556
62	101	3.7589
63	101	9.9734
64	101	-2.0107
65	101	0.56748
69	101	10.4908
70	101	-1.9291
71	101	0.68192
73	101	-1.4523
74	101	6.8892
75	101	7.0048
77	101	-1.5428
78	101	-1.4959
79	101	6.7542
80	101	10.9194
81	101	10.5085
82	101	8.4309
83	101	-1.8652
84	101	-1.8074
85	101	7.9846
88	101	-0.43898
89	101	-0.92049
90	101	10.5631
91	101	10.2288
92	101	10.3649
93	101	8.688
94	101	8.026
95	101	7.9294
96	101	-1.1555
97	101	-1.2425
98	101	8.0359
99	101	9.0182
100	101	9.0262
11	102	2.9953
20	102	5.953
26	102	6.7523
27	102	5.8479
66	102	2.267
67	102	2.32
68	102	2.2218
72	102	2.4568
76	102	-1.9704
81	102	7.9715
86	102	-1.5192
87	102	-1.6204
91	102	7.0256
92	102	7.5126
101	102	-1.0933
11	103	7.045
44	103	2.7625
46	103	2.5499
47	103	2.7456
48	103	2.9297
52	103	2.8956
61	103	2.5101
66	103	0.47788
67	103	0.59022
68	103	0.59179
72	103	0.17233
76	103	7.7824
86	103	7.6892
87	103	8.2031
101	103	9.2092
11	104	1.9068
20	104	3.9514
26	104	4.1108
27	104	3.9316
66	104	3.3184
67	104	3.4274
68	104	3.5496
72	104	3.0319
76	104	-1.9352
81	104	10.3507
86	104	-1.7372
87	104	-2.0171
91	104	10.0714
92	104	10.1242
101	104	-1.2281
4	105	6.9147
5	105	6.3177
6	105	6.3553
7	105	6.0044
8	105	9.6353
9	105	9.8183
11	105	12.206
21	105	3.3151
24	105	3.4465
25	105	3.1362
28	105	2.8115
29	105	2.6022
30	105	2.3582
33	105	3.2706
53	105	4.2769
54	105	4.4853
58	105	3.6387
59	105	4.3449
64	105	8.2791
66	105	5.2406
67	105	5.6407
68	105	5.9315
70	105	8.2272
72	105	4.6666
76	105	8.4029
86	105	8.4952
87	105	8.2986
101	105	7.9592
1	106	5.1727
2	106	6.1103
3	106	5.6437
11	106	11.404
35	106	2.2343
38	106	6.6908
41	106	2.7886
49	106	6.1477
66	106	4.4242
67	106	4.6894
68	106	4.7833
72	106	3.9135
76	106	8.4861
86	106	8.5686
87	106	8.3399
98	106	1.7852
101	106	8.1101
105	106	-2.1652
10	107	8.6588
11	107	8.9822
18	107	2.6541
22	107	2.7193
32	107	2.7723
40	107	2.9647
42	107	3.1638
43	107	3.4446
50	107	8.9173
51	107	3.1661
55	107	8.9909
56	107	9.0146
57	107	8.8743
66	107	2.2237
67	107	2.2973
68	107	2.3672
72	107	1.8377
76	107	10.4416
86	107	10.3858
87	107	10.3312
94	107	-0.58677
95	107	-0.72018
101	107	9.6206
11	108	8.2371
31	108	3.1657
34	108	6.4644
36	108	3.1506
37	108	3.2027
39	108	6.9575
66	108	1.8417
67	108	1.9156
68	108	1.9523
72	108	1.4592
76	108	9.7379
82	108	0.18131
86	108	9.7663
87	108	9.6718
93	108	-0.84439
99	108	-1.4343
100	108	-0.62949
101	108	9.2046
107	108	-1.8562
11	109	7.3022
44	109	3.0912
46	109	2.8406
47	109	3.0552
48	109	3.2832
52	109	3.2462
61	109	2.8574
66	109	0.70602
67	109	0.82336
68	109	0.83385
72	109	0.37594
76	109	8.1018
86	109	8.0516
87	109	8.4386
101	109	9.3787
11	110	1.4028
20	110	3.6143
26	110	3.7546
27	110	3.6145
66	110	3.7641
67	110	3.8708
68	110	3.9901
72	110	3.4692
76	110	-2.1922
81	110	10.1436
86	110	-1.9426
87	110	-2.2148
91	110	10.0467
92	110	10.0797
101	110	-1.8988
11	111	1.7284
20	111	3.6741
26	111	3.8254
27	111	3.6664
66	111	3.4949
67	111	3.602
68	111	3.7218
72	111	3.2041
76	111	-2.2404
81	111	10.1064
86	111	-1.9737
87	111	-2.2781
91	111	10.0022
92	111	10.0374
101	111	-1.7472
11	112	2.9193
12	112	0.072861
15	112	3.4457
16	112	0.43145
19	112	3.4335
23	112	3.3204
66	112	2.6226
67	112	2.6148
68	112	2.6591
72	112	2.5821
74	112	2.3112
75	112	2.2724
76	112	-2.0716
79	112	2.4367
80	112	3.2704
86	112	-1.8741
87	112	-2.0869
88	112	-1.7149
89	112	-2.4289
90	112	3.8538
96	112	-1.5019
97	112	-1.3707
101	112	-1.5705
102	112	-1.9637
104	112	-1.9408
110	112	-2.1521
111	112	-2.2339
11	113	2.8856
12	113	0.25415
15	113	3.2106
16	113	0.42526
19	113	3.1678
23	113	3.0493
66	113	2.6147
67	113	2.608
68	113	2.6535
72	113	2.5707
74	113	2.3778
75	113	2.3387
76	113	-1.9266
79	113	2.493
80	113	2.9615
86	113	-1.8337
87	113	-2.1164
88	113	-1.094
89	113	-1.5502
90	113	3.544
96	113	-1.6914
97	113	-0.7485
101	113	-1.6402
102	113	-0.93207
104	113	-1.8213
110	113	-2.1162
111	113	-2.2565
11	114	8.2798
31	114	2.9497
34	114	5.9925
36	114	2.9641
37	114	2.9996
39	114	6.4828
66	114	2.1272
67	114	2.2032
68	114	2.2415
72	114	1.763
76	114	9.6168
82	114	0.13336
86	114	9.6459
87	114	9.8036
93	114	-0.71767
99	114	-1.3153
100	114	-0.46342
101	114	9.3094
107	114	-0.090643
1	115	3.5769
2	115	3.4957
3	115	3.5284
11	115	8.8475
35	115	2.5324
38	115	1.4056
41	115	2.5829
49	115	0.97569
66	115	5.0771
67	115	5.1366
68	115	4.8661
72	115	4.5462
76	115	5.646
86	115	5.7256
87	115	5.5204
98	115	-0.93754
101	115	5.3052
105	115	-2.4518
11	116	8.8729
13	116	9.888
17	116	2.5973
45	116	0.73937
60	116	4.0276
62	116	0.49969
63	116	5.3294
66	116	2.0487
67	116	2.1738
68	116	2.2239
69	116	3.6618
72	116	1.7133
73	116	9.8509
76	116	9.6785
77	116	9.1719
78	116	9.0025
85	116	-0.88308
86	116	9.7257
87	116	9.9713
101	116	10.6725
103	116	-1.6692
109	116	-1.7037
1	117	3.1585
2	117	3.0887
3	117	3.1113
11	117	8.9647
35	117	2.2849
38	117	1.3456
41	117	2.3316
49	117	1.3716
66	117	5.1117
67	117	5.0873
68	117	4.8256
72	117	4.6036
76	117	5.7837
86	117	5.8709
87	117	5.6617
98	117	-0.96234
101	117	5.4479
105	117	-2.3605
11	118	10.6553
31	118	2.0913
34	118	1.6695
36	118	2.4541
37	118	2.3135
39	118	1.5135
66	118	3.7642
67	118	3.9734
68	118	4.1713
72	118	3.4615
76	118	11.5009
82	118	-1.0259
86	118	11.6281
87	118	11.6273
93	118	-1.1977
99	118	-1.6176
100	118	-1.872
101	118	10.8748
107	118	-2.0653
11	119	10.309
31	119	2.2838
34	119	1.4539
36	119	2.6638
37	119	2.5217
39	119	1.4353
66	119	3.3679
67	119	3.5628
68	119	3.7421
72	119	3.0641
76	119	11.1361
82	119	-0.9731
86	119	11.3393
87	119	11.479
93	119	-1.0472
99	119	-1.4138
100	119	-1.6925
101	119	10.844
107	119	-2.0515
11	120	8.5407
13	120	9.5694
17	120	2.5946
45	120	0.3098
60	120	3.7965
62	120	0.51945
63	120	4.9728
66	120	1.9431
67	120	2.0616
68	120	2.1052
69	120	3.4554
72	120	1.6402
73	120	9.9967
76	120	9.1132
77	120	9.2946
78	120	9.1122
85	120	-0.4351
86	120	9.1208
87	120	9.3935
101	120	10.2548
103	120	-1.5325
109	120	-1.5716
11	121	7.4029
44	121	2.7415
46	121	2.4126
47	121	2.6668
48	121	2.9708
52	121	2.9287
61	121	2.5344
66	121	1.1378
67	121	1.2637
68	121	1.2863
72	121	0.8091
76	121	7.8411
86	121	7.7362
87	121	8.0656
101	121	8.8749
116	121	-1.8672
120	121	-1.2679
11	122	8.0993
31	122	2.8094
34	122	5.6055
36	122	2.8665
37	122	2.8762
39	122	6.1006
66	122	2.3049
67	122	2.3836
68	122	2.4226
72	122	1.9734
76	122	8.9366
82	122	-0.13051
86	122	8.8773
87	122	9.1858
93	122	-0.94936
99	122	-1.3898
100	122	-0.89732
101	122	9.4147
107	122	0.24101
11	123	10.2146
44	123	7.0065
46	123	6.8341
47	123	7.2161
48	123	7.6376
52	123	7.1719
61	123	6.8787
66	123	5.7924
67	123	6.0603
68	123	6.2396
72	123	5.8095
76	123	10.9039
86	123	10.8425
87	123	11.0582
101	123	10.9208
116	123	7.56
120	123	7.396
11	124	8.7383
13	124	9.7224
17	124	2.6242
45	124	0.58674
60	124	4.1013
62	124	0.66069
63	124	5.3946
66	124	2.2294
67	124	2.3595
68	124	2.4137
69	124	3.7827
72	124	1.9219
73	124	10.2461
76	124	9.2561
77	124	9.5487
78	124	9.3658
85	124	-0.46268
86	124	9.2611
87	124	9.5142
101	124	10.2989
103	124	-1.3693
109	124	-1.4372
121	124	-1.1669
123	124	7.407
1	125	2.8574
2	125	2.6811
3	125	2.6238
4	125	2.6306
5	125	2.8021
6	125	2.8639
7	125	3.2344
8	125	4.1359
9	125	3.9659
10	125	4.3792
12	125	5.7867
13	125	4.9055
14	125	9.2299
15	125	6.8621
16	125	5.7936
17	125	3.0264
18	125	1.9078
19	125	6.6981
20	125	6.6985
21	125	1.8836
22	125	1.4615
23	125	6.7701
24	125	2.4888
25	125	2.2722
26	125	6.6665
27	125	6.7709
28	125	2.2018
29	125	1.8942
30	125	1.5098
31	125	1.7709
32	125	1.5821
33	125	2.7048
34	125	1.5144
35	125	1.4053
36	125	2.0329
37	125	1.9255
38	125	3.0894
39	125	1.5201
40	125	2.4533
41	125	1.3327
42	125	2.5571
43	125	2.3882
44	125	2.778
45	125	1.4358
46	125	3.3786
47	125	3.1901
48	125	2.8027
49	125	3.0046
50	125	1.7989
51	125	2.7415
52	125	2.9604
53	125	0.28687
54	125	0.62495
55	125	1.7126
56	125	1.6951
57	125	1.6589
58	125	0.47725
59	125	0.56979
60	125	3.2446
61	125	3.185
62	125	1.5197
63	125	3.2546
64	125	3.3784
65	125	2.5676
69	125	3.7328
70	125	3.6023
71	125	2.696
73	125	1.6135
74	125	5.1958
75	125	4.8732
77	125	1.7113
78	125	1.7444
79	125	5.2113
80	125	5.8797
81	125	5.0307
82	125	-1.3939
83	125	8.1504
84	125	9.1004
85	125	0.11326
88	125	3.0458
89	125	2.9214
90	125	6.0316
91	125	4.9288
92	125	4.2618
93	125	-1.5466
94	125	-0.86009
95	125	-0.78005
96	125	3.0894
97	125	3.1111
98	125	-0.37592
99	125	-1.6821
100	125	-1.5629
102	125	3.3134
103	125	-0.49367
104	125	3.9417
105	125	-2.3526
106	125	-1.8097
107	125	-1.5437
108	125	-1.1216
109	125	-0.55833
110	125	4.318
111	125	4.0641
112	125	3.6801
113	125	3.6354
114	125	-1.3856
115	125	-2.1929
116	125	-1.2361
117	125	-2.313
118	125	-1.9849
119	125	-2.1048
120	125	-1.5266
121	125	-0.82624
122	125	-1.3889
123	125	7.8743
124	125	-1.5881
1	126	2.85
2	126	2.5178
3	126	2.6162
4	126	2.6266
5	126	2.7944
6	126	2.8546
7	126	3.2206
8	126	4.331
9	126	4.1603
10	126	4.3107
12	126	5.7576
13	126	4.9616
14	126	9.1287
15	126	7.1543
16	126	5.7637
17	126	3.1064
18	126	1.9271
19	126	6.9849
20	126	6.7892
21	126	2.0291
22	126	1.4991
23	126	7.0538
24	126	2.3853
25	126	2.1673
26	126	6.7572
27	126	6.8585
28	126	2.0963
29	126	1.7952
30	126	1.4338
31	126	1.8063
32	126	1.614
33	126	2.6027
34	126	1.3837
35	126	1.4578
36	126	2.0853
37	126	1.9658
38	126	3.1019
39	126	1.3911
40	126	2.5369
41	126	1.3979
42	126	2.6423
43	126	2.4707
44	126	2.9299
45	126	1.469
46	126	3.5409
47	126	3.3489
48	126	2.954
49	126	3.0198
50	126	1.6596
51	126	2.8297
52	126	3.1166
53	126	0.13135
54	126	0.45922
55	126	1.5724
56	126	1.5557
57	126	1.521
58	126	0.12795
59	126	0.40987
60	126	3.4836
61	126	3.3483
62	126	1.5508
63	126	3.4622
64	126	3.5892
65	126	2.4189
69	126	3.9784
70	126	3.8157
71	126	2.5313
73	126	1.6439
74	126	5.8259
75	126	5.4915
77	126	1.7386
78	126	1.7706
79	126	5.8629
80	126	6.1172
81	126	5.4022
82	126	-1.3136
83	126	8.0437
84	126	8.998
85	126	0.19542
88	126	2.9922
89	126	2.8666
90	126	6.2889
91	126	5.3129
92	126	4.6343
93	126	-1.6282
94	126	-0.84378
95	126	-0.78336
96	126	3.0316
97	126	3.0524
98	126	-0.14473
99	126	-1.6136
100	126	-1.5014
102	126	3.2538
103	126	-0.41292
104	126	4.1666
105	126	-1.9654
106	126	-1.5731
107	126	-1.3678
108	126	-0.99376
109	126	-0.47199
110	126	4.5418
111	126	4.2864
112	126	3.7222
113	126	3.6758
114	126	-1.2518
115	126	-2.1302
116	126	-1.1047
117	126	-1.9381
118	126	-1.9939
119	126	-1.8501
120	126	-1.4267
121	126	-0.77006
122	126	-1.3322
123	126	8.0848
124	126	-1.5109
11	127	9.219
44	127	2.252
46	127	2.8444
47	127	2.7492
48	127	2.3783
52	127	2.6221
61	127	3.1379
66	127	2.8313
67	127	3.0037
68	127	3.1609
72	127	2.734
76	127	9.72
86	127	9.6663
87	127	9.8777
101	127	10.7123
116	127	-1.7659
120	127	-1.7431
124	127	-1.7498
125	127	-1.99
126	127	-1.9267
11	128	9.0374
44	128	2.355
46	128	2.9491
47	128	2.8524
48	128	2.4822
52	128	2.7292
61	128	3.2484
66	128	2.5889
67	128	2.7559
68	128	2.9069
72	128	2.4828
76	128	9.53
86	128	9.4726
87	128	9.6905
101	128	10.5364
116	128	-1.6865
120	128	-1.9337
124	128	-1.9762
125	128	-1.845
126	128	-1.7916
11	129	8.4114
13	129	9.2336
17	129	2.1032
45	129	-0.18072
60	129	3.6848
62	129	0.40696
63	129	4.9438
66	129	2.0874
67	129	2.2208
68	129	2.2776
69	129	3.38
72	129	1.8028
73	129	10.1853
76	129	8.6697
77	129	9.6524
78	129	9.4723
85	129	-0.56365
86	129	8.6331
87	129	8.899
101	129	9.6313
103	129	-1.0019
109	129	-1.0436
121	129	-0.051917
123	129	6.1012
125	129	-1.5924
126	129	-1.592
127	129	-1.5462
128	129	-1.5447
11	130	3.4392
66	130	2.9345
67	130	2.8533
68	130	2.6509
72	130	3.3269
76	130	0.59477
86	130	1.0204
87	130	1.0677
101	130	1.5531
125	130	-2.2328
126	130	-2.2674
11	131	8.8837
44	131	2.1796
46	131	2.7523
47	131	2.6634
48	131	2.3084
52	131	2.5492
61	131	3.0623
66	131	2.4915
67	131	2.6625
68	131	2.8171
72	131	2.3976
76	131	9.289
86	131	9.2198
87	131	9.4402
101	131	10.2642
116	131	-1.428
120	131	-2.3248
124	131	-1.8304
125	131	-1.7345
126	131	-1.7914
129	131	-1.5171
11	132	8.5939
44	132	2.1165
46	132	2.6753
47	132	2.5881
48	132	2.2473
52	132	2.4897
61	132	3.0038
66	132	2.2339
67	132	2.3855
68	132	2.518
72	132	2.1347
76	132	8.8928
86	132	8.8031
87	132	9.0454
101	132	9.8918
116	132	-0.17105
120	132	-1.2654
124	132	-0.13023
125	132	-1.6898
126	132	-1.7114
129	132	-0.5317
11	133	8.6137
44	133	2.0506
46	133	2.6031
47	133	2.5203
48	133	2.1809
52	133	2.4175
61	133	2.9261
66	133	2.2524
67	133	2.421
68	133	2.5718
72	133	2.1647
76	133	8.9118
86	133	8.826
87	133	9.0551
101	133	9.8652
116	133	-0.87734
120	133	-1.6631
124	133	-0.98972
125	133	-1.4706
126	133	-1.5402
129	133	-0.73765
11	134	6.112
20	134	5.6777
26	134	5.7611
27	134	5.8583
66	134	-0.0021693
67	134	-0.041083
68	134	0.17098
72	134	0.19051
76	134	5.1338
81	134	4.2333
86	134	5.1578
87	134	5.2173
91	134	4.3315
92	134	3.8765
101	134	5.5964
112	134	2.49
113	134	2.6885
125	134	-2.4772
126	134	-1.9876
11	135	7.7932
20	135	7.0741
26	135	7.5467
27	135	7.1347
66	135	1.466
67	135	1.4844
68	135	1.6492
72	135	1.101
76	135	7.5657
81	135	4.2273
86	135	7.4649
87	135	7.756
91	135	4.9435
92	135	4.2396
101	135	8.4006
112	135	6.3928
113	135	5.9717
125	135	-1.7514
126	135	-1.8354
11	136	5.8799
20	136	5.4382
26	136	5.5217
27	136	5.6199
66	136	-0.30528
67	136	-0.33919
68	136	-0.13783
72	136	-0.10964
76	136	4.8863
81	136	3.9352
86	136	4.9065
87	136	4.97
91	136	4.0382
92	136	3.6043
101	136	5.3523
112	136	2.2921
113	136	2.4863
125	136	-2.2396
126	136	-2.323
11	137	8.187
12	137	4.626
15	137	8.3333
16	137	4.7928
19	137	8.6042
23	137	8.5903
66	137	1.4153
67	137	1.4831
68	137	1.5275
72	137	1.3398
74	137	2.0815
75	137	2.1981
76	137	7.6982
79	137	2.2333
80	137	3.2798
86	137	7.5891
87	137	7.8565
88	137	3.2675
89	137	3.0425
90	137	3.6092
96	137	3.0427
97	137	2.2003
101	137	8.4068
102	137	3.1934
104	137	8.6556
110	137	8.6548
111	137	9.0613
125	137	-2.2498
126	137	-1.9981
134	137	-1.9613
135	137	-1.9357
136	137	-2.2961
11	138	7.8133
20	138	7.0921
26	138	7.5646
27	138	7.154
66	138	1.526
67	138	1.5466
68	138	1.7186
72	138	1.1667
76	138	7.5374
81	138	4.0679
86	138	7.4353
87	138	7.7212
91	138	4.7467
92	138	4.0739
101	138	8.347
112	138	6.4531
113	138	6.0593
125	138	-1.9985
126	138	-2.1319
137	138	-2.0162
11	139	7.8696
12	139	4.8802
15	139	8.0619
16	139	5.0432
19	139	8.3424
23	139	8.3319
66	139	0.90695
67	139	1.0061
68	139	1.0763
72	139	0.85674
74	139	1.6773
75	139	1.8279
76	139	7.4443
79	139	1.8432
80	139	3.3464
86	139	7.3392
87	139	7.6013
88	139	3.5108
89	139	3.2851
90	139	3.6434
96	139	3.2825
97	139	2.44
101	139	8.1421
102	139	3.4317
104	139	8.4033
110	139	8.4094
111	139	8.8085
125	139	-1.6517
126	139	-1.9442
134	139	-2.1095
135	139	-1.7659
136	139	-1.4438
138	139	-1.9963
11	140	7.9264
12	140	4.4632
15	140	8.1568
16	140	4.6297
19	140	8.4284
23	140	8.4146
66	140	1.0744
67	140	1.1538
68	140	1.2077
72	140	1.0089
74	140	1.8816
75	140	2.0093
76	140	7.4312
79	140	2.0404
80	140	3.0192
86	140	7.3197
87	140	7.5869
88	140	3.1018
89	140	2.8752
90	140	3.3332
96	140	2.8754
97	140	2.027
101	140	8.1319
102	140	3.0277
104	140	8.4465
110	140	8.4382
111	140	8.8445
125	140	-2.0103
126	140	-2.2735
134	140	-2.4401
135	140	-2.2626
136	140	-2.0713
138	140	-2.4952
offset
60
