148
detection	body_part	cost
1	11	0.94573
2	10	-0.80172
3	11	0.74123
4	6	-0.23881
5	7	-1.9773
6	3	-1.8357
7	3	-3.2735
8	5	-0.79602
9	4	0.084339
10	5	-0.39943
11	10	-1.7551
12	6	-2.1366
13	12	-1.9983
14	13	-4.3024
15	3	-3.545
16	9	-2.4391
17	12	-1.7833
18	12	-1.4435
19	13	-2.4026
20	2	-5.0454
21	1	-0.087753
22	4	-2.1414
23	9	-2.2655
24	8	0.21263
25	1	-6.0737
26	4	-0.5474
27	8	0.16318
28	9	-0.11089
29	6	-0.75245
30	1	-0.75811
31	6	-0.30458
32	12	-0.45464
33	1	-0.9144
34	9	-0.26089
35	8	-3.644
36	12	-3.1081
37	12	-1.2714
38	2	0.22614
39	2	-1.8335
40	1	-4.5364
41	9	-2.3189
42	10	-2.5463
43	10	-2.6499
44	6	-3.7666
45	8	-0.77516
46	2	-3.4478
47	9	-0.70526
48	10	-0.58948
49	6	-1.8702
50	7	0.18559
51	13	-0.30528
52	2	-0.21074
53	2	-0.83118
54	11	9.2102
55	9	-0.26586
56	7	0.18465
57	7	-3.108
58	4	1.075
59	2	-0.12236
60	2	-0.60247
61	4	-2.7077
62	10	0.50298
63	3	-0.40158
64	3	-3.5109
65	4	0.77227
66	5	-1.2547
67	3	0.062304
68	3	-2.4832
69	11	-0.16647
70	4	-4.3671
71	3	-4.4136
72	3	-1.4394
73	10	-1.7381
74	10	-1.2268
75	3	-0.76114
76	11	-0.46884
77	11	-0.83742
78	5	-2.6322
79	5	-0.13783
80	3	-1.2479
81	9	-2.9574
82	9	-2.0802
83	11	-0.8323
84	11	-0.97157
85	5	0.44807
86	5	-1.6347
87	3	-0.99456
88	9	-2.0538
89	9	-0.06219
90	11	0.70451
91	11	-0.27022
92	11	0.38277
93	5	0.75933
94	5	0.51858
95	10	0.3557
96	10	0.11586
97	13	0.72039
98	1	-5.5843
99	1	-5.3481
100	13	-0.54697
101	14	-1.2194
102	14	-1.3026
103	2	-4.8689
104	11	9.2102
105	11	9.2102
106	12	-1.0667
107	8	0.025122
108	12	-1.018
109	12	-0.17503
110	13	-2.3615
111	13	-2.0894
112	14	-0.95654
113	14	-0.67798
114	14	-0.28196
115	14	0.11864
116	14	0.4925
117	11	0.80409
118	4	1.0942
119	8	-2.0784
120	8	-4.042
121	12	-1.1281
122	8	-1.2672
123	13	0.0085826
124	13	0.40158
125	14	0.68557
126	14	0.76687
127	14	0.97164
128	11	9.2102
129	6	-1.7372
130	7	0.6195
131	8	-0.69695
132	13	0.70512
133	11	9.2102
134	6	-4.7233
135	7	-2.8322
136	8	0.60927
137	11	9.2102
138	1	-0.54034
139	7	-3.7022
140	6	0.11587
141	6	0.2004
142	7	-0.12896
143	7	-2.2053
144	7	0.27255
145	6	-0.9166
146	7	-0.70139
147	12	-0.015062
148	13	0.80756
detection1	detection2	cost
1	3	-4.8231
6	7	-5.6071
8	10	-5.6071
2	11	-4.8231
4	12	-4.8231
6	15	-4.8231
7	15	-5.6071
13	17	-5.6071
13	18	-4.8231
17	18	-5.6071
14	19	-4.8231
9	22	-3.2674
16	23	-5.6071
21	25	-3.2674
9	26	-1.5143
22	26	-5.6071
24	27	53.101
16	28	-3.7143
23	28	-5.6071
4	29	44.4761
12	29	46.0381
21	30	-0.67521
25	30	-4.8231
4	31	42.6161
12	31	44.1649
29	31	-5.6071
13	32	53.5428
17	32	53.337
18	32	55.2219
21	33	47.5232
25	33	43.6422
30	33	41.7143
16	34	49.5689
23	34	49.4118
28	34	49.3173
24	35	55.2219
27	35	-3.2674
13	36	51.9369
17	36	51.665
18	36	53.5428
32	36	-4.8231
13	37	48.2028
17	37	47.9126
18	37	49.7883
32	37	-1.5143
36	37	-3.7143
20	38	38.2821
20	39	42.0408
38	39	-3.7143
21	40	45.8033
25	40	41.8597
30	40	39.8593
33	40	-4.8231
16	41	53.5428
23	41	53.337
28	41	53.1896
34	41	-3.2674
2	42	55.9884
11	42	57.5493
2	43	57.8516
11	43	59.4226
42	43	-5.6071
4	44	45.2968
12	44	46.7032
29	44	-3.7143
31	44	-3.2674
24	45	57.301
27	45	-0.67521
35	45	-4.8231
20	46	42.2933
38	46	-3.2674
39	46	-5.6071
16	47	55.6772
23	47	55.4215
28	47	55.2219
34	47	-0.67521
41	47	-4.8231
2	48	54.5037
11	48	55.9884
42	48	-4.8231
43	48	-3.2674
4	49	43.9913
12	49	45.2968
29	49	-1.5143
31	49	-1.8214
44	49	-4.8231
5	50	56.7736
14	51	60.062
19	51	57.8516
20	52	38.904
38	52	-3.7143
39	52	-2.1462
46	52	-3.2674
20	53	44.4761
38	53	-0.67521
39	53	-3.2674
46	53	-4.8231
52	53	-1.8214
1	54	9.5357
3	54	7.7607
16	55	52.2675
23	55	51.9369
28	55	51.665
34	55	-1.5143
41	55	-3.2674
47	55	-3.2674
5	56	59.0737
50	56	-4.8231
5	57	55.4215
50	57	-4.8231
56	57	-3.7143
9	58	19.7992
22	58	19.6016
26	58	18.8644
20	59	41.1652
38	59	-1.5143
39	59	-1.5143
46	59	-3.2674
52	59	-4.8231
53	59	-3.2674
20	60	43.0077
38	60	-0.67521
39	60	-1.8214
46	60	-3.7143
52	60	-3.2674
53	60	-4.8231
59	60	-5.6071
9	61	16.5921
22	61	15.6053
26	61	14.5743
58	61	-1.5143
2	62	14.5743
11	62	14.0819
42	62	44.1649
43	62	46.0381
48	62	42.0408
6	63	48.1706
7	63	46.3717
15	63	45.8033
6	64	51.786
7	64	49.9756
15	64	49.4432
63	64	-3.7143
9	65	49.9756
22	65	50.8111
26	65	50.4103
58	65	24.7342
61	65	30.3571
8	66	20.6393
10	66	19.269
6	67	48.7787
7	67	46.9998
15	67	46.3717
63	67	-5.6071
64	67	-3.2674
6	68	50.5648
7	68	48.7787
15	68	48.1706
63	68	-4.8231
64	68	-4.8231
67	68	-5.6071
1	69	17.8953
3	69	17.1798
54	69	5.1977
9	70	54.156
22	70	54.9356
26	70	54.5037
58	70	28.663
61	70	34.1859
65	70	-3.2674
6	71	21.9459
7	71	20.6393
15	71	19.269
63	71	24.9005
64	71	28.663
67	71	24.7342
68	71	26.624
6	72	23.3135
7	72	21.9459
15	72	20.6393
63	72	23.0214
64	72	26.7811
67	72	22.8448
68	72	24.7342
71	72	-5.6071
2	73	17.8953
11	73	17.1798
42	73	44.8538
43	73	46.7032
48	73	42.6161
62	73	-3.7143
2	74	18.7964
11	74	18.2456
42	74	43.0077
43	74	44.8538
48	74	40.7586
62	74	-3.2674
73	74	-5.6071
6	75	52.9826
7	75	51.2091
15	75	50.5648
63	75	-2.1462
64	75	-3.7143
67	75	-3.2674
68	75	-4.8231
71	75	28.4643
72	75	26.5714
1	76	18.2456
3	76	17.1071
54	76	3.2076
69	76	-3.2674
1	77	19.6016
3	77	18.7964
54	77	6.1496
69	77	-5.6071
76	77	-3.7143
8	78	65.5653
10	78	63.7529
66	78	41.7507
8	79	69.2016
10	79	67.3816
66	79	45.5338
78	79	-3.7143
6	80	20.8929
7	80	19.7992
15	80	18.2456
63	80	28.9098
64	80	32.6536
67	80	28.663
68	80	30.546
71	80	-3.2674
72	80	-1.5143
75	80	32.295
16	81	20.6393
23	81	19.269
28	81	17.9658
34	81	33.2734
41	81	36.2
47	81	37.4927
55	81	33.3612
16	82	21.9459
23	82	20.6393
28	82	19.4026
34	82	31.5222
41	82	34.4002
47	82	35.6638
55	82	31.5222
81	82	-5.6071
1	83	20.6393
3	83	19.6016
54	83	5.8845
69	83	-3.2674
76	83	-4.8231
77	83	-4.8231
1	84	21.3311
3	84	20.4477
54	84	7.2837
69	84	-3.7143
76	84	-3.2674
77	84	-5.6071
83	84	-5.6071
8	85	62.5357
10	85	60.7479
66	85	38.086
78	85	-3.2674
79	85	0.30445
8	86	67.9298
10	86	66.127
66	86	43.7472
78	86	-4.8231
79	86	-4.8231
85	86	-1.8214
6	87	23.5452
7	87	22.4287
15	87	20.8929
63	87	27.4026
64	87	31.1069
67	87	27.0414
68	87	28.9098
71	87	-3.2674
72	87	-2.1462
75	87	30.546
80	87	-4.8231
16	88	22.0674
23	88	20.6393
28	88	19.269
34	88	34.0136
41	88	36.8106
47	88	38.0074
55	88	33.8406
81	88	-5.6071
82	88	-4.8231
16	89	24.6229
23	89	23.3135
28	89	22.0674
34	89	30.593
41	89	33.2734
47	89	34.4002
55	89	30.2149
81	89	-3.2674
82	89	-4.8231
88	89	-3.7143
1	90	21.4551
3	90	20.0604
54	90	5.1977
69	90	0.53071
76	90	-3.2674
77	90	-0.67521
83	90	-3.2674
84	90	-1.5143
1	91	23.08
3	91	22.1279
54	91	8.5614
69	91	-1.8214
76	91	-2.1462
77	91	-3.7143
83	91	-4.8231
84	91	-5.6071
90	91	-1.8214
1	92	23.8324
3	92	23.0214
54	92	9.9513
69	92	-1.5143
76	92	-0.67521
77	92	-3.2674
83	92	-3.2674
84	92	-4.8231
90	92	0.071429
91	92	-5.6071
8	93	64.9497
10	93	63.1723
66	93	40.1609
78	93	-3.2674
79	93	-0.67521
85	93	-4.8231
86	93	-3.2674
8	94	68.5213
10	94	66.7328
66	94	43.9217
78	94	-3.2674
79	94	-3.2674
85	94	-1.5143
86	94	-5.6071
93	94	-3.7143
2	95	46.7362
11	95	47.5232
42	95	13.9152
43	95	15.293
48	95	11.2383
62	95	29.2526
73	95	28.663
74	95	26.7811
2	96	48.3954
11	96	49.2226
42	96	12.6213
43	96	13.9152
48	96	9.9513
62	96	31.1069
73	96	30.546
74	96	28.663
95	96	-5.6071
14	97	48.3954
19	97	45.8369
51	97	14.0819
21	98	24.7342
25	98	20.8929
30	98	18.2456
33	98	32.4299
40	98	29.833
21	99	25.9881
25	99	22.0674
30	99	19.4026
33	99	30.8274
40	99	28.2144
98	99	-5.6071
14	100	44.4761
19	100	41.8597
51	100	19.7992
97	100	-1.5143
101	102	-5.6071
20	103	25.0659
38	103	26.2014
39	103	29.2526
46	103	28.2144
52	103	24.0034
53	103	28.9098
59	103	24.6786
60	103	26.3605
1	104	46.3051
3	104	43.6422
54	104	37.4927
69	104	46.7032
76	104	42.6161
77	104	46.3384
83	104	44.1649
84	104	46.0381
90	104	40.1609
91	104	45.8033
92	104	47.6858
1	105	35.6638
3	105	33.0089
54	105	24.0034
69	105	32.024
76	105	27.8615
77	105	31.5222
83	105	29.2526
84	105	31.1069
90	105	25.1758
91	105	30.7807
92	105	32.6536
104	105	7.6429
13	106	40.9808
17	106	39.8214
18	106	41.3489
32	106	24.6229
36	106	21.9459
37	106	19.4026
24	107	35.6638
27	107	28.663
35	107	27.7092
45	107	28.2144
13	108	39.5176
17	108	38.3212
18	108	39.8214
32	108	25.9881
36	108	23.3135
37	108	20.6393
106	108	-5.6071
13	109	38.086
17	109	36.8511
18	109	38.3212
32	109	27.4026
36	109	24.7342
37	109	21.9459
106	109	-3.7143
108	109	-5.6071
14	110	48.6831
19	110	46.0715
51	110	17.9658
97	110	-3.2674
100	110	-3.2674
14	111	47.0983
19	111	44.4761
51	111	19.4026
97	111	-2.1462
100	111	-4.8231
110	111	-5.6071
101	112	-4.8231
102	112	-5.6071
101	113	-3.2674
102	113	-4.8231
112	113	-5.6071
101	114	-1.5143
102	114	-3.2674
112	114	-3.7143
113	114	-5.6071
101	115	0.30445
102	115	-1.5143
112	115	-1.8214
113	115	-3.7143
114	115	-5.6071
101	116	2.1517
102	116	0.30445
112	116	0.071429
113	116	-1.8214
114	116	-3.7143
115	116	-5.6071
1	117	46.3051
3	117	46.637
54	117	37.4927
69	117	24.8452
76	117	27.8615
77	117	24.2301
83	117	25.5573
84	117	23.7178
90	117	28.9098
91	117	23.3135
92	117	21.4551
104	117	75.7857
105	117	60.6429
9	118	28.0636
22	118	25.6115
26	118	24.0034
58	118	11.1425
61	118	7.7607
65	118	35.0367
70	118	38.0074
24	119	41.3489
27	119	26.2014
35	119	24.6229
45	119	24.7342
107	119	-1.5143
24	120	39.8214
27	120	27.4026
35	120	25.9881
45	120	26.2014
107	120	-3.2674
119	120	-5.6071
13	121	42.1852
17	121	40.9808
18	121	42.4729
32	121	25.9881
36	121	23.3135
37	121	20.8929
106	121	-5.6071
108	121	-4.8231
109	121	-3.2674
24	122	36.8511
27	122	29.9767
35	122	28.8606
45	122	29.2526
107	122	-5.6071
119	122	-1.8214
120	122	-3.7143
14	123	52.8937
19	123	50.2864
51	123	16.7404
97	123	-1.5143
100	123	0.96511
110	123	-3.2674
111	123	-1.5143
14	124	46.637
19	124	43.9913
51	124	22.0674
97	124	0.53071
100	124	-3.7143
110	124	-3.2674
111	124	-4.8231
123	124	0.071429
101	125	-0.67521
102	125	-2.1462
112	125	-3.2674
113	125	-4.8231
114	125	-5.6071
115	125	-4.8231
116	125	-3.2674
101	126	2.6933
102	126	0.96511
112	126	0.30445
113	126	-1.5143
114	126	-3.2674
115	126	-4.8231
116	126	-5.6071
125	126	-3.7143
101	127	24.9005
102	127	23.0214
112	127	22.8448
113	127	20.9559
114	127	19.0675
115	127	17.1798
116	127	15.293
125	127	19
126	127	15.2143
1	128	46.0381
3	128	43.3612
54	128	35.7053
69	128	43.9913
76	128	39.8214
77	128	43.4667
83	128	41.1652
84	128	43.0077
90	128	37.0526
91	128	42.6161
92	128	44.4761
104	128	-2.1462
105	128	4.4715
117	128	72.0901
4	129	38.3212
12	129	38.086
29	129	27.4026
31	129	26.2014
44	129	24.6229
49	129	21.9459
5	130	44.7168
50	130	24.7342
56	130	25.0659
57	130	22.0674
24	131	42.4729
27	131	27.7092
35	131	25.9881
45	131	25.9881
107	131	-0.67521
119	131	-5.6071
120	131	-4.8231
122	131	-1.5143
14	132	49.2857
19	132	46.637
51	132	21.9459
97	132	0.96511
100	132	-1.5143
110	132	-3.2674
111	132	-3.7143
123	132	-1.5143
124	132	-4.8231
1	133	51.4527
3	133	48.7787
54	133	41.605
69	133	49.9756
76	133	45.8033
77	133	49.4432
83	133	47.1311
84	133	48.9694
90	133	43.0077
91	133	48.5554
92	133	50.4103
104	133	-1.5143
105	133	10.4572
117	133	77.8676
128	133	-1.5143
4	134	40.9808
12	134	40.7586
29	134	27.7092
31	134	26.624
44	134	24.7342
49	134	22.0674
129	134	-4.8231
5	135	44.7168
50	135	27.4026
56	135	27.7092
57	135	24.7342
130	135	-4.8231
24	136	40.7586
27	136	31.5222
35	136	29.9767
45	136	30.0721
107	136	-1.5143
119	136	-2.1462
120	136	-3.2674
122	136	-3.2674
131	136	-3.2674
1	137	59.9027
3	137	57.2457
54	137	50.9338
69	137	59.583
76	137	55.4215
77	137	59.0737
83	137	56.7736
84	137	58.6147
90	137	52.6559
91	137	58.207
92	137	60.062
104	137	6.1496
105	137	20.0604
117	137	87.4452
128	137	8.1089
133	137	2.1517
21	138	29.785
25	138	26.624
30	138	24.2301
33	138	42.4729
40	138	39.8214
98	138	3.5372
99	138	4.6202
5	139	46.105
50	139	28.663
56	139	28.8606
57	139	25.9881
130	139	-3.2674
135	139	-5.6071
4	140	45.1269
12	140	44.8538
29	140	29.833
31	140	28.9098
44	140	26.624
49	140	24.0034
129	140	-0.67521
134	140	-3.2674
4	141	43.9913
12	141	43.6422
29	141	30.8274
31	141	29.833
44	141	27.7092
49	141	25.0659
129	141	-1.5143
134	141	-3.7143
140	141	-5.6071
5	142	50.069
50	142	27.4026
56	142	27.2998
57	142	24.7342
130	142	-1.5143
135	142	-2.1462
139	142	-3.2674
5	143	47.5232
50	143	29.9767
56	143	30.0721
57	143	27.2998
130	143	-1.5143
135	143	-3.7143
139	143	-5.6071
142	143	-3.7143
5	144	52.7452
50	144	27.7092
56	144	27.4026
57	144	25.0659
130	144	0.96511
135	144	0.53071
139	144	-0.67521
142	144	-4.8231
143	144	-1.5143
4	145	50.4412
12	145	50.1933
29	145	31.5222
31	145	30.8274
44	145	28.0636
49	145	25.5573
129	145	4.6202
134	145	1.9643
140	145	-2.1462
141	145	-0.67521
5	146	54.127
50	146	29.2526
56	146	28.8606
57	146	26.624
130	146	2.6933
135	146	1.9643
139	146	0.53071
142	146	-3.2674
143	146	-0.67521
144	146	-5.6071
13	147	52.7452
17	147	51.3919
18	147	52.7452
32	147	33.1414
36	147	30.593
37	147	29.0571
106	147	6.2802
108	147	6.9156
109	147	7.7607
121	147	4.4715
14	148	56.8014
19	148	54.127
51	148	28.2144
97	148	9.6406
100	148	8.1089
110	148	5.75
111	148	5.8845
123	148	4.4715
124	148	4.4715
132	148	2.1517
1	2	-1.6855
2	3	-1.8967
4	5	-2.0957
6	9	-1.7132
7	9	-1.6454
8	9	2.5192
9	10	0.055721
1	11	-1.3446
3	11	-1.4764
5	12	-2.618
13	14	-2.1982
9	15	-1.7945
2	16	-2.0149
11	16	-2.2129
14	17	-2.121
14	18	-2.0364
13	19	-2.2079
17	19	-2.1475
18	19	-2.1775
1	21	-1.3271
2	21	-1.7547
3	21	-1.4257
4	21	3.6879
5	21	3.2865
6	21	-0.86575
7	21	-1.3163
8	21	-1.1846
9	21	-1.4777
10	21	-1.3541
11	21	-1.759
12	21	3.596
13	21	2.2411
14	21	1.8079
15	21	-1.326
16	21	-1.4502
17	21	2.1539
18	21	2.1578
19	21	1.7481
20	21	-2.4053
6	22	-2.2396
7	22	-2.3818
8	22	-0.89901
10	22	-0.7827
15	22	-2.0934
21	22	-1.9515
2	23	-1.772
11	23	-1.9245
21	23	-1.5748
5	24	-1.3049
21	24	2.3365
1	25	-1.1368
2	25	-1.5702
3	25	-1.2234
4	25	3.8388
5	25	3.1587
6	25	-1.8727
7	25	-2.1104
8	25	-1.8316
9	25	-2.132
10	25	-1.8154
11	25	-1.788
12	25	3.7404
13	25	2.0822
14	25	1.6497
15	25	-2.1166
16	25	-1.9319
17	25	1.9955
18	25	1.9997
19	25	1.5911
20	25	-2.5439
22	25	-1.8262
23	25	-2.003
24	25	2.0593
6	26	-2.0171
7	26	-1.9925
8	26	-1.1259
10	26	-0.77418
15	26	-1.9159
21	26	-1.7205
25	26	-1.7666
5	27	6.3788
21	27	-1.3018
25	27	-1.657
2	28	-1.5203
11	28	-1.6204
21	28	-1.4416
25	28	-1.7956
5	29	3.1078
21	29	-2.0512
25	29	-1.9709
1	30	-0.93297
2	30	-1.2814
3	30	-1.0084
4	30	4.0501
5	30	3.0819
6	30	-1.5162
7	30	-1.5794
8	30	-1.1854
9	30	-1.4087
10	30	-1.2627
11	30	-1.48
12	30	3.944
13	30	1.8234
14	30	1.4817
15	30	-1.2809
16	30	-1.5537
17	30	1.7373
18	30	1.7421
19	30	1.4225
20	30	-2.4042
22	30	-1.019
23	30	-1.475
24	30	1.8592
26	30	-0.95009
27	30	-0.99716
28	30	-1.4126
29	30	3.1318
5	31	3.3424
21	31	-1.9819
25	31	-1.7826
30	31	-0.22611
14	32	1.6448
19	32	1.5215
21	32	-1.6384
25	32	-2.0249
30	32	-1.6422
1	33	5.4024
2	33	9.0148
3	33	5.9131
4	33	-1.8957
5	33	-1.8685
6	33	5.3784
7	33	5.628
8	33	10.1804
9	33	9.6344
10	33	10.2209
11	33	9.5172
12	33	-2.2784
13	33	-1.6316
14	33	-1.569
15	33	5.752
16	33	11.1559
17	33	-1.625
18	33	-1.724
19	33	-1.589
20	33	0.87225
22	33	9.8832
23	33	11.3122
24	33	-1.792
26	33	9.9135
27	33	10.4814
28	33	11.2783
29	33	5.8588
31	33	5.8808
32	33	11.188
2	34	9.6
11	34	9.8857
21	34	1.1785
25	34	1.1323
30	34	1.129
33	34	-1.3293
5	35	6.2003
21	35	-1.7299
25	35	-1.9847
30	35	-1.8256
33	35	10.4924
14	36	1.2652
19	36	1.136
21	36	-1.9199
25	36	-1.9509
30	36	-1.4861
33	36	11.1054
14	37	1.4709
19	37	1.3421
21	37	-1.9325
25	37	-1.9697
30	37	-1.5525
33	37	11.0116
21	38	10.1499
25	38	10.245
30	38	9.8832
33	38	-1.9694
21	39	10.2406
25	39	10.3015
30	39	10.1629
33	39	-2.1642
1	40	5.0204
2	40	8.4547
3	40	5.4113
4	40	-2.0911
5	40	-2.1651
6	40	5.5729
7	40	5.829
8	40	10.0885
9	40	9.6337
10	40	10.1351
11	40	8.9591
12	40	-2.2422
13	40	-1.8464
14	40	-1.767
15	40	5.9507
16	40	10.7401
17	40	-1.8621
18	40	-1.9401
19	40	-1.7681
20	40	0.71328
22	40	9.8691
23	40	11.0796
24	40	-1.9907
26	40	9.9133
27	40	9.7952
28	40	11.3952
29	40	5.8416
31	40	5.863
32	40	10.8575
34	40	-1.573
35	40	9.8959
36	40	10.7661
37	40	10.6592
38	40	-1.9456
39	40	-1.9916
2	41	9.4725
11	41	9.735
21	41	1.0475
25	41	1.0077
30	41	1.0098
33	41	-1.6077
40	41	-1.8364
1	42	7.8537
3	42	8.1265
16	42	1.9781
21	42	1.5803
23	42	2.0334
25	42	1.5086
28	42	2.0499
30	42	1.3973
33	42	-1.4656
34	42	-1.7691
40	42	-1.6282
41	42	-2.0523
1	43	7.8863
3	43	8.1534
16	43	2.0884
21	43	1.6923
23	43	2.1458
25	43	1.6222
28	43	2.1646
30	43	1.5127
33	43	-1.3583
34	43	-1.6955
40	43	-1.5208
41	43	-1.9829
5	44	2.699
21	44	-1.821
25	44	-2.2952
30	44	-1.6573
33	44	5.5412
40	44	5.5306
5	45	6.0361
21	45	-1.7393
25	45	-1.7602
30	45	-1.4318
33	45	10.2713
40	45	9.6727
21	46	9.7178
25	46	9.8378
30	46	9.7113
33	46	-2.0573
40	46	-2.3927
2	47	9.173
11	47	9.4204
21	47	0.89759
25	47	0.86266
30	47	0.99702
33	47	-1.7925
40	47	-2.055
42	47	-2.08
43	47	-2.1503
1	48	7.5986
3	48	7.8735
16	48	1.8108
21	48	1.4954
23	48	1.8626
25	48	1.4256
28	48	1.8748
30	48	1.3136
33	48	-1.5138
34	48	-1.8492
40	48	-1.6922
41	48	-2.1045
47	48	-2.2438
5	49	2.071
21	49	-1.7749
25	49	-2.3732
30	49	-2.0054
33	49	5.5146
40	49	5.5059
4	50	7.8068
12	50	8.0492
21	50	-1.9054
24	50	1.9732
25	50	-2.2252
27	50	-0.70658
29	50	-2.1427
30	50	-2.1196
31	50	-1.78
33	50	9.4366
35	50	-0.75753
40	50	9.0409
44	50	-2.0713
45	50	-0.60132
49	50	-1.5735
13	51	7.8443
17	51	7.9967
18	51	8.0419
21	51	-1.4699
25	51	-1.6012
30	51	-1.5929
32	51	-1.5597
33	51	9.8344
36	51	-1.4065
37	51	-1.5834
40	51	10.1652
21	52	9.262
25	52	9.3629
30	52	9.3811
33	52	-1.7413
40	52	-1.9704
21	53	9.1298
25	53	9.2249
30	53	9.165
33	53	-1.4188
40	53	-1.5909
2	54	0.41358
11	54	0.10832
21	54	-0.088587
25	54	-0.20232
30	54	-0.38236
33	54	4.9745
40	54	3.7166
42	54	8.5133
43	54	8.5057
48	54	8.2936
2	55	8.772
11	55	9.0291
21	55	0.74657
25	55	0.86305
30	55	1.048
33	55	-1.5252
40	55	-1.9756
42	55	-1.7938
43	55	-1.8583
48	55	-1.9313
4	56	7.2826
12	56	7.5122
21	56	-1.6275
24	56	3.0101
25	56	-1.6674
27	56	-1.6992
29	56	-1.2172
30	56	-1.2779
31	56	-0.81479
33	56	9.3516
35	56	-1.8269
40	56	8.9562
44	56	-1.4062
45	56	-1.5976
49	56	-0.59255
4	57	7.4336
12	57	7.6756
21	57	-2.0074
24	57	3.7241
25	57	-2.2315
27	57	-2.561
29	57	-2.3701
30	57	-2.181
31	57	-2.2593
33	57	9.4653
35	57	-2.3242
40	57	9.0628
44	57	-2.6027
45	57	-1.5463
49	57	-2.0394
6	58	1.1156
7	58	0.9928
8	58	3.8554
10	58	4.4387
15	58	1.0159
21	58	2.0924
25	58	2.223
30	58	2.3348
33	58	7.6017
40	58	7.5339
21	59	8.736
25	59	8.8148
30	59	8.8998
33	59	-1.4362
40	59	-1.5778
21	60	8.7503
25	60	8.8294
30	60	8.8856
33	60	-1.2609
40	60	-1.3339
6	61	1.6622
7	61	1.5604
8	61	4.7528
10	61	5.1627
15	61	1.5844
21	61	2.7573
25	61	2.9385
30	61	3.0698
33	61	7.7107
40	61	7.6249
1	62	2.8808
3	62	3.1753
16	62	1.5357
21	62	1.2749
23	62	1.5185
25	62	1.2327
28	62	1.4467
30	62	1.0992
33	62	6.7271
34	62	8.0653
40	62	6.2284
41	62	8.423
47	62	8.79
54	62	0.90517
55	62	8.7011
9	63	9.0799
21	63	2.5291
22	63	9.6247
25	63	2.9402
26	63	9.558
30	63	3.3408
33	63	-0.83031
40	63	-1.3169
58	63	8.0116
61	63	7.9269
9	64	9.4912
21	64	2.5396
22	64	9.9884
25	64	2.9524
26	64	9.9207
30	64	3.3551
33	64	-1.4066
40	64	-1.8055
58	64	8.0631
61	64	8.0121
6	65	2.295
7	65	2.3367
8	65	7.8378
10	65	8.3025
15	65	2.1272
21	65	1.5691
25	65	1.7874
30	65	2.0906
33	65	-0.92489
40	65	-1.3813
63	65	-1.798
64	65	-1.6817
9	66	0.54066
21	66	2.238
22	66	0.0016917
25	66	2.3289
26	66	0.38152
30	66	2.5755
33	66	8.3546
40	66	8.1762
58	66	0.64823
61	66	-1.8583
65	66	6.9734
9	67	8.8071
21	67	3.1079
22	67	9.3939
25	67	3.5148
26	67	9.3191
30	67	3.9093
33	67	-1.332
40	67	-1.8014
58	67	7.7234
61	67	8.2118
65	67	-2.0965
9	68	8.9426
21	68	3.2259
22	68	9.5008
25	68	3.6338
26	68	9.4243
30	68	4.0296
33	68	-1.9123
40	68	-2.3026
58	68	7.8707
61	68	8.3181
65	68	-2.0674
2	69	1.4173
11	69	1.2943
21	69	0.84196
25	69	0.76977
30	69	0.62001
33	69	3.3984
40	69	2.9114
42	69	8.2293
43	69	8.3732
48	69	8.2194
62	69	-1.1308
6	70	2.0805
7	70	2.1235
8	70	7.9741
10	70	8.4419
15	70	1.9406
21	70	2.269
25	70	2.48
30	70	2.7736
33	70	-1.7067
40	70	-2.1036
63	70	-2.2346
64	70	-2.1171
66	70	7.3466
67	70	-2.2662
68	70	-2.3115
9	71	4.028
21	71	2.7922
22	71	4.8573
25	71	3.2712
26	71	5.036
30	71	3.6412
33	71	4.1796
40	71	4.2949
58	71	-2.3215
61	71	-1.9244
65	71	0.29093
70	71	0.53737
9	72	4.0947
21	72	2.6006
22	72	4.9135
25	72	3.0659
26	72	5.0963
30	72	3.4244
33	72	4.2624
40	72	4.3774
58	72	-2.1891
61	72	-2.1592
65	72	0.32537
70	72	0.58826
1	73	2.9115
3	73	3.1689
16	73	1.6102
21	73	1.3987
23	73	1.6029
25	73	1.3773
28	73	1.5394
30	73	1.2604
33	73	6.5183
34	73	7.8545
40	73	6.145
41	73	8.3727
47	73	8.8385
54	73	1.6044
55	73	8.736
69	73	-1.5641
1	74	3.1385
3	74	3.4172
16	74	1.5379
21	74	1.3913
23	74	1.5324
25	74	1.3694
28	74	1.4722
30	74	1.2527
33	74	6.1123
34	74	7.6451
40	74	5.6689
41	74	8.1822
47	74	8.6584
54	74	2.2049
55	74	8.572
69	74	-1.6029
9	75	8.6983
21	75	3.2177
22	75	9.2665
25	75	3.6259
26	75	9.1805
30	75	4.0228
33	75	-1.7904
40	75	-2.2305
58	75	7.43
61	75	7.8536
65	75	-1.3589
70	75	-1.9053
2	76	1.4235
11	76	1.2722
21	76	0.88007
25	76	0.81495
30	76	0.67209
33	76	4.1191
40	76	3.6301
42	76	8.3093
43	76	8.4693
48	76	8.3373
62	76	-0.90999
73	76	-1.8145
74	76	-1.6932
2	77	1.4774
11	77	1.3542
21	77	0.78596
25	77	0.71558
30	77	0.56838
33	77	3.4644
40	77	3.007
42	77	8.1584
43	77	8.3236
48	77	8.1873
62	77	-0.97921
73	77	-1.5545
74	77	-1.5739
9	78	2.8341
21	78	2.4955
22	78	1.5861
25	78	2.6219
26	78	2.0609
30	78	3.0181
33	78	-1.9902
40	78	-1.9289
58	78	1.3928
61	78	0.75663
65	78	-2.1418
70	78	-2.3656
9	79	3.0931
21	79	2.555
22	79	1.825
25	79	2.6812
26	79	2.3042
30	79	3.0768
33	79	-1.9945
40	79	-1.8153
58	79	1.6459
61	79	0.83189
65	79	-1.917
70	79	-2.1895
9	80	3.7187
21	80	3.3769
22	80	4.5112
25	80	3.9077
26	80	4.6498
30	80	4.33
33	80	3.8762
40	80	3.9852
58	80	-2.0179
61	80	-1.822
65	80	0.20739
70	80	0.61356
2	81	3.5341
11	81	3.7891
21	81	2.1058
25	81	2.1576
30	81	2.1986
33	81	8.0437
40	81	8.001
42	81	0.95423
43	81	0.94949
48	81	1.016
62	81	-1.7521
73	81	-1.8343
74	81	-1.9435
2	82	3.7542
11	82	4.0151
21	82	2.0228
25	82	2.0698
30	82	2.1079
33	82	7.7538
40	82	7.6721
42	82	0.96001
43	82	0.95404
48	82	1.0192
62	82	-1.4033
73	82	-1.8589
74	82	-1.9122
2	83	1.4067
11	83	1.2672
21	83	1.0443
25	83	0.98497
30	83	0.84763
33	83	3.995
40	83	3.5668
42	83	8.0482
43	83	8.2137
48	83	8.0627
62	83	-0.7931
73	83	-1.6196
74	83	-1.4596
2	84	1.5104
11	84	1.3876
21	84	0.95906
25	84	0.89672
30	84	0.75676
33	84	3.6715
40	84	3.2524
42	84	7.9785
43	84	8.1468
48	84	7.9917
62	84	-0.74801
73	84	-1.4316
74	84	-1.3907
9	85	2.5883
21	85	2.5392
22	85	1.6477
25	85	2.6624
26	85	2.2189
30	85	3.0563
33	85	-1.6757
40	85	-2.0098
58	85	1.7141
61	85	1.0976
65	85	-2.0916
70	85	-2.1299
9	86	2.6578
21	86	2.5885
22	86	1.5032
25	86	2.7138
26	86	2.0773
30	86	3.1094
33	86	-1.8366
40	86	-1.7443
58	86	1.6381
61	86	1.0056
65	86	-2.1015
70	86	-2.4026
9	87	3.5896
21	87	3.2316
22	87	4.3482
25	87	3.7585
26	87	4.4816
30	87	4.1812
33	87	4.1038
40	87	4.2084
58	87	-1.7805
61	87	-2.2635
65	87	0.33996
70	87	0.89935
2	88	3.1887
11	88	3.4257
21	88	2.0535
25	88	2.1171
30	88	2.1686
33	88	7.7544
40	88	7.6881
42	88	1.0068
43	88	1.0135
48	88	1.1149
62	88	-1.621
73	88	-2.0733
74	88	-2.1491
2	89	3.5174
11	89	3.7644
21	89	1.8901
25	89	1.9426
30	89	1.9871
33	89	7.1632
40	89	7.02
42	89	0.99631
43	89	1.0018
48	89	1.1011
62	89	-0.89347
73	89	-1.5721
74	89	-1.788
2	90	1.366
11	90	1.2063
21	90	1.1133
25	90	1.0564
30	90	0.92503
33	90	4.5609
40	90	4.1638
42	90	7.9411
43	90	8.1037
48	90	7.9442
62	90	-0.35651
73	90	-1.2794
74	90	-0.90688
2	91	1.5342
11	91	1.4129
21	91	0.92306
25	91	0.86483
30	91	0.72867
33	91	3.7217
40	91	3.33
42	91	7.789
43	91	7.9597
48	91	7.7876
62	91	-0.54999
73	91	-1.1954
74	91	-1.1044
2	92	1.5332
11	92	1.4218
21	92	0.9735
25	92	0.91513
30	92	0.77881
33	92	3.5155
40	92	3.1356
42	92	7.692
43	92	7.8663
48	92	7.6886
62	92	-0.6007
73	92	-1.1684
74	92	-1.1457
9	93	2.7909
21	93	2.4935
22	93	1.8799
25	93	2.6147
26	93	2.4489
30	93	3.0071
33	93	-1.4125
40	93	-1.9018
58	93	1.8439
61	93	1.2318
65	93	-2.0001
70	93	-2.0994
9	94	2.7497
21	94	2.6595
22	94	1.8062
25	94	2.7818
26	94	2.3772
30	94	3.1749
33	94	-1.6758
40	94	-1.8194
58	94	1.8207
61	94	1.1974
65	94	-1.9903
70	94	-2.2218
1	95	5.5349
3	95	5.8009
16	95	1.6471
21	95	1.1004
23	95	1.8312
25	95	1.0528
28	95	1.9734
30	95	0.94295
33	95	0.063652
34	95	0.83302
40	95	-0.26277
41	95	1.3918
47	95	1.7617
54	95	6.1249
55	95	0.64579
69	95	5.4146
76	95	5.9716
77	95	5.6867
81	95	0.78569
82	95	0.75969
83	95	6.1489
84	95	5.9734
88	95	1.1242
89	95	1.0849
90	95	6.4309
91	95	6.2584
92	95	6.1738
1	96	5.508
3	96	5.7685
16	96	1.6445
21	96	1.1802
23	96	1.829
25	96	1.1327
28	96	1.9715
30	96	1.024
33	96	-0.10549
34	96	0.62475
40	96	-0.41745
41	96	1.1001
47	96	1.3998
54	96	6.0725
55	96	0.32865
69	96	5.3731
76	96	5.899
77	96	5.6258
81	96	0.79145
82	96	0.76536
83	96	6.062
84	96	5.8901
88	96	1.1289
89	96	1.089
90	96	6.3224
91	96	6.1506
92	96	6.0663
13	97	7.0485
17	97	7.1868
18	97	7.2854
21	97	1.2424
25	97	1.2221
30	97	1.1216
32	97	0.80138
33	97	6.0554
36	97	1.0008
37	97	0.82648
40	97	5.7642
1	98	2.1304
2	98	2.7826
3	98	2.18
4	98	2.9831
5	98	1.5444
6	98	1.5096
7	98	1.8274
8	98	3.9009
9	98	3.5284
10	98	3.798
11	98	2.8393
12	98	2.7408
13	98	1.3614
14	98	1.2418
15	98	2.0642
16	98	4.3375
17	98	1.3504
18	98	1.4486
19	98	1.1567
20	98	2.0911
22	98	4.233
23	98	4.4747
24	98	1.3278
26	98	4.4006
27	98	5.5045
28	98	4.5496
29	98	5.8407
31	98	5.5911
32	98	5.5913
34	98	0.83514
35	98	6.1102
36	98	5.4512
37	98	4.7571
38	98	6.9772
39	98	7.5061
41	98	1.0023
42	98	1.1062
43	98	1.0722
44	98	5.5469
45	98	6.822
46	98	7.9305
47	98	1.0948
48	98	1.0537
49	98	5.4933
50	98	7.9091
51	98	2.9156
52	98	7.6081
53	98	8.7812
54	98	0.085145
55	98	1.0914
56	98	8.3655
57	98	7.7204
58	98	-2.0241
59	98	8.6617
60	98	9.0028
61	98	-1.878
62	98	-1.3168
63	98	1.9379
64	98	1.9948
65	98	1.6449
66	98	-2.1426
67	98	2.3599
68	98	2.5114
69	98	-1.5048
70	98	2.2004
71	98	-2.1309
72	98	-2.1346
73	98	-1.6077
74	98	-1.6971
75	98	2.4617
76	98	-1.4655
77	98	-1.5205
78	98	2.3245
79	98	2.372
80	98	-1.5237
81	98	-1.7382
82	98	-1.7982
83	98	-1.5424
84	98	-1.6861
85	98	2.3129
86	98	2.4074
87	98	-1.732
88	98	-1.8874
89	98	-1.9393
90	98	-1.5294
91	98	-1.7274
92	98	-1.7426
93	98	2.2374
94	98	2.4189
95	98	0.60093
96	98	0.71594
97	98	-1.5647
1	99	2.2337
2	99	2.9377
3	99	2.2883
4	99	3.0556
5	99	1.4777
6	99	1.4136
7	99	1.728
8	99	4.0064
9	99	3.6236
10	99	3.9079
11	99	3.0049
12	99	2.8086
13	99	1.3624
14	99	1.2029
15	99	1.9608
16	99	4.5642
17	99	1.3479
18	99	1.4427
19	99	1.1171
20	99	1.9114
22	99	4.3263
23	99	4.7116
24	99	1.3512
26	99	4.5002
27	99	5.7471
28	99	4.8007
29	99	5.5995
31	99	5.5204
32	99	5.8818
34	99	0.82205
35	99	6.371
36	99	5.7609
37	99	5.0549
38	99	6.7147
39	99	7.2703
41	99	0.98041
42	99	1.0616
43	99	1.0267
44	99	5.2445
45	99	7.0779
46	99	7.689
47	99	1.0678
48	99	1.0078
49	99	5.1735
50	99	8.2276
51	99	3.1076
52	99	7.3314
53	99	8.546
54	99	0.19228
55	99	1.0637
56	99	8.5268
57	99	8.0847
58	99	-1.8221
59	99	8.3921
60	99	8.7501
61	99	-2.1127
62	99	-1.1918
63	99	2.1227
64	99	2.1809
65	99	1.6968
66	99	-1.8894
67	99	2.5431
68	99	2.696
69	99	-1.4312
70	99	2.2499
71	99	-2.3596
72	99	-2.1971
73	99	-1.4978
74	99	-1.6002
75	99	2.6464
76	99	-1.3902
77	99	-1.4537
78	99	2.3553
79	99	2.4018
80	99	-1.7826
81	99	-1.7961
82	99	-1.8488
83	99	-1.5229
84	99	-1.665
85	99	2.3426
86	99	2.4396
87	99	-1.9867
88	99	-1.9396
89	99	-1.9803
90	99	-1.5022
91	99	-1.664
92	99	-1.7046
93	99	2.2664
94	99	2.449
95	99	0.56062
96	99	0.67482
97	99	-1.5724
13	100	6.3978
17	100	6.5242
18	100	6.6362
21	100	1.1369
25	100	1.1159
30	100	1.0171
32	100	0.83475
33	100	5.0652
36	100	1.0417
37	100	0.83129
40	100	4.7434
98	100	-1.7349
99	100	-1.7741
14	101	6.7229
19	101	6.6615
21	101	0.73947
25	101	0.68742
30	101	0.57241
33	101	4.3078
40	101	3.944
51	101	0.34666
97	101	-2.0036
98	101	-1.5567
99	101	-1.537
100	101	-1.6373
14	102	6.5438
19	102	6.4795
21	102	0.64728
25	102	0.59407
30	102	0.47794
33	102	4.0551
40	102	3.6914
51	102	0.22952
97	102	-2.0392
98	102	-1.5605
99	102	-1.5411
100	102	-1.719
21	103	5.7436
25	103	5.5018
30	103	5.5143
33	103	0.63381
40	103	0.67098
98	103	-2.3787
99	103	-2.391
2	104	4.7116
11	104	4.7034
21	104	3.5766
25	104	3.8099
30	104	3.9292
33	104	9.3265
40	104	9.3617
42	104	9.8138
43	104	9.9541
48	104	9.7944
62	104	6.112
73	104	6.5241
74	104	6.6983
95	104	8.0471
96	104	7.9283
98	104	8.1494
99	104	8.4263
2	105	4.4478
11	105	4.3673
21	105	2.752
25	105	2.8204
30	105	2.8084
33	105	8.4873
40	105	8.4812
42	105	9.7809
43	105	9.9237
48	105	9.7589
62	105	5.7774
73	105	6.2268
74	105	6.4375
95	105	8.1093
96	105	7.9835
98	105	0.85603
99	105	1.0857
14	106	2.0499
19	106	1.9292
21	106	1.6852
25	106	1.6572
30	106	1.6997
33	106	7.541
40	106	7.4878
51	106	4.6207
97	106	-1.3029
98	106	-1.7593
99	106	-1.7219
100	106	-1.8348
5	107	6.4921
21	107	1.3802
25	107	1.3485
30	107	1.3908
33	107	6.8366
40	107	7.0271
50	107	2.0274
56	107	2.5861
57	107	3.2264
98	107	-1.7577
99	107	-1.7371
14	108	2.0272
19	108	1.9063
21	108	1.6742
25	108	1.6398
30	108	1.6778
33	108	7.2811
40	108	7.1989
51	108	4.8974
97	108	-1.0498
98	108	-1.7487
99	108	-1.7419
100	108	-1.834
14	109	2.0036
19	109	1.8827
21	109	1.6583
25	109	1.6181
30	109	1.652
33	109	7.0043
40	109	6.8916
51	109	5.163
97	109	-0.72209
98	109	-1.7103
99	109	-1.7235
100	109	-1.7774
13	110	6.501
17	110	6.6221
18	110	6.7189
21	110	1.2412
25	110	1.2351
30	110	1.1467
32	110	0.92379
33	110	5.7099
36	110	1.1301
37	110	0.96074
40	110	5.4499
98	110	-1.6979
99	110	-1.6782
101	110	-1.5594
102	110	-1.6436
106	110	-2.2444
108	110	-2.1903
109	110	-2.1246
13	111	6.3353
17	111	6.4557
18	111	6.5575
21	111	1.2518
25	111	1.2438
30	111	1.1542
32	111	0.86052
33	111	5.4602
36	111	1.0679
37	111	0.88331
40	111	5.1835
98	111	-1.6653
99	111	-1.6596
101	111	-1.4374
102	111	-1.5818
106	111	-2.2809
108	111	-2.2936
109	111	-2.1941
14	112	6.3942
19	112	6.3249
21	112	0.71452
25	112	0.67006
30	112	0.56029
33	112	4.1767
40	112	3.8367
51	112	0.3463
97	112	-1.8841
98	112	-1.5779
99	112	-1.5519
100	112	-1.6808
110	112	-2.2313
111	112	-2.2209
14	113	6.3303
19	113	6.2577
21	113	0.8037
25	113	0.76003
30	113	0.65138
33	113	4.0456
40	113	3.7108
51	113	0.32801
97	113	-2.0183
98	113	-1.4893
99	113	-1.4655
100	113	-1.8911
110	113	-2.2718
111	113	-2.3112
14	114	6.2156
19	114	6.1392
21	114	0.77054
25	114	0.72121
30	114	0.60986
33	114	3.7764
40	114	3.4437
51	114	0.31568
97	114	-2.0982
98	114	-1.6033
99	114	-1.5755
100	114	-2.0854
110	114	-2.2721
111	114	-2.2954
14	115	6.1183
19	115	6.0378
21	115	0.85799
25	115	0.80842
30	115	0.69781
33	115	3.648
40	115	3.3232
51	115	0.30118
97	115	-2.1373
98	115	-1.4972
99	115	-1.4638
100	115	-2.1965
110	115	-2.2616
111	115	-2.2823
14	116	5.9531
19	116	5.868
21	116	0.77584
25	116	0.71921
30	116	0.60534
33	116	3.3307
40	116	3.0081
51	116	0.26652
97	116	-2.1131
98	116	-1.6623
99	116	-1.6249
100	116	-2.239
110	116	-2.2007
111	116	-2.255
2	117	1.3526
11	117	1.3371
21	117	0.96428
25	117	0.89371
30	117	0.76372
33	117	0.30379
40	117	0.070961
42	117	3.9372
43	117	4.2249
48	117	3.6619
62	117	-0.5469
73	117	-0.58815
74	117	-0.73348
95	117	-0.10821
96	117	0.39833
98	117	0.16452
99	117	0.12417
6	118	2.5717
7	118	2.4912
8	118	2.9028
10	118	3.467
15	118	2.5671
21	118	3.6717
25	118	3.994
30	118	4.2353
33	118	7.532
40	118	7.388
63	118	7.2961
64	118	7.535
66	118	1.078
67	118	7.5315
68	118	7.7644
71	118	2.4749
72	118	3.0095
75	118	8.3086
78	118	0.8565
79	118	0.91723
80	118	1.4315
85	118	1.2142
86	118	1.1257
87	118	1.682
93	118	1.3826
94	118	1.3451
98	118	1.6864
99	118	2.0591
5	119	6.0336
21	119	1.6146
25	119	1.6258
30	119	1.6907
33	119	7.4813
40	119	7.7427
50	119	2.6886
56	119	3.1712
57	119	3.835
98	119	-1.2789
99	119	-1.1731
5	120	6.1896
21	120	1.546
25	120	1.5462
30	120	1.6058
33	120	7.25
40	120	7.4887
50	120	2.513
56	120	3.0188
57	120	3.6715
98	120	-1.4804
99	120	-1.3926
14	121	1.7294
19	121	1.6085
21	121	1.5703
25	121	1.5522
30	121	1.6035
33	121	7.3534
40	121	7.2965
51	121	4.3839
97	121	-1.2484
98	121	-1.938
99	121	-1.8133
100	121	-2.13
110	121	-2.2926
111	121	-2.2641
5	122	6.4674
21	122	1.3356
25	122	1.3161
30	122	1.3659
33	122	6.7059
40	122	6.8938
50	122	2.0642
56	122	2.6111
57	122	3.2472
98	122	-1.8112
99	122	-1.74
13	123	6.4936
17	123	6.6077
18	123	6.6913
21	123	1.1605
25	123	1.1654
30	123	1.0858
32	123	1.0554
33	123	6.0734
36	123	1.2635
37	123	1.132
40	123	5.8743
98	123	-1.8288
99	123	-1.7652
101	123	-1.7379
102	123	-1.7988
106	123	-1.6336
108	123	-1.3961
109	123	-1.0499
112	123	-2.2484
113	123	-2.2571
114	123	-2.176
115	123	-2.1075
116	123	-1.994
121	123	-1.7493
13	124	5.9276
17	124	6.041
18	124	6.1436
21	124	0.95813
25	124	0.95394
30	124	0.86627
32	124	0.7887
33	124	5.08
36	124	0.99872
37	124	0.80693
40	124	4.8089
98	124	-1.7507
99	124	-1.7618
101	124	-0.54002
102	124	-0.90707
106	124	-2.054
108	124	-1.9603
109	124	-1.8457
112	124	-1.6256
113	124	-1.8701
114	124	-2.0702
115	124	-2.1687
116	124	-2.1775
121	124	-1.7359
14	125	6.044
19	125	5.9634
21	125	0.78107
25	125	0.73657
30	125	0.62909
33	125	3.8287
40	125	3.5117
51	125	0.3944
97	125	-1.7575
98	125	-1.6706
99	125	-1.637
100	125	-1.5607
110	125	-2.0352
111	125	-1.8354
123	125	-1.8353
124	125	-1.8008
14	126	5.7794
19	126	5.6906
21	126	0.75454
25	126	0.70361
30	126	0.59354
33	126	3.4029
40	126	3.0924
51	126	0.33249
97	126	-1.9172
98	126	-1.7013
99	126	-1.6508
100	126	-1.8958
110	126	-2.0061
111	126	-1.892
123	126	-1.6918
124	126	-1.7796
14	127	3.877
19	127	3.7023
21	127	0.67734
25	127	0.60197
30	127	0.49058
33	127	0.85935
40	127	0.60491
51	127	0.64907
97	127	-0.9421
98	127	-0.063604
99	127	-0.10143
100	127	-1.2052
110	127	-1.0489
111	127	-0.99116
123	127	-0.59931
124	127	-0.81877
2	128	5.0213
11	128	4.9907
21	128	3.5881
25	128	3.7689
30	128	3.8499
33	128	8.9929
40	128	9.0059
42	128	10.0004
43	128	10.141
48	128	9.9705
62	128	6.1607
73	128	6.5236
74	128	6.7096
95	128	8.4181
96	128	8.2925
98	128	5.7599
99	128	6.4416
5	129	3.384
21	129	0.28895
25	129	0.38533
30	129	0.5335
33	129	5.4991
40	129	5.4931
50	129	6.4662
56	129	7.0571
57	129	6.6517
98	129	-2.1025
99	129	-1.8362
4	130	6.6349
12	130	6.8595
21	130	0.99143
24	130	1.9099
25	130	0.92441
27	130	2.8979
29	130	-0.12005
30	130	0.81217
31	130	0.26853
33	130	7.7236
35	130	2.846
40	130	7.9513
44	130	0.29202
45	130	2.8645
49	130	0.99705
98	130	-1.6248
99	130	-1.5239
107	130	-2.0069
119	130	-1.0383
120	130	-1.742
122	130	-1.8049
129	130	-1.0627
5	131	6.1749
21	131	1.4639
25	131	1.4873
30	131	1.5589
33	131	7.2509
40	131	7.5038
50	131	2.7356
56	131	3.2151
57	131	3.8694
98	131	-1.2329
99	131	-1.0818
130	131	-0.55575
13	132	5.9769
17	132	6.0857
18	132	6.1801
21	132	1.1084
25	132	1.1145
30	132	1.0356
32	132	0.9554
33	132	5.3785
36	132	1.1656
37	132	0.99504
40	132	5.1419
98	132	-1.8213
99	132	-1.7172
101	132	-0.71713
102	132	-1.0161
106	132	-1.5859
108	132	-1.4195
109	132	-1.2078
112	132	-1.5503
113	132	-1.8294
114	132	-2.0076
115	132	-2.0939
116	132	-1.9693
121	132	-1.4595
125	132	-1.7732
126	132	-1.6168
127	132	-0.47763
2	133	5.2642
11	133	5.2508
21	133	3.9444
25	133	4.1856
30	133	4.317
33	133	9.1587
40	133	9.1761
42	133	10.1139
43	133	10.2535
48	133	10.0809
62	133	6.3245
73	133	6.6611
74	133	6.8402
95	133	8.5584
96	133	8.4313
98	133	6.9412
99	133	7.275
5	134	2.921
21	134	0.071694
25	134	-0.097699
30	134	0.013249
33	134	5.2888
40	134	5.2833
50	134	5.9377
56	134	6.8226
57	134	6.0847
98	134	-2.4867
99	134	-2.2483
130	134	-1.5239
4	135	6.3218
12	135	6.536
21	135	0.87198
24	135	2.0224
25	135	0.80516
27	135	2.2814
29	135	-0.19885
30	135	0.69418
31	135	0.19647
33	135	7.3687
35	135	2.2437
40	135	7.5668
44	135	0.26536
45	135	2.2705
49	135	0.97044
98	135	-1.8284
99	135	-1.707
107	135	-2.0682
119	135	-0.83097
120	135	-2.1062
122	135	-1.5095
129	135	-1.683
131	135	-0.76928
134	135	-2.1689
5	136	5.9879
21	136	1.1745
25	136	1.189
30	136	1.257
33	136	6.6495
40	136	6.857
50	136	2.0849
56	136	2.6033
57	136	3.2293
98	136	-1.539
99	136	-1.3694
130	136	-0.30433
135	136	-0.14335
2	137	4.9776
11	137	4.9871
21	137	4.8053
25	137	5.0962
30	137	5.2747
33	137	9.4732
40	137	9.4958
42	137	9.8139
43	137	9.9532
48	137	9.7814
62	137	6.0761
73	137	6.4051
74	137	6.578
95	137	8.2711
96	137	8.1444
98	137	7.8062
99	137	7.9789
1	138	2.4783
2	138	3.0196
3	138	2.5143
4	138	3.4213
5	138	1.9945
6	138	1.5139
7	138	1.9184
8	138	3.7006
9	138	3.4742
10	138	3.6482
11	138	3.0498
12	138	3.1589
13	138	2.2459
14	138	1.9408
15	138	2.147
16	138	4.1624
17	138	2.2458
18	138	2.3362
19	138	1.8678
20	138	2.556
22	138	4.0736
23	138	4.2879
24	138	1.9122
26	138	4.1934
27	138	4.9153
28	138	4.3454
29	138	5.2345
31	138	5.0169
32	138	5.2637
34	138	1.7482
35	138	5.3504
36	138	5.2089
37	138	4.7473
38	138	6.8308
39	138	7.2847
41	138	1.9004
42	138	1.9246
43	138	1.8869
44	138	5.5065
45	138	5.9347
46	138	7.6418
47	138	1.9869
48	138	1.8803
49	138	5.3154
50	138	6.6881
51	138	3.2239
52	138	7.3241
53	138	8.3703
54	138	0.68154
55	138	2.0018
56	138	7.1397
57	138	6.4348
58	138	-0.73026
59	138	8.2172
60	138	8.5171
61	138	-1.4407
62	138	-0.38295
63	138	2.3586
64	138	2.4189
65	138	2.2083
66	138	-0.90534
67	138	2.7396
68	138	2.8932
69	138	-0.682
70	138	2.7239
71	138	-1.1974
72	138	-1.4868
73	138	-0.58067
74	138	-0.62251
75	138	2.8233
76	138	-0.69134
77	138	-0.62422
78	138	2.8776
79	138	2.9229
80	138	-0.50119
81	138	-0.44966
82	138	-0.48555
83	138	-0.93634
84	138	-0.84484
85	138	2.8545
86	138	2.9548
87	138	-1.0047
88	138	-0.40382
89	138	-0.44144
90	138	-0.91968
91	138	-0.81922
92	138	-0.87593
93	138	2.7766
94	138	2.9554
95	138	1.3987
96	138	1.5017
97	138	-0.44152
100	138	-0.42577
101	138	-0.64492
102	138	-0.58646
103	138	1.957
104	138	4.5326
105	138	0.44495
106	138	-0.20282
107	138	-0.66669
108	138	-0.2457
109	138	-0.26024
110	138	-0.627
111	138	-0.66233
112	138	-0.72224
113	138	-0.84639
114	138	-0.78276
115	138	-0.88013
116	138	-0.70481
117	138	0.89782
118	138	-1.4705
119	138	-0.88121
120	138	-0.90573
121	138	-0.21102
122	138	-0.75958
123	138	-0.49302
124	138	-0.42559
125	138	-0.82132
126	138	-0.72509
127	138	0.73327
128	138	2.2522
129	138	0.38093
130	138	-0.22701
131	138	-0.86052
132	138	-0.63688
133	138	6.4877
134	138	0.46876
135	138	-0.38677
136	138	-0.90085
137	138	8.4083
4	139	6.253
12	139	6.4583
21	139	0.78307
24	139	2.3313
25	139	0.72647
27	139	2.0655
29	139	-0.19862
30	139	0.62179
31	139	0.090738
33	139	7.211
35	139	2.0266
40	139	7.4022
44	139	0.39791
45	139	2.0564
49	139	1.093
98	139	-1.7728
99	139	-1.5542
107	139	-2.1664
119	139	-1.138
120	139	-2.0841
122	139	-1.7936
129	139	-2.2693
131	139	-1.0716
134	139	-2.3411
136	139	-1.0432
138	139	-0.50628
5	140	2.9379
21	140	0.12954
25	140	0.010041
30	140	0.1699
33	140	5.5795
40	140	5.575
50	140	5.6008
56	140	6.6074
57	140	5.7091
98	140	-1.5104
99	140	-1.223
130	140	-0.86302
135	140	-1.4449
138	140	-0.53456
139	140	-1.9892
5	141	2.5948
21	141	0.25697
25	141	-0.0020815
30	141	0.12365
33	141	5.465
40	141	5.4627
50	141	5.584
56	141	6.618
57	141	5.7114
98	141	-1.9551
99	141	-1.6971
130	141	-1.0199
135	141	-1.7491
138	141	-0.3294
139	141	-2.4037
4	142	6.4617
12	142	6.657
21	142	0.692
24	142	1.5441
25	142	0.67041
27	142	2.4256
29	142	0.18475
30	142	0.58487
31	142	-0.20914
33	142	7.3677
35	142	2.3495
40	142	7.5863
44	142	0.74206
45	142	2.3667
49	142	1.4093
98	142	-1.2467
99	142	-0.9404
107	142	-2.1635
119	142	-1.359
120	142	-1.7703
122	142	-2.552
129	142	-0.66414
131	142	-1.6075
134	142	-1.1051
136	142	-2.0239
138	142	-0.65392
140	142	-2.7254
141	142	-2.1362
4	143	6.2209
12	143	6.4182
21	143	0.79772
24	143	2.2921
25	143	0.74956
27	143	2.1241
29	143	-0.042736
30	143	0.65093
31	143	0.0193
33	143	7.1064
35	143	2.0702
40	143	7.2922
44	143	0.55027
45	143	2.0931
49	143	1.2357
98	143	-1.5291
99	143	-1.3011
107	143	-2.4151
119	143	-1.1031
120	143	-1.7976
122	143	-2.1405
129	143	-1.6414
131	143	-1.0352
134	143	-1.6616
136	143	-1.5795
138	143	-0.71331
140	143	-2.6016
141	143	-2.072
4	144	6.5408
12	144	6.7299
21	144	0.92344
24	144	1.6884
25	144	0.92075
27	144	2.3036
29	144	0.38837
30	144	0.84863
31	144	0.022453
33	144	7.5589
35	144	2.2109
40	144	7.7859
44	144	0.92625
45	144	2.2234
49	144	1.5772
98	144	-0.50714
99	144	-0.17067
107	144	-2.0383
119	144	-1.4303
120	144	-1.7565
122	144	-2.3843
129	144	0.4765
131	144	-1.6711
134	144	0.051063
136	144	-2.1049
138	144	-1.2355
140	144	-1.6993
141	144	-0.91802
5	145	2.9159
21	145	0.38449
25	145	0.14008
30	145	0.26266
33	145	5.8338
40	145	5.8282
50	145	5.1399
56	145	6.053
57	145	5.2041
98	145	-0.55067
99	145	-0.36513
130	145	-0.62269
135	145	-1.0413
138	145	-1.8807
139	145	-1.4175
142	145	-1.7012
143	145	-1.8585
144	145	-2.2397
4	146	6.5434
12	146	6.7277
21	146	1.0833
24	146	1.8585
25	146	1.085
27	146	2.2145
29	146	0.5108
30	146	1.0177
31	146	0.15186
33	146	7.5551
35	146	2.1121
40	146	7.7763
44	146	1.0468
45	146	2.1191
49	146	1.6905
98	146	-0.17859
99	146	0.13864
107	146	-2.0382
119	146	-1.4534
120	146	-1.7522
122	146	-2.3098
129	146	0.78003
131	146	-1.6591
134	146	0.53404
136	146	-2.0834
138	146	-1.5925
140	146	-0.84211
141	146	-0.0094357
145	146	-2.0802
14	147	2.6571
19	147	2.5508
21	147	2.3315
25	147	2.3758
30	147	2.4913
33	147	7.5276
40	147	7.4992
51	147	4.212
97	147	0.51879
98	147	0.39976
99	147	0.63994
100	147	-0.059281
110	147	0.04952
111	147	-0.067538
123	147	0.27602
124	147	-0.26313
132	147	-0.43541
138	147	-1.7745
13	148	6.4421
17	148	6.5332
18	148	6.6131
21	148	2.017
25	148	2.0578
30	148	2.0137
32	148	2.0636
33	148	5.92
36	148	2.278
37	148	2.1556
40	148	5.7663
98	148	-0.27963
99	148	-0.15658
101	148	1.7966
102	148	1.6871
106	148	0.81658
108	148	1.0428
109	148	1.3029
112	148	1.564
113	148	1.3688
114	148	1.2135
115	148	1.0794
116	148	1.0087
121	148	0.89371
125	148	1.0841
126	148	0.89617
127	148	0.96617
138	148	-1.5348
147	148	-1.8328
offset
60
