146
detection	body_part	cost
1	4	0.073819
2	3	-3.5651
3	4	-4.0241
4	3	-4.9343
5	10	-1.4057
6	10	-2.1779
7	11	-0.94884
8	11	-1.158
9	3	-3.6113
10	4	0.12077
11	4	0.32808
12	9	-1.4172
13	9	-1.2758
14	9	-0.83865
15	10	0.23568
16	5	-4.4405
17	11	-0.4217
18	5	-2.7155
19	1	-7.0168
20	5	0.024928
21	13	-1.3706
22	14	-0.42582
23	2	-6.0043
24	1	-3.7486
25	12	-1.0506
26	13	-2.028
27	8	-2.6368
28	12	-1.0732
29	12	-0.53466
30	13	0.62789
31	14	0.19491
32	6	-1.0537
33	8	-2.2696
34	8	-0.64001
35	12	-0.58413
36	13	-1.1604
37	14	-1.7269
38	6	-5.2057
39	6	-2.4695
40	7	-2.5726
41	7	-1.8804
42	14	0.9359
43	3	-0.45653
44	3	-0.77128
45	3	-4.1384
46	4	-0.58539
47	11	0.97982
48	10	-0.44108
49	11	9.2102
50	9	-1.957
51	10	-1.0455
52	5	-2.2064
53	9	-2.1408
54	9	-1.7632
55	10	0.16745
56	11	-1.8943
57	1	-6.7257
58	1	0.80629
59	5	-1.083
60	9	-0.87866
61	11	-1.1285
62	2	-5.6935
63	5	-0.062066
64	8	-0.10556
65	11	9.2102
66	6	0.90351
67	12	-2.2502
68	12	-1.3265
69	14	0.46871
70	11	9.2102
71	13	-1.138
72	13	0.29777
73	14	-1.2725
74	6	-4.142
75	6	-2.8527
76	8	-0.88171
77	8	-0.95208
78	6	-0.3083
79	7	-1.195
80	11	0.93637
81	4	-4.2466
82	3	-3.3728
83	3	-5.4142
84	11	-0.25656
85	11	-1.551
86	5	0.10838
87	10	-1.5899
88	9	-1.5438
89	5	-3.9885
90	2	-5.359
91	1	-6.7316
92	5	-0.44255
93	5	-0.61932
94	5	0.8343
95	13	0.049053
96	12	-1.4084
97	12	-1.2175
98	13	-1.3284
99	14	-1.7681
100	7	0.32046
101	12	-1.1583
102	6	-4.9225
103	6	-3.1811
104	7	-0.12458
105	8	-0.73001
106	7	0.082644
107	7	-0.26091
108	8	-1.2101
109	5	0.17782
110	7	0.31331
111	8	-0.20294
112	3	-2.6064
113	4	-0.53506
114	4	-0.93562
115	3	-4.3767
116	9	-0.23225
117	9	-0.40789
118	10	0.6881
119	11	9.2102
120	1	0.98787
121	3	-0.9267
122	10	-1.9931
123	11	-1.5339
124	2	-5.9604
125	9	-1.9418
126	10	0.27483
127	11	-1.918
128	1	-6.9385
129	10	-0.47419
130	1	-1.4346
131	11	9.2102
132	12	-1.9701
133	13	-0.47317
134	12	-1.392
135	13	-2.3513
136	14	0.15816
137	6	-4.6046
138	6	-3.4142
139	7	-0.44532
140	14	-3.3172
141	7	-2.0012
142	8	-2.229
143	8	-1.1491
144	13	-0.87785
145	14	0.086276
146	7	-3.083
detection1	detection2	cost
1	3	-3.2674
2	4	-5.6071
5	6	-5.6071
7	8	-5.6071
2	9	-3.2674
4	9	-4.8231
1	10	0.96511
3	10	-3.2674
1	11	0.071429
3	11	-3.2674
10	11	-3.7143
12	13	-5.6071
12	14	-3.2674
13	14	-3.7143
5	15	0.53071
6	15	-0.67521
7	17	0.30445
8	17	0.071429
16	18	-5.6071
16	20	-3.7143
18	20	-5.6071
19	24	-5.6071
21	26	-4.8231
25	28	-5.6071
25	29	-3.2674
28	29	-3.7143
21	30	-2.1462
26	30	-1.5143
22	31	-3.2674
27	33	-5.6071
27	34	-3.2674
33	34	-3.7143
25	35	-3.7143
28	35	-5.6071
29	35	-3.2674
21	36	-1.5143
26	36	-3.7143
30	36	-1.5143
22	37	-1.5143
31	37	-3.2674
32	38	-3.7143
32	39	-1.5143
38	39	-4.8231
40	41	-5.6071
22	42	4.0138
31	42	0.96511
37	42	-1.8214
2	43	19.6016
4	43	17.7539
9	43	15.5276
2	44	20.0604
4	44	18.2456
9	44	15.9133
43	44	-5.6071
2	45	23.7178
4	45	21.885
9	45	19.6016
43	45	-3.2674
44	45	-3.7143
1	46	26.7811
3	46	23.3135
10	46	20.0604
11	46	19.269
7	47	20.8929
8	47	20.9559
17	47	13.4073
5	48	22.7857
6	48	22.8448
15	48	17.7539
7	49	67.8585
8	49	69.5744
17	49	66.7328
47	49	60.7479
12	50	22.8448
13	50	22.7857
14	50	19
5	51	24.6786
6	51	24.7342
15	51	19.6016
48	51	-5.6071
16	52	19.0675
18	52	17.1798
20	52	15.293
12	53	24.7342
13	53	24.6786
14	53	20.8929
50	53	-5.6071
12	54	24.9005
13	54	24.7342
14	54	20.9559
50	54	-4.8231
53	54	-5.6071
5	55	27.0414
6	55	26.7811
15	55	20.8929
48	55	-0.67521
51	55	-1.5143
7	56	26.624
8	56	26.7811
17	56	19.269
47	56	-1.5143
49	56	58.777
19	57	18.2456
24	57	16.443
19	58	19.6016
24	58	17.8953
57	58	-3.7143
16	59	21.1441
18	59	19.269
20	59	17.3966
52	59	-4.8231
12	60	26.7811
13	60	26.624
14	60	22.8448
50	60	-3.2674
53	60	-4.8231
54	60	-5.6071
7	61	28.663
8	61	28.9098
17	61	21.4551
47	61	0.96511
49	61	56.9684
56	61	-4.8231
23	62	18.2456
16	63	22.7857
18	63	20.8929
20	63	19
52	63	-3.2674
59	63	-3.2674
27	64	17.1071
33	64	15.2143
34	64	15.5276
7	65	70.7508
8	65	72.3597
17	65	68.686
47	65	60.062
49	65	2.1517
56	65	57.301
61	65	55.2219
32	66	18.8644
38	66	15.3715
39	66	12.8867
25	67	20.8929
28	67	19
29	67	19.269
35	67	17.1071
25	68	21.1441
28	68	19.269
29	68	19
35	68	17.3966
67	68	-3.7143
22	69	22.8448
31	69	19.269
37	69	17.1071
42	69	11.4286
7	70	79.8385
8	70	81.4844
17	70	78.0354
47	70	69.7137
49	70	6.1496
56	70	66.9256
61	70	64.826
65	70	2.1517
21	71	24.7342
26	71	22.7857
30	71	21.4551
36	71	19
21	72	24.7342
26	72	23.0214
30	72	20.9559
36	72	19.269
71	72	-3.7143
22	73	24.7342
31	73	20.8929
37	73	19.269
42	73	13.6628
69	73	-3.2674
32	74	21.885
38	74	18.2456
39	74	15.9133
66	74	-3.2674
32	75	22.4287
38	75	18.8644
39	75	16.443
66	75	-3.7143
74	75	-5.6071
27	76	22.7857
33	76	20.8929
34	76	21.1441
64	76	-1.8214
27	77	22.8448
33	77	20.9559
34	77	20.9559
64	77	-1.5143
76	77	-5.6071
32	78	24.8452
38	78	21.3311
39	78	18.8644
66	78	-1.5143
74	78	-3.2674
75	78	-4.8231
40	79	20.8929
41	79	20.9559
7	80	47.4255
8	80	47.3929
17	80	39.8214
47	80	19.0675
49	80	66.127
56	80	13.6628
61	80	12.262
65	80	61.9191
70	80	70.9338
1	81	55.0789
3	81	51.4527
10	81	47.9126
11	81	47.5232
46	81	20.8929
2	82	53.1896
4	82	51.3006
9	82	49.3173
43	82	26.624
44	82	26.7811
45	82	23.0214
2	83	53.337
4	83	51.4527
9	83	49.4118
43	83	26.5714
44	83	26.624
45	83	22.8448
82	83	-5.6071
7	84	53.1896
8	84	53.337
17	84	45.8033
47	84	24.9005
49	84	62.842
56	84	19.0675
61	84	17.1071
65	84	57.7693
70	84	66.4184
80	84	0.53071
7	85	53.0714
8	85	53.101
17	85	45.5338
47	85	24.6786
49	85	66.3214
56	85	19.0675
61	85	17.3966
65	85	61.401
70	85	70.1071
80	85	-1.5143
84	85	-3.7143
16	86	47.5232
18	86	45.635
20	86	43.7472
52	86	20.9559
59	86	19
63	86	17.3966
5	87	55.2219
6	87	55.0789
15	87	49.2857
48	87	25.1758
51	87	23.3135
55	87	20.8929
12	88	55.2219
13	88	55.0789
14	88	51.3006
50	88	24.9005
53	88	23.0214
54	88	22.8448
60	88	20.9559
16	89	51.3006
18	89	49.4118
20	89	47.5232
52	89	24.7342
59	89	22.7857
63	89	21.1441
86	89	-3.7143
23	90	47.5232
62	90	23.0214
19	91	49.4118
24	91	47.5232
57	91	24.9005
58	91	25.5573
16	92	53.0714
18	92	51.1786
20	92	49.2857
52	92	26.624
59	92	24.9005
63	92	22.7857
86	92	-0.67521
89	92	-3.2674
16	93	53.5428
18	93	51.665
20	93	49.7883
52	93	27.0414
59	93	24.9005
63	93	23.7178
86	93	-0.67521
89	93	-3.2674
92	93	0.071429
16	94	54.9643
18	94	53.0714
20	94	51.1786
52	94	28.5141
59	94	26.7811
63	94	24.6786
86	94	0.96511
89	94	-2.1462
92	94	-5.6071
93	94	0.30445
21	95	51.2091
26	95	49.2857
30	95	47.6858
36	95	45.5
71	95	19
72	95	19.269
25	96	51.4527
28	96	49.5689
29	96	49.3173
35	96	47.6858
67	96	23.3135
68	96	22.8448
25	97	51.665
28	97	49.7883
29	97	49.4118
35	97	47.9126
67	97	23.7178
68	97	23.0214
96	97	-5.6071
21	98	53.0714
26	98	51.2091
30	98	49.4118
36	98	47.4255
71	98	20.9559
72	98	20.9559
95	98	-4.8231
22	99	53.0714
31	99	49.3173
37	99	47.4255
42	99	41.7507
69	99	22.8448
73	99	20.9559
40	100	43.6071
41	100	43.6422
79	100	15.2143
25	101	53.1896
28	101	51.3006
29	101	51.1786
35	101	49.4118
67	101	24.9005
68	101	24.6786
96	101	-4.8231
97	101	-3.2674
32	102	51.4527
38	102	47.6858
39	102	45.635
66	102	26.7811
74	102	22.8448
75	102	23.0214
78	102	21.4551
32	103	51.665
38	103	47.9126
39	103	45.8033
66	103	26.624
74	103	22.7857
75	103	22.8448
78	103	21.1441
102	103	-5.6071
40	104	47.3929
41	104	47.4255
79	104	19
100	104	-3.7143
27	105	54.993
33	105	53.101
34	105	53.101
64	105	30.4044
76	105	24.7342
77	105	24.6786
40	106	49.4118
41	106	49.5689
79	106	21.1441
100	106	-0.67521
104	106	-3.2674
40	107	49.2857
41	107	49.3173
79	107	20.8929
100	107	-1.8214
104	107	-5.6071
106	107	-3.7143
27	108	56.885
33	108	54.993
34	108	54.993
64	108	32.295
76	108	26.624
77	108	26.5714
105	108	-5.6071
16	109	66.5395
18	109	64.6524
20	109	62.7655
52	109	39.9726
59	109	37.968
63	109	36.4045
86	109	11.523
89	109	7.7607
92	109	6.9156
93	109	5.8845
94	109	5.1977
40	110	51.2091
41	110	51.1786
79	110	22.8448
100	110	0.30445
104	110	-3.2674
106	110	-1.5143
107	110	-4.8231
27	111	58.8581
33	111	56.9684
34	111	56.8571
64	111	34.3146
76	111	28.663
77	111	28.5141
105	111	-3.2674
108	111	-4.8231
2	112	80.5738
4	112	78.703
9	112	76.5565
43	112	53.5428
44	112	53.337
45	112	49.5689
82	112	20.6393
83	112	20.0604
1	113	83.5344
3	113	79.9
10	113	76.3217
11	113	75.9791
46	113	49.3173
81	113	20.9559
1	114	83.6721
3	114	80.0843
10	114	76.5565
11	114	76.1292
46	114	49.4118
81	114	21.1441
113	114	-5.6071
2	115	82.1863
4	115	80.309
9	115	78.2028
43	115	55.2219
44	115	55.0789
45	115	51.3006
82	115	21.885
83	115	21.4551
112	115	-4.8231
12	116	77.8676
13	116	77.7627
14	116	73.9808
50	116	47.5232
53	116	45.635
54	116	45.5338
60	116	43.6422
88	116	15.2143
12	117	78.0144
13	117	77.8676
14	117	74.0907
50	117	47.6858
53	117	45.8033
54	117	45.635
60	117	43.7472
88	117	15.293
116	117	-5.6071
5	118	79.592
6	118	79.5714
15	118	73.9808
48	118	49.3173
51	118	47.4255
55	118	45.635
87	118	17.3966
7	119	104.5629
8	119	105.7239
17	119	99.8769
47	119	83.6721
49	119	49.2857
56	119	78.5366
61	119	75.8717
65	119	39.8593
70	119	38.5552
80	119	70.3837
84	119	62.842
85	119	66.3214
19	120	70.9338
24	120	69.0613
57	120	45.635
58	120	45.5
91	120	14.6553
2	121	84.3182
4	121	82.4456
9	121	80.309
43	121	57.301
44	121	57.1072
45	121	53.337
82	121	24.2301
83	121	23.7178
112	121	-3.7143
115	121	-4.8231
5	122	81.6453
6	122	81.5448
15	122	75.7857
48	122	51.4527
51	122	49.5689
55	122	47.3929
87	122	19
118	122	-3.2674
7	123	81.4844
8	123	81.4643
17	123	73.8929
47	123	53.101
49	123	82.6644
56	123	47.5232
61	123	45.8033
65	123	75.4624
70	123	82.4257
80	123	26.5714
84	123	21.4551
85	123	20.9559
119	123	62.5357
23	124	70.6821
62	124	45.5338
90	124	15.9133
12	125	81.9663
13	125	81.7859
14	125	78.0144
50	125	51.665
53	125	49.7883
54	125	49.5689
60	125	47.6858
88	125	19.269
116	125	-2.1462
117	125	-3.2674
5	126	84.0642
6	126	83.8487
15	126	77.8676
48	126	54.127
51	126	52.2675
55	126	49.5689
87	126	21.4551
118	126	2.6933
122	126	-1.5143
7	127	83.3769
8	127	83.3571
17	127	75.7857
47	127	54.993
49	127	83.8684
56	127	49.4118
61	127	47.6858
65	127	76.5565
70	127	83.3966
80	127	28.4643
84	127	23.3135
85	127	22.8448
119	127	62.5613
123	127	-5.6071
19	128	74.4413
24	128	72.5614
57	128	49.3173
58	128	49.3173
91	128	17.7539
120	128	-3.2674
5	129	85.7316
6	129	85.5585
15	129	79.6537
48	129	55.6772
51	129	53.8064
55	129	51.3006
87	129	23.0214
118	129	1.9643
122	129	-2.1462
126	129	-4.8231
19	130	76.5565
24	130	74.6814
57	130	51.3006
58	130	51.1786
91	130	20.0604
120	130	-1.8214
128	130	-4.8231
7	131	108.5215
8	131	109.5821
17	131	103.4221
47	131	86.2299
49	131	56.9684
56	131	80.8378
61	131	78.1609
65	131	47.4255
70	131	46.7032
80	131	70.7508
84	131	62.9438
85	131	66.2243
119	131	0.96511
123	131	59.1812
127	131	58.9929
25	132	76.1292
28	132	74.2443
29	132	73.9808
35	132	72.3597
67	132	47.9126
68	132	47.5232
96	132	17.1798
97	132	17.1071
101	132	15.5276
21	133	77.8676
26	133	76.1292
30	133	73.9149
36	133	72.3597
71	133	46.0381
72	133	45.635
95	133	20.0604
98	133	17.7539
25	134	78.4324
28	134	76.5565
29	134	76.1292
35	134	74.6814
67	134	50.4103
68	134	49.7883
96	134	19.6016
97	134	19.269
101	134	18.2456
132	134	-3.2674
21	135	79.592
26	135	77.7627
30	135	75.8072
36	135	73.9808
71	135	47.5232
72	135	47.3929
95	135	21.1441
98	135	19.0675
133	135	-3.2674
22	136	79.7564
31	136	76.1292
37	136	73.9808
42	136	68.3089
69	136	49.4118
73	136	47.9126
99	136	19.6016
32	137	76.3217
38	137	72.5614
39	137	70.4756
66	137	51.1786
74	137	47.4255
75	137	47.3929
78	137	45.5338
102	137	17.3966
103	137	17.1798
32	138	76.5565
38	138	72.8071
39	138	70.6821
66	138	51.2091
74	138	47.5232
75	138	47.4255
78	138	45.5
102	138	17.7539
103	138	17.3966
137	138	-5.6071
40	139	70.1302
41	139	70.1071
79	139	41.7507
100	139	19.0675
104	139	15.293
106	139	14.0819
107	139	13.4073
110	139	11.4286
22	140	81.4844
31	140	77.7627
37	140	75.7857
42	140	70.1071
69	140	51.1786
73	140	49.4118
99	140	20.9559
136	140	-3.2674
40	141	72.0901
41	141	72.0225
79	141	43.7472
100	141	21.1441
104	141	17.3966
106	141	16.443
107	141	15.5276
110	141	13.4073
139	141	-4.8231
27	142	81.2223
33	142	79.3654
34	142	78.703
64	142	57.2457
76	142	51.786
77	142	51.2701
105	142	21.3932
108	142	19.7992
111	142	17.1798
27	143	81.6051
33	143	79.7564
34	143	79.0141
64	143	57.7693
76	143	52.3574
77	143	51.786
105	143	22.4287
108	143	20.8929
111	143	18.2456
142	143	-5.6071
21	144	83.436
26	144	81.6453
30	144	79.5714
36	144	77.8676
71	144	51.4527
72	144	51.2091
95	144	25.1758
98	144	23.0214
133	144	-1.5143
135	144	-3.2674
22	145	83.3769
31	145	79.5714
37	145	77.7627
42	145	72.0901
69	145	53.1896
73	145	51.1786
99	145	22.8448
136	145	0.96511
140	145	-3.2674
40	146	73.9149
41	146	73.8929
79	146	45.5338
100	146	22.8448
104	146	19.0675
106	146	17.7539
107	146	17.1798
110	146	15.2143
139	146	-3.7143
141	146	-4.8231
1	2	-1.6878
2	3	-2.0804
1	4	-2.0255
3	4	-2.4786
5	7	-2.1312
6	7	-2.1655
5	8	-2.1007
6	8	-2.1302
1	9	-1.693
3	9	-1.9474
2	10	-1.5941
4	10	-2.1068
9	10	-1.7091
2	11	-1.9877
4	11	-2.1548
9	11	-1.6865
5	12	-2.2187
6	12	-2.2123
5	13	-2.1475
6	13	-2.205
5	14	-1.4995
6	14	-1.655
7	15	-1.3811
8	15	-1.47
12	15	-1.8786
13	15	-1.8505
14	15	-1.8648
1	16	-1.9329
3	16	-2.071
10	16	-1.3068
11	16	-2.0574
5	17	-1.2192
6	17	-1.1688
15	17	-2.0138
1	18	-1.9069
3	18	-2.0197
10	18	-1.2892
11	18	-2.0546
1	19	-1.9637
2	19	-2.4563
3	19	-2.1863
4	19	-2.4147
5	19	-1.7497
6	19	-1.8324
7	19	-1.5999
8	19	-1.5606
9	19	-2.0588
10	19	-2.1273
11	19	-1.8856
12	19	-1.7662
13	19	-1.8194
14	19	-1.8788
15	19	-1.7131
16	19	-1.5991
17	19	-1.581
18	19	-1.5732
1	20	-1.8676
3	20	-1.8936
10	20	-1.2524
11	20	-2.1791
19	20	-1.81
19	21	-1.7449
19	22	-1.8148
21	22	-2.1897
19	23	-2.3722
1	24	-1.7415
2	24	-2.3528
3	24	-1.922
4	24	-2.4382
5	24	-1.5615
6	24	-1.6534
7	24	-1.4358
8	24	-1.3982
9	24	-2.2248
10	24	-1.8345
11	24	-1.612
12	24	-1.5017
13	24	-1.5692
14	24	-1.5899
15	24	-1.5526
16	24	-1.2584
17	24	-1.5697
18	24	-1.2217
20	24	-1.4798
21	24	-1.8754
22	24	-1.6215
23	24	-2.2268
19	25	-1.8845
21	25	-1.9311
24	25	-2.0366
19	26	-1.7896
22	26	-2.1471
24	26	-1.8405
25	26	-2.1584
19	27	-1.9055
24	27	-1.9052
19	28	-1.8718
21	28	-1.7686
24	28	-1.8336
26	28	-2.0291
19	29	-1.8829
21	29	-1.9194
24	29	-1.8534
26	29	-2.1551
19	30	-1.6854
22	30	-1.5136
24	30	-1.8205
25	30	-2.1563
28	30	-2.268
29	30	-1.8809
19	31	-1.6476
21	31	-1.6958
24	31	-1.6544
26	31	-1.9068
30	31	-2.2863
19	32	-2.0359
24	32	-1.5671
19	33	-2.0401
24	33	-1.7072
19	34	-2.0505
24	34	-1.9427
19	35	-1.7541
21	35	-1.5201
24	35	-1.6939
26	35	-1.7478
30	35	-2.1894
19	36	-1.5638
22	36	-1.5912
24	36	-1.7443
25	36	-1.7277
28	36	-1.9743
29	36	-1.4128
31	36	-2.1694
35	36	-2.0804
19	37	-1.4273
21	37	-1.4144
24	37	-1.5245
26	37	-1.5968
30	37	-1.8932
36	37	-2.1252
19	38	-2.1624
24	38	-1.9424
19	39	-2.1628
24	39	-1.9584
19	40	-2.0127
24	40	-1.7796
27	40	-1.9226
32	40	-2.4022
33	40	-1.5432
34	40	-1.4426
38	40	-2.5332
39	40	-2.4255
19	41	-1.873
24	41	-1.6778
27	41	-1.6788
32	41	-2.2432
33	41	-1.1442
34	41	-1.4406
38	41	-2.499
39	41	-2.3734
19	42	-1.1122
21	42	-0.56217
24	42	-1.2088
26	42	-0.74998
30	42	-0.81804
36	42	-1.2117
1	43	2.416
3	43	2.7114
10	43	3.0167
11	43	2.6596
19	43	3.8741
24	43	3.6888
1	44	2.5551
3	44	2.8612
10	44	3.1854
11	44	2.814
19	44	3.7508
24	44	3.5613
1	45	2.5365
3	45	2.8336
10	45	3.142
11	45	2.8318
19	45	4.1559
24	45	4.0062
2	46	2.5765
4	46	2.589
9	46	2.7932
16	46	5.7945
18	46	5.6668
19	46	3.5301
20	46	5.4363
24	46	3.3831
43	46	-1.1625
44	46	-0.97774
45	46	-2.0144
5	47	1.5727
6	47	1.6642
15	47	1.4008
19	47	0.66752
24	47	0.53704
7	48	1.64
8	48	1.5344
12	48	2.6633
13	48	2.7996
14	48	2.7116
17	48	1.088
19	48	1.8256
24	48	1.676
47	48	-1.8716
5	49	6.0524
6	49	6.1432
15	49	6.5209
19	49	5.4741
24	49	5.3966
48	49	7.2765
5	50	2.7328
6	50	2.6126
15	50	2.2087
19	50	2.8503
24	50	2.7354
48	50	-2.1479
7	51	1.782
8	51	1.6794
12	51	2.587
13	51	2.7236
14	51	2.6479
17	51	1.2589
19	51	1.8237
24	51	1.6758
47	51	-1.5585
49	51	7.4496
50	51	-2.449
1	52	-0.23102
3	52	-0.29444
10	52	0.084503
11	52	-0.66813
19	52	2.8963
24	52	2.8174
46	52	-1.9817
5	53	2.7564
6	53	2.6415
15	53	2.2643
19	53	2.8493
24	53	2.7407
48	53	-1.905
51	53	-1.9767
5	54	2.9242
6	54	2.8036
15	54	2.4153
19	54	2.7099
24	54	2.6016
48	54	-1.7395
51	54	-1.8642
7	55	2.1517
8	55	2.0374
12	55	2.3775
13	55	2.4909
14	55	2.4095
17	55	1.6509
19	55	1.6523
24	55	1.5149
47	55	-1.1414
49	55	7.4735
50	55	-2.0588
53	55	-2.1201
54	55	-2.1959
5	56	2.0333
6	56	2.1262
15	56	1.9372
19	56	1.122
24	56	0.9953
48	56	-1.899
51	56	-2.2145
55	56	-2.0106
1	57	1.8636
2	57	0.46843
3	57	1.9055
4	57	0.38086
5	57	1.8533
6	57	1.7726
7	57	1.2386
8	57	1.2078
9	57	0.46371
10	57	2.0105
11	57	1.9773
12	57	2.6193
13	57	2.5333
14	57	2.3916
15	57	1.4646
16	57	2.9108
17	57	0.71018
18	57	2.8639
20	57	2.6365
21	57	1.7615
22	57	1.0622
23	57	2.8515
25	57	2.853
26	57	1.784
27	57	3.7002
28	57	2.8416
29	57	2.5496
30	57	1.4319
31	57	0.86091
32	57	5.3295
33	57	3.8066
34	57	3.2706
35	57	2.7577
36	57	1.5196
37	57	0.59664
38	57	5.4195
39	57	5.0617
40	57	3.5093
41	57	3.2996
42	57	0.28457
43	57	-2.012
44	57	-2.3785
45	57	-2.1464
46	57	-1.9264
47	57	-1.4626
48	57	-1.7768
49	57	6.7586
50	57	-1.6751
51	57	-1.8842
52	57	-1.8633
53	57	-1.6185
54	57	-1.6774
55	57	-1.7977
56	57	-1.6383
1	58	2.1113
2	58	0.44319
3	58	2.1695
4	58	0.366
5	58	2.0297
6	58	1.9389
7	58	1.3341
8	58	1.2979
9	58	0.44978
10	58	2.2979
11	58	2.2449
12	58	2.8731
13	58	2.7754
14	58	2.6457
15	58	1.6039
16	58	3.1386
17	58	0.79503
18	58	3.1052
20	58	2.9042
21	58	1.948
22	58	1.1941
23	58	2.3223
25	58	3.1537
26	58	1.9739
27	58	4.124
28	58	3.1357
29	58	2.8013
30	58	1.5843
31	58	0.99094
32	58	5.0718
33	58	4.2327
34	58	3.6377
35	58	3.0459
36	58	1.6967
37	58	0.71196
38	58	4.7416
39	58	4.806
40	58	4.1013
41	58	3.837
42	58	0.37749
43	58	-1.3446
44	58	-1.559
45	58	-1.6726
46	58	-1.7578
47	58	-1.3874
48	58	-1.7747
49	58	7.6298
50	58	-1.7548
51	58	-1.8285
52	58	-1.5297
53	58	-1.5775
54	58	-1.6244
55	58	-1.7279
56	58	-1.5697
1	59	-0.29208
3	59	-0.57416
10	59	-0.42211
11	59	-0.79511
19	59	2.8034
24	59	2.7304
46	59	-1.5615
57	59	-1.7841
58	59	-1.6023
5	60	2.9004
6	60	2.7858
15	60	2.4247
19	60	2.7661
24	60	2.6648
48	60	-1.4013
51	60	-1.5035
55	60	-1.8552
57	60	-1.4707
58	60	-1.3637
5	61	2.1706
6	61	2.2663
15	61	2.1089
19	61	1.2108
24	61	1.0831
48	61	-1.6616
51	61	-2.0196
55	61	-2.013
57	61	-1.6253
58	61	-1.5437
19	62	3.6408
24	62	3.8139
57	62	-2.4156
58	62	-2.3669
1	63	0.12397
3	63	0.047423
10	63	0.41409
11	63	-0.32488
19	63	2.5225
24	63	2.4566
46	63	-2.0331
57	63	-0.98166
58	63	-0.99653
19	64	1.6637
24	64	1.6227
40	64	6.0348
41	64	5.8879
57	64	-2.0282
58	64	-1.6347
5	65	6.9726
6	65	7.0547
15	65	7.3091
19	65	5.3592
24	65	5.2884
48	65	7.5018
51	65	7.6288
55	65	8.1258
57	65	5.8103
58	65	7.0422
19	66	0.13012
24	66	0.090465
40	66	3.2948
41	66	3.1131
57	66	-1.7873
58	66	-1
19	67	2.0251
21	67	2.0811
24	67	1.9536
26	67	2.1281
30	67	1.6789
36	67	1.9074
57	67	-1.9526
58	67	-1.6346
19	68	1.8317
21	68	2.3692
24	68	1.7591
26	68	2.4409
30	68	1.9568
36	68	2.2423
57	68	-2.0273
58	68	-1.8642
19	69	0.80307
21	69	1.6691
24	69	0.72831
26	69	1.5553
30	69	1.6881
36	69	1.3261
57	69	-1.5294
58	69	-1.4618
5	70	7.5045
6	70	7.5786
15	70	7.8185
19	70	6.595
24	70	6.5775
48	70	7.9123
51	70	8.0174
55	70	8.4801
57	70	7.9164
58	70	8.3628
19	71	1.267
22	71	1.7957
24	71	1.1724
25	71	2.0755
28	71	2.0447
29	71	2.5134
31	71	1.6946
35	71	1.9702
37	71	1.2847
42	71	0.84797
57	71	-1.9647
58	71	-1.8366
67	71	-2.0184
68	71	-2.0305
69	71	-2.0357
19	72	1.203
22	72	1.9737
24	72	1.113
25	72	1.8934
28	72	1.8627
29	72	2.3141
31	72	1.8957
35	72	1.7866
37	72	1.4699
42	72	1.0451
57	72	-1.8935
58	72	-1.7131
67	72	-1.9972
68	72	-2.0539
69	72	-1.9247
19	73	0.84576
21	73	1.8917
24	73	0.7654
26	73	1.7793
30	73	1.9503
36	73	1.5711
57	73	-1.6709
58	73	-1.5859
71	73	-2.3151
72	73	-2.2602
19	74	-0.35756
24	74	-0.3893
40	74	2.8568
41	74	2.6852
57	74	-2.4317
58	74	-1.6165
19	75	-0.06814
24	75	-0.10231
40	75	3.0259
41	75	2.846
57	75	-2.0949
58	75	-1.3641
19	76	1.3691
24	76	1.3443
40	76	6.0618
41	76	5.6909
57	76	-1.9876
58	76	-1.2033
19	77	1.1297
24	77	1.0978
40	77	5.9601
41	77	5.8603
57	77	-1.8042
58	77	-1.7162
19	78	-0.16478
24	78	-0.20024
40	78	2.6851
41	78	2.4811
57	78	-2.1561
58	78	-1.4971
19	79	0.54658
24	79	0.53484
27	79	-0.22337
32	79	1.5051
33	79	-0.19644
34	79	-0.16004
38	79	1.7075
39	79	1.91
57	79	-1.9233
58	79	-1.5914
64	79	-0.99147
66	79	-1.4831
74	79	-1.5368
75	79	-1.2787
76	79	-1.0109
77	79	-1.6567
78	79	-0.37829
5	80	3.8128
6	80	3.8677
15	80	3.6995
19	80	3.4214
24	80	3.3302
48	80	1.3987
51	80	1.2423
55	80	1.3905
57	80	1.2269
58	80	1.3071
2	81	5.1076
4	81	5.178
9	81	5.4071
16	81	8.6107
18	81	8.5235
19	81	6.66
20	81	8.3382
24	81	6.6334
43	81	3.3138
44	81	3.4844
45	81	3.4713
52	81	6.8371
57	81	4.5532
58	81	5.0196
59	81	6.9572
63	81	6.2469
1	82	4.977
3	82	5.2331
10	82	5.4775
11	82	5.3515
19	82	7.0981
24	82	7.0432
46	82	2.5944
57	82	5.5141
58	82	5.6941
81	82	-2.266
1	83	5.1198
3	83	5.3754
10	83	5.6206
11	83	5.4927
19	83	6.8848
24	83	6.8261
46	83	2.7814
57	83	5.2002
58	83	5.6207
81	83	-2.1789
5	84	4.2287
6	84	4.2849
15	84	4.1466
19	84	3.7893
24	84	3.6997
48	84	2.0355
51	84	1.8988
55	84	2.1549
57	84	1.6368
58	84	1.7477
5	85	4.0706
6	85	4.1245
15	85	3.9711
19	85	3.6792
24	85	3.5911
48	85	1.8178
51	85	1.6788
55	85	1.8816
57	85	1.5416
58	85	1.6395
1	86	1.5751
3	86	1.4903
10	86	1.8422
11	86	1.1349
19	86	5.9331
24	86	5.9517
46	86	-0.17786
57	86	4.1539
58	86	4.6174
81	86	-1.9626
7	87	3.9876
8	87	3.9086
12	87	4.9651
13	87	5.0441
14	87	5.0831
17	87	3.6891
19	87	4.6552
24	87	4.5776
47	87	2.2469
49	87	7.2383
50	87	2.3991
53	87	2.3519
54	87	2.4155
56	87	2.0197
57	87	2.2734
58	87	2.448
60	87	2.4004
61	87	2.0883
65	87	7.5953
70	87	8.2828
80	87	-1.3861
84	87	-2.1555
85	87	-2.2345
5	88	5.3105
6	88	5.2339
15	88	5.0363
19	88	5.4173
24	88	5.4055
48	88	3.0052
51	88	3.1016
55	88	2.5904
57	88	3.3166
58	88	3.6513
87	88	-2.1594
1	89	1.4778
3	89	1.395
10	89	1.7493
11	89	1.0376
19	89	5.6347
24	89	5.6555
46	89	-0.27905
57	89	3.9233
58	89	4.3879
81	89	-2.2159
19	90	5.2309
24	90	5.418
57	90	2.8086
58	90	2.79
1	91	4.3138
2	91	2.614
3	91	4.3386
4	91	2.5146
5	91	4.412
6	91	4.3488
7	91	3.6099
8	91	3.5716
9	91	2.6722
10	91	4.401
11	91	4.518
12	91	4.7748
13	91	4.7392
14	91	4.7034
15	91	4.1703
16	91	5.608
17	91	3.1993
18	91	5.5996
20	91	5.4249
21	91	4.4247
22	91	3.3874
23	91	5.2163
25	91	5.5717
26	91	4.4946
27	91	6.1422
28	91	5.6352
29	91	5.4349
30	91	4.1915
31	91	3.2768
32	91	6.8637
33	91	6.3179
34	91	5.9801
35	91	5.642
36	91	4.3593
37	91	3.0242
38	91	6.8591
39	91	6.6449
40	91	6.543
41	91	6.4135
42	91	2.8159
43	91	0.49121
44	91	0.41072
45	91	0.20433
46	91	1.8465
47	91	1.5597
48	91	2.0279
49	91	5.5171
50	91	2.4148
51	91	2.0585
52	91	3.2222
53	91	2.4805
54	91	2.3912
55	91	1.8473
56	91	1.2267
59	91	3.1006
60	91	2.3776
61	91	1.2298
62	91	3.8842
63	91	3.8121
64	91	4.3683
65	91	5.2582
66	91	4.0564
67	91	3.4167
68	91	3.176
69	91	1.1911
70	91	6.218
71	91	2.2808
72	91	2.0923
73	91	1.2722
74	91	4.3157
75	91	4.0234
76	91	4.3767
77	91	4.3051
78	91	3.8532
79	91	4.2322
80	91	-1.5676
81	91	-2.2205
82	91	-2.1221
83	91	-2.5026
84	91	-1.6364
85	91	-1.6597
86	91	-1.9059
87	91	-1.9504
88	91	-1.9706
89	91	-1.7108
90	91	-2.4008
1	92	2.1868
3	92	2.0913
10	92	2.4349
11	92	1.7385
19	92	5.9755
24	92	6.0056
46	92	0.2222
57	92	4.4252
58	92	4.8929
81	92	-1.9233
91	92	-1.8442
1	93	1.543
3	93	1.3424
10	93	1.5627
11	93	1.0669
19	93	5.5768
24	93	5.5938
46	93	0.065793
57	93	3.7815
58	93	4.2059
81	93	-1.8529
91	93	-1.7049
1	94	2.3615
3	94	2.2649
10	94	2.6072
11	94	1.9133
19	94	6.1197
24	94	6.1518
46	94	0.41138
57	94	4.5905
58	94	5.0418
81	94	-1.7569
91	94	-1.5111
19	95	4.0612
22	95	3.4723
24	95	4.0245
25	95	4.4127
28	95	4.4193
29	95	4.7702
31	95	3.433
35	95	4.3899
37	95	3.1447
42	95	2.9216
57	95	1.8609
58	95	2.0207
67	95	2.3433
68	95	2.5344
69	95	1.4197
73	95	1.5847
91	95	-1.5966
19	96	4.8441
21	96	4.6929
24	96	4.8506
26	96	4.7677
30	96	4.4863
36	96	4.6962
57	96	2.6615
58	96	2.9368
71	96	2.8962
72	96	2.5884
91	96	-2.0442
95	96	-1.6161
19	97	4.7999
21	97	4.8014
24	97	4.8049
26	97	4.8804
30	97	4.5974
36	97	4.8142
57	97	2.591
58	97	2.8563
71	97	3.0795
72	97	2.7598
91	97	-1.9672
95	97	-1.409
19	98	4.0488
22	98	3.5781
24	98	4.0134
25	98	4.3498
28	98	4.3574
29	98	4.7023
31	98	3.5455
35	98	4.3286
37	98	3.2585
42	98	3.0468
57	98	1.8795
58	98	2.0365
67	98	2.2982
68	98	2.4679
69	98	1.6051
73	98	1.7919
91	98	-1.7923
96	98	-2.0829
97	98	-1.9516
19	99	3.2063
21	99	3.6358
24	99	3.1665
26	99	3.5978
30	99	3.66
36	99	3.4812
57	99	1.286
58	99	1.3447
71	99	1.5432
72	99	1.7718
91	99	-1.7019
95	99	-1.9926
98	99	-2.3026
19	100	4.0679
24	100	4.1133
27	100	4.6209
32	100	4.1902
33	100	4.6076
34	100	5.0005
38	100	4.4252
39	100	4.6139
57	100	2.3127
58	100	2.4613
64	100	3.4496
66	100	2.3554
74	100	2.7135
75	100	2.8875
76	100	3.055
77	100	3.2978
78	100	3.5757
91	100	-1.8509
19	101	4.8861
21	101	4.6857
24	101	4.8959
26	101	4.7562
30	101	4.4817
36	101	4.6821
57	101	2.7682
58	101	3.0536
71	101	2.8665
72	101	2.5773
91	101	-2.0078
95	101	-1.3077
98	101	-1.8027
19	102	2.5595
24	102	2.5635
40	102	5.2566
41	102	5.1652
57	102	0.86238
58	102	0.80398
79	102	3.4771
91	102	-2.4625
100	102	-1.2925
19	103	2.7353
24	103	2.7378
40	103	5.4311
41	103	5.3394
57	103	0.97973
58	103	0.98911
79	103	3.733
91	103	-2.3351
100	103	-1.0874
19	104	3.6988
24	104	3.745
27	104	4.5244
32	104	4.1244
33	104	4.5097
34	104	4.7983
38	104	4.3628
39	104	4.5461
57	104	1.9748
58	104	2.1238
64	104	3.3824
66	104	2.3197
74	104	2.706
75	104	2.8594
76	104	3.0146
77	104	3.1461
78	104	3.5265
91	104	-1.981
102	104	-2.3153
103	104	-2.2024
19	105	4.5251
24	105	4.5707
40	105	7.7421
41	105	7.4893
57	105	2.7693
58	105	3.0524
79	105	5.8329
91	105	-1.7059
100	105	0.58162
104	105	1.2562
19	106	3.4979
24	106	3.5487
27	106	3.626
32	106	4.1121
33	106	3.5176
34	106	3.7875
38	106	4.3482
39	106	4.5294
57	106	1.8989
58	106	2.0633
64	106	2.3232
66	106	2.4521
74	106	2.8337
75	106	2.98
76	106	2.1026
77	106	2.0542
78	106	3.6295
91	106	-1.8163
102	106	-2.0607
103	106	-1.9623
105	106	-0.038473
19	107	3.6776
24	107	3.7249
27	107	2.6891
32	107	4.1169
33	107	2.6737
34	107	2.9192
38	107	4.3564
39	107	4.5374
57	107	1.9715
58	107	2.1158
64	107	1.5567
66	107	2.323
74	107	2.7203
75	107	2.865
76	107	1.1983
77	107	1.2883
78	107	3.5229
91	107	-2.1398
102	107	-2.467
103	107	-2.5611
105	107	-0.33979
19	108	4.5122
24	108	4.5588
40	108	7.4044
41	108	7.1605
57	108	2.772
58	108	3.05
79	108	5.496
91	108	-1.4958
100	108	0.24827
104	108	0.97176
106	108	-0.41326
107	108	3.2376
1	109	5.1106
3	109	4.9966
10	109	5.316
11	109	4.6646
19	109	7.8163
24	109	7.8531
46	109	3.4872
57	109	6.2529
58	109	6.5909
81	109	1.3524
91	109	2.2195
19	110	3.9318
24	110	3.9793
27	110	3.3052
32	110	4.2168
33	110	3.3288
34	110	3.7503
38	110	4.4591
39	110	4.6382
57	110	2.1967
58	110	2.318
64	110	2.1571
66	110	2.3713
74	110	2.7874
75	110	2.9232
76	110	1.6965
77	110	2.021
78	110	3.5773
91	110	-1.9716
102	110	-1.9657
103	110	-2.023
105	110	-0.58974
108	110	-1.1637
19	111	4.4816
24	111	4.5268
40	111	7.9887
41	111	7.7444
57	111	2.7146
58	111	2.98
79	111	6.0545
91	111	-1.3906
100	111	1.7822
104	111	0.75734
106	111	0.24264
107	111	2.7743
110	111	3.1787
1	112	7.3414
3	112	7.5767
10	112	7.8018
11	112	7.7184
19	112	8.5307
24	112	8.4762
46	112	5.4389
57	112	6.6608
58	112	7.3882
81	112	3.2987
91	112	3.2682
2	113	7.0438
4	113	7.1284
9	113	7.3492
16	113	5.6929
18	113	5.617
19	113	8.5211
20	113	5.4385
24	113	8.5231
43	113	5.4165
44	113	5.5283
45	113	5.5937
52	113	3.9418
57	113	6.8219
58	113	7.129
59	113	3.9203
63	113	3.6127
82	113	2.3421
83	113	2.411
86	113	2.1883
89	113	2.1523
91	113	2.977
92	113	1.7505
93	113	2.1567
94	113	1.6156
109	113	-0.67136
112	113	-2.2613
2	114	7.0699
4	114	7.1532
9	114	7.3707
16	114	7.2194
18	114	7.1321
19	114	8.5231
20	114	6.9517
24	114	8.5234
43	114	5.4163
44	114	5.5255
45	114	5.5855
52	114	5.4322
57	114	6.7907
58	114	7.0894
59	114	5.4701
63	114	5.0892
82	114	2.3022
83	114	2.3613
86	114	3.5869
89	114	3.5178
91	114	2.93
92	114	2.7003
93	114	3.6967
94	114	2.4639
109	114	-0.27475
112	114	-2.49
1	115	7.2152
3	115	7.45
10	115	7.6735
11	115	7.5945
19	115	8.576
24	115	8.5234
46	115	5.3007
57	115	6.7389
58	115	7.4057
81	115	3.1068
91	115	3.4676
113	115	-1.7137
114	115	-2.0133
5	116	7.0193
6	116	6.9626
15	116	6.8226
19	116	7.1455
24	116	7.1615
48	116	4.9384
51	116	5.0516
55	116	4.7177
57	116	5.4547
58	116	5.7167
87	116	2.0036
91	116	2.2157
5	117	7.1437
6	117	7.0852
15	117	6.9422
19	117	7.0802
24	117	7.0945
48	117	5.092
51	117	5.2052
55	117	4.8627
57	117	5.3642
58	117	5.6213
87	117	2.2027
91	117	2.1114
7	118	5.4768
8	118	5.415
12	118	7.0502
13	118	7.1128
14	118	7.1887
17	118	5.2281
19	118	6.8433
24	118	6.7937
47	118	3.9652
49	118	7.8278
50	118	4.912
53	118	4.9273
54	118	4.9567
56	118	3.7933
57	118	4.9132
58	118	5.0765
60	118	5.013
61	118	3.8473
65	118	7.3629
70	118	8.0058
80	118	1.6679
84	118	1.6214
85	118	1.4349
88	118	2.4745
91	118	1.7495
116	118	-1.641
117	118	-1.5703
5	119	7.2758
6	119	7.3349
15	119	7.3672
19	119	7.7831
24	119	7.7428
48	119	6.4137
51	119	6.4073
55	119	6.7804
57	119	6.8287
58	119	7.0624
87	119	7.053
91	119	5.7099
118	119	7.7391
1	120	6.6254
2	120	4.8348
3	120	6.6458
4	120	4.7396
5	120	6.3566
6	120	6.3005
7	120	5.329
8	120	5.2898
9	120	4.9004
10	120	6.7018
11	120	6.8364
12	120	6.7667
13	120	6.7429
14	120	6.731
15	120	6.1626
16	120	7.3211
17	120	4.9708
18	120	7.3203
20	120	7.1638
21	120	6.4071
22	120	5.2192
23	120	6.4459
25	120	7.7331
26	120	6.4829
27	120	7.8905
28	120	7.8047
29	120	7.633
30	120	6.2097
31	120	5.1393
32	120	9.1717
33	120	8.0687
34	120	7.7704
35	120	7.8245
36	120	6.3834
37	120	4.9022
38	120	9.1767
39	120	8.984
40	120	8.7163
41	120	8.6016
42	120	4.7315
43	120	2.8926
44	120	2.8327
45	120	2.6624
46	120	4.5604
47	120	3.5628
48	120	4.4129
49	120	6.7549
50	120	4.9409
51	120	4.458
52	120	5.3281
53	120	5.0304
54	120	4.9559
55	120	4.2586
56	120	3.3017
59	120	5.2612
60	120	4.9762
61	120	3.3243
62	120	5.0174
63	120	5.891
64	120	6.5569
65	120	6.5775
66	120	6.6591
67	120	6.1578
68	120	5.9335
69	120	3.3402
70	120	7.0904
71	120	4.7572
72	120	4.5533
73	120	3.4604
74	120	6.9457
75	120	6.6965
76	120	6.7075
77	120	6.6511
78	120	6.5949
79	120	7.2043
80	120	0.85429
81	120	2.2164
82	120	0.78142
83	120	0.93621
84	120	0.68422
85	120	0.6092
86	120	2.527
87	120	1.286
88	120	2.2245
89	120	2.796
90	120	2.0206
92	120	3.0254
93	120	2.2386
94	120	2.8326
95	120	1.6894
96	120	2.3516
97	120	2.1985
98	120	1.4752
99	120	0.72224
100	120	3.8082
101	120	2.3878
102	120	4.926
103	120	4.5111
104	120	3.7074
105	120	2.9708
106	120	4.2906
107	120	3.4621
108	120	2.7344
109	120	-1.6351
110	120	2.6706
111	120	2.1691
112	120	-1.8055
113	120	-2.172
114	120	-2.0902
115	120	-1.6707
116	120	-1.3898
117	120	-1.4234
118	120	-1.0819
119	120	9.1491
1	121	7.2103
3	121	7.4423
10	121	7.6636
11	121	7.5878
19	121	8.2722
24	121	8.2183
46	121	5.3262
57	121	6.4123
58	121	7.1388
81	121	3.2298
91	121	3.1191
113	121	-0.90636
114	121	-1.3252
120	121	-1.0939
7	122	5.5733
8	122	5.5113
12	122	6.8563
13	122	6.9171
14	122	6.9888
17	122	5.3309
19	122	6.7306
24	122	6.6806
47	122	4.1111
49	122	7.884
50	122	4.6852
53	122	4.6964
54	122	4.7218
56	122	3.9563
57	122	4.7924
58	122	4.9482
60	122	4.773
61	122	4.0157
65	122	7.454
70	122	8.0752
80	122	1.9213
84	122	1.9438
85	122	1.7303
88	122	2.1427
91	122	1.6576
116	122	-1.9097
117	122	-1.8801
119	122	8.1198
120	122	-1.2646
5	123	5.6016
6	123	5.6385
15	123	5.482
19	123	5.4652
24	123	5.3995
48	123	3.7384
51	123	3.6482
55	123	3.8016
57	123	3.6895
58	123	3.7969
87	123	1.7368
91	123	0.93335
118	123	-1.891
120	123	-1.382
122	123	-2.2554
19	124	7.0309
24	124	7.2181
57	124	5.116
58	124	5.1457
91	124	3.8207
120	124	-1.8703
5	125	7.0547
6	125	6.9995
15	125	6.866
19	125	6.8693
24	125	6.8836
48	125	5.0509
51	125	5.1652
55	125	4.8443
57	125	5.1542
58	125	5.4054
87	125	2.3826
91	125	1.9992
118	125	-1.6247
120	125	-1.6445
122	125	-2.1475
7	126	5.8223
8	126	5.76
12	126	6.7274
13	126	6.7846
14	126	6.8509
17	126	5.5885
19	126	6.576
24	126	6.525
47	126	4.4283
49	126	8.0926
50	126	4.5198
53	126	4.526
54	126	4.5447
56	126	4.2969
57	126	4.6299
58	126	4.7767
60	126	4.5898
61	126	4.3632
65	126	7.7274
70	126	8.3277
80	126	2.3945
84	126	2.5087
85	126	2.2657
88	126	1.8741
91	126	1.5308
116	126	-1.6446
117	126	-1.7194
119	126	8.2335
120	126	-1.2445
123	126	-1.8559
125	126	-2.1265
5	127	5.6313
6	127	5.6677
15	127	5.5111
19	127	5.4585
24	127	5.3934
48	127	3.779
51	127	3.69
55	127	3.8416
57	127	3.6923
58	127	3.8006
87	127	1.8244
91	127	0.95313
118	127	-1.7066
120	127	-1.3653
122	127	-2.0077
126	127	-2.1948
1	128	6.6077
2	128	4.8003
3	128	6.6256
4	128	4.704
5	128	6.3824
6	128	6.3292
7	128	5.4423
8	128	5.405
9	128	4.8703
10	128	6.6778
11	128	6.8217
12	128	6.7109
13	128	6.6914
14	128	6.6803
15	128	6.1999
16	128	7.264
17	128	5.0916
18	128	7.2632
20	128	7.1055
21	128	6.4184
22	128	5.2617
23	128	6.0565
25	128	7.6771
26	128	6.4926
27	128	7.7105
28	128	7.7501
29	128	7.5893
30	128	6.2311
31	128	5.1836
32	128	8.9252
33	128	7.8901
34	128	7.6034
35	128	7.7711
36	128	6.3966
37	128	4.9531
38	128	8.9264
39	128	8.7391
40	128	8.4697
41	128	8.3632
42	128	4.7902
43	128	2.8466
44	128	2.7931
45	128	2.6198
46	128	4.5456
47	128	3.7106
48	128	4.4686
49	128	6.707
50	128	4.8993
51	128	4.5162
52	128	5.2681
53	128	4.9911
54	128	4.9257
55	128	4.3333
56	128	3.458
59	128	5.2107
60	128	4.9491
61	128	3.4819
62	128	4.6813
63	128	5.8272
64	128	6.3759
65	128	6.5189
66	128	6.4325
67	128	6.1235
68	128	5.92
69	128	3.4381
70	128	6.9831
71	128	4.8202
72	128	4.6254
73	128	3.5574
74	128	6.7037
75	128	6.4671
76	128	6.5311
77	128	6.4881
78	128	6.3793
79	128	6.9753
80	128	1.0802
81	128	2.206
82	128	0.62209
83	128	0.80328
84	128	0.92415
85	128	0.85409
86	128	2.4921
87	128	1.4787
88	128	2.3332
89	128	2.7822
90	128	1.8288
92	128	2.9537
93	128	2.3034
94	128	2.7704
95	128	1.9124
96	128	2.5606
97	128	2.4176
98	128	1.7098
99	128	0.93515
100	128	3.7389
101	128	2.6129
102	128	4.4441
103	128	4.1142
104	128	3.7401
105	128	3.0535
106	128	4.2702
107	128	3.5661
108	128	2.8877
109	128	-1.2249
110	128	2.8979
111	128	2.4384
112	128	-2.3783
113	128	-1.7388
114	128	-2.0396
115	128	-2.4575
116	128	-1.6732
117	128	-1.7573
118	128	-1.4469
119	128	7.4351
121	128	-1.8904
122	128	-1.6312
123	128	-1.6479
124	128	-2.2309
125	128	-1.8613
126	128	-1.6503
127	128	-1.6983
7	129	5.7115
8	129	5.6507
12	129	6.8068
13	129	6.8652
14	129	6.9346
17	129	5.4782
19	129	6.6353
24	129	6.5855
47	129	4.3069
49	129	7.9218
50	129	4.6233
53	129	4.6331
54	129	4.6535
56	129	4.1689
57	129	4.7074
58	129	4.8583
60	129	4.7028
61	129	4.2311
65	129	7.4827
70	129	8.075
80	129	2.2676
84	129	2.3506
85	129	2.131
88	129	2.0743
91	129	1.6344
116	129	-1.4543
117	129	-1.4826
119	129	7.9034
120	129	-1.1804
123	129	-1.6477
125	129	-2.0057
127	129	-1.9456
128	129	-1.6073
1	130	6.5422
2	130	4.6624
3	130	6.5583
4	130	4.5667
5	130	6.4242
6	130	6.3715
7	130	5.5088
8	130	5.4716
9	130	4.7321
10	130	6.6088
11	130	6.7549
12	130	6.7219
13	130	6.7037
14	130	6.6947
15	130	6.2454
16	130	7.0612
17	130	5.1631
18	130	7.0609
20	130	6.9051
21	130	6.4762
22	130	5.3526
23	130	5.9013
25	130	7.7294
26	130	6.5508
27	130	7.705
28	130	7.8027
29	130	7.6451
30	130	6.2917
31	130	5.2772
32	130	9.286
33	130	7.8842
34	130	7.6008
35	130	7.8245
36	130	6.4578
37	130	5.0482
38	130	9.2892
39	130	9.1019
40	130	8.5755
41	130	8.4701
42	130	4.8881
43	130	2.73
44	130	2.6779
45	130	2.5077
46	130	4.5176
47	130	3.8019
48	130	4.5482
49	130	6.7729
50	130	4.9565
51	130	4.5966
52	130	5.0989
53	130	5.0493
54	130	4.9853
55	130	4.4143
56	130	3.5548
59	130	5.0472
60	130	5.0105
61	130	3.5797
62	130	4.5
63	130	5.6498
64	130	6.4055
65	130	6.5954
66	130	6.8082
67	130	6.2204
68	130	6.0195
69	130	3.5561
70	130	7.0423
71	130	4.9181
72	130	4.7224
73	130	3.6784
74	130	7.0837
75	130	6.8471
76	130	6.5681
77	130	6.5258
78	130	6.7597
79	130	7.1364
80	130	1.2156
81	130	2.2795
82	130	0.56464
83	130	0.74783
84	130	1.0741
85	130	0.9961
86	130	2.4522
87	130	1.6406
88	130	2.5289
89	130	2.7523
90	130	1.6406
92	130	2.9237
93	130	2.2987
94	130	2.761
95	130	2.0961
96	130	2.8123
97	130	2.6627
98	130	1.8927
99	130	1.0929
100	130	4.0946
101	130	2.8813
102	130	4.9591
103	130	4.6393
104	130	4.133
105	130	3.3603
106	130	4.7152
107	130	3.9883
108	130	3.2257
109	130	-0.89471
110	130	3.3353
111	130	2.7847
112	130	-1.8462
113	130	-1.2482
114	130	-1.5707
115	130	-1.7261
116	130	-1.2539
117	130	-1.3663
118	130	-1.7499
119	130	7.2786
121	130	-1.2399
122	130	-1.9046
123	130	-1.8722
124	130	-2.182
125	130	-1.5485
126	130	-1.8531
127	130	-1.8347
129	130	-1.8041
5	131	7.6415
6	131	7.6943
15	131	7.6893
19	131	7.6567
24	131	7.6146
48	131	6.6088
51	131	6.5878
55	131	6.9225
57	131	6.5979
58	131	6.8105
87	131	6.8787
91	131	5.2156
118	131	7.2249
120	131	6.2395
122	131	7.6612
126	131	7.9953
128	131	6.1971
129	131	8.1292
130	131	7.8768
19	132	6.4522
21	132	6.3368
24	132	6.4799
26	132	6.4021
30	132	6.1934
36	132	6.3529
57	132	4.552
58	132	4.7524
71	132	4.8733
72	132	4.6656
91	132	1.4822
95	132	2.6836
98	132	2.4783
120	132	-1.6838
128	132	-1.8063
130	132	-1.5588
19	133	5.9444
22	133	5.1061
24	133	5.9314
25	133	5.8254
28	133	5.8416
29	133	6.1365
31	133	5.0862
35	133	5.8222
37	133	4.8493
42	133	4.6989
57	133	4.0992
58	133	4.203
67	133	4.0913
68	133	4.1679
69	133	3.6006
73	133	3.7831
91	133	1.3252
96	133	1.6564
97	133	1.7345
99	133	1.8198
101	133	1.4015
120	133	-1.1387
128	133	-1.507
130	133	-1.7486
132	133	-1.7896
19	134	6.5692
21	134	6.4773
24	134	6.5959
26	134	6.5472
30	134	6.3377
36	134	6.5041
57	134	4.6526
58	134	4.8429
71	134	5.0852
72	134	4.8744
91	134	1.6454
95	134	3.0649
98	134	2.8809
120	134	-1.3019
128	134	-1.8057
130	134	-1.922
133	134	-1.5542
19	135	6.0333
22	135	5.0245
24	135	6.0219
25	135	6.0095
28	135	6.0255
29	135	6.3186
31	135	4.9999
35	135	6.0068
37	135	4.7636
42	135	4.6068
57	135	4.2127
58	135	4.3234
67	135	4.3225
68	135	4.4043
69	135	3.481
73	135	3.6522
91	135	1.481
96	135	2.0751
97	135	2.1694
99	135	1.6427
101	135	1.8213
120	135	-1.0764
128	135	-1.4931
130	135	-1.6967
132	135	-2.0946
134	135	-1.8665
19	136	4.7501
21	136	4.7805
24	136	4.7312
26	136	4.7668
30	136	4.7779
36	136	4.6694
57	136	3.1408
58	136	3.1905
71	136	3.0932
72	136	3.237
91	136	0.71935
95	136	1.2391
98	136	1.2177
120	136	-1.3294
128	136	-1.6457
130	136	-1.6656
133	136	-2.1919
135	136	-2.1174
19	137	4.2028
24	137	4.2094
40	137	6.9328
41	137	6.8607
57	137	2.3989
58	137	2.3715
79	137	5.6064
91	137	-0.16108
100	137	3.0331
104	137	3.025
106	137	3.5592
107	137	2.9856
110	137	2.5549
120	137	-1.7518
128	137	-2.5116
130	137	-2.1402
19	138	4.387
24	138	4.3928
40	138	7.0166
41	138	6.944
57	138	2.553
58	138	2.5656
79	138	5.7239
91	138	-0.03165
100	138	3.2152
104	138	3.2308
106	138	3.796
107	138	3.2058
110	138	2.7779
120	138	-1.7289
128	138	-2.3172
130	138	-2.058
19	139	5.2169
24	139	5.2758
27	139	4.4522
32	139	5.6444
33	139	4.4598
34	139	4.745
38	139	5.8891
39	139	6.0562
57	139	3.5833
58	139	3.632
64	139	3.3435
66	139	3.8767
74	139	4.3339
75	139	4.4289
76	139	2.9617
77	139	3.1273
78	139	5.0334
91	139	0.73642
102	139	1.5555
103	139	1.5776
105	139	1.293
108	139	1.4517
111	139	1.0868
120	139	-1.7931
128	139	-1.9786
130	139	-1.6894
137	139	-1.8723
138	139	-1.7583
19	140	4.8942
21	140	4.8834
24	140	4.8756
26	140	4.8709
30	140	4.8832
36	140	4.7765
57	140	3.2976
58	140	3.3524
71	140	3.2489
72	140	3.3923
91	140	0.89522
95	140	1.4936
98	140	1.4902
120	140	-1.3159
128	140	-1.6294
130	140	-1.786
133	140	-1.8269
135	140	-2.1954
19	141	5.2721
24	141	5.3303
27	141	4.3904
32	141	5.596
33	141	4.4306
34	141	4.7155
38	141	5.8429
39	141	6.0096
57	141	3.623
58	141	3.6676
64	141	3.3359
66	141	3.8014
74	141	4.2688
75	141	4.3613
76	141	2.9138
77	141	3.1238
78	141	4.9673
91	141	0.79315
102	141	1.4962
103	141	1.5025
105	141	1.2772
108	141	1.4368
111	141	1.0781
120	141	-1.6781
128	141	-2.2155
130	141	-2.0081
137	141	-2.4582
138	141	-2.422
19	142	5.8157
24	142	5.8625
40	142	7.4285
41	142	7.5126
57	142	4.0317
58	142	4.1975
79	142	5.2993
91	142	1.1713
100	142	1.2939
104	142	-0.18451
106	142	1.2776
107	142	2.4609
110	142	3.0795
120	142	-1.2633
128	142	-1.8208
130	142	-1.6746
139	142	-1.3042
141	142	-1.5787
19	143	5.8484
24	143	5.8939
40	143	7.3904
41	143	7.5113
57	143	4.053
58	143	4.2143
79	143	5.2452
91	143	1.1988
100	143	1.3657
104	143	-0.061098
106	143	1.1794
107	143	2.372
110	143	3.1079
120	143	-1.2096
128	143	-1.7131
130	143	-1.6996
139	143	-1.3182
141	143	-1.5233
19	144	5.9327
22	144	5.0602
24	144	5.9218
25	144	5.8998
28	144	5.9168
29	144	6.2042
31	144	5.0389
35	144	5.899
37	144	4.8035
42	144	4.6525
57	144	4.1253
58	144	4.2359
67	144	4.229
68	144	4.2991
69	144	3.5539
73	144	3.7299
91	144	1.4322
96	144	2.0324
97	144	2.1088
99	144	1.8417
101	144	1.8076
120	144	-1.0753
128	144	-1.5066
130	144	-1.6641
132	144	-1.5834
134	144	-1.6187
136	144	-1.808
140	144	-2.1151
19	145	4.9772
21	145	4.9851
24	145	4.9588
26	145	4.9736
30	145	4.9875
36	145	4.8822
57	145	3.3953
58	145	3.4568
71	145	3.4031
72	145	3.5459
91	145	1.0098
95	145	1.7561
98	145	1.7715
120	145	-1.2
128	145	-1.5383
130	145	-1.6976
133	145	-1.1553
135	145	-1.7427
144	145	-2.074
19	146	5.0607
24	146	5.1202
27	146	4.2419
32	146	5.5739
33	146	4.2469
34	146	4.525
38	146	5.8191
39	146	5.9836
57	146	3.4411
58	146	3.4907
64	146	3.1334
66	146	3.8113
74	146	4.2742
75	146	4.3631
76	146	2.7593
77	146	2.9149
78	146	4.9605
91	146	0.66417
102	146	1.646
103	146	1.6557
105	146	1.1034
108	146	1.2646
111	146	0.89036
120	146	-1.5716
128	146	-1.94
130	146	-1.8054
137	146	-2.2675
138	146	-2.0613
142	146	-1.5753
143	146	-1.5051
offset
60
