151
detection	body_part	cost
1	2	-1.5485
2	2	-2.1197
3	8	0.48163
4	3	-0.57936
5	3	-0.83507
6	1	-1.3168
7	1	-1.7224
8	5	-1.4069
9	5	-1.2792
10	1	-4.2043
11	1	-3.6503
12	5	-2.1513
13	3	0.65759
14	3	0.27338
15	6	-0.76984
16	4	-0.53072
17	6	-0.44057
18	6	-1.6521
19	4	0.025968
20	5	0.78817
21	6	-0.48742
22	4	0.035484
23	8	0.53313
24	14	0.087559
25	12	-0.21076
26	12	-0.39485
27	2	0.85911
28	11	0.40575
29	11	0.71236
30	7	-0.13399
31	5	-0.83495
32	5	-1.1604
33	5	-1.6807
34	5	-1.4874
35	5	-1.1345
36	9	-0.28861
37	6	0.067045
38	4	-0.30729
39	9	-0.014163
40	6	-0.18436
41	1	-1.5342
42	6	-0.88677
43	6	-0.79324
44	4	-0.56231
45	9	-1.0292
46	7	-0.11107
47	13	0.099578
48	7	-0.11315
49	13	0.093833
50	8	0.20273
51	14	-0.90559
52	8	-0.48741
53	12	-1.3792
54	13	-2.1387
55	7	-2.5205
56	14	-0.31454
57	8	-0.77298
58	12	-2.5901
59	13	-2.9607
60	7	-0.7673
61	13	-2.6688
62	7	-0.27491
63	12	-1.2139
64	12	-1.2181
65	13	-2.045
66	14	-2.3891
67	14	0.25174
68	12	-0.19752
69	14	-2.5294
70	14	-0.16472
71	9	-0.3234
72	9	0.15606
73	12	-0.88651
74	9	-0.52416
75	2	0.28665
76	2	0.31128
77	2	0.74863
78	2	0.13705
79	2	0.36427
80	2	0.82055
81	2	0.88737
82	2	0.21171
83	3	0.012205
84	1	-1.8515
85	5	-1.8703
86	5	-1.603
87	3	0.2838
88	3	-0.66003
89	1	-2.1149
90	3	-0.40588
91	1	-2.7371
92	3	-0.026864
93	1	-2.2519
94	5	-1.0394
95	3	-0.26269
96	1	-2.291
97	6	0.13867
98	1	-1.5015
99	10	0.8888
100	4	-1.7417
101	4	-3.2013
102	6	-0.68532
103	10	0.15499
104	4	-0.54551
105	4	-1.9502
106	6	-1.4781
107	4	-1.049
108	4	0.018878
109	10	-0.98625
110	10	-1.4769
111	10	-1.4025
112	10	-0.52086
113	10	0.36188
114	11	0.59593
115	11	0.51393
116	10	-1.0982
117	7	0.20554
118	7	-0.14793
119	9	0.078314
120	10	0.74835
121	10	0.58941
122	7	-0.69507
123	7	-0.74514
124	7	-0.055037
125	11	0.3456
126	8	-0.25973
127	11	-0.2457
128	8	-0.33951
129	11	0.35473
130	14	-0.16059
131	8	-0.26632
132	13	0.24248
133	7	-0.070796
134	8	0.29115
135	8	0.15756
136	11	0.17448
137	14	0.29466
138	8	-0.60448
139	13	-1.1142
140	13	-2.2626
141	13	-2.6075
142	9	-0.24794
143	9	-0.06318
144	13	-0.27465
145	9	-0.10377
146	9	0.21623
147	12	-1.4491
148	12	-1.8409
149	14	-1.7767
150	12	-0.91548
151	14	-3.6366
detection1	detection2	cost
1	2	-5.6071
4	5	-5.6071
6	7	-3.7143
8	9	-5.6071
6	10	-4.8231
7	10	-4.8231
6	11	-3.2674
7	11	-5.6071
10	11	-5.6071
8	12	-5.6071
9	12	-4.8231
4	13	-3.2674
5	13	-2.1462
4	14	-3.7143
5	14	-3.2674
13	14	-5.6071
15	17	-3.2674
15	18	-5.6071
17	18	-3.7143
16	19	-4.8231
8	20	0.071429
9	20	0.30445
12	20	-1.8214
15	21	-3.2674
17	21	-1.5143
18	21	-4.8231
16	22	-2.1462
19	22	-1.5143
3	23	7.7607
25	26	-5.6071
1	27	29.0571
2	27	28.4144
28	29	-4.8231
8	31	29.2526
9	31	28.2144
12	31	27.7092
20	31	23.3135
8	32	30.3571
9	32	29.2526
12	32	28.8606
20	32	24.6229
31	32	-5.6071
8	33	30.8274
9	33	29.833
12	33	29.2526
20	33	24.7342
31	33	-5.6071
32	33	-4.8231
8	34	31.8878
9	34	30.8274
12	34	30.3571
20	34	25.9881
31	34	-4.8231
32	34	-5.6071
33	34	-5.6071
8	35	33.0089
9	35	31.8878
12	35	31.5222
20	35	27.2998
31	35	-3.2674
32	35	-4.8231
33	35	-3.7143
34	35	-5.6071
15	37	25.6115
17	37	26.2014
18	37	24.0034
21	37	21.3932
16	38	28.8606
19	38	28.663
22	38	23.5452
36	39	-4.8231
15	40	27.2482
17	40	27.7092
18	40	25.6115
21	40	23.0214
37	40	-5.6071
6	41	33.1414
7	41	31.5222
10	41	30.593
11	41	29.785
15	42	28.2144
17	42	28.8606
18	42	26.624
21	42	24.0034
37	42	-4.8231
40	42	-5.6071
15	43	29.2526
17	43	30.0721
18	43	27.7092
21	43	25.0659
37	43	-3.2674
40	43	-3.7143
42	43	-5.6071
16	44	29.2526
19	44	28.8606
22	44	24.0034
38	44	-4.8231
36	45	-3.7143
39	45	-4.8231
30	46	11.9882
30	48	15.3715
46	48	-3.7143
47	49	-4.8231
3	50	40.7586
23	50	28.8606
24	51	32.7427
3	52	43.4667
23	52	32.6536
50	52	-1.8214
25	53	17.3966
26	53	15.5276
47	54	-3.2674
49	54	-3.2674
30	55	15.6053
46	55	-3.2674
48	55	-3.2674
24	56	32.6536
51	56	-4.8231
3	57	44.1649
23	57	32.7427
50	57	-3.2674
52	57	-4.8231
25	58	19.6016
26	58	17.7539
53	58	-4.8231
47	59	-1.5143
49	59	-2.1462
54	59	-5.6071
30	60	16.7404
46	60	-1.5143
48	60	-1.5143
55	60	-5.6071
47	61	-1.8214
49	61	-3.2674
54	61	-4.8231
59	61	-5.6071
30	62	18.2456
46	62	-0.67521
48	62	-1.8214
55	62	-4.8231
60	62	-5.6071
25	63	21.1441
26	63	19.269
53	63	-3.7143
58	63	-4.8231
25	64	21.885
26	64	20.0604
53	64	-2.1462
58	64	-4.8231
63	64	-3.7143
47	65	0.071429
49	65	-1.5143
54	65	-3.2674
59	65	-4.8231
61	65	-5.6071
24	66	41.3489
51	66	5.8845
56	66	3.8571
24	67	43.6422
51	67	5.8845
56	67	4.4715
66	67	-3.7143
25	68	39.8214
26	68	38.3212
53	68	20.4477
58	68	17.8953
63	68	18.8644
64	68	15.3715
24	69	42.9012
51	69	7.7607
56	69	5.75
66	69	-5.6071
67	69	-3.2674
24	70	45.1269
51	70	7.7607
56	70	6.2802
66	70	-3.2674
67	70	-5.6071
69	70	-3.7143
36	71	25.9881
39	71	25.9881
45	71	23.3135
36	72	27.2998
39	72	27.4026
45	72	24.7342
71	72	-5.6071
25	73	42.9012
26	73	41.3489
53	73	22.4287
58	73	19.7992
63	73	20.4477
64	73	17.1798
68	73	-3.7143
36	74	27.4026
39	74	27.2998
45	74	24.6229
71	74	-5.6071
72	74	-4.8231
1	75	73.0299
2	75	72.2924
27	75	36.5267
1	76	73.8048
2	76	73.0299
27	76	37.3731
75	76	-5.6071
1	77	74.7685
2	77	74.0468
27	77	38.243
75	77	-5.6071
76	77	-4.8231
1	78	76.3217
2	78	75.5272
27	78	39.9349
75	78	-3.2674
76	78	-4.8231
77	78	-3.7143
1	79	77.1511
2	79	76.3217
27	79	40.8698
75	79	-1.5143
76	79	-3.2674
77	79	-1.8214
78	79	-5.6071
1	80	78.0144
2	80	77.1511
27	80	41.8597
75	80	0.30445
76	80	-1.5143
77	80	0.071429
78	80	-3.7143
79	80	-5.6071
1	81	77.2569
2	81	76.5139
27	81	40.7586
75	81	-3.2674
76	81	-3.7143
77	81	-4.8231
78	81	-4.8231
79	81	-3.2674
80	81	-1.5143
1	82	78.0354
2	82	77.2569
27	82	41.605
75	82	-2.1462
76	82	-3.2674
77	82	-3.2674
78	82	-5.6071
79	82	-4.8231
80	82	-3.2674
81	82	-5.6071
4	83	77.1511
5	83	76.3217
13	83	74.6814
14	83	73.7827
6	84	76.3217
7	84	74.7685
10	84	73.8048
11	84	73.0299
41	84	35.7467
8	85	79.8385
9	85	78.9105
12	85	78.2028
20	85	73.3629
31	85	43.2907
32	85	42.4729
33	85	41.605
34	85	40.7586
35	85	39.9726
8	86	80.7973
9	86	79.8385
12	86	79.1796
20	86	74.3975
31	86	44.1649
32	86	43.2907
33	86	42.5087
34	86	41.605
35	86	40.7586
85	86	-5.6071
4	87	76.5139
5	87	75.8072
13	87	73.8048
14	87	73.0299
83	87	-1.5143
4	88	78.0354
5	88	77.2569
13	88	75.4624
14	88	74.616
83	88	-4.8231
87	88	-3.7143
6	89	77.2569
7	89	75.8072
10	89	74.7685
11	89	74.0468
41	89	36.8106
84	89	-4.8231
4	90	78.8483
5	90	78.0354
13	90	76.3431
14	90	75.4624
83	90	-5.6071
87	90	-1.8214
88	90	-5.6071
6	91	78.0354
7	91	76.5139
10	91	75.5272
11	91	74.7685
41	91	37.4927
84	91	-5.6071
89	91	-5.6071
4	92	79.6948
5	92	78.8483
13	92	77.2569
14	92	76.3431
83	92	-4.8231
87	92	0.071429
88	92	-3.7143
90	92	-5.6071
6	93	78.8483
7	93	77.2569
10	93	76.3217
11	93	75.5272
41	93	38.243
84	93	-4.8231
89	93	-3.7143
91	93	-5.6071
8	94	82.4257
9	94	81.4844
12	94	80.7973
20	94	75.9791
31	94	45.8369
32	94	44.9905
33	94	44.1649
34	94	43.2907
35	94	42.4729
85	94	-4.8231
86	94	-5.6071
4	95	80.5535
5	95	79.7564
13	95	78.0144
14	95	77.1511
83	95	-3.7143
87	95	-1.5143
88	95	-4.8231
90	95	-5.6071
92	95	-4.8231
6	96	79.7564
7	96	78.2654
10	96	77.2569
11	96	76.5139
41	96	39.2501
84	96	-3.7143
89	96	-4.8231
91	96	-5.6071
93	96	-4.8231
15	97	75.5272
17	97	75.4624
18	97	73.8048
21	97	71.2983
37	97	42.7945
40	97	41.0177
42	97	40.3859
43	97	39.8214
6	98	81.4844
7	98	80.0229
10	98	78.9934
11	98	78.2654
41	98	41.0177
84	98	-1.8214
89	98	-3.2674
91	98	-3.7143
93	98	-3.2674
96	98	-5.6071
16	100	78.0144
19	100	77.2569
22	100	72.9186
38	100	42.7945
44	100	41.7143
16	101	79.8385
19	101	79.1796
22	101	74.6814
38	101	44.1996
44	101	43.2907
100	101	-3.7143
15	102	77.2569
17	102	77.1511
18	102	75.5272
21	102	73.0299
37	102	44.5794
40	102	42.7945
42	102	42.1852
43	102	41.6414
97	102	-5.6071
99	103	-4.8231
16	104	78.8483
19	104	78.0144
22	104	73.8048
38	104	43.9913
44	104	42.7945
100	104	-4.8231
101	104	-1.5143
16	105	79.6948
19	105	78.9105
22	105	74.616
38	105	44.5794
44	105	43.4667
100	105	-5.6071
101	105	-3.2674
104	105	-5.6071
15	106	79.7564
17	106	79.6948
18	106	78.0354
21	106	75.5272
37	106	46.9998
40	106	45.2289
42	106	44.5794
43	106	43.9913
97	106	-3.2674
102	106	-4.8231
16	107	82.2462
19	107	81.4844
22	107	77.1511
38	107	46.9998
44	107	45.9376
100	107	-3.2674
101	107	-3.2674
104	107	-3.2674
105	107	-4.8231
16	108	84.0642
19	108	83.3966
22	108	78.9105
38	108	48.4274
44	108	47.5232
100	108	-0.67521
101	108	-3.2674
104	108	0.30445
105	108	-1.5143
107	108	-3.7143
99	109	-1.8214
103	109	-3.2674
99	110	-1.5143
103	110	-3.7143
109	110	-5.6071
99	111	-0.67521
103	111	-3.2674
109	111	-3.7143
110	111	-5.6071
99	112	0.53071
103	112	-2.1462
109	112	-1.8214
110	112	-3.7143
111	112	-5.6071
99	113	1.9643
103	113	-0.67521
109	113	0.071429
110	113	-1.8214
111	113	-3.7143
112	113	-5.6071
28	114	58.6147
29	114	57.2457
28	115	59.0737
29	115	57.7693
114	115	-5.6071
99	116	0.96511
103	116	-1.5143
109	116	-3.2674
110	116	-4.8231
111	116	-5.6071
112	116	-4.8231
113	116	-3.2674
30	117	61.9965
46	117	46.3717
48	117	45.2968
55	117	42.1852
60	117	40.3859
62	117	39.8214
30	118	62.9438
46	118	46.9998
48	118	45.8033
55	118	42.7945
60	118	41.0177
62	118	40.3859
117	118	-5.6071
36	119	54.388
39	119	53.4547
45	119	50.9338
71	119	24.7342
72	119	24.6786
74	119	22.8448
99	120	2.1517
103	120	0.96511
109	120	-3.2674
110	120	-2.1462
111	120	-0.67521
112	120	0.96511
113	120	2.6933
116	120	-1.5143
99	121	3.5372
103	121	0.96511
109	121	-0.67521
110	121	-2.1462
111	121	-3.2674
112	121	-3.7143
113	121	-3.2674
116	121	-4.8231
120	121	0.071429
30	122	64.5779
46	122	48.7787
48	122	47.6208
55	122	44.5794
60	122	42.7945
62	122	42.1852
117	122	-4.8231
118	122	-5.6071
30	123	65.5407
46	123	49.4432
48	123	48.1706
55	123	45.2289
60	123	43.4667
62	123	42.7945
117	123	-3.2674
118	123	-4.8231
122	123	-5.6071
30	124	66.5395
46	124	50.1623
48	124	48.7787
55	124	45.9376
60	124	44.1996
62	124	43.4667
117	124	-1.5143
118	124	-3.2674
122	124	-3.7143
123	124	-5.6071
28	125	62.3051
29	125	60.9052
114	125	-3.7143
115	125	-3.2674
3	126	94.4335
23	126	81.3837
50	126	46.3717
52	126	44.8538
57	126	43.4667
28	127	62.74
29	127	61.401
114	127	-3.2674
115	127	-3.7143
125	127	-5.6071
3	128	95.1515
23	128	82.2462
50	128	46.9998
52	128	45.2968
57	128	43.9913
126	128	-5.6071
28	129	63.7529
29	129	62.5357
114	129	-0.67521
115	129	-2.1462
125	129	-1.8214
127	129	-3.7143
24	130	83.3966
51	130	46.3717
56	130	45.2289
66	130	34.8256
67	130	33.2734
69	130	33.1414
70	130	31.5222
3	131	96.676
23	131	84.0642
50	131	48.4274
52	131	46.3717
57	131	45.2289
126	131	-1.8214
128	131	-3.7143
47	132	48.2028
49	132	46.0381
54	132	44.8538
59	132	43.0077
61	132	42.6161
65	132	40.7586
30	133	67.166
46	133	51.2091
48	133	49.9756
55	133	46.9998
60	133	45.2289
62	133	44.5794
117	133	-2.1462
118	133	-3.2674
122	133	-4.8231
123	133	-5.6071
124	133	-4.8231
3	134	95.5173
23	134	82.2661
50	134	47.6208
52	134	46.3384
57	134	44.8538
126	134	-4.8231
128	134	-3.2674
131	134	0.30445
3	135	96.1933
23	135	83.0807
50	135	48.1706
52	135	46.7032
57	135	45.2968
126	135	-5.6071
128	135	-4.8231
131	135	-1.5143
134	135	-5.6071
28	136	65.0485
29	136	63.7529
114	136	-0.67521
115	136	-1.5143
125	136	-3.2674
127	136	-4.8231
129	136	-4.8231
24	137	84.0642
51	137	47.6208
56	137	46.3717
66	137	35.7467
67	137	34.4002
69	137	34.0136
70	137	32.6089
130	137	-4.8231
3	138	97.6345
23	138	84.8047
50	138	49.4432
52	138	47.6208
57	138	46.3717
126	138	-3.2674
128	138	-4.8231
131	138	-4.8231
134	138	-1.8214
135	138	-3.7143
47	139	49.7883
49	139	47.6858
54	139	46.3384
59	139	44.4761
61	139	44.1649
65	139	42.2933
132	139	-4.8231
47	140	50.069
49	140	47.9126
54	140	46.7032
59	140	44.8538
61	140	44.4761
65	140	42.6161
132	140	-5.6071
139	140	-5.6071
47	141	51.9369
49	141	49.7883
54	141	48.5554
59	141	46.7032
61	141	46.3384
65	141	44.4761
132	141	-3.7143
139	141	-4.8231
140	141	-5.6071
36	142	61.401
39	142	60.3531
45	142	57.879
71	142	32.295
72	142	32.25
74	142	30.4044
119	142	0.071429
36	143	62.0995
39	143	61.1144
45	143	58.6147
71	143	32.4299
72	143	32.295
74	143	30.546
119	143	0.30445
142	143	-5.6071
47	144	53.5428
49	144	51.4527
54	144	50.069
59	144	48.2028
61	144	47.9126
65	144	46.0381
132	144	-1.5143
139	144	-3.7143
140	144	-3.2674
141	144	-4.8231
36	145	63.1723
39	145	62.0995
45	145	59.6364
71	145	34.1859
72	145	34.1429
74	145	32.295
119	145	1.9643
142	145	-5.6071
143	145	-4.8231
36	146	63.8534
39	146	62.842
45	146	60.3531
71	146	34.3146
72	146	34.1859
74	146	32.4299
119	146	2.1517
142	146	-4.8231
143	146	-5.6071
145	146	-5.6071
25	147	84.6882
26	147	82.9025
53	147	60.3531
58	147	57.879
63	147	56.885
64	147	55.4215
68	147	41.7507
73	147	37.968
25	148	86.478
26	148	84.6882
53	148	62.0995
58	148	59.6364
63	148	58.6147
64	148	57.1903
68	148	43.6422
73	148	39.8593
147	148	-5.6071
24	149	94.9594
51	149	60.062
56	149	58.6147
66	149	47.6208
67	149	46.7032
69	149	45.8033
70	149	44.8538
130	149	8.1089
137	149	5.8845
25	150	88.8871
26	150	87.105
53	150	64.5779
58	150	62.0995
63	150	61.1144
64	150	59.6364
68	150	45.635
73	150	41.8597
147	150	-3.2674
148	150	-4.8231
24	151	98.3139
51	151	62.74
56	151	61.401
66	151	50.5648
67	151	49.4432
69	151	48.7787
70	151	47.6208
130	151	9.5357
137	151	7.7607
149	151	-3.2674
1	6	-0.70778
2	6	-1.1825
3	6	0.28078
4	6	-0.68153
5	6	1.1247
1	7	-1.697
2	7	-2.352
3	7	0.15077
4	7	-1.0833
5	7	-0.57791
6	8	-0.18702
7	8	-0.037445
6	9	-0.091485
7	9	0.063615
1	10	-1.2659
2	10	-1.7686
3	10	-0.10087
4	10	-2.1971
5	10	-1.8642
8	10	-0.49871
9	10	-0.37995
1	11	-1.7192
2	11	-2.2646
3	11	-0.18541
4	11	-1.7572
5	11	-1.2247
8	11	-0.5264
9	11	-0.39449
6	12	-0.62728
7	12	-0.39667
10	12	-0.93282
11	12	-0.90186
6	13	-1.0136
7	13	-1.6698
10	13	-1.6199
11	13	-2.0133
6	14	-0.93514
7	14	-1.7765
10	14	-1.5982
11	14	-2.2122
6	15	-2.3897
7	15	-1.1155
10	15	-1.7796
11	15	-0.89398
4	16	-1.7833
5	16	-1.6101
6	16	-1.1451
7	16	-0.34644
8	16	-0.34965
9	16	-0.57333
10	16	-1.3526
11	16	-0.91987
12	16	-0.81715
13	16	-1.8224
14	16	-1.9727
6	17	-0.96831
7	17	-1.6339
10	17	-1.4836
11	17	-1.7022
6	18	-1.9904
7	18	-1.7429
10	18	-2.3248
11	18	-1.6283
4	19	-1.635
5	19	-1.399
6	19	-1.5373
7	19	-0.67628
8	19	-0.23996
9	19	-0.4626
10	19	-1.6959
11	19	-1.0081
12	19	-0.74341
13	19	-2.12
14	19	-2.3965
6	20	-1.7522
7	20	-1.3401
10	20	-2.0137
11	20	-1.8007
16	20	-1.6564
19	20	-2.252
6	21	-2.2067
7	21	-1.703
10	21	-2.1975
11	21	-1.7195
4	22	-1.6315
5	22	-1.576
6	22	-1.4534
7	22	-0.80897
8	22	-0.99341
9	22	-1.2254
10	22	-1.6513
11	22	-1.3359
12	22	-1.0821
13	22	-1.9665
14	22	-2.2031
20	22	-1.3553
6	23	-1.6725
7	23	-1.4059
10	23	-1.842
11	23	-1.6889
6	24	-0.68983
7	24	-0.29988
10	24	-0.69513
11	24	-0.51485
6	25	-0.82371
7	25	-1.5882
10	25	-1.2828
11	25	-1.4402
6	26	-0.82282
7	26	-1.5206
10	26	-1.2435
11	26	-1.6774
6	27	5.6318
7	27	6.6542
10	27	6.0147
11	27	6.5009
6	28	-0.017477
7	28	0.088359
10	28	-0.1203
11	28	-0.061992
6	29	-0.070694
7	29	0.046403
10	29	-0.16885
11	29	-0.10616
3	30	0.92974
6	30	-0.67807
7	30	-0.33472
10	30	-0.54622
11	30	-0.36628
15	30	-0.26903
17	30	-0.061338
18	30	0.094964
21	30	0.36301
23	30	0.81041
6	31	1.7278
7	31	1.7807
10	31	1.604
11	31	1.6179
16	31	1.8653
19	31	1.6476
22	31	1.9805
6	32	1.7382
7	32	1.837
10	32	1.611
11	32	1.6204
16	32	1.7178
19	32	1.5061
22	32	1.8214
6	33	1.621
7	33	1.6188
10	33	1.5024
11	33	1.5196
16	33	1.7214
19	33	1.4993
22	33	1.8514
6	34	1.5982
7	34	1.6432
10	34	1.4757
11	34	1.4889
16	34	1.573
19	34	1.3562
22	34	1.6907
6	35	1.6056
7	35	1.6919
10	35	1.479
11	35	1.4868
16	35	1.559
19	35	1.3516
22	35	1.6654
6	36	-0.30798
7	36	-0.69039
10	36	-0.53549
11	36	-0.75893
6	37	1.162
7	37	1.4853
10	37	1.2534
11	37	1.4497
30	37	5.589
4	38	1.5061
5	38	1.3965
6	38	1.316
7	38	1.6633
8	38	2.6491
9	38	2.7062
10	38	1.216
11	38	1.3109
12	38	3.0536
13	38	1.2638
14	38	1.2348
20	38	4.0561
31	38	-1.9106
32	38	-2.1526
33	38	-2.2576
34	38	-2.2297
35	38	-2.1607
6	39	0.11688
7	39	-0.30743
10	39	-0.20774
11	39	-0.40388
6	40	0.27981
7	40	0.65397
10	40	0.38459
11	40	0.60774
30	40	5.2744
1	41	0.82881
2	41	0.81985
3	41	3.8049
4	41	1.697
5	41	1.1405
8	41	4.1319
9	41	3.8944
12	41	4.3926
13	41	2.2178
14	41	2.4482
15	41	5.4086
16	41	5.8097
17	41	4.7462
18	41	5.1791
19	41	6.2593
20	41	4.9532
21	41	5.2278
22	41	5.5939
23	41	4.94
24	41	6.2855
25	41	7.6445
26	41	7.4086
27	41	-0.96496
28	41	1.913
29	41	1.8841
30	41	6.7737
31	41	-1.128
32	41	-1.1879
33	41	-0.92233
34	41	-0.94455
35	41	-0.97338
36	41	4.7883
37	41	1.7192
38	41	-0.75388
39	41	4.1449
40	41	2.0854
6	42	0.85102
7	42	1.1912
10	42	0.94542
11	42	1.1506
30	42	5.7926
41	42	-1.0279
6	43	1.3699
7	43	1.6857
10	43	1.4576
11	43	1.6499
30	43	6.3323
41	43	-1.5138
4	44	1.5692
5	44	1.4662
6	44	1.137
7	44	1.3777
8	44	2.3248
9	44	2.3928
10	44	1.0502
11	44	1.0267
12	44	2.7268
13	44	1.3196
14	44	1.3013
20	44	3.7062
31	44	-1.9768
32	44	-2.1466
33	44	-2.0659
34	44	-2.0928
35	44	-2.1856
41	44	-0.59664
6	45	0.0016092
7	45	-0.33687
10	45	-0.20896
11	45	-0.40074
41	45	3.8696
3	46	2.8496
6	46	0.85291
7	46	1.0163
10	46	0.84521
11	46	0.87942
15	46	0.25945
17	46	0.80574
18	46	0.72485
21	46	0.93219
23	46	3.5976
37	46	-2.0776
40	46	-2.3277
41	46	-1.243
42	46	-2.2742
43	46	-2.5822
6	47	0.97909
7	47	1.114
10	47	0.92254
11	47	1.0079
24	47	5.4922
25	47	1.9295
26	47	2.0767
41	47	-0.49733
3	48	3.064
6	48	1.5279
7	48	1.669
10	48	1.4375
11	48	1.521
15	48	0.30782
17	48	0.899
18	48	0.79416
21	48	1.0012
23	48	3.9149
37	48	-2.12
40	48	-2.4566
41	48	-2.0487
42	48	-2.419
43	48	-2.3528
6	49	0.87104
7	49	1.0053
10	49	0.81403
11	49	0.89899
24	49	5.7791
25	49	2.0014
26	49	2.1539
41	49	-0.72335
6	50	1.8246
7	50	1.9655
10	50	1.8669
11	50	1.9527
30	50	0.65486
41	50	-1.5161
46	50	-1.1966
48	50	-0.85671
6	51	0.75809
7	51	0.86169
10	51	0.69688
11	51	0.75229
41	51	-0.68824
47	51	-1.5627
49	51	-0.72615
6	52	1.5989
7	52	1.7134
10	52	1.6243
11	52	1.6978
30	52	0.59375
41	52	-1.4611
46	52	-1.4127
48	52	-1.2947
6	53	-0.050056
7	53	-0.36799
10	53	-0.32393
11	53	-0.47056
41	53	3.3832
47	53	-0.14435
49	53	0.056711
6	54	1.0564
7	54	1.2237
10	54	0.98709
11	54	1.0868
24	54	5.5075
25	54	2.5659
26	54	2.6999
41	54	-1.3751
51	54	-0.56599
53	54	0.43563
3	55	3.024
6	55	1.2101
7	55	1.3543
10	55	1.2333
11	55	1.2593
15	55	0.58654
17	55	1.1398
18	55	1.0533
21	55	1.2614
23	55	3.7482
37	55	-1.1599
40	55	-1.4439
41	55	-1.9477
42	55	-1.2941
43	55	-1.4526
50	55	-2.253
52	55	-2.1306
6	56	0.62008
7	56	0.74495
10	56	0.5436
11	56	0.61483
41	56	-0.72309
47	56	-2.0941
49	56	-1.2097
54	56	-0.80438
6	57	1.5311
7	57	1.6596
10	57	1.5663
11	57	1.6461
30	57	0.64824
41	57	-1.3283
46	57	-1.094
48	57	-0.8253
55	57	-1.7807
6	58	-0.20174
7	58	-0.46967
10	58	-0.40741
11	58	-0.53507
41	58	3.0282
47	58	-0.12865
49	58	0.0855
54	58	0.44276
6	59	1.0046
7	59	1.1762
10	59	0.93927
11	59	1.0411
24	59	5.4457
25	59	2.8008
26	59	2.9339
41	59	-1.4992
51	59	-0.31485
53	59	0.73096
56	59	-0.47392
58	59	0.74558
3	60	2.9664
6	60	1.0933
7	60	1.1982
10	60	1.1217
11	60	1.1506
15	60	0.6814
17	60	1.2293
18	60	1.1443
21	60	1.3523
23	60	3.661
37	60	-0.80958
40	60	-1.05
41	60	-1.8007
42	60	-0.87801
43	60	-0.9902
50	60	-2.3967
52	60	-2.0738
57	60	-1.7897
6	61	1.0174
7	61	1.176
10	61	0.94634
11	61	1.0414
24	61	5.692
25	61	2.6126
26	61	2.7538
41	61	-1.502
51	61	0.07992
53	61	0.64792
56	61	-0.089677
58	61	0.67348
3	62	3.0406
6	62	1.2093
7	62	1.363
10	62	1.2309
11	62	1.253
15	62	0.68024
17	62	1.2491
18	62	1.1526
21	62	1.3604
23	62	3.783
37	62	-0.90887
40	62	-1.1361
41	62	-1.9703
42	62	-0.99921
43	62	-1.1664
50	62	-2.1602
52	62	-2.0585
57	62	-1.7188
6	63	-0.17064
7	63	-0.47996
10	63	-0.44212
11	63	-0.58306
41	63	2.8404
47	63	-0.00096938
49	63	0.1947
54	63	0.50167
59	63	0.78004
61	63	0.72525
6	64	-0.32588
7	64	-0.56118
10	64	-0.50049
11	64	-0.6183
41	64	2.6281
47	64	-0.29565
49	64	-0.064807
54	64	0.25961
59	64	0.56936
61	64	0.51465
6	65	0.9341
7	65	1.0981
10	65	0.86697
11	65	0.96473
24	65	5.6647
25	65	2.7231
26	65	2.8646
41	65	-1.5038
51	65	0.43963
53	65	0.83403
56	65	0.35931
58	65	0.86766
63	65	0.90408
64	65	0.71733
6	66	0.6747
7	66	0.81486
10	66	0.59508
11	66	0.69579
41	66	-1.3765
47	66	-0.24792
49	66	-0.63021
54	66	-1.415
59	66	-1.5598
61	66	-1.6485
65	66	-2.0433
6	67	1.2019
7	67	1.3225
10	67	1.1193
11	67	1.2089
41	67	-1.346
47	67	-0.5007
49	67	-1.0266
54	67	-1.7407
59	67	-1.9133
61	67	-2.0902
65	67	-2.0366
6	68	0.95272
7	68	0.79704
10	68	0.88641
11	68	0.80763
41	68	-1.1203
47	68	-1.6952
49	68	-2.2242
54	68	-1.7924
59	68	-1.8659
61	68	-2.0016
65	68	-1.6497
6	69	0.50663
7	69	0.65154
10	69	0.4293
11	69	0.53274
41	69	-1.2118
47	69	-0.1638
49	69	-0.51658
54	69	-1.2337
59	69	-1.3057
61	69	-1.4067
65	69	-1.6953
6	70	1.1176
7	70	1.2426
10	70	1.0372
11	70	1.1295
41	70	-1.2986
47	70	-0.3497
49	70	-0.83548
54	70	-1.5028
59	70	-1.6477
61	70	-1.8012
65	70	-2.1295
6	71	1.2018
7	71	1.0728
10	71	1.1896
11	71	1.0795
41	71	-1.0663
6	72	1.1884
7	72	1.0611
10	72	1.1823
11	72	1.0728
41	72	-0.83303
6	73	1.047
7	73	0.90745
10	73	0.97882
11	73	0.90938
41	73	-1.3092
47	73	-1.5067
49	73	-1.9787
54	73	-1.7372
59	73	-1.929
61	73	-2.2647
65	73	-2.1711
6	74	1.1034
7	74	0.97735
10	74	1.0894
11	74	0.98122
41	74	-1.2701
6	75	9.3172
7	75	10.1397
10	75	9.6744
11	75	10.0544
41	75	8.1555
6	76	8.9261
7	76	9.7419
10	76	9.2807
11	76	9.657
41	76	7.7014
6	77	9.5258
7	77	10.3462
10	77	9.8833
11	77	10.2622
41	77	8.4162
6	78	8.4777
7	78	9.2804
10	78	8.8291
11	78	9.1986
41	78	7.2565
6	79	8.2755
7	79	9.0763
10	79	8.6257
11	79	8.994
41	79	7.0083
6	80	7.978
7	80	8.7752
10	80	8.3268
11	80	8.693
41	80	6.6737
6	81	9.1204
7	81	9.9275
10	81	9.4744
11	81	9.8465
41	81	7.9983
6	82	8.6743
7	82	9.4752
10	82	9.0261
11	82	9.3947
41	82	7.5007
6	83	7.3739
7	83	7.7191
10	83	8.4078
11	83	8.0727
16	83	9.0825
19	83	9.2982
22	83	8.8363
38	83	6.0332
41	83	5.8635
44	83	6.1673
1	84	4.7553
2	84	4.8362
3	84	8.2475
4	84	6.2988
5	84	5.7179
8	84	8.6909
9	84	8.5375
12	84	8.9325
13	84	6.8704
14	84	7.065
15	84	9.3457
16	84	9.8567
17	84	8.5065
18	84	9.078
19	84	10.1934
20	84	9.4528
21	84	9.1626
22	84	9.7795
23	84	9.3237
24	84	9.7777
25	84	10.4742
26	84	10.3513
27	84	3.5931
28	84	7.147
29	84	7.2463
30	84	10.401
31	84	6.1833
32	84	6.0185
33	84	6.2774
34	84	6.1333
35	84	5.9697
36	84	8.7607
37	84	6.5457
38	84	7.0101
39	84	8.3737
40	84	6.8436
42	84	6.6404
43	84	6.4016
44	84	7.2798
45	84	8.417
46	84	7.8823
47	84	8.3124
48	84	7.1697
49	84	8.1621
50	84	5.8107
51	84	6.3709
52	84	5.4179
53	84	8.7779
54	84	8.4538
55	84	7.4763
56	84	6.5457
57	84	5.6067
58	84	8.8218
59	84	8.4752
60	84	7.5418
61	84	8.2399
62	84	7.2598
63	84	8.5931
64	84	8.8464
65	84	8.2705
66	84	6.1433
67	84	5.47
68	84	9.3557
69	84	6.1376
70	84	5.426
71	84	8.2303
72	84	8.5125
73	84	8.9628
74	84	8.0381
75	84	-0.32059
76	84	-0.71515
77	84	-0.25351
78	84	-1.2829
79	84	-1.835
80	84	-2.313
81	84	-0.80628
82	84	-1.4609
83	84	0.13566
6	85	6.3964
7	85	6.2377
10	85	6.3042
11	85	6.276
16	85	5.5493
19	85	5.4078
22	85	5.7236
38	85	4.1312
41	85	5.0548
44	85	4.1361
84	85	-0.56856
6	86	6.4799
7	86	6.3192
10	86	6.386
11	86	6.3564
16	86	5.4338
19	86	5.2933
22	86	5.6047
38	86	3.9795
41	86	5.109
44	86	3.9858
84	86	-0.46569
6	87	6.9561
7	87	7.2353
10	87	7.954
11	87	7.5931
16	87	8.6
19	87	8.8069
22	87	8.3534
38	87	5.4835
41	87	5.2565
44	87	5.5874
84	87	-0.64375
6	88	7.2367
7	88	7.5227
10	88	8.2471
11	88	7.8851
16	88	8.9595
19	88	9.1702
22	88	8.7144
38	88	5.898
41	88	5.6193
44	88	6.0174
84	88	-0.32599
1	89	5.0364
2	89	5.1197
3	89	8.0385
4	89	4.9449
5	89	4.3366
8	89	8.6907
9	89	8.538
12	89	8.9318
13	89	5.5826
14	89	5.7371
15	89	9.6495
16	89	9.633
17	89	8.9694
18	89	9.4133
19	89	9.9659
20	89	9.4498
21	89	9.4638
22	89	9.5583
23	89	9.1015
24	89	9.3716
25	89	10.5834
26	89	10.463
27	89	3.8218
28	89	6.9404
29	89	7.0337
30	89	10.0403
31	89	6.163
32	89	6.003
33	89	6.256
34	89	6.1172
35	89	5.9605
36	89	8.9417
37	89	6.5855
38	89	6.7774
39	89	8.5569
40	89	6.9285
42	89	6.6109
43	89	6.2529
44	89	7.0348
45	89	8.6071
46	89	7.5531
47	89	7.9048
48	89	6.8561
49	89	7.7658
50	89	5.5901
51	89	6.0601
52	89	5.2385
53	89	8.934
54	89	8.0158
55	89	7.1396
56	89	6.2259
57	89	5.4152
58	89	8.9865
59	89	8.0288
60	89	7.197
61	89	7.8131
62	89	6.9293
63	89	8.7539
64	89	9.019
65	89	7.8355
66	89	5.8435
67	89	5.2017
68	89	9.6916
69	89	5.8463
70	89	5.168
71	89	8.6583
72	89	8.9561
73	89	9.3581
74	89	8.4955
75	89	-0.082895
76	89	-0.54008
77	89	-0.026977
78	89	-1.134
79	89	-1.5428
80	89	-1.8627
81	89	-0.66831
82	89	-1.2443
83	89	-0.53463
85	89	-0.63563
86	89	-0.51844
87	89	-0.28346
88	89	-0.8571
6	90	7.0872
7	90	7.4351
10	90	8.1197
11	90	7.7872
16	90	9.1334
19	90	9.3456
22	90	8.8896
38	90	6.1051
41	90	5.5751
44	90	6.2311
84	90	1.0234
89	90	0.46826
1	91	4.7906
2	91	4.8722
3	91	8.194
4	91	5.189
5	91	4.6065
8	91	8.7245
9	91	8.5728
12	91	8.9655
13	91	5.7674
14	91	5.9566
15	91	9.4974
16	91	9.7382
17	91	8.6608
18	91	9.2308
19	91	10.0706
20	91	9.4839
21	91	9.3157
22	91	9.665
23	91	9.2595
24	91	9.6443
25	91	10.4223
26	91	10.3018
27	91	3.6142
28	91	7.0534
29	91	7.1497
30	91	10.2627
31	91	6.2408
32	91	6.0808
33	91	6.3354
34	91	6.1964
35	91	6.0382
36	91	8.7204
37	91	6.6912
38	91	6.9237
39	91	8.3399
40	91	6.9904
42	91	6.7879
43	91	6.5494
44	91	7.1843
45	91	8.3861
46	91	7.7952
47	91	8.2628
48	91	7.101
49	91	8.1228
50	91	5.8035
51	91	6.3367
52	91	5.4363
53	91	8.7686
54	91	8.3925
55	91	7.3962
56	91	6.5088
57	91	5.6202
58	91	8.8167
59	91	8.4128
60	91	7.4603
61	91	8.1904
62	91	7.1908
63	91	8.5928
64	91	8.8454
65	91	8.2209
66	91	6.1508
67	91	5.4981
68	91	9.3611
69	91	6.1568
70	91	5.4663
71	91	8.2736
72	91	8.5423
73	91	9.005
74	91	8.1052
75	91	-0.32263
76	91	-0.69871
77	91	-0.23125
78	91	-1.0869
79	91	-1.5742
80	91	-1.9502
81	91	-0.81044
82	91	-1.2856
83	91	-1.2457
85	91	-0.73353
86	91	-0.61993
87	91	-1.6105
88	91	-1.3593
90	91	-0.65184
6	92	6.597
7	92	6.9528
10	92	7.6362
11	92	7.3053
16	92	9.5495
19	92	9.7646
22	92	9.3053
38	92	6.5429
41	92	5.1017
44	92	6.6768
84	92	0.61309
89	92	-0.30526
91	92	1.3223
1	93	4.461
2	93	4.5403
3	93	8.3875
4	93	5.3549
5	93	4.7648
8	93	8.9998
9	93	8.8494
12	93	9.24
13	93	5.9399
14	93	6.1299
15	93	9.1661
16	93	10.0892
17	93	8.3343
18	93	8.8994
19	93	10.423
20	93	9.7568
21	93	8.9816
22	93	10.0155
23	93	9.4518
24	93	9.5718
25	93	10.3082
26	93	10.1876
27	93	3.322
28	93	7.1788
29	93	7.2795
30	93	10.6473
31	93	6.553
32	93	6.3944
33	93	6.6478
34	93	6.5101
35	93	6.352
36	93	8.6212
37	93	6.365
38	93	7.3019
39	93	8.2433
40	93	6.6635
42	93	6.4536
43	93	6.2085
44	93	7.5676
45	93	8.2862
46	93	8.188
47	93	8.3687
48	93	7.4934
49	93	8.2325
50	93	6.0534
51	93	6.3246
52	93	5.6758
53	93	8.6507
54	93	8.5146
55	93	7.8025
56	93	6.5037
57	93	5.8646
58	93	8.6949
59	93	8.543
60	93	7.8739
61	93	8.3185
62	93	7.601
63	93	8.479
64	93	8.7204
65	93	8.3582
66	93	6.1925
67	93	5.5317
68	93	9.0969
69	93	6.2071
70	93	5.5068
71	93	8.038
72	93	8.2824
73	93	8.7242
74	93	7.8664
75	93	-0.41297
76	93	-0.71592
77	93	-0.41403
78	93	-1.0737
79	93	-1.6148
80	93	-2.0903
81	93	-0.69007
82	93	-1.1846
83	93	-0.63372
85	93	-0.6136
86	93	-0.48327
87	93	-1.7764
88	93	-1.4924
90	93	0.045309
92	93	0.56272
6	94	6.0564
7	94	5.9005
10	94	5.964
11	94	5.9372
16	94	5.2065
19	94	5.064
22	94	5.3801
38	94	3.7763
41	94	4.6954
44	94	3.7818
84	94	-1.1905
89	94	-1.2641
91	94	-1.3646
93	94	-1.226
6	95	4.9902
7	95	5.2373
10	95	5.9929
11	95	5.6097
16	95	9.0373
19	95	9.245
22	95	8.7969
38	95	6.0385
41	95	3.3443
44	95	6.1556
84	95	-1.7609
89	95	0.70156
91	95	-0.73056
93	95	-0.32617
1	96	4.714
2	96	4.7953
3	96	8.092
4	96	4.6424
5	96	4.0618
8	96	8.5774
9	96	8.4281
12	96	8.8177
13	96	5.2205
14	96	5.4078
15	96	9.6713
16	96	9.5069
17	96	8.8361
18	96	9.4055
19	96	9.8339
20	96	9.3341
21	96	9.4909
22	96	9.4385
23	96	9.1507
24	96	9.5809
25	96	10.2433
26	96	10.1257
27	96	3.5231
28	96	6.947
29	96	7.0393
30	96	10.0583
31	96	6.1242
32	96	5.9697
33	96	6.2192
34	96	6.086
35	96	5.9339
36	96	8.5088
37	96	6.8609
38	96	6.7318
39	96	8.1374
40	96	7.1612
42	96	6.96
43	96	6.6117
44	96	6.9822
45	96	8.1855
46	96	7.6446
47	96	8.1761
48	96	6.9686
49	96	8.046
50	96	5.7495
51	96	6.355
52	96	5.4032
53	96	8.6354
54	96	8.2945
55	96	7.2527
56	96	6.524
57	96	5.584
58	96	8.6866
59	96	8.3138
60	96	7.3157
61	96	8.1034
62	96	7.0583
63	96	8.4699
64	96	8.7183
65	96	8.1336
66	96	6.1996
67	96	5.5662
68	96	9.2177
69	96	6.2144
70	96	5.5441
71	96	8.1161
72	96	8.368
73	96	8.8933
74	96	7.9692
75	96	-0.40837
76	96	-0.78338
77	96	-0.32281
78	96	-1.0656
79	96	-1.5015
80	96	-1.828
81	96	-0.92645
82	96	-1.2936
83	96	-1.8687
85	96	-1.0577
86	96	-0.92427
87	96	-1.801
88	96	-1.9698
90	96	-1.2592
92	96	-0.73081
94	96	-1.6853
95	96	1.2936
6	97	4.3626
7	97	4.5588
10	97	4.4207
11	97	4.5514
30	97	8.1747
41	97	2.1346
46	97	5.9466
48	97	5.4493
55	97	5.6277
60	97	5.6546
62	97	5.4245
84	97	-2.1858
89	97	-1.5302
91	97	-2.2248
93	97	-1.2432
96	97	-2.1465
1	98	4.7968
2	98	4.8795
3	98	8.0215
4	98	4.6164
5	98	4.0302
8	98	8.503
9	98	8.3553
12	98	8.7428
13	98	5.2538
14	98	5.4088
15	98	9.6553
16	98	9.3357
17	98	8.9697
18	98	9.4181
19	98	9.6595
20	98	9.2579
21	98	9.4699
22	98	9.2708
23	98	9.0731
24	98	9.364
25	98	10.2452
26	98	10.1296
27	98	3.5921
28	98	6.8405
29	98	6.93
30	98	9.9263
31	98	6.0747
32	98	5.9245
33	98	6.1704
34	98	6.0416
35	98	5.8942
36	98	8.4976
37	98	6.6161
38	98	6.5887
39	98	8.1317
40	98	6.9559
42	98	6.6478
43	98	6.3
44	98	6.8325
45	98	8.182
46	98	7.5574
47	98	7.9987
48	98	6.896
49	98	7.8794
50	98	5.721
51	98	6.2364
52	98	5.3946
53	98	8.6716
54	98	8.1056
55	98	7.1716
56	98	6.4025
57	98	5.5719
58	98	8.7258
59	98	8.1241
60	98	7.2339
61	98	7.9264
62	98	6.9863
63	98	8.5136
64	98	8.7602
65	98	7.9566
66	98	6.114
67	98	5.4997
68	98	9.2523
69	98	6.1378
70	98	5.4873
71	98	8.1546
72	98	8.3945
73	98	8.951
74	98	8.0233
75	98	-0.32556
76	98	-0.65447
77	98	-0.25034
78	98	-0.87452
79	98	-1.248
80	98	-1.5092
81	98	-0.82235
82	98	-1.1057
83	98	-1.9185
85	98	-1.3236
86	98	-1.1804
87	98	-1.3533
88	98	-1.6316
90	98	-1.3243
92	98	-0.57894
94	98	-1.9517
95	98	1.2151
97	98	3.0923
6	99	4.7775
7	99	4.7784
10	99	4.7285
11	99	4.6902
28	99	5.1879
29	99	5.2218
36	99	4.9707
39	99	4.905
41	99	3.3136
45	99	5.0666
71	99	3.9412
72	99	4.2981
74	99	3.785
84	99	0.54757
89	99	-0.32495
91	99	0.072771
93	99	0.6473
96	99	-0.81087
98	99	-0.05733
4	100	5.2838
5	100	5.1446
6	100	5.7817
7	100	5.6337
8	100	5.8009
9	100	5.9401
10	100	5.7009
11	100	5.5417
12	100	6.166
13	100	5.1534
14	100	5.1107
20	100	7.0261
31	100	4.2795
32	100	4.2821
33	100	4.5014
34	100	4.4853
35	100	4.3602
41	100	4.3435
83	100	-2.0208
84	100	-1.2973
85	100	-1.3336
86	100	-1.4914
87	100	-2.0629
88	100	-2.4954
89	100	-1.8204
90	100	-2.596
91	100	-1.7537
92	100	-2.2138
93	100	-1.586
94	100	-1.9708
95	100	-2.1226
96	100	-2.16
98	100	-1.9773
4	101	5.3803
5	101	5.2377
6	101	5.6856
7	101	5.6084
8	101	5.4413
9	101	5.5793
10	101	5.6013
11	101	5.4407
12	101	5.8019
13	101	5.2554
14	101	5.2076
20	101	6.6559
31	101	3.9914
32	101	3.9971
33	101	4.2124
34	101	4.2002
35	101	4.0791
41	101	4.158
83	101	-2.0992
84	101	-1.5249
85	101	-1.9158
86	101	-2.043
87	101	-1.9618
88	101	-2.2463
89	101	-1.8723
90	101	-2.3651
91	101	-1.8788
92	101	-2.2064
93	101	-1.7245
94	101	-2.4202
95	101	-2.0401
96	101	-2.131
98	101	-1.7372
6	102	4.7437
7	102	4.9478
10	102	4.8036
11	102	4.9385
30	102	8.0417
41	102	2.5393
46	102	5.8213
48	102	5.3256
55	102	5.503
60	102	5.5295
62	102	5.3013
84	102	-1.8148
89	102	-1.334
91	102	-1.8345
93	102	-1.9917
96	102	-1.8139
98	102	-1.5296
6	103	4.6804
7	103	4.6805
10	103	4.6308
11	103	4.592
28	103	5.4247
29	103	5.4593
36	103	5.0396
39	103	4.9768
41	103	3.1834
45	103	5.1371
71	103	3.9803
72	103	4.3227
74	103	3.8302
84	103	0.22024
89	103	-0.4957
91	103	-0.15074
93	103	0.31215
96	103	-0.78382
98	103	-1.0195
4	104	5.115
5	104	4.9793
6	104	5.109
7	104	4.9169
8	104	5.6061
9	104	5.7499
10	104	5.0336
11	104	4.8814
12	104	5.9727
13	104	4.9789
14	104	4.9412
20	104	6.8321
31	104	4.069
32	104	4.0768
33	104	4.29
34	104	4.2787
35	104	4.1587
41	104	3.7372
83	104	-1.6594
84	104	-1.6004
85	104	-1.4466
86	104	-1.5988
87	104	-1.8622
88	104	-2.204
89	104	-1.8859
90	104	-2.2172
91	104	-2.073
92	104	-2.0177
93	104	-1.9562
94	104	-2.0792
95	104	-2.0378
96	104	-1.6067
98	104	-1.1219
4	105	5.0809
5	105	4.9438
6	105	5.3004
7	105	5.14
8	105	5.611
9	105	5.753
10	105	5.2222
11	105	5.0671
12	105	5.9759
13	105	4.9466
14	105	4.9065
20	105	6.8338
31	105	4.101
32	105	4.1081
33	105	4.3221
34	105	4.3105
35	105	4.1902
41	105	3.8812
83	105	-1.9736
84	105	-1.5977
85	105	-1.6173
86	105	-1.776
87	105	-1.7274
88	105	-2.1046
89	105	-2.076
90	105	-2.2805
91	105	-2.0334
92	105	-2.4197
93	105	-2.0026
94	105	-2.212
95	105	-1.989
96	105	-1.7883
98	105	-1.3459
6	106	3.8917
7	106	4.0755
10	106	3.9464
11	106	4.071
30	106	8.2063
41	106	1.6886
46	106	6.0241
48	106	5.54
55	106	5.7177
60	106	5.7491
62	106	5.5288
84	106	-2.0516
89	106	-2.2561
91	106	-2.1858
93	106	-1.7414
96	106	-2.4128
98	106	-2.2142
4	107	5.2324
5	107	5.0936
6	107	5.4041
7	107	5.2575
8	107	5.5131
9	107	5.656
10	107	5.3247
11	107	5.1683
12	107	5.876
13	107	5.1014
14	107	5.0593
20	107	6.7305
31	107	4.0376
32	107	4.0483
33	107	4.2578
34	107	4.2501
35	107	4.134
41	107	3.9703
83	107	-1.6743
84	107	-1.3198
85	107	-1.9316
86	107	-1.9893
87	107	-1.7318
88	107	-2.1256
89	107	-1.802
90	107	-2.1082
91	107	-1.6674
92	107	-2.1506
93	107	-1.6456
94	107	-1.822
95	107	-2.0855
96	107	-1.869
98	107	-1.4751
4	108	5.3492
5	108	5.2067
6	108	5.4379
7	108	5.3567
8	108	5.4001
9	108	5.5411
10	108	5.3545
11	108	5.1955
12	108	5.7589
13	108	5.224
14	108	5.1768
20	108	6.6079
31	108	3.9795
32	108	3.9919
33	108	4.1983
34	108	4.1932
35	108	4.0797
41	108	3.9206
83	108	-1.7639
84	108	-1.5158
85	108	-1.374
86	108	-1.5674
87	108	-1.6554
88	108	-2.0394
89	108	-1.8782
90	108	-2.1243
91	108	-1.8117
92	108	-2.2228
93	108	-1.8606
94	108	-1.4504
95	108	-2.0028
96	108	-1.7299
98	108	-1.3781
6	109	4.5182
7	109	4.5257
10	109	4.4723
11	109	4.4371
28	109	5.1893
29	109	5.2162
36	109	5.2814
39	109	5.2207
41	109	3.1287
45	109	5.395
71	109	4.408
72	109	4.7598
74	109	4.2813
84	109	0.5347
89	109	-0.15528
91	109	0.29167
93	109	0.88632
96	109	-0.1185
98	109	-0.59046
6	110	4.4055
7	110	4.4122
10	110	4.3585
11	110	4.323
28	110	5.3739
29	110	5.4035
36	110	5.2697
39	110	5.2109
41	110	2.9593
45	110	5.3793
71	110	4.3053
72	110	4.6448
74	110	4.1735
84	110	-0.020681
89	110	-0.60882
91	110	-0.26414
93	110	0.20276
96	110	-0.69358
98	110	-1.2042
6	111	4.633
7	111	4.6332
10	111	4.5836
11	111	4.5448
28	111	5.4126
29	111	5.4451
36	111	5.237
39	111	5.18
41	111	3.1355
45	111	5.3427
71	111	4.1899
72	111	4.5179
74	111	4.0537
84	111	0.035491
89	111	-0.51442
91	111	-0.21753
93	111	0.15923
96	111	-0.63777
98	111	-1.1346
6	112	4.5697
7	112	4.568
10	112	4.519
11	112	4.4794
28	112	5.5733
29	112	5.6089
36	112	5.181
39	112	5.1262
41	112	3.0199
45	112	5.2832
71	112	4.0518
72	112	4.3683
74	112	3.9119
84	112	-0.24246
89	112	-0.79763
91	112	-0.51983
93	112	-0.17858
96	112	-0.93128
98	112	-1.4271
6	113	4.6062
7	113	4.6016
10	113	4.5541
11	113	4.5131
28	113	5.555
29	113	5.5924
36	113	5.139
39	113	5.087
41	113	3.0113
45	113	5.2383
71	113	3.9299
72	113	4.2345
74	113	3.7871
84	113	-0.31073
89	113	-0.84873
91	113	-0.59104
93	113	-0.29576
96	113	-0.97097
98	113	-1.442
6	114	4.2894
7	114	4.3232
10	114	4.2294
11	114	4.2257
41	114	2.6449
84	114	-0.42621
89	114	-0.87415
91	114	-0.76045
93	114	-0.65252
96	114	-1.0875
98	114	-1.4567
99	114	-1.997
103	114	-2.1065
109	114	-1.4805
110	114	-1.4247
111	114	-1.4701
112	114	-1.3848
113	114	-1.418
6	115	4.2177
7	115	4.2496
10	115	4.1564
11	115	4.1518
41	115	2.5353
84	115	-0.5833
89	115	-1.0273
91	115	-0.92094
93	115	-0.83344
96	115	-1.236
98	115	-1.3227
99	115	-1.9192
103	115	-1.9874
109	115	-1.4608
110	115	-1.424
111	115	-1.5055
112	115	-1.4526
113	115	-1.5109
6	116	4.5037
7	116	4.5068
10	116	4.4555
11	116	4.4181
28	116	5.338
29	116	5.3668
36	116	5.2107
39	116	5.154
41	116	3.0291
45	116	5.3204
71	116	4.2082
72	116	4.5374
74	116	4.0782
84	116	-0.13245
89	116	-0.64682
91	116	-0.35439
93	116	0.015843
96	116	-0.72568
98	116	-1.1482
114	116	-1.1202
115	116	-1.1897
3	117	6.1104
6	117	3.7176
7	117	3.7168
10	117	3.7586
11	117	3.7499
15	117	4.0447
17	117	4.619
18	117	4.4905
21	117	4.677
23	117	6.5505
37	117	3.4475
40	117	3.4424
41	117	2.3888
42	117	3.4862
43	117	3.2849
50	117	4.1256
52	117	3.9329
57	117	4.0964
84	117	-2.064
89	117	-1.7604
91	117	-2.0089
93	117	-2.198
96	117	-1.7246
97	117	-1.8751
98	117	-1.3899
102	117	-1.9271
106	117	-2.1975
3	118	6.0694
6	118	3.9175
7	118	3.9097
10	118	3.9551
11	118	3.9429
15	118	4.0929
17	118	4.6771
18	118	4.5438
21	118	4.731
23	118	6.529
37	118	3.4743
40	118	3.4693
41	118	2.5363
42	118	3.5102
43	118	3.3035
50	118	4.1222
52	118	3.9226
57	118	4.0928
84	118	-2.1356
89	118	-1.8912
91	118	-2.1254
93	118	-2.1923
96	118	-1.8861
97	118	-2.0683
98	118	-1.5408
102	118	-2.0785
106	118	-2.4544
6	119	4.9315
7	119	4.9442
10	119	4.9456
11	119	4.9128
41	119	2.6772
84	119	-0.99299
89	119	-0.89365
91	119	-1.2743
93	119	-1.5302
96	119	-1.7483
98	119	-1.5293
99	119	-1.557
103	119	-1.8646
109	119	-1.6741
110	119	-1.6826
111	119	-1.6549
112	119	-1.6561
113	119	-1.6317
116	119	-1.607
6	120	3.6034
7	120	3.6343
10	120	3.5658
11	120	3.5424
28	120	5.0055
29	120	5.0225
36	120	5.2988
39	120	5.2368
41	120	2.3387
45	120	5.4249
71	120	4.6067
72	120	4.9692
74	120	4.4991
84	120	0.21016
89	120	-0.35443
91	120	0.10149
93	120	0.64573
96	120	-0.065941
98	120	-0.19507
114	120	-0.90796
115	120	-0.92257
119	120	-1.2336
6	121	4.0146
7	121	4.0242
10	121	3.9675
11	121	3.9334
28	121	5.5098
29	121	5.5382
36	121	5.2195
39	121	5.1665
41	121	2.509
45	121	5.3306
71	121	4.1723
72	121	4.4901
74	121	4.0447
84	121	-0.91668
89	121	-1.4547
91	121	-1.1639
93	121	-0.82123
96	121	-1.4488
98	121	-1.835
114	121	-0.56022
115	121	-0.69661
119	121	-1.3373
3	122	6.0571
6	122	3.5071
7	122	3.5073
10	122	3.5474
11	122	3.5393
15	122	4.1165
17	122	4.7006
18	122	4.5656
21	122	4.7513
23	122	6.5069
37	122	3.5045
40	122	3.5016
41	122	2.1493
42	122	3.5395
43	122	3.3313
50	122	4.1049
52	122	3.9152
57	122	4.0811
84	122	-1.8416
89	122	-1.4536
91	122	-1.6725
93	122	-1.9757
96	122	-1.4189
97	122	-1.6852
98	122	-1.1642
102	122	-1.6362
106	122	-1.9389
3	123	6.0617
6	123	3.7551
7	123	3.7474
10	123	3.7919
11	123	3.7798
15	123	4.1331
17	123	4.7268
18	123	4.5873
21	123	4.7737
23	123	6.5253
37	123	3.5024
40	123	3.4998
41	123	2.3487
42	123	3.535
43	123	3.3217
50	123	4.1491
52	123	3.9579
57	123	4.1292
84	123	-2.0466
89	123	-1.6337
91	123	-1.8375
93	123	-2.0687
96	123	-1.5646
97	123	-1.8539
98	123	-1.3258
102	123	-1.77
106	123	-2.0854
3	124	6.1269
6	124	3.8759
7	124	3.8627
10	124	3.9098
11	124	3.895
15	124	4.151
17	124	4.7533
18	124	4.6101
21	124	4.7975
23	124	6.6044
37	124	3.5041
40	124	3.5016
41	124	2.4237
42	124	3.535
43	124	3.3175
50	124	4.2564
52	124	4.0646
57	124	4.2412
84	124	-1.9829
89	124	-1.5857
91	124	-1.7593
93	124	-1.9181
96	124	-1.5372
97	124	-1.9765
98	124	-1.3125
102	124	-1.888
106	124	-2.2084
6	125	3.9899
7	125	4.0278
10	125	3.9315
11	125	3.9297
41	125	2.3773
84	125	-0.81067
89	125	-1.2738
91	125	-1.1386
93	125	-1.0226
96	125	-1.4323
98	125	-1.5244
99	125	-1.7708
103	125	-2.0723
109	125	-1.8379
110	125	-1.9471
111	125	-2.0081
112	125	-2.0458
113	125	-1.9948
116	125	-1.7291
120	125	-1.2297
121	125	-1.2496
6	126	4.3974
7	126	4.4938
10	126	4.4735
11	126	4.532
30	126	4.5326
41	126	3.0719
46	126	3.7391
48	126	3.8404
55	126	3.6178
60	126	3.6207
62	126	3.6991
84	126	-1.7244
89	126	-1.4205
91	126	-1.5742
93	126	-1.8182
96	126	-1.3113
98	126	-1.0674
117	126	-1.724
118	126	-1.3639
122	126	-1.6559
123	126	-1.5045
124	126	-1.4247
6	127	3.8493
7	127	3.8859
10	127	3.7896
11	127	3.7872
41	127	2.1945
84	127	-1.0699
89	127	-1.503
91	127	-1.4145
93	127	-1.3188
96	127	-1.424
98	127	-1.218
99	127	-1.7407
103	127	-2.0214
109	127	-1.8268
110	127	-1.8979
111	127	-2.0503
112	127	-2.1998
113	127	-2.0902
116	127	-1.7453
120	127	-1.2413
121	127	-1.3401
6	128	4.3445
7	128	4.4381
10	128	4.4181
11	128	4.4755
30	128	4.5086
41	128	2.9766
46	128	3.6811
48	128	3.7766
55	128	3.5552
60	128	3.5587
62	128	3.6335
84	128	-1.6341
89	128	-1.3329
91	128	-1.4796
93	128	-1.7063
96	128	-1.2271
98	128	-0.99574
117	128	-1.7817
118	128	-1.5508
122	128	-1.6716
123	128	-1.5351
124	128	-1.4689
6	129	3.6701
7	129	3.7045
10	129	3.6081
11	129	3.6048
41	129	1.9466
84	129	-1.3967
89	129	-1.0905
91	129	-1.1929
93	129	-1.3488
96	129	-0.9657
98	129	-0.79701
99	129	-1.8858
103	129	-2.0133
109	129	-1.6153
110	129	-1.647
111	129	-1.7984
112	129	-1.8604
113	129	-1.9376
116	129	-1.5422
120	129	-1.1006
121	129	-1.2191
6	130	3.0026
7	130	3.0812
10	130	2.9279
11	130	2.9973
41	130	1.4673
47	130	2.0992
49	130	1.6463
54	130	1.4523
59	130	1.4683
61	130	1.2394
65	130	1.1342
84	130	-0.81779
89	130	-0.62017
91	130	-0.62761
93	130	-0.88455
96	130	-0.37779
98	130	-0.24691
6	131	4.2029
7	131	4.2924
10	131	4.2721
11	131	4.3281
30	131	4.4349
41	131	2.7585
46	131	3.5484
48	131	3.6348
55	131	3.4149
60	131	3.4195
62	131	3.4886
84	131	-1.5334
89	131	-1.2123
91	131	-1.3365
93	131	-1.4747
96	131	-1.0825
98	131	-0.85437
117	131	-1.7354
118	131	-1.5696
122	131	-1.5814
123	131	-1.467
124	131	-1.4352
6	132	3.036
7	132	3.1452
10	132	2.9842
11	132	3.0516
24	132	7.1882
25	132	5.4472
26	132	5.5913
41	132	1.8912
51	132	4.5642
53	132	4.4813
56	132	4.7903
58	132	4.6119
63	132	4.5854
64	132	4.5947
66	132	4.979
67	132	4.4716
68	132	5.1592
69	132	5.0516
70	132	4.4939
73	132	4.9933
84	132	-1.1391
89	132	-1.7568
91	132	-1.3829
93	132	-0.92954
96	132	-1.6989
98	132	-1.6887
130	132	-0.48147
3	133	6.0289
6	133	3.719
7	133	3.7131
10	133	3.7572
11	133	3.746
15	133	4.2048
17	133	4.7953
18	133	4.6566
21	133	4.8421
23	133	6.4859
37	133	3.5838
40	133	3.5821
41	133	2.3418
42	133	3.6168
43	133	3.4044
50	133	4.1083
52	133	3.9225
57	133	4.0912
84	133	-1.9999
89	133	-1.6065
91	133	-1.8176
93	133	-2.152
96	133	-1.5567
97	133	-1.4947
98	133	-1.3207
102	133	-1.4185
106	133	-1.7278
126	133	-1.7142
128	133	-1.6557
131	133	-1.476
6	134	4.3618
7	134	4.4629
10	134	4.4419
11	134	4.5022
30	134	4.6399
41	134	3.1055
46	134	3.8923
48	134	3.9982
55	134	3.7783
60	134	3.7819
62	134	3.8632
84	134	-1.5183
89	134	-1.3524
91	134	-1.5255
93	134	-1.768
96	134	-1.2651
98	134	-1.0165
117	134	-0.95553
118	134	-0.50189
122	134	-1.0222
123	134	-0.67839
124	134	-0.24413
133	134	-1.2192
6	135	4.3142
7	135	4.4129
10	135	4.3918
11	135	4.4513
30	135	4.5629
41	135	3.0151
46	135	3.7821
48	135	3.883
55	135	3.6634
60	135	3.6672
62	135	3.7454
84	135	-1.6398
89	135	-1.3237
91	135	-1.4804
93	135	-1.703
96	135	-1.2138
98	135	-0.97125
117	135	-1.2155
118	135	-0.81568
122	135	-1.2389
123	135	-0.96638
124	135	-0.69148
133	135	-1.2154
6	136	3.5671
7	136	3.6056
10	136	3.5073
11	136	3.5059
41	136	1.893
84	136	-1.436
89	136	-1.2011
91	136	-1.3281
93	136	-1.5138
96	136	-1.0947
98	136	-0.92019
99	136	-1.7992
103	136	-2.0648
109	136	-1.5728
110	136	-1.726
111	136	-1.8077
112	136	-1.9541
113	136	-1.9327
116	136	-1.5394
120	136	-1.0248
121	136	-1.4187
6	137	2.9549
7	137	3.0377
10	137	2.8822
11	137	2.9539
41	137	1.4786
47	137	2.152
49	137	1.7112
54	137	1.5223
59	137	1.5397
61	137	1.3173
65	137	1.2163
84	137	-1.0408
89	137	-0.82006
91	137	-0.84965
93	137	-1.1224
96	137	-0.59862
98	137	-0.4618
132	137	-0.71665
6	138	4.1197
7	138	4.2143
10	138	4.1927
11	138	4.2508
30	138	4.4755
41	138	2.7362
46	138	3.625
48	138	3.7134
55	138	3.4976
60	138	3.5029
62	138	3.5735
84	138	-1.4089
89	138	-1.0952
91	138	-1.225
93	138	-1.3984
96	138	-0.97075
98	138	-0.74418
117	138	-1.4638
118	138	-1.3578
122	138	-1.3104
123	138	-1.1599
124	138	-1.0689
133	138	-1.2013
6	139	2.553
7	139	2.6776
10	139	2.5073
11	139	2.5824
24	139	7.1336
25	139	5.6175
26	139	5.7588
41	139	1.5044
51	139	4.5087
53	139	4.666
56	139	4.7289
58	139	4.7992
63	139	4.7676
64	139	4.7845
66	139	4.8934
67	139	4.3981
68	139	5.3973
69	139	4.9611
70	139	4.4168
73	139	5.241
84	139	-1.2112
89	139	-1.5081
91	139	-1.4121
93	139	-0.91447
96	139	-1.7024
98	139	-1.5734
130	139	-0.30239
137	139	-0.48093
6	140	2.9894
7	140	3.1003
10	140	2.9387
11	140	3.0069
24	140	7.2271
25	140	5.6141
26	140	5.7576
41	140	1.87
51	140	4.6192
53	140	4.6601
56	140	4.8438
58	140	4.7914
63	140	4.7647
64	140	4.7753
66	140	5.0347
67	140	4.5343
68	140	5.3416
69	140	5.1083
70	140	4.5581
73	140	5.1817
84	140	-1.1369
89	140	-1.6755
91	140	-1.361
93	140	-0.9104
96	140	-1.6787
98	140	-1.8281
130	140	-0.21353
137	140	-0.40544
6	141	2.6098
7	141	2.7292
10	141	2.562
11	141	2.6345
24	141	7.1691
25	141	5.6547
26	141	5.7979
41	141	1.5199
51	141	4.572
53	141	4.7148
56	141	4.7953
58	141	4.8465
63	141	4.8208
64	141	4.831
66	141	4.9874
67	141	4.4921
68	141	5.392
69	141	5.0615
70	141	4.517
73	141	5.2383
84	141	-1.4788
89	141	-1.4823
91	141	-1.6789
93	141	-1.2358
96	141	-1.7494
98	141	-1.5039
130	141	-0.10474
137	141	-0.26393
6	142	4.4881
7	142	4.4955
10	142	4.498
11	142	4.463
41	142	2.1977
84	142	-1.5816
89	142	-1.5651
91	142	-1.8525
93	142	-1.8638
96	142	-1.9018
98	142	-1.7404
99	142	-0.66649
103	142	-1.0818
109	142	-1.4299
110	142	-1.6755
111	142	-1.8138
112	142	-1.8501
113	142	-1.833
116	142	-1.8815
120	142	-1.4059
121	142	-1.8567
6	143	4.4562
7	143	4.4626
10	143	4.4677
11	143	4.4319
41	143	2.199
84	143	-1.5963
89	143	-1.3607
91	143	-1.6964
93	143	-2.0384
96	143	-1.6474
98	143	-1.7287
99	143	-0.4756
103	143	-0.90619
109	143	-1.1968
110	143	-1.4859
111	143	-1.6708
112	143	-1.7519
113	143	-1.7627
116	143	-1.7602
120	143	-1.1414
121	143	-1.7629
6	144	2.8956
7	144	2.7573
10	144	2.7772
11	144	2.7179
24	144	7.134
25	144	5.6291
26	144	5.7698
41	144	1.5598
51	144	4.54
53	144	4.7062
56	144	4.7576
58	144	4.8399
63	144	4.8111
64	144	4.8262
66	144	4.9279
67	144	4.4439
68	144	5.4239
69	144	4.9976
70	144	4.4656
73	144	5.2792
84	144	-1.5696
89	144	-1.1279
91	144	-1.4917
93	144	-1.2717
96	144	-1.422
98	144	-1.2128
130	144	0.062507
137	144	-0.052294
6	145	4.5131
7	145	4.5217
10	145	4.5229
11	145	4.4887
41	145	2.2252
84	145	-1.4884
89	145	-1.444
91	145	-1.7106
93	145	-1.9731
96	145	-1.6804
98	145	-1.782
99	145	-0.38304
103	145	-0.77149
109	145	-1.0718
110	145	-1.3091
111	145	-1.4585
112	145	-1.5145
113	145	-1.5364
116	145	-1.5372
120	145	-1.0285
121	145	-1.6918
6	146	4.5267
7	146	4.535
10	146	4.5383
11	146	4.5037
41	146	2.2735
84	146	-1.387
89	146	-1.176
91	146	-1.4632
93	146	-1.8137
96	146	-1.39
98	146	-1.4621
99	146	-0.19082
103	146	-0.58942
109	146	-0.84374
110	146	-1.1142
111	146	-1.2984
112	146	-1.3938
113	146	-1.4539
116	146	-1.3911
120	146	-0.76339
121	146	-1.6089
6	147	4.7268
7	147	4.7352
10	147	4.6791
11	147	4.6909
41	147	2.1564
47	147	3.4587
49	147	3.3449
54	147	3.146
59	147	3.0166
61	147	3.0556
65	147	3.0355
84	147	-1.6469
89	147	-1.5678
91	147	-1.8462
93	147	-2.0562
96	147	-1.7833
98	147	-1.8202
132	147	-1.3119
139	147	-1.4339
140	147	-1.696
141	147	-2.0101
144	147	-2.0728
6	148	4.56
7	148	4.5671
10	148	4.5112
11	148	4.5224
41	148	1.9779
47	148	3.3263
49	148	3.2124
54	148	3.0135
59	148	2.8841
61	148	2.9233
65	148	2.9033
84	148	-1.8391
89	148	-1.734
91	148	-1.9932
93	148	-1.8171
96	148	-1.8788
98	148	-1.7187
132	148	-1.3361
139	148	-1.4342
140	148	-1.7156
141	148	-2.0091
144	148	-1.9697
6	149	2.9831
7	149	3.0737
10	149	2.9164
11	149	2.9928
41	149	1.7186
47	149	2.6004
49	149	2.1836
54	149	2.0289
59	149	2.054
61	149	1.8391
65	149	1.7538
84	149	-1.0713
89	149	-1.4535
91	149	-1.2448
93	149	-1.0894
96	149	-1.3496
98	149	-1.5244
132	149	-1.5105
139	149	-1.6271
140	149	-1.6439
141	149	-1.5755
144	149	-1.7443
6	150	4.4901
7	150	4.4959
10	150	4.4421
11	150	4.4525
41	150	1.9302
47	150	3.2567
49	150	3.1441
54	150	2.9506
59	150	2.8232
61	150	2.8607
65	150	2.8428
84	150	-1.7982
89	150	-1.5644
91	150	-1.8267
93	150	-1.7256
96	150	-1.7135
98	150	-1.6158
132	150	-1.12
139	150	-1.1396
140	150	-1.4627
141	150	-1.7227
144	150	-1.6321
6	151	3.2265
7	151	3.3124
10	151	3.1586
11	151	3.2324
41	151	1.9354
47	151	2.683
49	151	2.2559
54	151	2.1047
59	151	2.131
61	151	1.9088
65	151	1.8234
84	151	-0.70704
89	151	-1.0475
91	151	-0.86112
93	151	-0.79608
96	151	-0.9561
98	151	-1.1457
132	151	-1.4983
139	151	-1.6944
140	151	-1.7146
141	151	-1.653
144	151	-1.7715
offset
60
