134
detection	body_part	cost
1	7	-3.8506
2	7	-4.886
3	8	-4.0393
4	8	0.17442
5	8	0.8907
6	14	-1.9647
7	12	-0.015231
8	13	-0.13069
9	14	-1.3872
10	6	-0.86962
11	6	-3.6952
12	6	0.95131
13	13	-1.7014
14	13	-1.8202
15	6	-3.934
16	11	9.2102
17	12	-2.5562
18	13	0.33787
19	11	9.2102
20	11	9.2102
21	6	0.091705
22	12	0.68979
23	13	0.99928
24	11	9.2102
25	11	9.2102
26	9	1.3135
27	11	9.2102
28	10	0.067626
29	10	-0.75359
30	11	-0.96587
31	1	-4.8287
32	11	9.2102
33	9	-2.1787
34	10	-1.5456
35	11	-1.6742
36	2	-2.7721
37	11	9.2102
38	9	0.65403
39	9	-0.44742
40	9	1.0725
41	1	0.403
42	11	9.2102
43	11	9.2102
44	9	-0.91196
45	11	9.2102
46	11	9.2102
47	11	9.2102
48	11	9.2102
49	4	0.20207
50	10	0.54093
51	2	-0.053633
52	11	9.2102
53	3	-0.088566
54	2	1.1499
55	3	-1.3092
56	3	-3.8336
57	11	9.2102
58	4	0.92754
59	4	-4.1396
60	4	1.1674
61	11	9.2102
62	3	-2.7516
63	3	-5.8682
64	4	-1.5688
65	4	-2.5871
66	5	-0.24359
67	2	-4.4734
68	11	9.2102
69	11	9.2102
70	11	9.2102
71	4	1.0631
72	4	-0.31942
73	5	0.23889
74	11	9.2102
75	4	-0.77869
76	4	-1.1022
77	11	9.2102
78	5	-4.4275
79	11	9.2102
80	11	9.2102
81	11	1.3301
82	3	-1.825
83	11	9.2102
84	4	-0.18161
85	11	9.2102
86	9	0.91418
87	5	-3.2613
88	10	-0.86621
89	10	0.9936
90	11	9.2102
91	1	-0.67046
92	1	-6.4742
93	9	-1.5713
94	10	-1.5564
95	10	-1.749
96	11	9.2102
97	9	-2.3662
98	11	9.2102
99	10	0.38248
100	10	-1.8998
101	11	-0.77594
102	11	-0.30968
103	11	9.2102
104	9	-0.47882
105	9	-0.2004
106	8	-0.043865
107	10	-0.56578
108	11	0.12544
109	6	-4.5906
110	12	-1.1086
111	8	-1.8268
112	12	-0.44215
113	8	-1.7763
114	14	0.31158
115	14	0.39698
116	7	-5.1122
117	12	0.79665
118	12	-1.807
119	8	-0.76964
120	12	0.20116
121	8	0.2465
122	11	9.2102
123	13	-1.677
124	13	-1.0662
125	7	-2.6297
126	11	9.2102
127	13	0.26056
128	11	9.2102
129	12	1.2646
130	14	0.74793
131	14	0.84314
132	13	0.82456
133	14	1.276
134	14	1.2905
detection1	detection2	cost
1	2	-5.6071
3	4	-1.8214
3	5	-2.1462
4	5	-3.2674
6	9	-5.6071
10	11	-3.7143
10	12	0.071429
11	12	-3.7143
8	13	0.30445
8	14	-1.5143
13	14	-5.6071
10	15	-3.2674
11	15	-5.6071
12	15	-3.2674
7	17	-3.2674
8	18	-3.7143
13	18	0.30445
14	18	-1.5143
16	19	28.4643
16	20	41.7507
19	20	77.6996
10	21	-0.67521
11	21	-1.8214
12	21	-0.67521
15	21	-3.7143
7	22	0.30445
17	22	-2.1462
8	23	0.96511
13	23	-0.67521
14	23	-1.5143
18	23	-2.1462
16	24	21.4551
19	24	57.1072
20	24	13.6628
16	25	19.6016
19	25	55.2219
20	25	15.5276
24	25	-5.6071
16	27	20.6393
19	27	55.6772
20	27	16.443
24	27	-3.2674
25	27	-3.7143
28	29	0.071429
16	30	46.3384
19	30	11.9882
20	30	94.9943
24	30	73.9808
25	30	72.0901
27	30	72
16	32	21.3311
19	32	55.9884
20	32	17.1071
24	32	-1.5143
25	32	-1.8214
27	32	-5.6071
30	32	72.0225
26	33	-3.2674
28	34	-1.5143
29	34	-4.8231
16	35	48.5554
19	35	14.5743
20	35	97.0365
24	35	75.9791
25	35	74.0907
27	35	73.9149
30	35	-4.8231
32	35	73.8929
16	37	36.2
19	37	71.2301
20	37	6.1496
24	37	7.7607
25	37	9.4302
27	37	8.1089
30	37	87.2185
32	37	7.7607
35	37	89.0543
26	38	1.9643
33	38	-1.5143
26	39	-1.5143
33	39	-3.2674
38	39	1.9643
26	40	-0.67521
33	40	-1.5143
38	40	3.8571
39	40	-5.6071
31	41	-2.1462
16	42	10.3572
19	42	40.3859
20	42	34.4002
24	42	13.6628
25	42	11.9882
27	42	10.4572
30	42	55.2219
32	42	9.9513
35	42	56.9684
37	42	24.7342
16	43	9.4302
19	43	38.5941
20	43	36.2
24	43	15.3715
25	43	13.6628
27	43	12.262
30	43	53.337
32	43	11.8034
35	43	55.0789
37	43	26.624
42	43	-5.6071
26	44	0.96511
33	44	-3.2674
38	44	-3.2674
39	44	-1.5143
40	44	0.30445
16	45	28.9098
19	45	62.74
20	45	15.293
24	45	4.4715
25	45	5.1977
27	45	1.9643
30	45	78.0144
32	45	0.53071
35	45	79.7564
37	45	2.6933
42	45	15.293
43	45	17.1798
16	46	27.2482
19	46	60.9052
20	46	16.7404
24	46	4.0138
25	46	4.4715
27	46	0.96511
30	46	76.1292
32	46	-0.67521
35	46	77.8676
37	46	4.4715
42	46	13.4073
43	46	15.293
45	46	-5.6071
16	47	24.0034
19	47	57.2457
20	47	19.7992
24	47	4.0138
25	47	3.8571
27	47	0.071429
30	47	72.3597
32	47	-1.8214
35	47	74.0907
37	47	8.1089
42	47	9.6406
43	47	11.523
45	47	-1.8214
46	47	-3.7143
16	48	19.4026
19	48	51.786
20	48	24.6786
24	48	6.1496
25	48	5.1977
27	48	1.9643
30	48	66.7087
32	48	0.53071
35	48	68.4269
37	48	13.6628
42	48	4.0138
43	48	5.8845
45	48	3.8571
46	48	1.9643
47	48	-1.8214
28	50	0.96511
29	50	0.96511
34	50	-1.5143
36	51	-1.5143
16	52	33.1414
19	52	66.8775
20	52	14.0819
24	52	7.7607
25	52	8.783
27	52	5.8845
30	52	81.9663
32	52	4.6202
35	52	83.6721
37	52	0.53071
42	52	19.269
43	52	21.1441
45	52	-3.2674
46	52	-1.5143
47	52	2.1517
48	52	7.7607
36	54	3.2076
51	54	-1.5143
53	55	0.30445
53	56	-1.5143
55	56	-5.6071
16	57	19.4026
19	57	49.4432
20	57	29.833
24	57	11.4286
25	57	10.3572
27	57	7.2837
30	57	63.4506
32	57	5.8845
35	57	65.0485
37	57	18.2456
42	57	1.9643
43	57	3.5372
45	57	8.1089
46	57	6.2802
47	57	2.6933
48	57	-2.1462
52	57	11.523
49	58	0.96511
49	59	-3.7143
58	59	0.071429
49	60	-0.67521
58	60	5.75
59	60	-1.8214
16	61	35.0367
19	61	67.9298
20	61	17.1798
24	61	11.1425
25	61	11.9882
27	61	8.783
30	61	82.4456
32	61	7.2837
35	61	84.0642
37	61	3.5372
42	61	20.0604
43	61	21.885
45	61	-0.67521
46	61	0.53071
47	61	3.5372
48	61	8.6726
52	61	-3.7143
57	61	11.523
53	62	0.96511
55	62	-5.6071
56	62	-4.8231
53	63	-2.1462
55	63	-3.2674
56	63	-4.8231
62	63	-3.7143
49	64	-0.67521
58	64	-3.2674
59	64	-3.2674
60	64	2.1517
49	65	-1.5143
58	65	-1.5143
59	65	-4.8231
60	65	0.30445
64	65	-5.6071
36	67	5.1977
51	67	-0.67521
54	67	-3.2674
16	68	36.0768
19	68	68.5213
20	68	18.7964
24	68	12.8867
25	68	13.6628
27	68	10.3572
30	68	82.7438
32	68	8.783
35	68	84.3182
37	68	5.1977
42	68	20.6393
43	68	22.4287
45	68	0.96511
46	68	1.9643
47	68	4.6202
48	68	9.4302
52	68	-1.8214
57	68	11.8034
61	68	-5.6071
16	69	33.0089
19	69	64.9497
20	69	20.8929
24	69	11.8034
25	69	12.262
27	69	8.6726
30	69	79.0141
32	69	6.9156
35	69	80.5738
37	69	7.2837
42	69	17.1071
43	69	18.8644
45	69	0.071429
46	69	0.30445
47	69	1.9643
48	69	6.1496
52	69	-0.67521
57	69	8.1089
61	69	-3.2674
68	69	-3.7143
16	70	31.5222
19	70	63.1723
20	70	22.0674
24	70	11.523
25	70	11.8034
27	70	8.1089
30	70	77.1511
32	70	6.2802
35	70	78.703
37	70	8.5614
42	70	15.3715
43	70	17.1071
45	70	0.30445
46	70	0.071429
47	70	0.96511
48	70	4.6202
52	70	0.53071
57	70	6.2802
61	70	-1.5143
68	70	-1.8214
69	70	-5.6071
49	71	6.1496
58	71	-2.1462
59	71	4.4715
60	71	9.9513
64	71	0.30445
65	71	2.1517
49	72	0.30445
58	72	-0.67521
59	72	-3.2674
60	72	0.96511
64	72	-4.8231
65	72	-5.6071
71	72	1.9643
66	73	-1.5143
16	74	38.7105
19	74	70.9338
20	74	19.6016
24	74	15.3715
25	74	16.2174
27	74	12.9744
30	74	84.9404
32	74	11.4286
35	74	86.478
37	74	6.2802
42	74	23.08
43	74	24.8452
45	74	3.5372
46	74	4.6202
47	74	7.2837
48	74	11.9882
52	74	0.30445
57	74	14.0819
61	74	-3.2674
68	74	-4.8231
69	74	-1.5143
70	74	0.30445
49	75	5.8845
58	75	-1.5143
59	75	3.5372
60	75	8.6726
64	75	-0.67521
65	75	0.96511
71	75	-4.8231
72	75	0.30445
49	76	4.6202
58	76	-1.8214
59	76	1.9643
60	76	6.9156
64	76	-2.1462
65	76	-0.67521
71	76	-3.2674
72	76	-1.5143
75	76	-5.6071
16	77	19.0675
19	77	38.7105
20	77	45.8369
24	77	26.2014
25	77	24.7342
27	77	22.4287
30	77	49.9756
32	77	21.3932
35	77	51.2701
37	77	34.4002
42	77	6.1496
43	77	5.1977
45	77	24.2301
46	77	22.4287
47	77	18.8644
48	77	13.6628
52	77	27.4026
57	77	8.6726
61	77	26.7811
68	77	26.624
69	77	22.8448
70	77	20.9559
74	77	28.4643
66	78	-3.7143
73	78	-1.5143
16	79	28.663
19	79	21.3311
20	79	70.3146
24	79	49.4432
25	79	47.6858
27	79	46.3717
30	79	25.6115
32	79	45.8033
35	79	26.3605
37	79	60.062
42	79	28.4144
43	79	26.624
45	79	50.069
46	79	48.2028
47	79	44.4761
48	79	38.904
52	79	53.5428
57	79	34.5282
61	79	53.1896
68	79	53.101
69	79	49.3173
70	79	47.4255
74	79	54.9643
77	79	19
16	80	31.3382
19	80	20.0604
20	80	73.9149
24	80	52.9826
25	80	51.2091
27	80	49.9756
30	80	22.4287
32	80	49.4432
35	80	23.0214
37	80	63.7781
42	80	32.024
43	80	30.2149
45	80	53.8064
46	80	51.9369
47	80	48.2028
48	80	42.6161
52	80	57.301
57	80	38.2821
61	80	56.9684
68	80	56.885
69	80	53.101
70	80	51.2091
74	80	58.75
77	80	22.7857
79	80	-3.7143
16	81	50.069
19	81	23.0214
20	81	95.7952
24	81	74.6814
25	81	72.8517
27	81	71.9549
30	81	9.6406
32	81	71.5707
35	81	8.1089
37	81	86.1916
42	81	54.127
43	81	52.2675
45	81	76.3217
46	81	74.4413
47	81	70.6821
48	81	65.0485
52	81	79.9
57	81	60.8791
61	81	79.6537
68	81	79.592
69	81	75.8072
70	81	73.9149
74	81	81.4643
77	81	45.5
79	81	19
80	81	15.2143
53	82	3.5372
55	82	0.30445
56	82	0.071429
62	82	-1.5143
63	82	-1.5143
16	83	27.7092
19	83	55.9884
20	83	31.3382
24	83	16.443
25	83	15.9133
27	83	12.262
30	83	68.7095
32	83	10.4572
35	83	70.1071
37	83	18.2456
42	83	9.9513
43	83	11.2383
45	83	8.5614
46	83	7.2837
47	83	5.1977
48	83	3.8571
52	83	10.3572
57	83	0.96511
61	83	8.6726
68	83	8.1089
69	83	4.4715
70	83	2.6933
74	83	9.6406
77	83	11.523
79	83	37.968
80	83	41.7507
81	83	64.4535
49	84	6.1496
58	84	0.071429
59	84	3.2076
60	84	7.7607
64	84	-0.67521
65	84	0.53071
71	84	-2.1462
72	84	-0.67521
75	84	-4.8231
76	84	-5.6071
16	85	21.885
19	85	44.4761
20	85	41.8597
24	85	23.3135
25	85	22.0674
27	85	19.269
30	85	55.9601
32	85	17.9658
35	85	57.2457
37	85	29.785
42	85	5.8845
43	85	5.75
45	85	19.6016
46	85	17.8953
47	85	14.5743
48	85	9.9513
52	85	22.4287
57	85	4.6202
61	85	21.4551
68	85	21.1441
69	85	17.3966
70	85	15.5276
74	85	22.8448
77	85	-1.5143
79	85	24.7342
80	85	28.5141
81	85	51.2091
83	85	5.75
26	86	19.4026
33	86	15.293
38	86	10.3572
39	86	16.7404
40	86	18.2456
44	86	11.2383
66	87	-1.5143
73	87	-2.1462
78	87	-4.8231
28	88	14.5743
29	88	19.269
34	88	16.5921
50	88	11.4286
28	89	12.8867
29	89	16.7404
34	89	14.0819
50	89	8.5614
88	89	-3.7143
16	90	49.3173
19	90	23.8324
20	90	94.4335
24	90	73.3629
25	90	71.548
27	90	70.5445
30	90	11.8034
32	90	70.1071
35	90	10.4572
37	90	84.6104
42	90	52.6559
43	90	50.8111
45	90	74.6814
46	90	72.8071
47	90	69.0613
48	90	63.4506
52	90	78.2028
57	90	59.1812
61	90	77.8676
68	90	77.7627
69	90	73.9808
70	90	72.0901
74	90	79.592
77	90	43.6422
79	90	17.1798
80	90	13.4073
81	90	-4.8231
83	90	62.5357
85	90	49.2857
31	91	11.523
41	91	7.7607
31	92	11.523
41	92	8.6726
91	92	-3.7143
26	93	17.8953
33	93	13.6628
38	93	9.9513
39	93	14.0819
40	93	15.293
44	93	9.4302
86	93	-1.5143
28	94	18.2456
29	94	23.3135
34	94	20.6393
50	94	15.6053
88	94	-3.2674
89	94	0.30445
28	95	17.1798
29	95	21.9459
34	95	19.269
50	95	14.0819
88	95	-4.8231
89	95	-1.5143
94	95	-5.6071
16	96	34.1859
19	96	62.7655
20	96	30.3571
24	96	19.0675
25	96	19
27	96	15.2143
30	96	75.1812
32	96	13.3214
35	96	76.5139
37	96	16.7404
42	96	16.5921
43	96	17.9658
45	96	8.6726
46	96	8.1089
47	96	7.6429
48	96	8.6726
52	96	8.783
57	96	7.2837
61	96	5.8845
68	96	4.6202
69	96	1.9643
70	96	0.96511
74	96	5.1977
77	96	17.7539
79	96	43.9217
80	96	47.6858
81	96	70.3146
83	96	-0.67521
85	96	11.8034
90	96	68.3089
26	97	20.4477
33	97	16.2174
38	97	12.262
39	97	16.7404
40	97	17.9658
44	97	11.9882
86	97	-2.1462
93	97	-4.8231
16	98	25.1758
19	98	36.6892
20	98	55.1933
24	98	35.6638
25	98	34.1859
27	98	31.8878
30	98	44.9905
32	98	30.8274
35	98	45.9376
37	98	43.4667
42	98	15.293
43	98	14.0819
45	98	33.2734
46	98	31.5222
47	98	28.0636
48	98	23.0214
52	98	36.2
57	98	17.8953
61	98	35.2048
68	98	34.8256
69	98	31.1069
70	98	29.2526
74	98	36.4045
77	98	1.9643
79	98	12.262
80	98	15.9133
81	98	38.2821
83	98	19.269
85	98	6.2802
90	98	36.2
96	98	24.6786
28	99	22.0674
29	99	27.4026
34	99	24.7342
50	99	19.7992
88	99	0.96511
89	99	4.4715
94	99	-3.2674
95	99	-1.5143
28	100	18.7964
29	100	23.3135
34	100	20.6393
50	100	15.293
88	100	-3.2674
89	100	-0.67521
94	100	-4.8231
95	100	-5.6071
99	100	-1.8214
16	101	34.1859
19	101	26.0415
20	101	74.0468
24	101	53.4547
25	101	51.7558
27	101	50.1623
30	101	27.4026
32	101	49.4432
35	101	27.7092
37	101	63.223
42	101	32.295
43	101	30.593
45	101	53.101
46	101	51.2701
47	101	47.6208
48	101	42.1852
52	101	56.3541
57	101	37.4927
61	101	55.6772
68	101	55.4215
69	101	51.665
70	101	49.7883
74	101	57.1072
77	101	21.4551
79	101	-1.5143
80	101	-1.5143
81	101	17.7539
83	101	39.9726
85	101	26.7811
90	101	15.5276
96	101	45.5
98	101	13.3214
16	102	39.3649
19	102	24.7342
20	102	81.1213
24	102	60.3531
25	102	58.6147
27	102	57.1903
30	102	22.0674
32	102	56.5502
35	102	21.9459
37	102	70.5445
42	102	39.2501
43	102	37.4927
45	102	60.4586
46	102	58.6147
47	102	54.9356
48	102	49.4432
52	102	63.7781
57	102	44.8538
61	102	63.1723
68	102	62.9438
69	102	59.1812
70	102	57.301
74	102	64.6524
77	102	28.9098
79	102	3.5372
80	102	0.53071
81	102	10.4572
83	102	47.5232
85	102	34.3146
90	102	8.1089
96	102	53.0714
98	102	20.8929
101	102	0.071429
16	103	33.4488
19	103	60.3531
20	103	34.1859
24	103	21.4551
25	103	21.1441
27	103	17.3966
30	103	72.1126
32	103	15.5276
35	103	73.3629
37	103	20.6393
42	103	15.6053
43	103	16.7404
45	103	11.9882
46	103	11.1425
47	103	9.9513
48	103	9.6406
52	103	12.6213
57	103	6.9156
61	103	9.9513
68	103	8.783
69	103	5.8845
70	103	4.6202
74	103	9.4302
77	103	14.6553
79	103	40.4233
80	103	44.1649
81	103	66.7087
83	103	-1.5143
85	103	8.6726
90	103	64.6524
96	103	-3.2674
98	103	20.9559
101	103	41.7507
102	103	49.3173
26	104	23.0214
33	104	18.7964
38	104	14.6553
39	104	19.4026
40	104	20.6393
44	104	14.5743
86	104	-1.5143
93	104	-2.1462
97	104	-4.8231
26	105	20.6393
33	105	16.443
38	105	13.4073
39	105	16.2174
40	105	17.1798
44	105	12.262
86	105	1.9643
93	105	-3.2674
97	105	-3.2674
104	105	-1.8214
3	106	36.4045
4	106	36.0357
5	106	32.295
28	107	21.3932
29	107	25.9881
34	107	23.3135
50	107	17.9658
88	107	-0.67521
89	107	1.9643
94	107	-3.7143
95	107	-3.2674
99	107	-3.2674
100	107	-4.8231
16	108	36.0768
19	108	30.2149
20	108	73.8048
24	108	53.5428
25	108	51.9068
27	108	50.069
30	108	31.3382
32	108	49.2226
35	108	31.5222
37	108	62.5357
42	108	32.4299
43	108	30.8274
45	108	52.3574
46	108	50.5648
47	108	46.9998
48	108	41.7143
52	108	55.4215
57	108	36.8106
61	108	54.5037
68	108	54.127
69	108	50.4103
70	108	48.5554
74	108	55.6772
77	108	20.6393
79	108	1.9643
80	108	2.6933
81	108	20.6393
83	108	38.5552
85	108	25.5573
90	108	18.2456
96	108	43.7472
98	108	11.8034
101	108	-3.2674
102	108	2.6933
103	108	39.8593
10	109	32.4299
11	109	32.25
12	109	32.4299
15	109	30.3571
21	109	26.5714
7	110	35.6638
17	110	31.5222
22	110	29.0571
3	111	39.8593
4	111	39.9726
5	111	36.0768
106	111	-2.1462
7	112	35.2048
17	112	31.1069
22	112	28.4144
110	112	-5.6071
3	113	39.9726
4	113	39.8593
5	113	36.0357
106	113	-3.2674
111	113	-5.6071
6	114	44.4761
9	114	42.9012
6	115	39.9726
9	115	38.243
114	115	1.9643
1	116	45.635
2	116	43.7472
7	117	39.2501
17	117	35.0367
22	117	33.1414
110	117	-1.5143
112	117	0.30445
7	118	37.4927
17	118	33.3612
22	118	30.8274
110	118	-5.6071
112	118	-4.8231
117	118	-1.8214
3	119	41.7507
4	119	41.8597
5	119	37.968
106	119	-0.67521
111	119	-5.6071
113	119	-4.8231
7	120	36.6892
17	120	32.6536
22	120	29.6887
110	120	-3.2674
112	120	-4.8231
117	120	1.9643
118	120	-3.7143
3	121	42.0408
4	121	41.7143
5	121	37.968
106	121	-1.8214
111	121	-3.2674
113	121	-4.8231
119	121	-3.7143
16	122	32.6536
19	122	42.4729
20	122	59.1812
24	122	40.6843
25	122	39.3649
27	122	36.6892
30	122	48.6831
32	122	35.414
35	122	49.3173
37	122	46.7362
42	122	21.3932
43	122	20.4477
45	122	36.6486
46	122	35.0367
47	122	31.8878
48	122	27.4026
52	122	39.0581
57	122	22.0674
61	122	37.4927
68	122	36.8106
69	122	33.2734
70	122	31.5222
74	122	38.0074
77	122	7.7607
79	122	15.6053
80	122	18.7964
81	122	39.8214
83	122	21.3311
85	122	9.9513
90	122	37.4927
96	122	25.5573
98	122	0.071429
101	122	14.6553
102	122	21.885
103	122	21.4551
108	122	11.8034
8	123	41.605
13	123	36.8106
14	123	37.4927
18	123	38.2821
23	123	33.1414
8	124	39.9726
13	124	35.6638
14	124	36.2
18	124	36.5267
23	124	31.5222
123	124	-3.7143
1	125	47.6858
2	125	45.8033
116	125	-4.8231
16	126	34.8256
19	126	52.7452
20	126	50.069
24	126	34.0567
25	126	33.1414
27	126	29.833
30	126	61.0883
32	126	28.2144
35	126	61.9191
37	126	36.8511
42	126	19.0675
43	126	19
45	126	27.2998
46	126	25.9881
47	126	23.5452
48	126	20.4477
52	126	28.8606
57	126	15.3715
61	126	26.624
68	126	25.6115
69	126	22.4287
70	126	20.8929
74	126	26.3605
77	126	8.6726
79	126	28.0636
80	126	31.5222
81	126	53.101
83	126	11.2383
85	126	5.75
90	126	50.8111
96	126	13.6628
98	126	8.783
101	126	27.8615
102	126	35.2048
103	126	9.4302
108	126	25.1758
122	126	5.8845
8	127	41.0177
13	127	37.0526
14	127	37.4927
18	127	37.4927
23	127	32.6089
123	127	-1.5143
124	127	-4.8231
16	128	37.0526
19	128	55.4215
20	128	50.069
24	128	34.8256
25	128	34.0136
27	128	30.593
30	128	63.6523
32	128	28.9098
35	128	64.4535
37	128	36.6892
42	128	20.8929
43	128	20.9559
45	128	27.4026
46	128	26.2014
47	128	24.0034
48	128	21.3311
52	128	28.663
57	128	16.443
61	128	26.2014
68	128	25.0659
69	128	22.0674
70	128	20.6393
74	128	25.6115
77	128	11.1425
79	128	30.593
80	128	34.0136
81	128	55.4215
83	128	11.4286
85	128	7.7607
90	128	53.101
96	128	12.9744
98	128	11.4286
101	128	30.2149
102	128	37.4927
103	128	8.783
108	128	27.4026
122	128	8.1089
126	128	-4.8231
7	129	40.7586
17	129	36.6892
22	129	33.8406
110	129	-1.5143
112	129	-1.8214
117	129	0.96511
118	129	-3.2674
120	129	-3.2674
6	130	50.2864
9	130	48.6831
114	130	-1.5143
115	130	5.1977
6	131	44.5794
9	131	42.7945
114	131	5.1977
115	131	-1.5143
130	131	5.75
8	132	47.5232
13	132	42.7945
14	132	43.4667
18	132	44.1649
23	132	39.0581
123	132	-1.5143
124	132	0.53071
127	132	0.96511
6	133	50.9645
9	133	49.3173
114	133	0.071429
115	133	4.6202
130	133	-4.8231
131	133	4.0138
6	134	46.3717
9	134	44.5794
114	134	6.1496
115	134	0.30445
130	134	5.8845
131	134	-5.6071
133	134	3.8571
1	3	-2.1613
2	3	-2.5537
1	4	-1.65
2	4	-2.2289
1	5	-2.3042
2	5	-1.757
6	8	-2.2875
7	8	-1.6575
8	9	-1.9735
1	10	-1.7956
2	10	-2.1066
1	11	-2.0138
2	11	-2.2967
1	12	-1.5899
2	12	-1.844
6	13	-2.1627
7	13	-1.9235
9	13	-2.0981
6	14	-2.0929
7	14	-2.0851
9	14	-2.2784
1	15	-2.1624
2	15	-2.4502
8	17	-2.0412
13	17	-2.2481
14	17	-2.2801
6	18	-1.6873
7	18	-1.7951
9	18	-2.0356
17	18	-1.8891
1	21	-1.7873
2	21	-1.9866
8	22	-1.9952
13	22	-1.9785
14	22	-2.0781
18	22	-1.5365
6	23	-1.0448
7	23	-1.0707
9	23	-1.2879
17	23	-1.3009
22	23	-1.1945
16	28	6.3442
19	28	0.12069
20	28	6.9148
24	28	8.6136
25	28	8.7325
26	28	-1.1969
27	28	8.9615
16	29	6.8131
19	29	1.8936
20	29	7.2124
24	29	8.8853
25	29	9.0058
26	29	-1.4202
27	29	9.2197
28	30	-1.7954
29	30	-1.8726
1	31	-1.6653
2	31	-1.6835
3	31	-1.8374
4	31	-1.5614
5	31	-1.5402
6	31	-1.4722
7	31	-1.8041
8	31	-1.6893
9	31	-1.5122
10	31	-2.1111
11	31	-2.2691
12	31	-2.0728
13	31	-1.6521
14	31	-1.7244
15	31	-2.5425
16	31	0.80291
17	31	-1.9165
18	31	-1.8705
19	31	-0.36256
20	31	4.8644
21	31	-2.255
22	31	-1.9185
23	31	-1.7602
24	31	4.1195
25	31	3.488
26	31	-1.8736
27	31	1.9161
28	31	-1.3185
29	31	-1.4438
30	31	-1.4908
28	32	8.87
29	32	9.2315
31	32	0.75566
28	33	-1.8407
29	33	-1.9186
31	33	-2.0808
16	34	6.6293
19	34	1.6177
20	34	7.1163
24	34	8.8447
25	34	8.9615
26	34	-1.5006
27	34	9.1713
30	34	-2.0956
31	34	-1.6085
32	34	9.2029
33	34	-2.0978
28	35	-1.7415
29	35	-1.7907
31	35	-1.4791
34	35	-2.2297
31	36	-2.4555
28	37	9.517
29	37	9.8811
31	37	9.2684
34	37	9.8447
28	38	-2.1637
29	38	-1.9002
31	38	-1.8271
34	38	-2.0242
28	39	-1.5528
29	39	-1.5971
31	39	-1.6943
34	39	-1.7896
28	40	-1.2756
29	40	-1.4598
31	40	-1.6007
34	40	-1.6803
1	41	-1.0869
2	41	-1.1683
3	41	-1.7672
4	41	-1.9991
5	41	-1.9259
6	41	-1.1608
7	41	-1.6434
8	41	-1.2339
9	41	-1.2043
10	41	-1.3744
11	41	-1.6303
12	41	-1.7417
13	41	-1.4817
14	41	-1.4852
15	41	-1.7969
16	41	0.8456
17	41	-1.8244
18	41	-1.2961
19	41	-0.32642
20	41	3.226
21	41	-2.2004
22	41	-1.5651
23	41	-1.517
24	41	3.5513
25	41	3.1588
26	41	-1.4311
27	41	2.4024
28	41	-1.2299
29	41	-1.0782
30	41	-1.2344
32	41	1.7411
33	41	-1.6084
34	41	-1.2885
35	41	-1.091
36	41	-1.7718
37	41	8.7493
38	41	-1.4962
39	41	-1.2004
40	41	-1.1061
28	42	7.7468
29	42	8.1281
31	42	1.1181
34	42	8.0694
41	42	0.15211
28	43	7.6077
29	43	7.9917
31	43	0.87759
34	43	7.9343
41	43	-0.051071
28	44	-1.7075
29	44	-1.6508
31	44	-1.7273
34	44	-1.7755
41	44	-1.313
28	45	8.9151
29	45	9.3035
31	45	5.6881
34	45	9.2663
41	45	2.206
28	46	8.8113
29	46	9.2022
31	46	4.9601
34	46	9.167
41	46	1.798
28	47	8.594
29	47	8.9911
31	47	3.7499
34	47	8.9602
41	47	1.4576
28	48	8.3978
29	48	8.8057
31	48	2.6306
34	48	8.7809
41	48	1.0925
31	49	-1.8218
41	49	-1.9424
16	50	5.889
19	50	1.5589
20	50	6.4809
24	50	8.3749
25	50	8.4833
26	50	-1.2481
27	50	8.6601
30	50	-1.5327
31	50	-1.6548
32	50	8.6782
33	50	-1.9115
35	50	-1.6252
37	50	9.444
38	50	-1.8397
39	50	-1.792
40	50	-1.7021
41	50	-1.3058
42	50	7.6507
43	50	7.5122
44	50	-1.664
45	50	9.1322
46	50	9.0412
47	50	8.8532
48	50	8.702
31	51	-0.95915
41	51	-1.0308
28	52	9.1458
29	52	9.5134
31	52	6.8108
34	52	9.4325
41	52	5.4709
50	52	9.287
31	53	-1.7421
41	53	-1.8309
49	53	-1.6092
31	54	0.93024
41	54	1.2902
31	55	-1.2638
41	55	-2.1509
49	55	-1.7398
31	56	-1.6475
41	56	-2.1213
49	56	-1.8382
28	57	8.0528
29	57	8.4404
31	57	3.0231
34	57	8.3598
41	57	1.8542
50	57	8.4795
31	58	-0.42794
41	58	-1.161
53	58	-0.54859
55	58	-1.325
56	58	-1.2832
31	59	-1.7598
41	59	-2.1339
53	59	-1.699
55	59	-2.0388
56	59	-2.0649
31	60	-1.936
41	60	-1.7795
53	60	-1.9862
55	60	-2.0798
56	60	-2.2021
28	61	8.9466
29	61	9.3177
31	61	6.7851
34	61	9.2289
41	61	5.8001
50	61	9.3338
31	62	-0.2523
41	62	-0.77635
49	62	-1.7367
58	62	-1.6808
59	62	-2.1503
60	62	-1.8354
31	63	-1.5478
41	63	-2.0003
49	63	-1.6413
58	63	-1.6856
59	63	-2.1297
60	63	-1.9531
31	64	-0.92263
41	64	-1.4894
53	64	-0.84833
55	64	-1.7394
56	64	-1.6913
62	64	-2.0636
63	64	-2.0175
31	65	-1.206
41	65	-1.6907
53	65	-1.2653
55	65	-2.0149
56	65	-1.9762
62	65	-2.3198
63	65	-2.282
31	66	-2.1321
41	66	-1.391
49	66	-1.5502
58	66	-1.8617
59	66	-2.2381
60	66	-1.5935
64	66	-2.1442
65	66	-2.2423
31	67	1.4009
41	67	1.8316
28	68	9.0216
29	68	9.4313
31	68	6.7449
34	68	9.3703
41	68	5.8578
50	68	9.6468
28	69	8.7552
29	69	9.1723
31	69	5.9624
34	69	9.1131
41	69	4.765
50	69	9.5045
28	70	8.7497
29	70	9.1276
31	70	5.6935
34	70	9.0368
41	70	4.4279
50	70	9.3089
31	71	0.50976
41	71	-0.24913
53	71	1.7245
55	71	-0.84932
56	71	-0.49885
62	71	-1.4682
63	71	-0.85138
66	71	-1.4994
31	72	-0.50903
41	72	-0.91022
53	72	-0.85379
55	72	-1.8993
56	72	-1.757
62	72	-2.2667
63	72	-2.0155
66	72	-1.8797
31	73	-1.6967
41	73	-1.5376
49	73	-0.92035
58	73	-1.8109
59	73	-1.7063
60	73	-0.21277
64	73	-1.853
65	73	-1.9184
71	73	-1.3379
72	73	-1.6188
28	74	9.0609
29	74	9.434
31	74	6.9446
34	74	9.3392
41	74	6.2591
50	74	9.5915
31	75	0.899
41	75	0.31813
53	75	1.2425
55	75	-0.74583
56	75	-0.42679
62	75	-1.2249
63	75	-0.58853
66	75	-1.5049
73	75	-1.3516
31	76	0.54856
41	76	0.0083492
53	76	0.6483
55	76	-1.0613
56	76	-0.7975
62	76	-1.5046
63	76	-0.99534
66	76	-1.5479
73	76	-1.3834
28	77	6.7671
29	77	7.336
31	77	1.9552
34	77	7.2712
41	77	1.2313
50	77	7.6333
31	78	-1.6722
41	78	-1.3705
49	78	-1.4847
58	78	-1.4424
59	78	-2.2148
60	78	-1.7708
64	78	-1.5782
65	78	-1.6778
71	78	-0.96618
72	78	-1.3628
75	78	-0.99865
76	78	-1.0403
28	79	3.6233
29	79	4.7541
31	79	0.86749
34	79	4.5237
41	79	0.43193
50	79	4.663
28	80	2.8977
29	80	4.1053
31	80	0.6881
34	80	3.8008
41	80	0.28897
50	80	3.6363
28	81	-0.073263
29	81	0.5231
31	81	-1.0841
34	81	0.065849
41	81	-1.1983
50	81	-0.802
31	82	0.20551
41	82	0.06712
49	82	-0.85972
58	82	-1.0291
59	82	-1.1818
60	82	-1.055
64	82	-1.5011
65	82	-1.3996
71	82	-0.89566
72	82	-1.7263
75	82	-1.7291
76	82	-1.8211
28	83	7.7719
29	83	8.2362
31	83	4.1533
34	83	8.1702
41	83	3.1264
50	83	8.5525
31	84	0.99907
41	84	0.53864
53	84	0.82255
55	84	-0.85356
56	84	-0.56169
62	84	-1.2492
63	84	-0.64345
66	84	-1.4235
73	84	-1.3227
78	84	-1.0008
82	84	-1.7777
28	85	6.9521
29	85	7.4846
31	85	2.6634
34	85	7.4149
41	85	1.858
50	85	7.82
28	86	0.59423
29	86	0.71558
31	86	2.0301
34	86	0.69287
41	86	1.4138
50	86	0.55264
31	87	-1.2942
41	87	-1.4353
49	87	-1.447
58	87	-1.0467
59	87	-1.904
60	87	-1.3286
64	87	-1.1778
65	87	-1.2779
71	87	-0.62211
72	87	-1
75	87	-0.66561
76	87	-0.70003
84	87	-0.69359
16	88	4.2475
19	88	1.3151
20	88	5.2436
24	88	7.6618
25	88	7.5175
26	88	2.9392
27	88	7.5552
30	88	0.058923
31	88	0.69821
32	88	7.6712
33	88	2.6743
35	88	0.10297
37	88	8.517
38	88	2.0207
39	88	3.3979
40	88	3.6919
41	88	0.20263
42	88	5.8815
43	88	5.6514
44	88	2.4073
45	88	8.0788
46	88	7.9788
47	88	7.7974
48	88	7.3476
52	88	8.1501
57	88	7.0038
61	88	8.1959
68	88	8.5287
69	88	8.3481
70	88	8.1405
74	88	8.5864
77	88	6.5978
79	88	-1.9516
80	88	-1.9777
81	88	-1.0011
83	88	8.014
85	88	7.4004
86	88	-1.6606
16	89	4.5144
19	89	1.4745
20	89	5.3614
24	89	7.7321
25	89	7.6431
26	89	2.4251
27	89	7.6747
30	89	0.039217
31	89	0.6235
32	89	7.7855
33	89	2.0982
35	89	0.059901
37	89	8.5943
38	89	1.5331
39	89	2.7014
40	89	2.9689
41	89	0.18622
42	89	6.081
43	89	5.8709
44	89	1.7905
45	89	8.16
46	89	8.0639
47	89	7.8913
48	89	7.4601
52	89	8.2184
57	89	7.108
61	89	8.2482
68	89	8.5715
69	89	8.3936
70	89	8.1878
74	89	8.6189
77	89	6.689
79	89	-1.4365
80	89	-1.7033
81	89	-1.1511
83	89	8.1262
85	89	7.5127
86	89	-1.5779
28	90	0.24347
29	90	0.90528
31	90	-0.9253
34	90	0.45789
41	90	-1.1065
50	90	-0.37328
88	90	-1.2332
89	90	-1.3513
1	91	1.9314
2	91	1.854
3	91	1.7713
4	91	1.3379
5	91	1.4405
6	91	0.84932
7	91	1.5241
8	91	1.1686
9	91	0.79408
10	91	1.3162
11	91	1.3697
12	91	1.4893
13	91	1.0364
14	91	1.0226
15	91	1.4178
16	91	2.3482
17	91	1.437
18	91	1.0882
19	91	1.1957
20	91	2.5504
21	91	1.5306
22	91	1.4731
23	91	0.86688
24	91	4.852
25	91	4.6006
26	91	0.91166
27	91	4.446
28	91	0.72514
29	91	0.7948
30	91	0.34742
32	91	4.27
33	91	0.80372
34	91	0.61441
35	91	0.39537
36	91	0.21542
37	91	6.7782
38	91	0.86136
39	91	0.89421
40	91	0.9105
42	91	1.3716
43	91	1.2862
44	91	0.82207
45	91	5.0333
46	91	4.6272
47	91	3.7534
48	91	2.6672
49	91	0.29618
50	91	0.27143
51	91	-0.55251
52	91	5.8112
53	91	0.045855
54	91	-0.23535
55	91	0.46183
56	91	0.26241
57	91	1.33
58	91	-0.43577
59	91	-0.12876
60	91	-0.025092
61	91	5.7726
62	91	-0.5262
63	91	-0.23351
64	91	-0.59648
65	91	-0.53202
66	91	-0.1481
67	91	-2.0911
68	91	6.0528
69	91	4.484
70	91	3.6516
71	91	-0.72312
72	91	-1.2409
73	91	-0.47734
74	91	7.1549
75	91	-1.7553
76	91	-1.6969
77	91	-0.64798
78	91	-0.3436
79	91	-1.341
80	91	-1.4153
81	91	-0.44025
82	91	-1.6983
83	91	0.24823
84	91	-2.1035
85	91	-0.71636
86	91	-1.2846
87	91	-0.52931
88	91	-1.7365
89	91	-1.8089
90	91	-0.58508
1	92	2.5509
2	92	2.4833
3	92	2.0059
4	92	1.5594
5	92	1.6567
6	92	1.059
7	92	1.8725
8	92	1.4002
9	92	0.99667
10	92	2.2537
11	92	2.2657
12	92	2.3309
13	92	1.2886
14	92	1.2697
15	92	2.3232
16	92	2.6699
17	92	1.785
18	92	1.3115
19	92	1.4035
20	92	2.5588
21	92	2.4534
22	92	1.78
23	92	1.0913
24	92	5.3827
25	92	5.1403
26	92	1.0916
27	92	5.0458
28	92	0.89931
29	92	0.94336
30	92	0.48374
32	92	4.9058
33	92	0.98195
34	92	0.76442
35	92	0.52179
36	92	0.19554
37	92	7.3394
38	92	1.0512
39	92	1.04
40	92	1.0448
42	92	1.7941
43	92	1.6707
44	92	0.98506
45	92	5.8654
46	92	5.4713
47	92	4.5633
48	92	3.3345
49	92	0.47078
50	92	0.39555
51	92	-0.61276
52	92	6.6633
53	92	0.034602
54	92	-0.6702
55	92	0.71496
56	92	0.43457
57	92	1.9056
58	92	-0.1551
59	92	0.010134
60	92	0.053075
61	92	6.8947
62	92	-0.13416
63	92	-0.13534
64	92	-0.43211
65	92	-0.3966
66	92	-0.097958
67	92	-2.2772
68	92	7.3346
69	92	6.2078
70	92	5.3536
71	92	-0.43675
72	92	-1.1497
73	92	-0.42894
74	92	8.1578
75	92	-1.5916
76	92	-1.5896
77	92	-0.4971
78	92	-0.31627
79	92	-1.3389
80	92	-1.3939
81	92	-0.36756
82	92	-1.3684
83	92	0.63051
84	92	-2.1211
85	92	-0.51915
86	92	-1.3344
87	92	-0.51945
88	92	-1.6939
89	92	-1.8127
90	92	-0.51753
28	93	0.94996
29	93	0.95372
31	93	1.5263
34	93	0.94135
41	93	0.99539
50	93	0.77763
88	93	-1.9439
89	93	-1.9633
91	93	-1.6455
92	93	-1.6526
16	94	3.9477
19	94	1.3516
20	94	5.0055
24	94	7.5581
25	94	7.2977
26	94	3.2909
27	94	7.3225
30	94	0.26614
31	94	0.89773
32	94	7.4353
33	94	3.1322
35	94	0.32517
37	94	8.3304
38	94	2.4898
39	94	3.9075
40	94	4.1662
41	94	0.35323
42	94	5.4713
43	94	5.2111
44	94	3.0093
45	94	7.8603
46	94	7.7526
47	94	7.5538
48	94	7.0672
52	94	7.943
57	94	6.6825
61	94	7.9905
68	94	8.3296
69	94	8.1366
70	94	7.9197
74	94	8.3965
77	94	6.03
79	94	-1.6633
80	94	-1.5845
81	94	-0.67397
83	94	7.9415
85	94	7.112
86	94	-1.912
90	94	-0.88399
91	94	-1.5548
92	94	-1.6046
93	94	-2.0905
16	95	4.0881
19	95	1.4181
20	95	5.0728
24	95	7.5958
25	95	7.3695
26	95	3.157
27	95	7.3927
30	95	0.26509
31	95	0.86402
32	95	7.5034
33	95	2.9609
35	95	0.31535
37	95	8.376
38	95	2.3402
39	95	3.6977
40	95	3.9565
41	95	0.34336
42	95	5.6017
43	95	5.3552
44	95	2.7916
45	95	7.9109
46	95	7.8058
47	95	7.6132
48	95	7.1397
52	95	7.9861
57	95	6.7563
61	95	8.0257
68	95	8.3599
69	95	8.1693
70	95	7.9541
74	95	8.4209
77	95	6.1474
79	95	-1.5417
80	95	-1.5426
81	95	-0.72276
83	95	7.9622
85	95	7.1562
86	95	-1.7949
90	95	-0.93981
91	95	-1.7163
92	95	-1.7684
93	95	-1.9683
28	96	7.9748
29	96	8.429
31	96	5.2449
34	96	8.3517
41	96	4.3688
50	96	8.6839
88	96	7.9646
89	96	8.2397
91	96	1.0536
92	96	1.9324
94	96	7.8705
95	96	7.9678
28	97	0.98394
29	97	1.0175
31	97	1.6466
34	97	1.01
41	97	1.0842
50	97	0.87852
88	97	-1.8239
89	97	-1.8528
91	97	-1.716
92	97	-1.7388
94	97	-1.6949
95	97	-1.9886
28	98	4.748
29	98	5.4546
31	98	1.796
34	98	5.3451
41	98	1.2077
50	98	5.6909
88	98	4.9432
89	98	5.4831
91	98	-1.0746
92	98	-1.1426
94	98	4.9053
95	98	5.2164
16	99	3.5541
19	99	1.367
20	99	4.5974
24	99	7.2425
25	99	6.9226
26	99	3.7263
27	99	6.9264
30	99	0.46189
31	99	1.2585
32	99	7.0319
33	99	3.6706
35	99	0.53805
37	99	7.9721
38	99	3.112
39	99	4.4417
40	99	4.6575
41	99	0.67312
42	99	4.8782
43	99	4.5888
44	99	3.7041
45	99	7.4632
46	99	7.3473
47	99	7.1298
48	99	6.6031
52	99	7.5545
57	99	6.1569
61	99	7.5973
68	99	7.9405
69	99	7.7326
70	99	7.5044
74	99	8.0149
77	99	5.0811
79	99	-1.4494
80	99	-1.2912
81	99	-0.35613
83	99	7.5782
85	99	6.4435
86	99	-1.5204
90	99	-0.54676
91	99	-1.4881
92	99	-1.6149
93	99	-1.5006
96	99	7.8559
97	99	-1.8857
98	99	5.7394
16	100	4.0268
19	100	1.5095
20	100	4.9058
24	100	7.5126
25	100	7.2376
26	100	3.1348
27	100	7.2429
30	100	0.36956
31	100	0.95748
32	100	7.3451
33	100	2.9601
35	100	0.41617
37	100	8.2155
38	100	2.3937
39	100	3.6634
40	100	3.8976
41	100	0.44609
42	100	5.4002
43	100	5.1528
44	100	2.8352
45	100	7.7282
46	100	7.6213
47	100	7.4249
48	100	6.9433
52	100	7.7969
57	100	6.5177
61	100	7.8183
68	100	8.1467
69	100	7.9493
70	100	7.7285
74	100	8.2029
77	100	5.7376
79	100	-1.0476
80	100	-1.1484
81	100	-0.59688
83	100	7.7672
85	100	6.7861
86	100	-1.8084
90	100	-0.80535
91	100	-1.6978
92	100	-1.8457
93	100	-1.9216
96	100	8.1736
97	100	-2.2685
98	100	6.0465
28	101	3.1167
29	101	4.0956
31	101	0.91144
34	101	3.8298
41	101	0.51454
50	101	3.7185
88	101	-1.4095
89	101	-0.7727
91	101	-1.4021
92	101	-1.4498
94	101	-2.185
95	101	-2.1773
99	101	-1.8655
100	101	-1.8745
28	102	2.3118
29	102	3.2616
31	102	0.6744
34	102	2.9116
41	102	0.33258
50	102	2.4588
88	102	-1.713
89	102	-1.4766
91	102	-1.5401
92	102	-1.5489
94	102	-2.0964
95	102	-2.1047
99	102	-1.8061
100	102	-2.0916
28	103	7.6319
29	103	8.102
31	103	4.7758
34	103	8.0186
41	103	3.9426
50	103	8.334
88	103	7.5706
89	103	7.8593
91	103	1.1427
92	103	1.7157
94	103	7.4646
95	103	7.5709
99	103	7.4357
100	103	7.8626
28	104	0.95941
29	104	1.0186
31	104	1.6779
34	104	1.0151
41	104	1.0863
50	104	0.91124
88	104	-1.6173
89	104	-1.6333
91	104	-1.756
92	104	-1.7558
94	104	-1.4202
95	104	-1.7304
99	104	-1.4277
100	104	-1.9895
28	105	1.1398
29	105	1.1033
31	105	1.3161
34	105	1.1077
41	105	0.80537
50	105	0.98385
88	105	-1.2147
89	105	-1.46
91	105	-1.7601
92	105	-1.7697
94	105	-0.90484
95	105	-1.3094
99	105	-0.77808
100	105	-1.6651
1	106	2.9414
2	106	3.3219
31	106	2.3905
41	106	1.4051
91	106	-1.746
92	106	-1.8087
16	107	3.7544
19	107	1.4833
20	107	4.5577
24	107	7.2432
25	107	6.9322
26	107	3.2468
27	107	6.9184
30	107	0.44748
31	107	1.1027
32	107	7.0125
33	107	3.1186
35	107	0.50311
37	107	7.894
38	107	2.5947
39	107	3.8159
40	107	4.0301
41	107	0.58025
42	107	4.98
43	107	4.7229
44	107	3.0664
45	107	7.3801
46	107	7.2697
47	107	7.0655
48	107	6.5668
52	107	7.4462
57	107	6.0942
61	107	7.4532
68	107	7.7789
69	107	7.5729
70	107	7.3449
74	107	7.8336
77	107	5.1011
79	107	-0.91129
80	107	-0.97188
81	107	-0.43582
83	107	7.3617
85	107	6.2391
86	107	-1.5906
90	107	-0.62861
91	107	-1.5335
92	107	-1.7052
93	107	-1.5381
96	107	7.8318
97	107	-2.19
98	107	5.3731
101	107	-1.5618
102	107	-1.7856
103	107	7.6852
104	107	-1.7985
105	107	-1.6102
28	108	3.2216
29	108	4.1
31	108	0.91168
34	108	3.8543
41	108	0.50665
50	108	3.7733
88	108	-0.53704
89	108	0.37053
91	108	-1.341
92	108	-1.5226
94	108	-1.5955
95	108	-1.3663
99	108	-1.8058
100	108	-1.8512
107	108	-1.5637
1	109	3.9737
2	109	3.9365
31	109	2.2344
41	109	1.1453
91	109	-1.7142
92	109	-2.4552
8	110	2.6201
13	110	2.7471
14	110	2.6993
18	110	2.5383
23	110	2.431
31	110	2.2266
41	110	1.5037
91	110	-2.0353
92	110	-2.0071
1	111	3.2882
2	111	3.6582
31	111	2.9789
41	111	1.9754
91	111	-1.8879
92	111	-1.9409
8	112	2.6466
13	112	2.7888
14	112	2.7372
18	112	2.5667
23	112	2.4676
31	112	2.1249
41	112	1.4254
91	112	-2.0016
92	112	-1.9463
1	113	3.1365
2	113	3.5111
31	113	2.8442
41	113	1.8544
91	113	-1.8623
92	113	-2.0271
8	114	4.5923
13	114	4.0632
14	114	4.1535
18	114	4.5615
23	114	4.1331
31	114	1.1014
41	114	0.59789
91	114	-1.3377
92	114	-1.3787
8	115	3.9688
13	115	3.4295
14	115	3.5079
18	115	3.8953
23	115	3.3941
31	115	0.67746
41	115	0.23376
91	115	-1.4384
92	115	-1.3803
3	116	3.634
4	116	3.169
5	116	3.6288
10	116	4.4667
11	116	4.8757
12	116	5.2417
15	116	4.9506
21	116	4.8033
31	116	3.4618
41	116	2.2795
91	116	-1.8951
92	116	-2.2829
106	116	-1.9984
109	116	-2.4895
111	116	-2.5895
113	116	-2.5435
8	117	2.3894
13	117	2.4883
14	117	2.4478
18	117	2.3039
23	117	2.1837
31	117	2.4128
41	117	1.6213
91	117	-1.5521
92	117	-1.992
8	118	2.4964
13	118	2.6336
14	118	2.5836
18	118	2.4162
23	118	2.3164
31	118	2.1695
41	118	1.4485
91	118	-1.8022
92	118	-2.1173
1	119	3.1835
2	119	3.5535
31	119	2.9692
41	119	1.9641
91	119	-1.7282
92	119	-1.9131
116	119	-2.1035
8	120	2.5711
13	120	2.7399
14	120	2.6824
18	120	2.4952
23	120	2.4141
31	120	2.0811
41	120	1.4072
91	120	-1.8753
92	120	-1.9184
1	121	3.0043
2	121	3.3833
31	121	2.7631
41	121	1.7872
91	121	-1.6932
92	121	-1.8332
116	121	-2.0724
28	122	3.9937
29	122	4.7036
31	122	2.3503
34	122	4.5593
41	122	1.8141
50	122	4.7686
88	122	3.1259
89	122	3.8269
91	122	-0.32573
92	122	-0.34113
94	122	2.4597
95	122	2.9249
99	122	1.3728
100	122	3.3182
107	122	3.3443
6	123	2.428
7	123	4.156
9	123	2.3966
17	123	4.1701
22	123	4.5721
31	123	1.6496
41	123	1.0484
91	123	-1.5578
92	123	-1.7708
110	123	-2.2023
112	123	-2.0169
114	123	-1.4607
115	123	-1.5458
117	123	-2.1753
118	123	-2.2258
120	123	-2.0392
6	124	2.4921
7	124	3.9491
9	124	2.46
17	124	3.9571
22	124	4.344
31	124	1.5436
41	124	0.98663
91	124	-1.6545
92	124	-1.8344
110	124	-2.2943
112	124	-2.19
114	124	-1.1521
115	124	-1.561
117	124	-2.2197
118	124	-2.2904
120	124	-2.1293
3	125	3.589
4	125	3.1147
5	125	3.589
10	125	4.4312
11	125	4.8342
12	125	5.1942
15	125	4.91
21	125	4.7625
31	125	3.4323
41	125	2.2827
91	125	-1.887
92	125	-2.1003
106	125	-1.839
109	125	-2.4999
111	125	-2.4355
113	125	-2.5
119	125	-2.1131
121	125	-1.9754
28	126	6.1856
29	126	6.7277
31	126	3.477
34	126	6.6089
41	126	2.8459
50	126	6.824
88	126	5.6813
89	126	6.0793
91	126	0.67752
92	126	0.88743
94	126	5.4246
95	126	5.6129
99	126	5.1803
100	126	5.8967
107	126	6.074
6	127	2.5143
7	127	3.8377
9	127	2.4836
17	127	3.8515
22	127	4.2232
31	127	1.5071
41	127	0.96559
91	127	-1.6031
92	127	-1.8286
110	127	-1.9791
112	127	-1.8174
114	127	-0.42719
115	127	-1.2871
117	127	-1.9678
118	127	-1.9602
120	127	-1.7256
28	128	6.1524
29	128	6.6879
31	128	3.7391
34	128	6.5675
41	128	3.1168
50	128	6.7717
88	128	5.598
89	128	5.9889
91	128	1.0719
92	128	1.3302
94	128	5.3332
95	128	5.5159
99	128	5.0797
100	128	5.7755
107	128	5.9231
8	129	2.4353
13	129	2.6019
14	129	2.546
18	129	2.3629
23	129	2.2866
31	129	2.0469
41	129	1.3644
91	129	-1.3964
92	129	-1.7294
123	129	-1.5284
124	129	-1.9014
127	129	-1.7408
8	130	4.4709
13	130	3.9989
14	130	4.0744
18	130	4.4352
23	130	4.0368
31	130	1.2398
41	130	0.7228
91	130	-1.2032
92	130	-1.4147
123	130	-1.6467
124	130	-1.0339
127	130	-1.2577
8	131	3.8183
13	131	3.3397
14	131	3.4003
18	131	3.7375
23	131	3.2632
31	131	0.6467
41	131	0.20897
91	131	-1.2632
92	131	-1.4775
123	131	-2.0774
124	131	-2.1603
127	131	-2.0911
6	132	2.3644
7	132	3.9085
9	132	2.3363
17	132	3.9451
22	132	4.3135
31	132	1.5215
41	132	0.91053
91	132	-0.93214
92	132	-1.2232
110	132	-0.94431
112	132	-0.58632
114	132	-0.76841
115	132	-1.1606
117	132	-1.0125
118	132	-0.82149
120	132	-0.30877
129	132	-0.67409
130	132	-1.7538
131	132	-1.8645
8	133	4.3228
13	133	3.8636
14	133	3.9328
18	133	4.2779
23	133	3.8733
31	133	1.0717
41	133	0.57191
91	133	-1.036
92	133	-1.2695
123	133	-1.4599
124	133	-0.8963
127	133	-0.90833
132	133	-1.8036
8	134	3.8458
13	134	3.3852
14	134	3.4414
18	134	3.7646
23	134	3.3012
31	134	0.68581
41	134	0.24951
91	134	-1.2054
92	134	-1.458
123	134	-1.8431
124	134	-1.8851
127	134	-1.8342
132	134	-1.6649
offset
60
