149
detection	body_part	cost
1	11	-0.36385
2	11	-0.60319
3	11	-0.46607
4	14	0.33571
5	11	-1.144
6	11	-0.35906
7	10	-0.54186
8	10	-1.3841
9	10	-0.30271
10	10	-0.92526
11	4	-0.087802
12	4	-2.7453
13	4	-0.82633
14	4	-1.8817
15	3	-1.3859
16	5	0.50143
17	3	-3.907
18	10	-0.82796
19	10	-0.85068
20	11	-1.0548
21	3	-1.8848
22	3	-1.8008
23	9	-2.8716
24	11	-1.4696
25	13	-0.37094
26	9	-1.138
27	13	0.056803
28	1	0.48673
29	1	-4.6099
30	1	-1.3938
31	12	0.014256
32	7	-1.796
33	13	-0.27079
34	8	-2.1837
35	8	-0.44166
36	14	0.08881
37	14	0.56747
38	11	9.2102
39	11	9.2102
40	2	-4.8558
41	6	-0.49071
42	1	-1.1491
43	12	-1.4132
44	7	-1.5343
45	7	-3.0831
46	13	-0.50354
47	8	-1.0038
48	14	0.13614
49	14	-0.61496
50	8	-0.45469
51	2	0.92117
52	6	-2.7653
53	7	-0.52039
54	7	-1.1923
55	12	-0.56401
56	13	-0.13968
57	14	0.021853
58	8	-0.16637
59	14	-0.51379
60	8	-0.55723
61	7	-1.5678
62	7	-2.3225
63	6	-0.95529
64	6	-0.80744
65	7	-1.9293
66	8	-0.16156
67	12	-0.083555
68	14	-0.090724
69	2	-2.4534
70	6	-0.51216
71	6	-2.3468
72	7	-0.50052
73	5	-0.46388
74	7	-1.0264
75	6	-0.13109
76	6	-2.0163
77	5	0.42738
78	5	-1.4873
79	11	9.2102
80	1	-0.93114
81	1	-1.1492
82	5	-0.97499
83	13	0.042517
84	1	-0.49657
85	1	-4.1584
86	13	-0.027848
87	1	-3.3625
88	1	-2.9647
89	13	-1.6141
90	13	-0.18031
91	3	-0.35334
92	12	-2.238
93	3	-1.4292
94	12	-2.3115
95	10	-1.9096
96	3	-1.143
97	3	-0.05151
98	12	-1.1978
99	10	-1.0673
100	4	0.99558
101	11	9.2102
102	3	-1.0677
103	4	0.007651
104	4	-0.51523
105	5	1.012
106	4	0.50089
107	9	-2.2551
108	9	-0.56983
109	3	-3.6171
110	4	-2.3415
111	4	-0.72795
112	5	0.87357
113	4	0.90288
114	9	-0.47423
115	11	-0.19801
116	3	-4.013
117	11	-0.22558
118	9	-0.90385
119	9	-2.5685
120	9	-1.9529
121	9	-0.81215
122	10	-0.91013
123	10	-0.86185
124	9	-0.73437
125	10	-1.7971
126	11	-1.3575
127	9	-0.0024693
128	9	-0.18923
129	11	-0.76865
130	2	-5.3215
131	1	-6.3477
132	12	0.17355
133	12	-0.34956
134	12	-1.5472
135	8	-1.5003
136	12	-0.83353
137	8	-0.48792
138	13	-1.8065
139	13	-2.9657
140	14	0.10352
141	14	-3.9709
142	14	-4.0557
143	14	-2.2069
144	6	-1.8903
145	8	-0.16273
146	8	-0.80947
147	6	-3.2104
148	6	-1.2115
149	7	-3.7276
detection1	detection2	cost
1	2	-5.6071
1	3	26.7811
2	3	26.624
1	5	27.0414
2	5	26.7811
3	5	-5.6071
1	6	29.2526
2	6	28.9098
3	6	-3.2674
5	6	-4.8231
7	8	-4.8231
7	9	-3.2674
8	9	-5.6071
7	10	-3.2674
8	10	-5.6071
9	10	-4.8231
11	12	-3.7143
11	13	0.071429
12	13	-3.7143
11	14	-1.5143
12	14	-4.8231
13	14	-4.8231
15	17	-4.8231
7	18	12.6213
8	18	12.6213
9	18	14.0819
10	18	11.4286
7	19	11.4286
8	19	11.2383
9	19	12.6213
10	19	9.9513
18	19	-5.6071
1	20	28.663
2	20	27.2998
3	20	17.1071
5	20	15.3715
6	20	14.5743
15	21	-3.2674
17	21	-5.6071
15	22	-2.1462
17	22	-4.8231
21	22	-5.6071
1	24	28.8606
2	24	27.4026
3	24	19.6016
5	24	17.8953
6	24	17.1798
20	24	-4.8231
23	26	-5.6071
25	27	15.293
28	29	-3.7143
28	30	0.071429
29	30	-3.7143
25	33	13.6628
27	33	-4.8231
34	35	-3.7143
4	36	22.4287
4	37	23.8324
36	37	-3.7143
1	38	29.833
2	38	28.2144
3	38	24.6786
5	38	23.0214
6	38	22.4287
20	38	0.53071
24	38	-2.1462
1	39	28.9098
2	39	27.2482
3	39	25.6115
5	39	24.0034
6	39	23.5452
20	39	1.9643
24	39	-0.67521
38	39	-5.6071
28	42	-1.5143
29	42	-4.8231
30	42	-4.8231
31	43	-4.8231
32	44	-4.8231
32	45	-4.8231
44	45	-3.7143
25	46	12.262
27	46	-2.1462
33	46	-4.8231
34	47	-4.8231
35	47	-4.8231
4	48	23.7178
36	48	-4.8231
37	48	-1.5143
4	49	24.2301
36	49	-5.6071
37	49	-3.2674
48	49	-5.6071
34	50	2.1517
35	50	-1.5143
47	50	0.071429
40	51	-1.5143
41	52	-4.8231
32	53	11.8034
44	53	9.6406
45	53	13.4073
32	54	9.9513
44	54	7.7607
45	54	11.523
53	54	-5.6071
31	55	-3.2674
43	55	-3.2674
25	56	12.8867
27	56	-0.67521
33	56	-3.2674
46	56	-5.6071
4	57	25.5573
36	57	-3.2674
37	57	-0.67521
48	57	-5.6071
49	57	-4.8231
34	58	0.96511
35	58	-2.1462
47	58	-1.5143
50	58	-4.8231
4	59	26.0415
36	59	-3.7143
37	59	-2.1462
48	59	-4.8231
49	59	-5.6071
57	59	-5.6071
34	60	2.6933
35	60	-0.67521
47	60	0.30445
50	60	-5.6071
58	60	-5.6071
32	61	23.0214
44	61	24.7342
45	61	20.9559
53	61	41.7143
54	61	39.8214
32	62	24.9005
44	62	26.624
45	62	22.8448
53	62	43.6071
54	62	41.7143
61	62	-5.6071
41	63	-3.2674
52	63	-3.2674
41	64	0.96511
52	64	-1.5143
63	64	1.9643
32	65	10.4572
44	65	8.1089
45	65	11.8034
53	65	-4.8231
54	65	-5.6071
61	65	39.8593
62	65	41.7507
34	66	10.4572
35	66	14.0819
47	66	11.8034
50	66	19.269
58	66	17.1798
60	66	19.0675
31	67	-1.8214
43	67	-3.2674
55	67	-4.8231
4	68	27.8615
36	68	-1.8214
37	68	-0.67521
48	68	-3.2674
49	68	-3.7143
57	68	-4.8231
59	68	-5.6071
40	69	-1.5143
51	69	-2.1462
41	70	-1.8214
52	70	-3.2674
63	70	-4.8231
64	70	0.30445
41	71	3.5372
52	71	0.96511
63	71	4.0138
64	71	-4.8231
70	71	1.9643
32	72	9.4302
44	72	6.9156
45	72	10.4572
53	72	-2.1462
54	72	-3.2674
61	72	38.086
62	72	39.9726
65	72	-4.8231
16	73	23.0214
32	74	25.5573
44	74	27.0414
45	74	23.3135
53	74	43.7472
54	74	41.8597
61	74	-3.2674
62	74	-3.7143
65	74	41.7507
72	74	39.8214
41	75	55.2219
52	75	53.1896
63	75	56.885
64	75	47.4255
70	75	54.9643
71	75	45.5
41	76	4.6202
52	76	1.9643
63	76	4.4715
64	76	-3.2674
70	76	2.1517
71	76	-5.6071
75	76	45.5338
16	77	19.4026
73	77	-1.5143
16	78	22.4287
73	78	-4.8231
77	78	-3.7143
1	79	37.4927
2	79	35.7467
3	79	34.0136
5	79	32.295
6	79	31.4763
20	79	9.4302
24	79	6.9156
38	79	2.1517
39	79	1.9643
28	80	7.2837
29	80	5.1977
30	80	4.0138
42	80	2.6933
28	81	8.5614
29	81	6.1496
30	81	4.4715
42	81	3.5372
80	81	-5.6071
16	82	22.0674
73	82	-2.1462
77	82	-4.8231
78	82	-4.8231
25	83	9.4302
27	83	25.5573
33	83	23.08
46	83	20.6393
56	83	20.0604
28	84	7.7607
29	84	6.2802
30	84	5.75
42	84	4.0138
80	84	-4.8231
81	84	-3.2674
28	85	9.9513
29	85	7.7607
30	85	6.2802
42	85	5.1977
80	85	-4.8231
81	85	-5.6071
84	85	-3.7143
25	86	10.4572
27	86	24.6786
33	86	22.1279
46	86	19.6016
56	86	18.8644
83	86	-4.8231
28	87	10.3572
29	87	8.6726
30	87	7.7607
42	87	6.2802
80	87	-3.7143
81	87	-3.2674
84	87	-4.8231
85	87	-4.8231
28	88	12.6213
29	88	10.3572
30	88	8.6726
42	88	7.7607
80	88	-2.1462
81	88	-3.2674
84	88	-1.5143
85	88	-4.8231
87	88	-3.7143
25	89	12.8867
27	89	27.2482
33	89	24.6786
46	89	22.1279
56	89	21.3311
83	89	-3.7143
86	89	-4.8231
25	90	14.0819
27	90	26.624
33	90	24.0034
46	90	21.3932
56	90	20.4477
83	90	-1.5143
86	90	-3.7143
89	90	-4.8231
15	91	21.885
17	91	19.6016
21	91	17.7539
22	91	17.3966
31	92	21.9459
43	92	19.269
55	92	20.8929
67	92	18.2456
15	93	24.2301
17	93	21.885
21	93	20.0604
22	93	19.6016
91	93	-4.8231
31	94	23.3135
43	94	20.6393
55	94	22.0674
67	94	19.4026
92	94	-5.6071
7	95	39.2501
8	95	36.8106
9	95	36.2
10	95	35.0367
18	95	34.0136
19	95	32.6536
15	96	26.0415
17	96	23.7178
21	96	21.885
22	96	21.4551
91	96	-3.2674
93	96	-5.6071
15	97	27.2998
17	97	24.8452
21	97	23.08
22	97	22.4287
91	97	-0.67521
93	97	-3.2674
96	97	-3.7143
31	98	24.7342
43	98	22.0674
55	98	23.3135
67	98	20.6393
92	98	-3.7143
94	98	-5.6071
7	99	40.3859
8	99	38.0074
9	99	37.4927
10	99	36.2
18	99	34.0136
19	99	32.7427
95	99	-4.8231
11	100	32.6089
12	100	31.5222
13	100	30.7807
14	100	29.2526
1	101	90.9468
2	101	89.7936
3	101	64.054
5	101	62.5613
6	101	59.9027
20	101	55.5068
24	101	56.1293
38	101	57.6869
39	101	59.3958
79	101	55.9601
15	102	28.4643
17	102	26.624
21	102	24.7342
22	102	24.9005
91	102	3.2076
93	102	3.5372
96	102	2.6933
97	102	6.2802
11	103	32.4299
12	103	32.25
13	103	32.4299
14	103	30.4044
100	103	2.1517
11	104	33.8406
12	104	32.9647
13	104	32.4299
14	104	30.7807
100	104	-4.8231
103	104	0.071429
16	105	29.6887
73	105	19.4026
77	105	14.5743
78	105	16.7404
82	105	14.0819
11	106	36.5267
12	106	35.0367
13	106	33.8406
14	106	32.6089
100	106	-1.5143
103	106	7.6429
104	106	0.071429
23	107	29.833
26	107	28.2144
23	108	31.8878
26	108	30.3571
107	108	-3.7143
15	109	30.4044
17	109	28.663
21	109	26.7811
22	109	27.0414
91	109	5.8845
93	109	6.1496
96	109	5.1977
97	109	8.6726
102	109	-4.8231
11	110	34.8256
12	110	34.3146
13	110	34.1429
14	110	32.295
100	110	-0.67521
103	110	-3.2674
104	110	-3.2674
106	110	4.0138
11	111	35.6638
12	111	34.8256
13	111	34.3146
14	111	32.6536
100	111	-3.2674
103	111	0.30445
104	111	-5.6071
106	111	0.30445
110	111	-3.7143
16	112	31.5222
73	112	20.8929
77	112	16.2174
78	112	18.2456
82	112	15.6053
105	112	-5.6071
11	113	38.243
12	113	36.8106
13	113	35.6638
14	113	34.4002
100	113	-0.67521
103	113	7.7607
104	113	0.30445
106	113	-5.6071
110	113	3.8571
111	113	0.071429
23	114	30.593
26	114	28.9098
107	114	-4.8231
108	114	-1.5143
1	115	55.6772
2	115	53.8064
3	115	56.1293
5	115	54.388
6	115	53.4547
20	115	31.5222
24	115	29.0571
38	115	24.2301
39	115	23.7178
79	115	14.6553
101	115	60.6691
15	116	32.295
17	116	30.546
21	116	28.663
22	116	28.9098
91	116	7.2837
93	116	7.2837
96	116	6.1496
97	116	9.4302
102	116	-3.2674
109	116	-5.6071
1	117	57.301
2	117	55.4215
3	117	58.6147
5	117	56.885
6	117	55.9884
20	117	34.0136
24	117	31.5222
38	117	26.624
39	117	26.0415
79	117	17.1071
101	117	62.638
115	117	-4.8231
23	118	30.3571
26	118	28.4643
107	118	12.262
108	118	15.9133
114	118	9.9513
23	119	30.546
26	119	28.663
107	119	8.6726
108	119	12.262
114	119	6.2802
118	119	-3.7143
23	120	30.7807
26	120	28.9098
107	120	6.9156
108	120	10.4572
114	120	4.4715
118	120	-1.8214
119	120	-5.6071
23	121	31.1069
26	121	29.2526
107	121	5.1977
108	121	8.6726
114	121	2.6933
118	121	0.071429
119	121	-3.7143
120	121	-5.6071
7	122	47.6858
8	122	46.0381
9	122	46.3384
10	122	44.1649
18	122	32.9647
19	122	32.6536
95	122	17.8953
99	122	15.3715
7	123	47.4255
8	123	45.635
9	123	45.8033
10	123	43.7472
18	123	33.8406
19	123	33.3612
95	123	14.5743
99	123	11.9882
122	123	-3.7143
23	124	32.9647
26	124	31.1069
107	124	6.1496
108	124	9.4302
114	124	3.5372
118	124	0.30445
119	124	-3.2674
120	124	-4.8231
121	124	-5.6071
7	125	49.4118
8	125	47.6858
9	125	47.9126
10	125	45.8033
18	125	35.2048
19	125	34.8256
95	125	17.1798
99	125	14.5743
122	125	-4.8231
123	125	-4.8231
1	126	61.9191
2	126	60.062
3	126	60.1415
5	126	58.3431
6	126	57.1903
20	126	35.6638
24	126	33.3612
38	126	28.9098
39	126	28.663
79	126	19.269
101	126	57.301
115	126	-0.67521
117	126	-0.67521
23	127	34.1859
26	127	32.295
107	127	11.9882
108	127	15.3715
114	127	9.4302
118	127	-3.2674
119	127	-3.2674
120	127	-2.1462
121	127	-0.67521
124	127	-1.5143
23	128	34.5282
26	128	32.6536
107	128	8.783
108	128	11.9882
114	128	6.1496
118	128	-0.67521
119	128	-3.2674
120	128	-3.7143
121	128	-3.2674
124	128	-4.8231
127	128	-3.7143
1	129	64.1541
2	129	62.3051
3	129	61.401
5	129	59.583
6	129	58.3431
20	129	37.0526
24	129	34.8256
38	129	30.546
39	129	30.4044
79	129	20.9559
101	129	55.6772
115	129	1.9643
117	129	1.9643
126	129	-4.8231
40	130	33.8406
51	130	34.0136
69	130	29.0571
28	131	34.3146
29	131	34.8256
30	131	35.6638
42	131	33.3612
80	131	25.5573
81	131	26.3605
84	131	23.08
85	131	24.6786
87	131	22.1279
88	131	24.0034
31	132	34.8256
43	132	32.6536
55	132	31.5222
67	132	29.2526
92	132	17.1798
94	132	15.6053
98	132	14.0819
31	133	36.0357
43	133	34.1859
55	133	32.295
67	133	30.3571
92	133	23.3135
94	133	21.9459
98	133	20.6393
132	133	0.30445
31	134	36.2
43	134	34.1859
55	134	32.6536
67	134	30.546
92	134	20.8929
94	134	19.4026
98	134	17.9658
132	134	-3.2674
133	134	-3.7143
34	135	37.4927
35	135	38.5941
47	135	36.2
50	135	39.0581
58	135	36.5267
60	135	37.3731
66	135	30.7807
31	136	36.6892
43	136	34.5282
55	136	33.3612
67	136	31.1069
92	136	18.7964
94	136	17.1798
98	136	15.6053
132	136	-5.6071
133	136	0.071429
134	136	-3.7143
34	137	36.6892
35	137	37.4927
47	137	35.2048
50	137	37.4927
58	137	35.0367
60	137	35.7467
66	137	31.5222
135	137	-3.7143
25	138	40.7586
27	138	39.8214
33	138	37.4927
46	138	35.2048
56	138	33.3612
83	138	28.9098
86	138	26.3605
89	138	25.6115
90	138	23.0214
25	139	43.0077
27	139	41.1652
33	139	38.904
46	139	36.6892
56	139	34.8256
83	139	31.4763
86	139	28.9098
89	139	28.2144
90	139	25.6115
138	139	-4.8231
4	140	69.7369
36	140	39.8214
37	140	38.904
48	140	38.5941
49	140	38.0074
57	140	36.8106
59	140	36.2
68	140	34.4002
4	141	70.9338
36	141	41.0177
37	141	39.8214
48	141	39.9726
49	141	39.2501
57	141	38.243
59	141	37.4927
68	141	35.7467
140	141	-3.7143
4	142	71.5933
36	142	41.7143
37	142	40.3859
48	142	40.7586
49	142	39.9726
57	142	39.0581
59	142	38.243
68	142	36.5267
140	142	-1.8214
141	142	-5.6071
4	143	72.2924
36	143	42.4729
37	143	41.0177
48	143	41.605
49	143	40.7586
57	143	39.9349
59	143	39.0581
68	143	37.3731
140	143	0.071429
141	143	-3.7143
142	143	-5.6071
41	144	40.1609
52	144	38.5552
63	144	36.2
64	144	38.0074
70	144	34.5282
71	144	36.8106
75	144	72.3597
76	144	35.0367
34	145	43.4667
35	145	44.5794
47	145	42.1852
50	145	44.9905
58	145	42.4729
60	145	43.2907
66	145	36.2
135	145	-1.5143
137	145	0.53071
34	146	43.0077
35	146	43.9913
47	146	41.6414
50	146	44.1996
58	146	41.7143
60	146	42.4729
66	146	36.4045
135	146	-1.8214
137	146	-0.67521
145	146	-5.6071
41	147	41.8597
52	147	40.1609
63	147	37.968
64	147	39.3267
70	147	36.2
71	147	38.0074
75	147	71.7743
76	147	36.2
144	147	-4.8231
41	148	43.9217
52	148	42.2933
63	148	39.9726
64	148	41.6414
70	148	38.2821
71	148	40.3859
75	148	74.3975
76	148	38.5941
144	148	-3.7143
147	148	-4.8231
32	149	47.1311
44	149	44.8538
45	149	45.8033
53	149	42.0408
54	149	41.8597
61	149	58.207
62	149	59.4761
65	149	39.9726
72	149	37.968
74	149	56.7457
1	7	1.8927
2	7	1.8324
3	7	-1.3614
5	7	-0.97982
6	7	-1.0208
1	8	1.4216
2	8	1.3441
3	8	-1.4026
5	8	-1.1248
6	8	-1.2541
1	9	1.0814
2	9	1.0069
3	9	-1.0916
5	9	-0.85907
6	9	-1.0179
1	10	0.80283
2	10	0.69509
3	10	-1.4269
5	10	-1.2262
6	10	-1.1652
11	15	-0.44783
12	15	-1.5105
13	15	-2.2116
14	15	-1.8448
11	16	-1.8494
12	16	-0.86981
13	16	0.51699
14	16	-0.047118
11	17	-1.4157
12	17	-2.5405
13	17	-1.917
14	17	-2.1457
1	18	0.73607
2	18	0.42337
3	18	2.0393
5	18	2.0645
6	18	2.4592
1	19	0.62971
2	19	0.31421
3	19	1.9501
5	19	1.9739
6	19	2.387
7	20	4.4529
8	20	4.4454
9	20	4.4281
10	20	4.7559
18	20	-2.0516
19	20	-2.0696
11	21	-1.6384
12	21	-1.9817
13	21	-1.5735
14	21	-1.7062
11	22	-1.1683
12	22	-1.4801
13	22	-1.2852
14	22	-1.4304
7	23	3.3348
8	23	3.4125
9	23	3.3974
10	23	3.3684
18	23	-1.9221
19	23	-1.8108
7	24	4.4007
8	24	4.4149
9	24	4.4011
10	24	4.7718
18	24	-2.0679
19	24	-1.9858
4	25	0.92867
7	26	3.1942
8	26	3.2774
9	26	3.2625
10	26	3.2364
18	26	-2.2224
19	26	-2.202
4	27	2.6114
1	28	1.9951
2	28	2.0524
3	28	4.2976
4	28	4.6674
5	28	4.313
6	28	4.4659
7	28	3.423
8	28	3.2927
9	28	3.3393
10	28	2.969
11	28	-0.41762
12	28	-1.2542
13	28	-1.7305
14	28	-1.4204
15	28	-1.046
16	28	-1.0458
17	28	-1.3874
18	28	-1.8782
19	28	-1.5736
20	28	-1.7198
21	28	-0.91724
22	28	-1.28
23	28	-1.8941
24	28	-1.369
25	28	0.6579
26	28	-1.493
27	28	-1.4263
1	29	1.8098
2	29	1.8689
3	29	4.1549
4	29	4.5398
5	29	4.1749
6	29	4.3362
7	29	3.183
8	29	3.0599
9	29	3.1102
10	29	2.7396
11	29	-1.1443
12	29	-1.9651
13	29	-2.2723
14	29	-1.9964
15	29	-1.9417
16	29	-1.5366
17	29	-2.2098
18	29	-1.877
19	29	-1.6014
20	29	-1.8066
21	29	-1.8614
22	29	-1.8645
23	29	-1.8504
24	29	-1.4106
25	29	0.51122
26	29	-1.3685
27	29	-1.5436
1	30	1.6903
2	30	1.7515
3	30	4.037
4	30	4.4518
5	30	4.0598
6	30	4.2231
7	30	3.0954
8	30	2.9722
9	30	3.0231
10	30	2.6496
11	30	-1.5044
12	30	-1.6892
13	30	-1.3546
14	30	-1.6353
15	30	-1.6895
16	30	-2.2304
17	30	-1.5297
18	30	-1.7861
19	30	-1.6588
20	30	-1.7527
21	30	-1.0632
22	30	-0.9518
23	30	-1.612
24	30	-1.4486
25	30	0.43517
26	30	-1.1963
27	30	-1.4721
25	31	3.2793
27	31	-1.2084
28	31	-1.6798
29	31	-1.7258
30	31	-1.5946
28	32	0.67775
29	32	0.83391
30	32	1.0327
4	33	2.823
28	33	-1.0786
29	33	-1.1773
30	33	-1.1293
31	33	-1.5486
28	34	0.40385
29	34	0.5665
30	34	0.5006
32	34	-1.768
28	35	0.03331
29	35	0.17754
30	35	0.091223
32	35	-1.8845
25	36	5.2151
27	36	-1.6009
28	36	-1.5484
29	36	-1.6288
30	36	-1.67
33	36	-0.97363
25	37	4.6481
27	37	-1.6587
28	37	-1.2168
29	37	-1.3402
30	37	-1.3873
33	37	-1.1168
7	38	4.4639
8	38	4.4863
9	38	4.4704
10	38	4.9079
18	38	-1.5494
19	38	-1.4312
28	38	-1.1379
29	38	-1.2222
30	38	-1.3289
7	39	4.2236
8	39	4.2551
9	39	4.244
10	39	4.7076
18	39	-1.296
19	39	-1.3609
28	39	-0.97638
29	39	-1.0678
30	39	-1.1736
28	40	-1.766
29	40	-1.8473
30	40	-1.5077
28	41	-1.1534
29	41	-1.9973
30	41	0.22148
32	41	0.080835
1	42	1.6732
2	42	1.7332
3	42	4.0629
4	42	4.3875
5	42	4.0848
6	42	4.2521
7	42	3.0234
8	42	2.8987
9	42	2.9502
10	42	2.571
11	42	-1.7154
12	42	-1.953
13	42	-1.5961
14	42	-1.8777
15	42	-2.1784
16	42	-2.2643
17	42	-2.1154
18	42	-1.5843
19	42	-1.8072
20	42	-1.601
21	42	-1.944
22	42	-1.4412
23	42	-1.3431
24	42	-1.2548
25	42	0.26522
26	42	-0.88785
27	42	-1.761
31	42	-1.2587
32	42	0.62975
33	42	-1.5042
34	42	0.19754
35	42	-0.19857
36	42	-1.5029
37	42	-1.2276
38	42	-1.2455
39	42	-1.1088
40	42	-1.8349
41	42	3.011
25	43	3.336
27	43	-1.0788
28	43	-1.6784
29	43	-1.8117
30	43	-1.8035
33	43	-1.4735
42	43	-1.4104
28	44	0.71721
29	44	0.88846
30	44	1.1137
34	44	-1.9118
35	44	-2.0976
41	44	-0.21061
42	44	0.69459
28	45	0.81811
29	45	0.98508
30	45	1.2076
34	45	-2.067
35	45	-2.5122
41	45	-0.13272
42	45	0.79851
4	46	2.8938
28	46	-1.3927
29	46	-1.4469
30	46	-1.3603
31	46	-1.8835
36	46	-0.57635
37	46	-0.66615
42	46	-1.6518
43	46	-2.0077
28	47	0.16899
29	47	0.32511
30	47	0.26389
32	47	-1.9589
42	47	-0.041319
44	47	-2.2031
45	47	-1.8454
25	48	5.0089
27	48	-1.3569
28	48	-1.6267
29	48	-1.6614
30	48	-1.6928
33	48	-1.498
42	48	-1.5516
46	48	-0.99589
25	49	3.6761
27	49	-0.22572
28	49	-1.5388
29	49	-1.6158
30	49	-1.6809
33	49	-0.066672
42	49	-1.4558
46	49	0.2699
28	50	0.78827
29	50	0.91935
30	50	0.8228
32	50	-0.10581
42	50	0.57691
44	50	-0.099135
45	50	0.14339
28	51	4.1654
29	51	1.7588
30	51	0.37664
42	51	0.24717
28	52	-1.4502
29	52	-2.0004
30	52	-1.3737
32	52	-0.29689
42	52	-1.7148
44	52	-0.60108
45	52	-0.55596
28	53	-1.2583
29	53	-1.674
30	53	-1.4601
34	53	-0.50615
35	53	-0.54992
41	53	-2.2403
42	53	-1.0798
47	53	-0.79908
50	53	1.2888
52	53	-1.7425
28	54	-1.8571
29	54	-2.1078
30	54	-1.4165
34	54	-0.45092
35	54	-0.49715
41	54	-1.9596
42	54	-1.4821
47	54	-0.7465
50	54	1.339
52	54	-1.8363
25	55	2.9838
27	55	-1.4957
28	55	-1.2629
29	55	-1.3823
30	55	-1.5705
33	55	-1.8407
42	55	-0.9913
46	55	-1.9927
4	56	2.7877
28	56	-1.4861
29	56	-1.4345
30	56	-1.3481
31	56	-1.4782
36	56	-0.31003
37	56	-0.50768
42	56	-1.5828
43	56	-1.7501
48	56	-0.59305
49	56	0.32137
55	56	-1.6248
25	57	2.7221
27	57	0.057116
28	57	-1.5228
29	57	-1.5738
30	57	-1.6915
33	57	-0.40483
42	57	-1.3923
46	57	-0.54292
56	57	0.34364
28	58	0.22763
29	58	0.36057
30	58	0.2748
32	58	0.074342
42	58	0.0091767
44	58	0.071156
45	58	0.39948
53	58	0.95077
54	58	1.0017
25	59	2.8814
27	59	0.79154
28	59	-1.3617
29	59	-1.4075
30	59	-1.4915
33	59	0.31763
42	59	-1.2128
46	59	0.74572
56	59	1.44
28	60	0.31194
29	60	0.44142
30	60	0.35065
32	60	0.74839
42	60	0.094186
44	60	0.78196
45	60	1.0919
53	60	1.6868
54	60	1.7376
28	61	2.6961
29	61	2.794
30	61	2.9393
34	61	0.70982
35	61	0.91379
41	61	1.9375
42	61	2.8023
47	61	0.99157
50	61	-1.3801
52	61	1.4173
58	61	-0.90775
60	61	-1.4465
28	62	2.4616
29	62	2.5595
30	62	2.7049
34	62	0.75632
35	62	0.95786
41	62	1.9775
42	62	2.5701
47	62	1.0092
50	62	-1.2979
52	62	1.454
58	62	-0.89459
60	62	-1.4128
28	63	-1.153
29	63	-1.6769
30	63	-0.73988
32	63	-0.40135
42	63	-0.73117
44	63	-0.69413
45	63	-0.66778
53	63	-1.0888
54	63	-1.3892
61	63	1.2564
62	63	1.2892
28	64	-0.30063
29	64	-0.097457
30	64	0.46058
32	64	-0.80083
42	64	0.021679
44	64	-1.1093
45	64	-1.1709
53	64	4.6452
54	64	2.7425
61	64	0.54755
62	64	0.57884
28	65	-1.5499
29	65	-2.1035
30	65	-1.4832
34	65	-0.48557
35	65	-0.54199
41	65	-2.2512
42	65	-1.8155
47	65	-0.78865
50	65	1.2498
52	65	-2.2193
58	65	0.91535
60	65	1.6356
63	65	-2.0238
64	65	2.3818
28	66	-1.8915
29	66	-1.9719
30	66	-1.6959
32	66	4.2162
42	66	-2.0601
44	66	4.4813
45	66	5.072
53	66	-2.3162
54	66	-2.3874
61	66	2.6797
62	66	2.6662
65	66	-2.1313
25	67	2.6635
27	67	-1.4587
28	67	-1.3074
29	67	-1.4565
30	67	-1.6619
33	67	-1.8818
42	67	-1.1048
46	67	-2.2385
56	67	-1.82
25	68	2.9941
27	68	-0.14069
28	68	-1.202
29	68	-1.2605
30	68	-1.3444
33	68	-0.55813
42	68	-1.0585
46	68	-0.78627
56	68	-0.82708
28	69	2.1543
29	69	1.4967
30	69	1.0532
42	69	1.2343
28	70	-1.0853
29	70	-1.8448
30	70	-1.5509
32	70	-0.26702
42	70	-1.9287
44	70	-0.54673
45	70	-0.55379
53	70	0.17006
54	70	-0.35669
61	70	1.2747
62	70	1.3033
65	70	-0.94537
28	71	-0.022985
29	71	0.16111
30	71	0.69284
32	71	-1.52
42	71	0.28443
44	71	-1.8165
45	71	-2.001
53	71	4.4437
54	71	3.516
61	71	0.56022
62	71	0.60896
65	71	4.5844
28	72	-1.8027
29	72	-2.0736
30	72	-1.4133
34	72	-1.6008
35	72	-1.4504
41	72	-1.939
42	72	-2.1928
47	72	-1.4326
50	72	0.8103
52	72	-1.7228
58	72	0.73342
60	72	1.4725
63	72	-2.3632
64	72	0.18818
66	72	-2.164
70	72	-1.9291
71	72	2.7636
11	73	1.6147
12	73	2.7564
13	73	3.9828
14	73	3.5722
28	73	1.1317
29	73	1.2434
30	73	1.2839
42	73	1.02
28	74	2.9054
29	74	2.9865
30	74	3.1173
34	74	0.97189
35	74	0.91488
41	74	1.7244
42	74	2.9826
47	74	1.4967
50	74	-1.2645
52	74	1.22
58	74	-0.54504
60	74	-1.1835
63	74	1.1075
64	74	0.34265
66	74	3.6536
70	74	1.1679
71	74	0.99553
28	75	3.7788
29	75	3.9009
30	75	4.3579
32	75	3.7963
42	75	4.1212
44	75	4.143
45	75	4.0505
53	75	6.1858
54	75	5.9811
61	75	0.70266
62	75	0.2157
65	75	5.8797
72	75	5.6634
74	75	2.249
28	76	-0.032353
29	76	0.15518
30	76	0.6896
32	76	-1.6826
42	76	0.2796
44	76	-1.9488
45	76	-2.2116
53	76	3.9122
54	76	3.0969
61	76	0.74294
62	76	0.79641
65	76	3.7297
72	76	2.5836
74	76	1.229
11	77	1.6644
12	77	2.7827
13	77	3.9589
14	77	3.565
28	77	1.3428
29	77	1.5066
30	77	1.6029
42	77	1.2895
11	78	1.795
12	78	2.9253
13	78	4.1273
14	78	3.7237
28	78	1.3744
29	78	1.5163
30	78	1.5873
42	78	1.3063
7	79	4.1887
8	79	4.2437
9	79	4.2696
10	79	4.6714
18	79	-1.0868
19	79	-0.89902
28	79	-0.37208
29	79	-0.4726
30	79	-0.60269
42	79	-0.39279
1	80	1.696
2	80	1.7474
3	80	4.7507
4	80	4.7102
5	80	4.7826
6	80	4.9931
7	80	3.569
8	80	3.3557
9	80	3.3485
10	80	2.9667
11	80	2.4248
12	80	2.726
13	80	2.8218
14	80	2.8091
15	80	2.0667
16	80	2.0259
17	80	2.3336
18	80	1.137
19	80	0.78824
20	80	0.62333
21	80	2.4323
22	80	2.7224
23	80	2.3053
24	80	0.73872
25	80	-0.64812
26	80	2.478
27	80	0.61981
31	80	2.1064
32	80	-1.129
33	80	-0.0096021
34	80	-1.5765
35	80	-1.6984
36	80	0.41019
37	80	0.45646
38	80	0.19877
39	80	0.20391
40	80	-0.54745
41	80	2.8306
43	80	1.7001
44	80	-1.1111
45	80	-0.98646
46	80	0.018326
47	80	-1.853
48	80	0.42648
49	80	0.45033
50	80	-0.98645
51	80	0.089846
52	80	2.5391
53	80	3.7701
54	80	2.8335
55	80	2.3183
56	80	-0.028037
57	80	0.48974
58	80	-1.563
59	80	0.59293
60	80	-1.382
61	80	2.2559
62	80	2.0427
63	80	2.8801
64	80	-0.94452
65	80	2.7712
66	80	0.77058
67	80	1.6804
68	80	0.62802
69	80	-2.4081
70	80	2.7545
71	80	-1.9722
72	80	1.5296
73	80	-1.4193
74	80	2.5601
75	80	3.1096
76	80	-1.9534
77	80	-1.4592
78	80	-1.333
79	80	0.43823
1	81	1.6174
2	81	1.6699
3	81	4.6633
4	81	4.5693
5	81	4.6959
6	81	4.9081
7	81	3.4755
8	81	3.2638
9	81	3.259
10	81	2.872
11	81	2.8667
12	81	3.1316
13	81	3.1881
14	81	3.2124
15	81	2.4559
16	81	2.3777
17	81	2.9168
18	81	1.2649
19	81	0.91056
20	81	0.70415
21	81	2.9259
22	81	3.3524
23	81	2.5917
24	81	0.79604
25	81	-0.79754
26	81	2.7563
27	81	0.70808
31	81	2.3644
32	81	-1.3178
33	81	0.06762
34	81	-1.7698
35	81	-1.7435
36	81	0.41731
37	81	0.43686
38	81	0.20333
39	81	0.19785
40	81	-0.66681
41	81	2.9799
43	81	1.9158
44	81	-1.2892
45	81	-1.1395
46	81	0.072304
47	81	-2.0389
48	81	0.44031
49	81	0.45506
50	81	-1.0687
51	81	-0.24177
52	81	2.7782
53	81	4.3631
54	81	3.3938
55	81	2.5997
56	81	0.016016
57	81	0.49691
58	81	-1.5865
59	81	0.59381
60	81	-1.3789
61	81	2.2319
62	81	2.0199
63	81	2.8274
64	81	-0.44805
65	81	3.4398
66	81	1.0175
67	81	1.8867
68	81	0.6235
69	81	-2.4955
70	81	2.7192
71	81	-1.8361
72	81	2.0755
73	81	-1.5339
74	81	2.537
75	81	3.1468
76	81	-2.2899
77	81	-1.5491
78	81	-1.426
79	81	0.42367
11	82	1.6254
12	82	2.7454
13	82	3.9258
14	82	3.5253
28	82	1.2348
29	82	1.41
30	82	1.518
42	82	1.2079
80	82	-1.6905
81	82	-1.7743
4	83	3.2568
28	83	0.043674
29	83	0.027724
30	83	-0.022441
31	83	0.088707
36	83	4.7129
37	83	4.6783
42	83	-0.065442
43	83	0.050562
48	83	5.0202
49	83	3.3941
55	83	0.43579
57	83	3.8029
59	83	3.1323
67	83	0.47517
68	83	4.0202
80	83	-1.2994
81	83	-1.2788
1	84	1.8731
2	84	1.923
3	84	4.9662
4	84	4.8704
5	84	4.9966
6	84	5.2086
7	84	3.775
8	84	3.5567
9	84	3.5449
10	84	3.1646
11	84	2.0903
12	84	2.4877
13	84	2.663
14	84	2.6103
15	84	1.6333
16	84	1.9069
17	84	1.925
18	84	1.3974
19	84	1.0558
20	84	0.8858
21	84	1.9848
22	84	2.3598
23	84	2.3837
24	84	1.0178
25	84	-0.55602
26	84	2.5852
27	84	0.84082
31	84	2.2112
32	84	-1.2463
33	84	0.23955
34	84	-1.6237
35	84	-1.5063
36	84	0.6778
37	84	0.72721
38	84	0.51907
39	84	0.5241
40	84	-0.75587
41	84	2.3649
43	84	1.869
44	84	-1.2463
45	84	-1.1598
46	84	0.27941
47	84	-1.9037
48	84	0.7005
49	84	0.72263
50	84	-1.0254
51	84	0.27076
52	84	2.0384
53	84	3.4081
54	84	2.6049
55	84	2.486
56	84	0.24833
57	84	0.77053
58	84	-1.3907
59	84	0.86682
60	84	-1.1842
61	84	2.3746
62	84	2.1659
63	84	2.6274
64	84	-1.1609
65	84	2.6074
66	84	0.92032
67	84	1.9416
68	84	0.90732
69	84	-2.1712
70	84	2.4695
71	84	-2.1098
72	84	1.6676
73	84	-1.3695
74	84	2.682
75	84	3.3334
76	84	-2.1979
77	84	-1.5451
78	84	-1.4264
79	84	0.7531
82	84	-1.7053
83	84	-1.2438
1	85	1.7593
2	85	1.8114
3	85	4.846
4	85	4.6779
5	85	4.8777
6	85	5.0934
7	85	3.6944
8	85	3.4789
9	85	3.4722
10	85	3.0803
11	85	3.1203
12	85	3.4336
13	85	3.5295
14	85	3.5408
15	85	2.5603
16	85	2.6053
17	85	3.0312
18	85	1.7233
19	85	1.3736
20	85	1.0889
21	85	3.0436
22	85	3.5801
23	85	3.0769
24	85	1.1786
25	85	-0.5696
26	85	3.2618
27	85	1.0786
31	85	2.7564
32	85	-1.5128
33	85	0.45473
34	85	-1.8347
35	85	-1.4575
36	85	0.75921
37	85	0.76151
38	85	0.58619
39	85	0.571
40	85	-0.9287
41	85	2.617
43	85	2.3507
44	85	-1.5066
45	85	-1.3969
46	85	0.45302
47	85	-1.875
48	85	0.79207
49	85	0.79749
50	85	-1.32
51	85	-0.36145
52	85	2.4128
53	85	4.4314
54	85	3.5847
55	85	3.0719
56	85	0.40221
57	85	0.84848
58	85	-1.5433
59	85	0.93288
60	85	-1.3446
61	85	2.2388
62	85	2.0308
63	85	2.5241
64	85	-0.51457
65	85	3.7021
66	85	1.5614
67	85	2.4204
68	85	0.96148
69	85	-2.3136
70	85	2.4013
71	85	-1.5602
72	85	2.6702
73	85	-1.4176
74	85	2.5417
75	85	3.4126
76	85	-2.0033
77	85	-1.7135
78	85	-1.6088
79	85	0.77807
82	85	-1.8043
83	85	-1.2752
4	86	3.4765
28	86	0.091334
29	86	0.093817
30	86	0.061998
31	86	0.23165
36	86	4.6575
37	86	4.5788
42	86	0.0064177
43	86	0.19307
48	86	4.9639
49	86	3.3741
55	86	0.53386
57	86	3.9609
59	86	3.2816
67	86	0.56811
68	86	4.1847
80	86	-1.5282
81	86	-1.5032
84	86	-1.4608
85	86	-1.4911
1	87	1.8375
2	87	1.8881
3	87	4.9634
4	87	4.8063
5	87	4.9946
6	87	5.213
7	87	3.7581
8	87	3.5379
9	87	3.5266
10	87	3.1371
11	87	2.6692
12	87	3.0679
13	87	3.2372
14	87	3.2074
15	87	2.2309
16	87	2.3761
17	87	2.539
18	87	1.8272
19	87	1.4842
20	87	1.2409
21	87	2.6136
22	87	2.9823
23	87	2.9741
24	87	1.3498
25	87	-0.38005
26	87	3.1821
27	87	1.2233
31	87	2.6844
32	87	-1.6428
33	87	0.62934
34	87	-1.8386
35	87	-1.3825
36	87	0.96863
37	87	0.97943
38	87	0.80629
39	87	0.79257
40	87	-1.1475
41	87	2.2922
43	87	2.3443
44	87	-1.6371
45	87	-1.5819
46	87	0.64672
47	87	-1.7772
48	87	1.007
49	87	1.0129
50	87	-1.38
51	87	-0.27743
52	87	2.0497
53	87	3.9486
54	87	3.188
55	87	3.033
56	87	0.61502
57	87	1.0722
58	87	-1.3306
59	87	1.1523
60	87	-1.1346
61	87	2.3958
62	87	2.1917
63	87	2.4148
64	87	-0.83166
65	87	3.2936
66	87	1.5694
67	87	2.4852
68	87	1.1883
69	87	-1.791
70	87	2.2829
71	87	-1.7006
72	87	2.4599
73	87	-1.1602
74	87	2.7062
75	87	3.556
76	87	-1.9664
77	87	-1.4691
78	87	-1.5149
79	87	1.0138
82	87	-1.4735
83	87	-1.1755
86	87	-1.3418
1	88	1.6101
2	88	1.6628
3	88	4.7287
4	88	4.5335
5	88	4.7616
6	88	4.9852
7	88	3.5807
8	88	3.364
9	88	3.3593
10	88	2.9553
11	88	3.4694
12	88	3.8061
13	88	3.9176
14	88	3.9388
15	88	2.4732
16	88	2.9229
17	88	2.9231
18	88	2.0834
19	88	1.7319
20	88	1.3635
21	88	2.9357
22	88	3.5273
23	88	3.6013
24	88	1.4323
25	88	-0.41289
26	88	3.8046
27	88	1.4369
31	88	3.2054
32	88	-1.3888
33	88	0.82422
34	88	-1.5978
35	88	-1.2251
36	88	1.0095
37	88	0.9698
38	88	0.80119
39	88	0.76165
40	88	-1.1598
41	88	2.3713
43	88	2.8228
44	88	-1.5943
45	88	-1.9445
46	88	0.79884
47	88	-1.5895
48	88	1.0606
49	88	1.0476
50	88	-1.635
51	88	-0.65361
52	88	2.2124
53	88	4.7038
54	88	3.959
55	88	3.6312
56	88	0.74927
57	88	1.113
58	88	-1.3524
59	88	1.1777
60	88	-1.167
61	88	2.3814
62	88	2.1785
63	88	2.1964
64	88	-0.34461
65	88	4.1854
66	88	2.2007
67	88	3.01
68	88	1.2026
69	88	-1.9815
70	88	2.0781
71	88	-1.1129
72	88	3.4364
73	88	-1.1217
74	88	2.6909
75	88	3.7475
76	88	-1.1904
77	88	-1.412
78	88	-1.5133
79	88	0.97302
82	88	-1.4504
83	88	-1.1383
86	88	-1.3407
4	89	3.6054
28	89	0.25965
29	89	0.27682
30	89	0.26215
31	89	0.32236
36	89	4.7601
37	89	4.7091
42	89	0.19971
43	89	0.29134
48	89	5.0403
49	89	3.4674
55	89	0.61716
57	89	4.0858
59	89	3.4044
67	89	0.65619
68	89	4.3124
80	89	-1.3508
81	89	-1.3074
84	89	-1.5816
85	89	-1.6016
87	89	-1.552
88	89	-1.5454
4	90	3.5349
28	90	0.35423
29	90	0.39012
30	90	0.39282
31	90	0.45722
36	90	4.4704
37	90	4.3853
42	90	0.32257
43	90	0.42964
48	90	4.7528
49	90	3.2096
55	90	0.7229
57	90	4.0023
59	90	3.3099
67	90	0.76189
68	90	4.2413
80	90	-1.2
81	90	-1.1395
84	90	-1.4375
85	90	-1.4392
87	90	-1.6036
88	90	-1.6038
11	91	3.0116
12	91	3.6928
13	91	3.9
14	91	3.9568
28	91	1.2795
29	91	1.6446
30	91	2.0182
42	91	1.8996
80	91	-2.11
81	91	-1.7816
84	91	-1.7405
85	91	-1.8877
87	91	-1.9934
88	91	-1.1121
25	92	3.2984
27	92	3.7346
28	92	0.6247
29	92	0.69188
30	92	0.76783
33	92	3.5403
42	92	0.65249
46	92	3.523
56	92	3.6147
80	92	-1.2258
81	92	-1.1298
83	92	-1.209
84	92	-1.564
85	92	-1.533
86	92	-1.5466
87	92	-1.8029
88	92	-1.6671
89	92	-2.0739
90	92	-2.3206
11	93	3.1141
12	93	3.7907
13	93	4.0024
14	93	4.0598
28	93	1.1125
29	93	1.4588
30	93	2.4243
42	93	1.7046
80	93	-2.1464
81	93	-1.8568
84	93	-1.9715
85	93	-2.2122
87	93	-2.2641
88	93	-1.7325
25	94	3.0829
27	94	3.5343
28	94	0.53728
29	94	0.61556
30	94	0.70158
33	94	3.3407
42	94	0.58533
46	94	3.3267
56	94	3.4122
80	94	-1.2446
81	94	-1.1332
83	94	-1.3244
84	94	-1.5827
85	94	-1.5283
86	94	-1.6254
87	94	-1.6177
88	94	-1.6193
89	94	-2.1583
90	94	-2.1276
1	95	2.4238
2	95	2.6299
3	95	3.4319
5	95	3.4463
6	95	4.0219
20	95	5.323
23	95	2.2412
24	95	5.3401
26	95	2.2667
28	95	0.99569
29	95	1.1316
30	95	1.1738
38	95	5.0516
39	95	4.9952
42	95	1.0412
79	95	5.5283
80	95	-1.0744
81	95	-1.0248
84	95	-1.4409
85	95	-1.4578
87	95	-1.7071
88	95	-1.617
11	96	2.9479
12	96	3.6532
13	96	3.8877
14	96	3.9344
28	96	1.0909
29	96	1.4674
30	96	2.5702
42	96	1.9118
80	96	-1.8777
81	96	-1.6445
84	96	-2.0568
85	96	-1.9625
87	96	-2.4936
88	96	-1.6808
11	97	3.4408
12	97	4.0905
13	97	4.2966
14	97	4.3588
28	97	0.81977
29	97	1.6137
30	97	2.7731
42	97	1.9795
80	97	-1.9797
81	97	-1.7098
84	97	-2.0302
85	97	-1.9078
87	97	-2.1243
88	97	-1.7282
25	98	2.9953
27	98	3.4228
28	98	0.46639
29	98	0.55264
30	98	0.64438
33	98	3.2312
42	98	0.53055
46	98	3.2213
56	98	3.3005
80	98	-1.2489
81	98	-1.1336
83	98	-1.2682
84	98	-1.4874
85	98	-1.5282
86	98	-1.537
87	98	-1.3883
88	98	-1.4665
89	98	-2.0621
90	98	-2.0324
1	99	2.1924
2	99	2.3987
3	99	3.2583
5	99	3.2698
6	99	3.8271
20	99	4.9062
23	99	2.2629
24	99	4.9164
26	99	2.29
28	99	1.0818
29	99	1.2384
30	99	1.2969
38	99	4.6102
39	99	4.57
42	99	1.1574
79	99	4.9461
80	99	-0.92578
81	99	-0.85906
84	99	-1.3094
85	99	-1.3026
87	99	-1.5612
88	99	-1.4386
15	100	3.7294
16	100	3.5477
17	100	4.3143
21	100	4.3991
22	100	4.7177
28	100	3.8854
29	100	4.483
30	100	5.2361
42	100	4.7123
73	100	-1.2119
77	100	-1.1604
78	100	-1.0736
80	100	1.1369
81	100	1.3784
82	100	-1.3693
84	100	0.69966
85	100	1.0386
87	100	0.62212
88	100	1.1277
91	100	-0.52373
93	100	-0.56483
96	100	-1.1378
97	100	-0.3008
7	101	3.8472
8	101	3.9834
9	101	4.1244
10	101	4.3552
18	101	4.2323
19	101	4.401
28	101	5.6819
29	101	6.1055
30	101	6.432
42	101	6.3314
80	101	7.2424
81	101	7.3977
84	101	7.1772
85	101	7.5025
87	101	7.513
88	101	7.8259
95	101	7.4665
99	101	7.6035
11	102	2.1466
12	102	3.0858
13	102	3.4549
14	102	3.4427
28	102	4.91
29	102	5.7864
30	102	5.7431
42	102	6.1365
80	102	2.7605
81	102	2.7794
84	102	2.6131
85	102	2.6392
87	102	2.6652
88	102	2.4913
100	102	-2.0538
15	103	4.4981
16	103	3.8403
17	103	5.1808
21	103	5.3297
22	103	5.6951
28	103	5.5648
29	103	6.255
30	103	7.1098
42	103	6.6052
73	103	0.13794
77	103	0.19196
78	103	0.26763
80	103	3.6106
81	103	3.875
82	103	-0.011798
84	103	3.3073
85	103	3.7446
87	103	3.4836
88	103	4.0669
91	103	2.5588
93	103	3.515
96	103	3.9927
97	103	5.4376
102	103	-1.8442
15	104	3.9344
16	104	3.6544
17	104	4.5443
21	104	4.6456
22	104	4.9749
28	104	4.5496
29	104	5.1634
30	104	5.9294
42	104	5.4227
73	104	-0.87039
77	104	-0.81428
78	104	-0.73405
80	104	2.0023
81	104	2.2383
82	104	-1.03
84	104	1.6124
85	104	1.9478
87	104	1.5883
88	104	2.0939
91	104	0.24843
93	104	0.43653
96	104	-0.0081593
97	104	1.534
102	104	-2.15
11	105	2.6751
12	105	2.7271
13	105	3.8297
14	105	3.425
28	105	4.3533
29	105	4.7539
30	105	5.0621
42	105	4.7662
80	105	2.3391
81	105	2.5703
84	105	1.9261
85	105	2.3411
87	105	1.9268
88	105	2.4071
100	105	0.54553
103	105	-1.2351
104	105	-0.92682
15	106	3.4291
16	106	3.7767
17	106	3.9727
21	106	4.0408
22	106	4.3289
28	106	3.528
29	106	4.0616
30	106	4.7412
42	106	4.2462
73	106	-1.1752
77	106	-1.2491
78	106	-1.5653
80	106	0.51758
81	106	0.68626
82	106	-1.3705
84	106	0.074582
85	106	0.23755
87	106	-0.15506
88	106	0.20135
91	106	-1.1002
93	106	-1.1852
96	106	-1.5039
97	106	-1.0563
102	106	-1.8925
105	106	4.0988
7	107	3.8406
8	107	3.8947
9	107	3.7917
10	107	3.8716
18	107	4.0697
19	107	3.8079
28	107	1.0354
29	107	1.3398
30	107	1.634
42	107	1.4093
80	107	-1.0842
81	107	-0.94927
84	107	-1.5071
85	107	-1.4631
87	107	-1.8134
88	107	-1.6304
95	107	-2.195
99	107	-2.1199
7	108	3.7027
8	108	3.7595
9	108	3.6511
10	108	3.7415
18	108	4.3483
19	108	4.0922
28	108	1.1075
29	108	1.3814
30	108	1.6457
42	108	1.4409
80	108	-1.0504
81	108	-0.94357
84	108	-1.4466
85	108	-1.4382
87	108	-1.7518
88	108	-1.6198
95	108	-2.0198
99	108	-1.9024
11	109	1.8728
12	109	2.866
13	109	3.2657
14	109	3.2436
28	109	5.2628
29	109	6.1449
30	109	5.9402
42	109	6.3135
80	109	3.1074
81	109	3.0127
84	109	2.9868
85	109	2.8193
87	109	2.9142
88	109	2.6637
100	109	-1.7853
103	109	-2.0973
104	109	-2.1822
106	109	-1.6581
15	110	4.3375
16	110	4.3308
17	110	4.9845
21	110	5.1129
22	110	5.4559
28	110	5.3835
29	110	6.0247
30	110	6.8188
42	110	6.3282
73	110	0.13811
77	110	0.20525
78	110	0.27134
80	110	3.1081
81	110	3.3383
82	110	-0.019969
84	110	2.7848
85	110	3.1227
87	110	2.8421
88	110	3.3379
91	110	1.5238
93	110	2.0435
96	110	1.9686
97	110	3.6564
102	110	-1.791
105	110	-1.3508
109	110	-2.3526
15	111	4.0754
16	111	4.0413
17	111	4.6884
21	111	4.796
22	111	5.1213
28	111	4.9928
29	111	5.5941
30	111	6.3428
42	111	5.8562
73	111	-0.53942
77	111	-0.47196
78	111	-0.4025
80	111	2.4548
81	111	2.6651
82	111	-0.70448
84	111	2.1
85	111	2.3771
87	111	2.0675
88	111	2.5096
91	111	0.58996
93	111	0.84898
96	111	0.57242
97	111	1.9112
102	111	-1.9821
105	111	-1.9572
109	111	-2.2791
11	112	2.5534
12	112	2.5726
13	112	3.6774
14	112	3.2701
28	112	4.4962
29	112	4.8953
30	112	5.198
42	112	4.9137
80	112	2.5255
81	112	2.7496
84	112	2.1307
85	112	2.5336
87	112	2.1462
88	112	2.6181
100	112	1.0812
103	112	-1.2589
104	112	-0.38312
106	112	5.4839
110	112	-1.6235
111	112	-1.62
15	113	3.6108
16	113	3.8756
17	113	4.1601
21	113	4.2357
22	113	4.5217
28	113	4.0103
29	113	4.5367
30	113	5.2046
42	113	4.7295
73	113	-0.88231
77	113	-0.96482
78	113	-1.2754
80	113	1.062
81	113	1.2166
82	113	-1.0563
84	113	0.6591
85	113	0.79697
87	113	0.44884
88	113	0.77597
91	113	-0.69348
93	113	-0.72104
96	113	-0.9857
97	113	-0.48903
102	113	-1.8575
105	113	2.1872
109	113	-1.9236
112	113	4.1717
7	114	4.1278
8	114	4.1821
9	114	4.0831
10	114	4.1567
18	114	4.0992
19	114	3.8463
28	114	1.7591
29	114	2.0766
30	114	2.3768
42	114	2.1679
80	114	-0.18952
81	114	-0.045431
84	114	-0.60296
85	114	-0.52337
87	114	-0.8603
88	114	-0.68061
95	114	-1.9439
99	114	-2.0349
7	115	6.606
8	115	6.6524
9	115	6.6641
10	115	7.112
18	115	2.4307
19	115	2.5308
28	115	2.0344
29	115	2.1276
30	115	2.2016
42	115	2.0324
80	115	0.87287
81	115	0.90825
84	115	0.63391
85	115	0.68276
87	115	0.49567
88	115	0.57682
95	115	4.0745
99	115	3.8355
11	116	1.7848
12	116	2.7873
13	116	3.1955
14	116	3.1708
28	116	5.2847
29	116	6.1535
30	116	5.9647
42	116	6.3377
80	116	3.0605
81	116	3.0518
84	116	2.9355
85	116	2.8952
87	116	2.9255
88	116	2.7529
100	116	-1.5656
103	116	-1.5249
104	116	-1.8994
106	116	-1.5138
110	116	-2.4385
111	116	-2.229
113	116	-1.6574
7	117	6.6066
8	117	6.6563
9	117	6.6704
10	117	7.1236
18	117	2.3708
19	117	2.4673
28	117	2.1421
29	117	2.2328
30	117	2.3046
42	117	2.1406
80	117	0.9516
81	117	0.98795
84	117	0.70347
85	117	0.74969
87	117	0.56272
88	117	0.65103
95	117	3.3783
99	117	3.0052
7	118	4.8517
8	118	4.9135
9	118	4.8453
10	118	4.8754
18	118	3.064
19	118	2.8593
28	118	4.5557
29	118	4.9666
30	118	5.3338
42	118	5.1669
80	118	3.5517
81	118	3.7648
84	118	3.207
85	118	3.4716
87	118	3.1738
88	118	3.5347
95	118	-0.84736
99	118	-0.90504
7	119	4.8183
8	119	4.8794
9	119	4.8064
10	119	4.8434
18	119	3.3722
19	119	3.159
28	119	4.3112
29	119	4.6978
30	119	5.0444
42	119	4.8753
80	119	3.1085
81	119	3.3015
84	119	2.7628
85	119	2.9754
87	119	2.6833
88	119	2.9857
95	119	-0.88603
99	119	-0.95325
7	120	4.9354
8	120	4.9949
9	120	4.9183
10	120	4.9598
18	120	3.6726
19	120	3.4546
28	120	4.2092
29	120	4.5832
30	120	4.9189
42	120	4.7503
80	120	2.9145
81	120	3.097
84	120	2.5697
85	120	2.756
87	120	2.4697
88	120	2.7432
95	120	-0.81151
99	120	-0.88541
7	121	4.9487
8	121	5.0077
9	121	4.9282
10	121	4.9738
18	121	3.8685
19	121	3.6469
28	121	3.9865
29	121	4.3491
30	121	4.6755
42	121	4.5058
80	121	2.5989
81	121	2.7728
84	121	2.2511
85	121	2.4152
87	121	2.1307
88	121	2.381
95	121	-0.7984
99	121	-0.87677
1	122	2.0191
2	122	2.2437
3	122	3.7849
5	122	3.782
6	122	4.2159
20	122	3.6004
23	122	3.5981
24	122	3.5984
26	122	3.6648
28	122	3.0573
29	122	3.337
30	122	3.4747
38	122	3.2891
39	122	3.4104
42	122	3.3372
79	122	3.0281
80	122	1.9275
81	122	2.0366
84	122	1.6169
85	122	1.7291
87	122	1.5176
88	122	1.6709
101	122	6.6983
107	122	3.1088
108	122	4.983
114	122	1.5952
115	122	-1.8763
117	122	-2.022
118	122	-1.674
119	122	-1.8161
120	122	-1.9124
121	122	-1.8508
1	123	2.1052
2	123	2.325
3	123	3.7122
5	123	3.7101
6	123	4.1598
20	123	3.7979
23	123	3.5032
24	123	3.7946
26	123	3.5635
28	123	3.0059
29	123	3.2694
30	123	3.3944
38	123	3.4758
39	123	3.5723
42	123	3.2614
79	123	3.2549
80	123	1.7519
81	123	1.8533
84	123	1.4375
85	123	1.5288
87	123	1.3262
88	123	1.4624
101	123	6.7604
107	123	1.8311
108	123	3.2522
114	123	0.61659
115	123	-1.8394
117	123	-2.1198
118	123	-1.4653
119	123	-1.6502
120	123	-1.831
121	123	-1.8881
7	124	4.8859
8	124	4.9461
9	124	4.8664
10	124	4.9133
18	124	3.8301
19	124	3.6157
28	124	4.1256
29	124	4.4904
30	124	4.8164
42	124	4.6546
80	124	2.7828
81	124	2.9558
84	124	2.4428
85	124	2.6048
87	124	2.3337
88	124	2.5836
95	124	-0.68857
99	124	-0.7544
122	124	-2.2091
123	124	-2.2072
1	125	2.1297
2	125	2.3518
3	125	3.781
5	125	3.7781
6	125	4.2183
20	125	3.7359
23	125	3.5568
24	125	3.7394
26	125	3.6237
28	125	3.2418
29	125	3.5171
30	125	3.6499
38	125	3.4406
39	125	3.554
42	125	3.5203
79	125	3.2232
80	125	2.0895
81	125	2.1974
84	125	1.7766
85	125	1.8832
87	125	1.6799
88	125	1.8335
101	125	6.6201
107	125	2.6615
108	125	4.081
114	125	1.4841
115	125	-1.4886
117	125	-1.722
118	125	-1.4569
119	125	-1.5476
120	125	-1.6621
121	125	-1.6184
124	125	-2.0185
7	126	6.6673
8	126	6.714
9	126	6.7337
10	126	7.148
18	126	2.8643
19	126	2.9707
28	126	2.6482
29	126	2.7626
30	126	2.8502
42	126	2.6859
80	126	1.6494
81	126	1.6957
84	126	1.4002
85	126	1.4693
87	126	1.2751
88	126	1.3879
95	126	4.3721
99	126	4.3348
122	126	-1.6463
123	126	-1.4372
125	126	-2.0585
7	127	4.8591
8	127	4.9211
9	127	4.8486
10	127	4.8858
18	127	3.3332
19	127	3.1348
28	127	4.53
29	127	4.9295
30	127	5.2822
42	127	5.1289
80	127	3.4724
81	127	3.6679
84	127	3.1458
85	127	3.3653
87	127	3.1028
88	127	3.4131
95	127	-0.59949
99	127	-0.64792
122	127	-2.1455
123	127	-2.1485
125	127	-2.0869
7	128	4.8723
8	128	4.9346
9	128	4.858
10	128	4.9016
18	128	3.6637
19	128	3.4599
28	128	4.2989
29	128	4.6781
30	128	5.0144
42	128	4.8585
80	128	3.0756
81	128	3.2565
84	128	2.743
85	128	2.9246
87	128	2.6619
88	128	2.9329
95	128	-0.54628
99	128	-0.59908
122	128	-1.9872
123	128	-2.2539
125	128	-2.2138
7	129	6.5612
8	129	6.6097
9	129	6.6341
10	129	7.0342
18	129	2.889
19	129	3.0001
28	129	2.6764
29	129	2.8025
30	129	2.8998
42	129	2.7326
80	129	1.7412
81	129	1.7947
84	129	1.4851
85	129	1.5689
87	129	1.3669
88	129	1.4975
95	129	4.4584
99	129	4.4611
122	129	-1.34
123	129	-0.91738
125	129	-1.6927
28	130	3.0043
29	130	3.551
30	130	3.7423
42	130	3.9978
80	130	3.2229
81	130	3.0632
84	130	3.7154
85	130	3.3214
87	130	3.7111
88	130	3.3077
1	131	2.0041
2	131	2.038
3	131	5.1272
4	131	5.3929
5	131	5.1508
6	131	5.3853
7	131	3.9965
8	131	3.7753
9	131	3.7806
10	131	3.33
11	131	1.5577
12	131	1.7718
13	131	2.3452
14	131	2.1522
15	131	1.2119
16	131	2.4433
17	131	0.60031
18	131	2.769
19	131	2.5242
20	131	2.3918
21	131	0.53208
22	131	1.2768
23	131	3.3564
24	131	2.5662
25	131	2.3168
26	131	3.6431
27	131	3.1681
31	131	4.5333
32	131	2.7316
33	131	2.7773
34	131	2.1687
35	131	2.6015
36	131	2.6843
37	131	2.7377
38	131	2.2421
39	131	2.2396
40	131	4.7322
41	131	5.5117
43	131	4.4493
44	131	2.5357
45	131	2.3876
46	131	2.869
47	131	2.343
48	131	2.7318
49	131	2.7497
50	131	2.2373
51	131	5.1816
52	131	5.3833
53	131	6.0963
54	131	5.6482
55	131	4.8885
56	131	2.8865
57	131	2.8216
58	131	2.5643
59	131	2.8902
60	131	2.6558
61	131	5.7901
62	131	5.5694
63	131	5.6951
64	131	3.2868
65	131	5.7992
66	131	4.3843
67	131	4.6802
68	131	2.948
69	131	4.4309
70	131	5.4868
71	131	2.94
72	131	5.4503
73	131	1.4144
74	131	5.8709
75	131	6.4078
76	131	2.8957
77	131	1.2963
78	131	1.2265
79	131	2.5179
82	131	1.384
83	131	1.8644
86	131	1.6406
89	131	1.3619
90	131	1.2032
91	131	1.9103
92	131	1.8473
93	131	1.7714
94	131	1.8961
95	131	0.64324
96	131	1.6791
97	131	1.6083
98	131	1.9356
99	131	0.50913
100	131	-0.29979
101	131	5.551
102	131	-2.0818
103	131	-1.1046
104	131	-0.98683
105	131	-1.4442
106	131	-0.057848
107	131	1.1267
108	131	1.0114
109	131	-2.2517
110	131	-1.9046
111	131	-1.5445
112	131	-1.6607
113	131	-0.50754
114	131	0.54621
115	131	-1.3073
116	131	-2.3459
117	131	-1.3227
118	131	-1.8058
119	131	-1.989
120	131	-1.9564
121	131	-1.7954
122	131	-1.2834
123	131	-1.402
124	131	-1.8432
125	131	-1.5035
126	131	-1.4873
127	131	-1.7843
128	131	-1.7852
129	131	-1.4385
130	131	-2.189
25	132	5.0095
27	132	3.6101
28	132	3.8286
29	132	4.0012
30	132	4.1341
33	132	3.4414
42	132	4.1084
46	132	3.4458
56	132	3.4341
80	132	3.2781
81	132	3.467
83	132	1.7116
84	132	3.01
85	132	3.2711
86	132	1.4792
87	132	3.064
88	132	3.3934
89	132	1.2307
90	132	1.1352
131	132	-1.9013
25	133	5.2219
27	133	3.3542
28	133	4.0199
29	133	4.229
30	133	4.386
33	133	3.1887
42	133	4.3718
46	133	3.1857
56	133	3.1609
80	133	3.8109
81	133	4.0253
83	133	1.7905
84	133	3.5568
85	133	3.8773
86	133	1.5473
87	133	3.6807
88	133	4.0702
89	133	1.3157
90	133	1.2137
131	133	-1.6796
25	134	5.0956
27	134	3.4757
28	134	3.9765
29	134	4.1675
30	134	4.3119
33	134	3.3094
42	134	4.2939
46	134	3.3112
56	134	3.2932
80	134	3.6061
81	134	3.8071
83	134	1.7504
84	134	3.3476
85	134	3.6371
86	134	1.5145
87	134	3.4389
88	134	3.7966
89	134	1.2749
90	134	1.1785
131	134	-2.0236
28	135	3.6353
29	135	3.5035
30	135	3.6794
32	135	5.3023
42	135	3.6837
44	135	5.3303
45	135	5.7662
53	135	3.8858
54	135	3.8954
61	135	5.6778
62	135	5.5884
65	135	3.8235
72	135	4.521
74	135	6.0249
80	135	4.0053
81	135	4.2659
84	135	3.7507
85	135	4.0933
87	135	3.9237
88	135	4.2946
131	135	-1.7949
25	136	5.0004
27	136	3.6307
28	136	3.8466
29	136	4.0202
30	136	4.1523
33	136	3.4664
42	136	4.1313
46	136	3.4756
56	136	3.4661
80	136	3.3229
81	136	3.5107
83	136	1.7597
84	136	3.0607
85	136	3.3205
86	136	1.5339
87	136	3.1227
88	136	3.4501
89	136	1.2883
90	136	1.1998
131	136	-2.0214
28	137	3.4527
29	137	3.3104
30	137	3.4692
32	137	4.6313
42	137	3.4709
44	137	4.6634
45	137	5.0861
53	137	3.3397
54	137	3.332
61	137	5.2732
62	137	5.2817
65	137	3.2549
72	137	3.9496
74	137	5.8751
80	137	3.6771
81	137	3.9228
84	137	3.4261
85	137	3.7306
87	137	3.5628
88	137	3.8995
131	137	-1.8089
4	138	4.2559
28	138	2.8818
29	138	3.071
30	138	3.1893
31	138	3.0639
36	138	3.647
37	138	3.6721
42	138	3.1442
43	138	3.1193
48	138	3.7798
49	138	2.793
55	138	3.1832
57	138	4.4928
59	138	3.7124
67	138	3.2908
68	138	4.8966
80	138	2.4646
81	138	2.6268
84	138	2.201
85	138	2.4323
87	138	2.2056
88	138	2.4528
92	138	3.4678
94	138	3.5652
98	138	3.5587
131	138	-1.7678
132	138	-2.0061
133	138	-1.9216
134	138	-2.1383
136	138	-2.2091
4	139	4.1984
28	139	2.9236
29	139	3.1223
30	139	3.2482
31	139	3.1654
36	139	3.5035
37	139	3.5343
42	139	3.2044
43	139	3.2253
48	139	3.6351
49	139	2.7176
55	139	3.2837
57	139	4.4381
59	139	3.6457
67	139	3.3961
68	139	4.8543
80	139	2.5826
81	139	2.7505
84	139	2.3189
85	139	2.5635
87	139	2.3358
88	139	2.5968
92	139	3.6875
94	139	3.7992
98	139	3.8135
131	139	-1.6822
132	139	-1.5723
133	139	-2.1605
134	139	-2.0894
136	139	-1.8877
25	140	5.3363
27	140	2.2446
28	140	2.1336
29	140	2.256
30	140	2.3445
33	140	1.9901
42	140	2.2666
46	140	1.9541
56	140	2.1251
80	140	1.6525
81	140	1.789
83	140	3.8019
84	140	1.4266
85	140	1.626
86	140	3.4599
87	140	1.3934
88	140	1.6222
89	140	3.5955
90	140	3.5344
131	140	-1.3909
138	140	-1.9274
139	140	-2.1968
25	141	5.2257
27	141	2.1242
28	141	2.0941
29	141	2.2025
30	141	2.2799
33	141	1.8531
42	141	2.2071
46	141	1.8075
56	141	1.983
80	141	1.5235
81	141	1.6553
83	141	3.5742
84	141	1.2985
85	141	1.4846
86	141	3.2002
87	141	1.2564
88	141	1.4753
89	141	3.3193
90	141	3.2407
131	141	-1.4057
138	141	-2.1277
139	141	-2.2803
25	142	5.1404
27	142	2.0359
28	142	2.0925
29	142	2.1942
30	142	2.2662
33	142	1.7569
42	142	2.1961
46	142	1.7068
56	142	1.885
80	142	1.4795
81	142	1.6091
83	142	3.4295
84	142	1.2548
85	142	1.4346
86	142	3.0396
87	142	1.2087
88	142	1.4231
89	142	3.1491
90	142	3.0631
131	142	-1.4055
138	142	-2.1779
139	142	-2.227
25	143	5.0442
27	143	1.9448
28	143	2.1187
29	143	2.2142
30	143	2.2813
33	143	1.6579
42	143	2.214
46	143	1.6029
56	143	1.7842
80	143	1.4672
81	143	1.5948
83	143	3.2697
84	143	1.2428
85	143	1.4169
86	143	2.8647
87	143	1.1932
88	143	1.4038
89	143	2.9627
90	143	2.8705
131	143	-1.4278
138	143	-2.2496
139	143	-2.1559
28	144	2.0549
29	144	1.8927
30	144	1.5399
32	144	3.5612
42	144	1.7187
44	144	3.4795
45	144	3.4285
53	144	4.7169
54	144	4.5126
61	144	3.8716
62	144	3.8498
65	144	4.6689
72	144	4.5669
74	144	4.6958
80	144	2.8674
81	144	3.1696
84	144	2.901
85	144	3.5602
87	144	3.5049
88	144	4.3679
131	144	-2.1506
28	145	3.5456
29	145	3.4191
30	145	3.6032
32	145	4.7794
42	145	3.6181
44	145	4.8293
45	145	5.2175
53	145	3.5508
54	145	3.5508
61	145	5.1007
62	145	5.1019
65	145	3.4923
72	145	4.172
74	145	5.6908
80	145	4.0447
81	145	4.3074
84	145	3.8085
85	145	4.1553
87	145	4.0108
88	145	4.3815
131	145	-2.0608
28	146	3.5761
29	146	3.4427
30	146	3.6171
32	146	4.6545
42	146	3.6319
44	146	4.7037
45	146	5.0929
53	146	3.4484
54	146	3.4439
61	146	5.0456
62	146	5.0472
65	146	3.3821
72	146	4.0627
74	146	5.6265
80	146	4.0049
81	146	4.26
84	146	3.771
85	146	4.099
87	146	3.9555
88	146	4.3096
131	146	-2.0739
28	147	2.2171
29	147	2.0437
30	147	1.6825
32	147	3.528
42	147	1.8615
44	147	3.4547
45	147	3.3953
53	147	4.7398
54	147	4.533
61	147	3.6925
62	147	3.6667
65	147	4.6972
72	147	4.599
74	147	4.5666
80	147	2.9446
81	147	3.2387
84	147	2.9728
85	147	3.6123
87	147	3.5513
88	147	4.3884
131	147	-2.4736
28	148	1.9712
29	148	1.8047
30	148	1.4493
32	148	3.5265
42	148	1.6284
44	148	3.4501
45	148	3.3954
53	148	4.6956
54	148	4.493
61	148	3.7068
62	148	3.6803
65	148	4.6534
72	148	4.5575
74	148	4.5884
80	148	2.7513
81	148	3.0484
84	148	2.7846
85	148	3.4305
87	148	3.3745
88	148	4.2185
131	148	-2.0389
28	149	3.3426
29	149	3.2558
30	149	3.2208
34	149	2.0395
35	149	2.1594
41	149	3.637
42	149	3.3455
47	149	2.1236
50	149	2.1095
52	149	3.9665
58	149	1.9156
60	149	2.4054
63	149	3.8225
64	149	4.456
66	149	3.1768
70	149	3.7853
71	149	4.9785
75	149	7.3191
76	149	5.0879
80	149	4.0028
81	149	4.2327
84	149	3.8994
85	149	4.2615
87	149	4.2129
88	149	4.6968
131	149	-2.2202
135	149	-1.8134
137	149	-2.3159
144	149	-2.5848
145	149	-2.274
146	149	-2.1242
147	149	-2.7442
148	149	-2.2812
offset
60
