139
detection	body_part	cost
1	13	0.96804
2	7	-3.2454
3	13	0.32995
4	13	0.079703
5	7	-4.5189
6	13	0.44439
7	7	-2.4881
8	8	-1.1711
9	8	-2.2889
10	12	-2.2409
11	6	0.063273
12	12	-0.70271
13	12	-1.2325
14	6	-2.4842
15	6	-3.6653
16	8	-0.3421
17	1	-0.59537
18	1	-0.19919
19	9	0.6447
20	9	-2.0058
21	11	9.2102
22	9	-1.0417
23	11	9.2102
24	1	-3.7523
25	1	-4.5026
26	9	0.60861
27	1	-0.22063
28	11	9.2102
29	2	-4.5941
30	3	-4.2204
31	3	0.0016671
32	3	-3.2115
33	3	-4.3535
34	3	-3.877
35	3	-1.7834
36	5	0.4447
37	2	1.2208
38	7	1.0982
39	3	1.1486
40	3	-1.4029
41	5	-0.50885
42	4	0.032925
43	4	-0.22276
44	11	9.2102
45	10	-2.2806
46	10	1.1256
47	7	-0.93266
48	5	0.28191
49	4	-1.2559
50	4	-2.2081
51	4	-2.0445
52	7	-2.0307
53	7	-1.6263
54	7	-0.20136
55	4	0.73224
56	4	-0.93009
57	4	-0.65314
58	10	0.34306
59	6	0.7905
60	7	0.28789
61	6	1.0323
62	12	-1.1211
63	12	-1.6045
64	12	-0.95258
65	13	0.99011
66	13	0.87918
67	6	-3.7797
68	8	0.23575
69	8	0.29642
70	12	-2.101
71	12	-1.2616
72	6	-0.039592
73	8	-0.69099
74	13	-1.0192
75	8	-0.2289
76	6	0.57104
77	9	-0.33682
78	9	-0.084783
79	11	9.2102
80	11	9.2102
81	11	9.2102
82	1	0.89523
83	9	-2.1244
84	1	-3.6969
85	10	-0.47652
86	11	9.2102
87	1	-5.5505
88	10	-0.77595
89	10	0.34732
90	11	9.2102
91	2	-4.4563
92	11	9.2102
93	3	-2.053
94	11	-0.14264
95	3	-0.8867
96	3	-3.3849
97	11	-1.9942
98	11	-3.0994
99	11	9.2102
100	11	-3.3806
101	11	1.2773
102	4	-1.0616
103	11	9.2102
104	11	9.2102
105	5	0.41084
106	4	-4.7121
107	5	-3.7952
108	10	1.3377
109	5	-3.4528
110	10	-2.4716
111	5	-0.75927
112	5	-0.82045
113	9	-0.48913
114	4	-3.2952
115	9	-1.3212
116	9	-1.4566
117	9	-0.42198
118	3	-0.099781
119	3	-4.8309
120	12	-0.63862
121	13	-0.12852
122	13	-1.4537
123	12	-2.761
124	12	-0.60955
125	13	-2.3138
126	2	-5.4367
127	1	-6.8897
128	8	-2.2577
129	13	1.0153
130	7	-1.6119
131	8	0.064718
132	8	-4.9692
133	13	0.55264
134	11	9.2102
135	8	0.3197
136	6	-2.7497
137	7	-4.3199
138	7	-3.6093
139	6	-5.0583
detection1	detection2	cost
1	3	-4.8231
1	4	-5.6071
3	4	-5.6071
2	5	-4.8231
1	6	-3.7143
3	6	-4.8231
4	6	-5.6071
2	7	-3.2674
5	7	-5.6071
8	9	-4.8231
10	12	-3.2674
10	13	-4.8231
12	13	-5.6071
11	14	-1.5143
11	15	-3.2674
14	15	-5.6071
8	16	-1.8214
9	16	-3.2674
17	18	-3.7143
19	20	-1.8214
19	22	-3.2674
20	22	-4.8231
21	23	26.5714
17	24	-3.7143
18	24	-2.1462
17	25	-3.2674
18	25	-3.2674
24	25	-5.6071
19	26	-0.67521
20	26	-3.7143
22	26	-4.8231
17	27	-0.67521
18	27	-1.8214
24	27	-3.2674
25	27	-4.8231
21	28	30.546
23	28	-2.1462
30	31	-3.2674
30	32	-4.8231
31	32	-5.6071
30	33	-5.6071
31	33	-3.7143
32	33	-5.6071
30	34	-4.8231
31	34	-1.8214
32	34	-3.7143
33	34	-5.6071
30	35	-3.2674
31	35	0.071429
32	35	-1.8214
33	35	-3.7143
34	35	-5.6071
29	37	-2.1462
2	38	27.2998
5	38	26.3605
7	38	24.6786
30	39	-2.1462
31	39	-5.6071
32	39	-4.8231
33	39	-3.2674
34	39	-1.5143
35	39	0.30445
30	40	-3.2674
31	40	-4.8231
32	40	-5.6071
33	40	-4.8231
34	40	-3.2674
35	40	-1.5143
39	40	-5.6071
36	41	-4.8231
42	43	-1.8214
21	44	23.08
23	44	5.1977
28	44	4.6202
45	46	-3.7143
2	47	28.4144
5	47	27.2998
7	47	25.5573
38	47	-4.8231
36	48	-3.2674
41	48	-5.6071
42	49	-5.6071
43	49	-1.5143
42	50	-4.8231
43	50	-3.2674
49	50	-5.6071
42	51	-3.2674
43	51	-4.8231
49	51	-3.7143
50	51	-5.6071
2	52	30.8274
5	52	29.785
7	52	28.0636
38	52	-3.7143
47	52	-4.8231
2	53	30.2149
5	53	29.0571
7	53	27.2998
38	53	-3.2674
47	53	-5.6071
52	53	-5.6071
2	54	29.6887
5	54	28.4144
7	54	26.624
38	54	-2.1462
47	54	-4.8231
52	54	-3.7143
53	54	-5.6071
42	55	-3.2674
43	55	0.96511
49	55	-4.8231
50	55	-3.2674
51	55	-1.5143
42	56	-3.7143
43	56	-0.67521
49	56	-5.6071
50	56	-4.8231
51	56	-3.2674
55	56	-5.6071
42	57	-0.67521
43	57	-3.7143
49	57	-1.5143
50	57	-3.2674
51	57	-4.8231
55	57	0.071429
56	57	-1.8214
45	58	-3.2674
46	58	-0.67521
11	59	27.4026
14	59	22.4287
15	59	23.5452
2	60	31.5222
5	60	30.2149
7	60	28.4144
38	60	-0.67521
47	60	-3.2674
52	60	-3.2674
53	60	-4.8231
54	60	-5.6071
11	61	27.7092
14	61	23.0214
15	61	24.0034
59	61	-4.8231
10	62	27.2482
12	62	23.8324
13	62	24.6786
10	63	25.5573
12	63	22.4287
13	63	23.08
62	63	-3.7143
10	64	24.8452
12	64	21.885
13	64	22.4287
62	64	-1.8214
63	64	-5.6071
1	65	34.3146
3	65	32.295
4	65	32.4299
6	65	30.546
1	66	34.1859
3	66	32.25
4	66	32.295
6	66	30.4044
65	66	-5.6071
11	67	31.5222
14	67	26.624
15	67	27.7092
59	67	-3.2674
61	67	-3.2674
8	68	29.785
9	68	28.9098
16	68	24.6786
8	69	29.0571
9	69	28.0636
16	69	23.8324
68	69	-5.6071
10	70	27.2998
12	70	24.2301
13	70	24.8452
62	70	-3.2674
63	70	-5.6071
64	70	-4.8231
10	71	26.624
12	71	23.7178
13	71	24.2301
62	71	-1.5143
63	71	-4.8231
64	71	-5.6071
70	71	-5.6071
11	72	30.8274
14	72	26.3605
15	72	27.2482
59	72	-1.5143
61	72	-3.7143
67	72	-3.2674
8	73	32.295
9	73	31.4763
16	73	27.2482
68	73	-4.8231
69	73	-3.2674
1	74	37.9286
3	74	36.0768
4	74	36.0357
6	74	34.1429
65	74	-2.1462
66	74	-3.2674
8	75	33.2734
9	75	32.295
16	75	28.0636
68	75	-3.7143
69	75	-3.2674
73	75	-4.8231
11	76	36.0768
14	76	31.4763
15	76	32.4299
59	76	2.1517
61	76	0.96511
67	76	-1.8214
72	76	-2.1462
19	77	22.4287
20	77	24.6786
22	77	22.1279
26	77	21.3932
19	78	21.885
20	78	23.8324
22	78	21.3311
26	78	20.4477
77	78	-5.6071
21	79	38.7105
23	79	19.269
28	79	15.2143
44	79	10.3572
21	80	24.6786
23	80	49.3173
28	80	50.9338
44	80	39.2501
79	80	45.5338
21	81	39.8214
23	81	21.1441
28	81	17.1071
44	81	11.9882
79	81	-5.6071
80	81	45.5
17	82	28.9098
18	82	30.8274
24	82	25.6115
25	82	26.624
27	82	26.2014
19	83	25.5573
20	83	27.2998
22	83	24.8452
26	83	23.8324
77	83	-3.2674
78	83	-3.7143
17	84	31.4763
18	84	33.4488
24	84	28.2144
25	84	29.2526
27	84	28.8606
82	84	-4.8231
45	85	13.4073
46	85	13.4073
58	85	9.9513
21	86	38.086
23	86	65.3197
28	86	67.0699
44	86	55.4215
79	86	61.0622
80	86	8.6726
81	86	60.8791
17	87	34.0567
18	87	36.0768
24	87	30.8274
25	87	31.8878
27	87	31.5222
82	87	-2.1462
84	87	-4.8231
45	88	15.2143
46	88	15.5276
58	88	11.523
85	88	-4.8231
45	89	15.5276
46	89	15.2143
58	89	12.262
85	89	-4.8231
88	89	-3.7143
21	90	39.5176
23	90	28.663
28	90	25.5573
44	90	17.1798
79	90	4.6202
80	90	38.5552
81	90	3.2076
86	90	53.101
29	91	31.5222
37	91	26.2014
21	92	37.6517
23	92	62.3308
28	92	63.6523
44	92	51.7558
79	92	55.9884
80	92	5.8845
81	92	55.6772
86	92	-0.67521
90	92	47.4255
30	93	27.2482
31	93	23.8324
32	93	24.6786
33	93	25.6115
34	93	26.624
35	93	27.7092
39	93	22.1279
40	93	23.0214
21	94	46.0381
23	94	30.546
28	94	26.5714
44	94	20.6393
79	94	3.8571
80	94	46.3384
81	94	1.9643
86	94	60.7479
90	94	0.30445
92	94	54.9643
30	95	30.8274
31	95	27.2482
32	95	28.2144
33	95	29.2526
34	95	30.3571
35	95	31.5222
39	95	25.6115
40	95	26.624
93	95	-3.2674
30	96	28.9098
31	96	25.5573
32	96	26.3605
33	96	27.2482
34	96	28.2144
35	96	29.2526
39	96	23.8324
40	96	24.6786
93	96	-5.6071
95	96	-3.7143
21	97	46.105
23	97	32.295
28	97	28.5141
44	97	21.885
79	97	5.8845
80	97	44.8538
81	97	4.0138
86	97	58.9929
90	97	-0.67521
92	97	53.101
94	97	-4.8231
21	98	46.3051
23	98	34.1429
28	98	30.546
44	98	23.3135
79	98	8.1089
80	98	43.4667
81	98	6.2802
86	98	57.301
90	98	-0.67521
92	98	51.3006
94	98	-2.1462
97	98	-4.8231
21	99	43.4667
23	99	67.0939
28	99	68.1433
44	99	56.1293
79	99	59.0737
80	99	11.4286
81	99	58.6147
86	99	2.6933
90	99	49.7883
92	99	-1.5143
94	99	57.1072
97	99	55.0789
98	99	53.101
21	100	47.7831
23	100	36.0357
28	100	32.4299
44	100	25.1758
79	100	9.9513
80	100	43.9913
81	100	8.1089
86	100	57.5493
90	100	0.96511
92	100	51.4527
94	100	-0.67521
97	100	-3.2674
98	100	-5.6071
99	100	53.0714
21	101	51.6347
23	101	38.086
28	101	34.1429
44	101	27.8615
79	101	11.4286
80	101	48.1706
81	101	9.5357
86	101	61.5828
90	101	4.6202
92	101	55.4215
94	101	0.071429
97	101	-1.5143
98	101	-2.1462
99	101	56.885
100	101	-3.2674
42	102	34.8256
43	102	37.6517
49	102	33.1414
50	102	34.0567
51	102	35.0367
55	102	30.593
56	102	31.4763
57	102	34.5282
21	103	49.3173
23	103	42.0408
28	103	38.904
44	103	30.3571
79	103	17.1071
80	103	40.7586
81	103	15.3715
86	103	53.101
90	103	5.8845
92	103	46.7032
94	103	7.2837
97	103	4.6202
98	103	1.9643
99	103	47.6858
100	103	0.53071
101	103	2.6933
21	104	51.3006
23	104	41.7507
28	104	38.2821
44	104	30.546
79	104	15.9133
80	104	44.1996
81	104	14.0819
86	104	56.7736
90	104	5.8845
92	104	50.4103
94	104	5.1977
97	104	2.6933
98	104	0.30445
99	104	51.4527
100	104	-1.5143
101	104	-0.67521
103	104	-3.7143
36	105	42.9012
41	105	40.2736
48	105	38.7105
42	106	37.4927
43	106	39.9349
49	106	35.7467
50	106	36.5267
51	106	37.3731
55	106	33.2734
56	106	34.0136
57	106	36.6486
102	106	-3.2674
36	107	45.0928
41	107	42.5087
48	107	40.8698
105	107	-3.2674
45	108	39.9726
46	108	41.605
58	108	35.7467
85	108	23.3135
88	108	20.6393
89	108	23.3135
36	109	39.9726
41	109	37.968
48	109	36.0768
105	109	17.7539
107	109	15.293
45	110	39.8214
46	110	41.0177
58	110	35.6638
85	110	21.3932
88	110	18.7964
89	110	20.8929
108	110	-1.5143
36	111	43.9217
41	111	41.8597
48	111	39.9726
105	111	17.1071
107	111	14.0819
109	111	-3.2674
36	112	43.7472
41	112	41.7507
48	112	39.8593
105	112	18.8644
107	112	15.9133
109	112	-3.7143
111	112	-5.6071
19	113	60.9052
20	113	62.5357
22	113	60.1415
26	113	58.966
77	113	31.1069
78	113	31.5222
83	113	27.8615
42	114	48.9694
43	114	50.5648
49	114	47.1311
50	114	47.6208
51	114	48.1706
55	114	44.8538
56	114	45.2968
57	114	46.9998
102	114	10.4572
106	114	6.2802
19	115	64.1541
20	115	65.5653
22	115	63.223
26	115	61.9449
77	115	34.5282
78	115	34.8256
83	115	31.1069
113	115	-3.2674
19	116	63.7781
20	116	65.0485
22	116	62.74
26	116	61.401
77	116	34.3146
78	116	34.5282
83	116	30.7807
113	116	-2.1462
115	116	-5.6071
19	117	66.0053
20	117	67.3816
22	117	65.0485
26	117	63.7529
77	117	36.4045
78	117	36.6892
83	117	32.9647
113	117	-1.5143
115	117	-5.6071
116	117	-4.8231
30	118	60.1415
31	118	57.2457
32	118	57.7693
33	118	58.3431
34	118	58.966
35	118	59.6364
39	118	55.4215
40	118	55.9601
93	118	26.7811
95	118	24.6786
96	118	24.9005
30	119	59.0737
31	119	56.3541
32	119	56.7736
33	119	57.2457
34	119	57.7693
35	119	58.3431
39	119	54.5037
40	119	54.9356
93	119	26.5714
95	119	24.9005
96	119	24.6786
118	119	-3.7143
10	120	78.703
12	120	76.3217
13	120	76.5565
62	120	47.5232
63	120	47.3929
64	120	47.4255
70	120	45.5
71	120	45.5338
1	121	89.4985
3	121	87.4452
4	121	87.6149
6	121	85.7316
65	121	47.6858
66	121	47.9126
74	121	44.4761
1	122	89.2026
3	122	87.2185
4	122	87.3131
6	122	85.4237
65	122	47.4255
66	122	47.5232
74	122	43.9217
121	122	-3.7143
10	123	81.2223
12	123	78.703
13	123	79.0141
62	123	49.2857
63	123	49.4118
64	123	49.5689
70	123	47.5232
71	123	47.6858
120	123	-3.2674
10	124	80.5738
12	124	78.2028
13	124	78.4324
62	124	49.4118
63	124	49.2857
64	124	49.3173
70	124	47.3929
71	124	47.4255
120	124	-5.6071
123	124	-3.7143
1	125	91.0922
3	125	89.1099
4	125	89.2026
6	125	87.3131
65	125	49.3173
66	125	49.4118
74	125	45.8033
121	125	-3.2674
122	125	-5.6071
29	126	66.127
37	126	61.401
91	126	32.295
17	127	74.2223
18	127	75.1812
24	127	70.5445
25	127	71.0251
27	127	69.7369
82	127	39.8593
84	127	37.9286
87	127	36.0768
8	128	83.3571
9	128	81.4844
16	128	77.6786
68	128	51.2701
69	128	50.8111
73	128	49.9756
75	128	47.6208
1	129	92.8214
3	129	90.9468
4	129	90.9286
6	129	89.0357
65	129	51.3006
66	129	51.2091
74	129	47.3929
121	129	2.6933
122	129	-0.67521
125	129	-1.5143
2	130	93.1067
5	130	91.3825
7	130	89.4985
38	130	60.8791
47	130	58.8581
52	130	57.1072
53	130	56.9684
54	130	56.885
60	130	54.993
8	131	85.3272
9	131	83.5344
16	131	79.6537
68	131	52.2675
69	131	51.9369
73	131	50.8111
75	131	48.5554
128	131	-3.2674
8	132	85.2693
9	132	83.3571
16	132	79.592
68	132	53.6015
69	132	53.101
73	132	52.3574
75	132	49.9756
128	132	-4.8231
131	132	-1.8214
1	133	94.7844
3	133	92.8393
4	133	92.8928
6	133	91.0013
65	133	53.0714
66	133	53.101
74	133	49.4118
121	133	0.53071
122	133	-1.5143
125	133	-3.2674
129	133	-3.2674
21	134	81.3837
23	134	72.2025
28	134	68.2379
44	134	61.5828
79	134	45.5338
80	134	67.5011
81	134	43.6422
86	134	75.9791
90	134	37.0526
92	134	69.1549
94	134	34.1859
97	134	32.4299
98	134	30.7807
99	134	67.8823
100	134	28.9098
101	134	26.624
103	134	24.8452
104	134	23.7178
8	135	87.2185
9	135	85.4237
16	135	81.5448
68	135	54.127
69	135	53.8064
73	135	52.6559
75	135	50.4103
128	135	-2.1462
131	135	-5.6071
132	135	-1.5143
11	136	86.8015
14	136	84.0642
15	136	84.3182
59	136	58.9929
61	136	56.9684
67	136	55.4215
72	136	53.1896
76	136	49.7883
2	137	97.0365
5	137	95.3433
7	137	93.4622
38	137	64.5281
47	137	62.5613
52	137	60.7479
53	137	60.6691
54	137	60.6429
60	137	58.75
130	137	-3.2674
2	138	96.8821
5	138	95.1515
7	138	93.2669
38	138	64.6524
47	138	62.638
52	138	60.8791
53	138	60.7479
54	138	60.6691
60	138	58.777
130	138	-3.7143
137	138	-5.6071
11	139	89.0172
14	139	86.1916
15	139	86.478
59	139	60.7479
61	139	58.777
67	139	57.1072
72	139	54.993
76	139	51.4527
136	139	-4.8231
2	8	-2.2393
5	8	-2.1038
7	8	-1.7352
2	9	-2.5686
5	9	-2.2151
7	9	-2.479
1	10	-1.4362
3	10	-1.5255
4	10	-1.6963
6	10	-2.0815
2	11	-1.4299
5	11	-2.2541
7	11	-2.3117
1	12	-0.98194
3	12	-1.0266
4	12	-1.2107
6	12	-1.4904
1	13	-1.2514
3	13	-1.3124
4	13	-1.4634
6	13	-1.7779
2	14	-1.6422
5	14	-2.2814
7	14	-2.6242
2	15	-1.9892
5	15	-2.6443
7	15	-2.3377
2	16	-1.8152
5	16	-2.092
7	16	-1.7726
1	17	-1.3121
2	17	-2.0344
3	17	-1.3723
4	17	-1.4878
5	17	-1.8276
6	17	-1.4745
7	17	-1.8143
8	17	-1.3949
9	17	-1.1859
10	17	-1.7474
11	17	-1.6422
12	17	-1.5464
13	17	-1.6337
14	17	-1.9351
15	17	-1.918
16	17	-0.48277
1	18	-0.98488
2	18	-1.6154
3	18	-1.0985
4	18	-1.1012
5	18	-1.7975
6	18	-1.1535
7	18	-1.8022
8	18	-1.73
9	18	-1.4884
10	18	-1.8867
11	18	-1.4984
12	18	-1.819
13	18	-1.8484
14	18	-1.2994
15	18	-1.7898
16	18	-1.0441
17	19	-1.567
18	19	-1.4675
17	20	-1.8326
18	20	-1.6985
17	21	7.1734
18	21	7.5566
17	22	-1.7997
18	22	-1.8939
17	23	-0.59832
18	23	-0.58195
1	24	-1.0742
2	24	-2.1145
3	24	-1.1559
4	24	-1.1784
5	24	-2.2151
6	24	-1.2197
7	24	-2.1344
8	24	-2.0423
9	24	-1.7418
10	24	-1.8184
11	24	-2.0469
12	24	-1.9772
13	24	-1.8677
14	24	-2.1624
15	24	-2.2395
16	24	-1.5352
19	24	-1.4668
20	24	-1.5009
21	24	7.599
22	24	-1.6079
23	24	-1.1703
1	25	-0.92763
2	25	-1.8129
3	25	-1.0142
4	25	-1.0293
5	25	-1.9016
6	25	-1.0648
7	25	-1.851
8	25	-1.7899
9	25	-1.4471
10	25	-1.6816
11	25	-1.8821
12	25	-1.8688
13	25	-1.7745
14	25	-2.1821
15	25	-2.4656
16	25	-1.4424
19	25	-1.391
20	25	-1.4895
21	25	7.9953
22	25	-1.5667
23	25	-1.1915
17	26	-1.3544
18	26	-1.2688
24	26	-1.8441
25	26	-1.7666
1	27	-0.63165
2	27	-1.3664
3	27	-0.70099
4	27	-0.72462
5	27	-1.4538
6	27	-0.75446
7	27	-1.391
8	27	-1.3189
9	27	-0.96352
10	27	-1.2454
11	27	-1.5064
12	27	-1.3893
13	27	-1.3298
14	27	-1.8153
15	27	-1.9491
16	27	-0.89916
19	27	-0.76611
20	27	-1.0028
21	27	7.5798
22	27	-1.1367
23	27	-1.0522
26	27	-1.3916
17	28	-0.94982
18	28	-0.97177
24	28	-1.378
25	28	-1.4514
27	28	-1.1881
17	29	-1.9962
18	29	-2.0954
24	29	-2.1818
25	29	-2.0707
27	29	-1.6981
17	30	-2.2953
18	30	-1.6798
24	30	-2.0516
25	30	-2.0641
27	30	-1.0798
17	31	-1.7111
18	31	-1.1148
24	31	-1.4861
25	31	-1.0384
27	31	-0.49243
17	32	-2.1109
18	32	-1.4104
24	32	-1.9935
25	32	-1.4692
27	32	-0.83815
17	33	-2.3451
18	33	-1.7464
24	33	-2.1407
25	33	-2.0354
27	33	-1.4112
17	34	-2.4417
18	34	-1.809
24	34	-2.0753
25	34	-2.2661
27	34	-1.6488
17	35	-2.217
18	35	-1.7374
24	35	-1.7194
25	35	-2.0429
27	35	-1.7044
17	36	-1.5052
18	36	-0.84323
24	36	-1.8718
25	36	-1.7967
27	36	-1.6532
17	37	-1.6395
18	37	-1.4714
24	37	-1.4764
25	37	-1.4409
27	37	-1.3078
8	38	4.399
9	38	3.9321
11	38	6.3451
14	38	5.4242
15	38	5.8453
16	38	4.0449
17	38	8.2596
18	38	8.6606
24	38	8.6489
25	38	8.5279
27	38	7.9246
17	39	-1.2617
18	39	-0.81521
24	39	-1.1812
25	39	-0.83607
27	39	-0.4753
17	40	-1.8072
18	40	-1.2792
24	40	-1.8386
25	40	-1.4173
27	40	-0.98462
17	41	-1.0681
18	41	-0.20254
24	41	-1.6326
25	41	-1.1713
27	41	-0.85823
17	42	-1.464
18	42	-0.59603
24	42	-2.0376
25	42	-1.5289
27	42	-1.2761
30	42	-1.7078
31	42	-2.0863
32	42	-2.1784
33	42	-2.3611
34	42	-1.9846
35	42	-1.2426
36	42	-0.44419
39	42	-1.175
40	42	-1.1931
41	42	-0.61545
17	43	-2.1078
18	43	-1.504
24	43	-1.4676
25	43	-1.68
27	43	-1.3732
30	43	-2.0426
31	43	-1.8531
32	43	-1.9222
33	43	-1.9751
34	43	-2.0208
35	43	-1.7122
36	43	1.4475
39	43	-1.1891
40	43	-1.2955
41	43	1.3206
17	44	0.65271
18	44	0.73861
24	44	0.087155
25	44	0.10211
27	44	-0.091068
17	45	-0.85311
18	45	-0.80288
19	45	-1.4894
20	45	-1.8676
21	45	6.1131
22	45	-1.9664
23	45	1.2062
24	45	-1.3214
25	45	-1.281
26	45	-2.1636
27	45	-1.4121
28	45	-0.12716
44	45	5.203
17	46	-0.90267
18	46	-0.84507
19	46	-2.0678
20	46	-1.5629
21	46	6.0485
22	46	-2.1982
23	46	1.92
24	46	-1.2959
25	46	-1.2508
26	46	-1.984
27	46	-1.349
28	46	1.0022
44	46	5.0712
8	47	4.8815
9	47	4.4121
11	47	6.2768
14	47	5.3529
15	47	5.7672
16	47	4.5761
17	47	8.0483
18	47	9.2053
24	47	8.1906
25	47	8.9466
27	47	8.4938
17	48	-0.94477
18	48	-0.1382
24	48	-1.3249
25	48	-0.91632
27	48	-0.59021
42	48	2.5007
43	48	1.9139
17	49	-1.1819
18	49	-0.40565
24	49	-1.6124
25	49	-1.1564
27	49	-0.90294
30	49	-1.5537
31	49	-1.8508
32	49	-1.9777
33	49	-2.1202
34	49	-1.3783
35	49	-0.70498
36	49	-0.69601
39	49	-1.2979
40	49	-1.4228
41	49	-0.83378
48	49	0.18676
17	50	-1.7359
18	50	-0.9812
24	50	-2.1769
25	50	-1.806
27	50	-1.6419
30	50	-2.2113
31	50	-1.6825
32	50	-1.8693
33	50	-1.9705
34	50	-2.1035
35	50	-1.9014
36	50	-0.72236
39	50	-1.0614
40	50	-1.2074
41	50	1.5024
48	50	4.5986
17	51	-1.9933
18	51	-1.3228
24	51	-1.9782
25	51	-1.9373
27	51	-1.6699
30	51	-2.3676
31	51	-1.7972
32	51	-1.9306
33	51	-2.0549
34	51	-2.1687
35	51	-1.9414
36	51	0.7947
39	51	-1.1344
40	51	-1.2863
41	51	2.6793
48	51	4.8846
8	52	5.0117
9	52	4.5633
11	52	6.4122
14	52	5.5514
15	52	5.9439
16	52	4.7209
17	52	8.4585
18	52	9.2123
24	52	8.6814
25	52	9.1333
27	52	8.5438
8	53	5.1325
9	53	4.6751
11	53	6.216
14	53	5.3304
15	53	5.7287
16	53	4.8579
17	53	8.0588
18	53	9.1487
24	53	8.1692
25	53	8.8472
27	53	8.6625
8	54	5.0797
9	54	4.6108
11	54	5.8466
14	54	4.9466
15	54	5.3468
16	54	4.8226
17	54	7.4414
18	54	8.5138
24	54	7.4404
25	54	8.1025
27	54	8.6216
17	55	-0.094661
18	55	0.55109
24	55	-0.39517
25	55	0.012533
27	55	0.29687
30	55	-0.22959
31	55	-1.6247
32	55	-1.1311
33	55	-0.4843
34	55	0.34094
35	55	0.81651
36	55	-0.53825
39	55	-2.1727
40	55	-1.8739
41	55	-0.53923
48	55	-1.8514
17	56	-0.69688
18	56	-0.036324
24	56	-1.0639
25	56	-0.66055
27	56	-0.43301
30	56	-1.0151
31	56	-1.9783
32	56	-1.8798
33	56	-1.3625
34	56	-0.66611
35	56	-0.25314
36	56	-0.90689
39	56	-1.9899
40	56	-1.9387
41	56	-1.0484
48	56	0.05218
17	57	-1.6239
18	57	-1.0858
24	57	-1.9027
25	57	-1.5933
27	57	-1.3485
30	57	-2.0245
31	57	-1.855
32	57	-2.02
33	57	-2.1108
34	57	-2.016
35	57	-1.7199
36	57	1.0457
39	57	-1.4617
40	57	-1.6434
41	57	2.1572
48	57	3.7496
17	58	-0.09069
18	58	-0.0072665
19	58	-1.2524
20	58	-0.8236
21	58	6.4348
22	58	-1.0139
23	58	1.3099
24	58	-0.51337
25	58	-0.44661
26	58	-0.93144
27	58	-0.51946
28	58	0.24445
44	58	3.6525
2	59	1.749
5	59	1.5929
7	59	1.5875
17	59	5.3876
18	59	4.6003
24	59	4.8888
25	59	4.6197
27	59	4.2735
38	59	-1.5322
47	59	-1.997
52	59	-2.4691
53	59	-2.477
54	59	-2.4491
8	60	5.1847
9	60	4.718
11	60	5.977
14	60	5.1072
15	60	5.4952
16	60	4.9451
17	60	7.6741
18	60	8.6646
24	60	7.6712
25	60	8.2689
27	60	8.9142
59	60	-1.9173
2	61	1.4385
5	61	1.3514
7	61	1.3478
17	61	5.6716
18	61	4.8442
24	61	5.1891
25	61	4.8981
27	61	4.5389
38	61	-1.4181
47	61	-2.2713
52	61	-2.6291
53	61	-2.5301
54	61	-2.3177
60	61	-1.8689
1	62	2.0521
3	62	2.027
4	62	2.034
6	62	1.9798
17	62	5.3687
18	62	5.9477
24	62	5.3258
25	62	5.6359
27	62	5.9328
1	63	2.0713
3	63	2.0576
4	63	2.0586
6	63	2.0067
17	63	4.638
18	63	5.1792
24	63	4.5198
25	63	4.7927
27	63	4.9879
1	64	2.1494
3	64	2.1412
4	64	2.1406
6	64	2.0911
17	64	4.4119
18	64	4.9255
24	64	4.2702
25	64	4.5206
27	64	4.6701
10	65	3.845
12	65	3.1112
13	65	3.5001
17	65	2.5445
18	65	2.7941
24	65	2.4103
25	65	2.5222
27	65	2.5005
62	65	-2.0292
63	65	-2.1744
64	65	-2.2668
10	66	3.7879
12	66	3.0506
13	66	3.4382
17	66	2.4381
18	66	2.6811
24	66	2.3102
25	66	2.4192
27	66	2.394
62	66	-1.998
63	66	-2.1544
64	66	-2.255
2	67	1.5531
5	67	1.4153
7	67	1.4124
17	67	5.5996
18	67	4.8149
24	67	5.1319
25	67	4.8633
27	67	4.5316
38	67	-1.3206
47	67	-2.0065
52	67	-2.3697
53	67	-2.4518
54	67	-2.3743
60	67	-2.1682
2	68	1.469
5	68	1.0609
7	68	1.3395
17	68	7.9833
18	68	8.9289
24	68	8.1133
25	68	8.6097
27	68	8.8994
38	68	-0.62036
47	68	-0.32961
52	68	-1.1855
53	68	-0.36574
54	68	0.53452
60	68	1.0956
2	69	1.3951
5	69	0.97416
7	69	1.2559
17	69	7.6157
18	69	8.5515
24	69	7.6885
25	69	8.1815
27	69	8.8472
38	69	-1.1221
47	69	-0.97168
52	69	-2.1661
53	69	-1.2352
54	69	-0.070843
60	69	0.4082
1	70	2.2069
3	70	2.1954
4	70	2.1982
6	70	2.1501
17	70	5.0358
18	70	5.5423
24	70	4.9631
25	70	5.2167
27	70	5.4146
65	70	-1.9345
66	70	-1.9811
1	71	2.288
3	71	2.2807
4	71	2.2832
6	71	2.2376
17	71	4.7866
18	71	5.2725
24	71	4.6905
25	71	4.9268
27	71	5.0867
65	71	-1.8871
66	71	-1.9666
2	72	1.2016
5	72	1.1312
7	72	1.1313
17	72	6.0468
18	72	5.203
24	72	5.5929
25	72	5.2935
27	72	4.9405
38	72	-1.1322
47	72	-1.9498
52	72	-2.1101
53	72	-2.3853
54	72	-2.124
60	72	-1.9254
2	73	1.332
5	73	0.92097
7	73	1.1941
17	73	8.193
18	73	9.1083
24	73	8.3542
25	73	8.8256
27	73	8.8557
38	73	-0.41423
47	73	-0.22314
52	73	-0.75702
53	73	-0.2454
54	73	0.42398
60	73	0.84038
10	74	3.9163
12	74	3.2049
13	74	3.5819
17	74	2.6356
18	74	2.8874
24	74	2.5477
25	74	2.6647
27	74	2.6682
62	74	-1.6999
63	74	-1.64
64	74	-1.6149
70	74	-2.0941
71	74	-1.9711
2	75	1.3907
5	75	0.9606
7	75	1.2373
17	75	7.8034
18	75	8.6781
24	75	7.9038
25	75	8.3512
27	75	8.9082
38	75	-0.63695
47	75	-0.58113
52	75	-1.2396
53	75	-0.73877
54	75	0.015706
60	75	0.3142
2	76	1.2618
5	76	1.2031
7	76	1.2065
17	76	6.0288
18	76	5.2248
24	76	5.5957
25	76	5.318
27	76	4.996
38	76	-1.0162
47	76	-1.6618
52	76	-1.808
53	76	-1.9932
54	76	-1.9741
60	76	-1.8619
17	77	4.5702
18	77	4.8723
24	77	4.4949
25	77	4.7874
27	77	5.0008
45	77	3.102
46	77	2.4868
58	77	2.5296
17	78	4.2914
18	78	4.5892
24	78	4.1931
25	78	4.4789
27	78	4.6703
45	78	3.1851
46	78	2.556
58	78	2.617
17	79	2.3335
18	79	2.3957
24	79	2.0975
25	79	2.121
27	79	2.104
45	79	3.4581
46	79	4.144
58	79	2.3207
17	80	7.047
18	80	7.0691
24	80	7.1905
25	80	7.2034
27	80	7.4242
45	80	7.1245
46	80	6.9326
58	80	7.4902
17	81	2.6136
18	81	2.6688
24	81	2.3949
25	81	2.4153
27	81	2.4031
45	81	3.7124
46	81	4.3235
58	81	2.6523
1	82	1.4859
2	82	0.013346
3	82	1.4632
4	82	1.4585
5	82	-0.18815
6	82	1.4809
7	82	-0.20861
8	82	0.40375
9	82	0.7304
10	82	1.1374
11	82	0.67313
12	82	1.0608
13	82	1.1344
14	82	1.1069
15	82	0.96451
16	82	0.58878
19	82	2.2862
20	82	2.1943
21	82	4.6315
22	82	2.298
23	82	1.7088
26	82	2.009
28	82	1.7782
29	82	7.785
30	82	5.071
31	82	5.1479
32	82	5.0669
33	82	4.9533
34	82	4.754
35	82	4.6341
36	82	5.7645
37	82	6.6889
38	82	-1.2961
39	82	4.7527
40	82	4.772
41	82	5.6512
42	82	5.5526
43	82	5.3153
44	82	1.5564
45	82	1.9477
46	82	1.7693
47	82	-1.9836
48	82	5.5088
49	82	5.3508
50	82	5.3995
51	82	5.2664
52	82	-1.7762
53	82	-1.8446
54	82	-1.4875
55	82	4.8537
56	82	4.9434
57	82	4.8422
58	82	1.555
59	82	-1.8379
60	82	-1.6192
61	82	-1.7949
62	82	-1.6379
63	82	-1.3713
64	82	-1.3955
65	82	-1.6318
66	82	-1.5891
67	82	-1.5833
68	82	-1.9847
69	82	-1.8653
70	82	-1.8569
71	82	-1.8063
72	82	-1.711
73	82	-1.9246
74	82	-1.4427
75	82	-1.802
76	82	-0.67531
77	82	-1.8339
78	82	-1.7655
79	82	-1.1677
80	82	7.1315
81	82	-1.2015
17	83	4.2977
18	83	4.5675
24	83	4.2315
25	83	4.5016
27	83	4.691
45	83	3.3896
46	83	2.776
58	83	2.8879
82	83	-1.8723
1	84	1.4831
2	84	0.17627
3	84	1.4615
4	84	1.4584
5	84	-0.028951
6	84	1.4832
7	84	-0.12782
8	84	0.38148
9	84	0.72128
10	84	1.1864
11	84	0.68523
12	84	1.105
13	84	1.1837
14	84	1.1279
15	84	0.98224
16	84	0.58087
19	84	2.3021
20	84	2.2238
21	84	4.5976
22	84	2.3294
23	84	1.7754
26	84	2.0511
28	84	1.8548
29	84	7.9539
30	84	4.9637
31	84	5.022
32	84	4.9553
33	84	4.8546
34	84	4.6662
35	84	4.5554
36	84	5.832
37	84	6.9038
38	84	-1.3239
39	84	4.6362
40	84	4.6711
41	84	5.7224
42	84	5.5864
43	84	5.366
44	84	1.6751
45	84	1.9896
46	84	1.8043
47	84	-1.9859
48	84	5.5909
49	84	5.3959
50	84	5.45
51	84	5.3223
52	84	-1.9028
53	84	-1.9585
54	84	-1.4832
55	84	4.9077
56	84	5.0036
57	84	4.9139
58	84	1.6166
59	84	-2.1658
60	84	-1.7943
61	84	-2.1081
62	84	-1.4782
63	84	-1.2078
64	84	-1.2231
65	84	-1.5426
66	84	-1.4741
67	84	-2.0617
68	84	-1.9573
69	84	-1.8123
70	84	-1.6589
71	84	-1.6096
72	84	-2.0649
73	84	-1.8573
74	84	-1.3404
75	84	-1.6732
76	84	-1.7114
77	84	-1.6404
78	84	-1.5722
79	84	-1.0255
80	84	5.2587
81	84	-1.3688
83	84	-1.668
17	85	2.8214
18	85	2.8404
19	85	2.3081
20	85	2.0846
21	85	7.0752
22	85	2.214
23	85	3.2016
24	85	2.6645
25	85	2.7125
26	85	2.0822
27	85	2.765
28	85	2.7139
44	85	3.9173
77	85	-1.6721
78	85	-1.634
79	85	1.3708
80	85	7.7417
81	85	0.78185
82	85	-1.4828
83	85	-2.1573
84	85	-1.7303
17	86	8.3332
18	86	8.2744
24	86	8.4747
25	86	8.4397
27	86	8.608
45	86	6.8113
46	86	6.63
58	86	7.1097
82	86	9.0741
84	86	9.407
85	86	7.1315
1	87	1.5224
2	87	0.29937
3	87	1.5017
4	87	1.5001
5	87	0.091565
6	87	1.5272
7	87	-0.055542
8	87	0.3601
9	87	0.71441
10	87	1.24
11	87	0.71846
12	87	1.1545
13	87	1.2377
14	87	1.1694
15	87	1.0205
16	87	0.57563
19	87	2.3036
20	87	2.2375
21	87	4.5328
22	87	2.3446
23	87	1.7997
26	87	2.076
28	87	1.8887
29	87	8.0566
30	87	4.6863
31	87	4.7287
32	87	4.6746
33	87	4.5854
34	87	4.4068
35	87	4.3046
36	87	5.9338
37	87	7.0405
38	87	-1.3134
39	87	4.3519
40	87	4.4002
41	87	5.8263
42	87	5.5648
43	87	5.3589
44	87	1.7455
45	87	2.0246
46	87	1.834
47	87	-1.9552
48	87	5.7038
49	87	5.3838
50	87	5.4425
51	87	5.3195
52	87	-1.9081
53	87	-1.9168
54	87	-1.4346
55	87	4.9031
56	87	5.0042
57	87	4.9247
58	87	1.6691
59	87	-2.35
60	87	-1.8015
61	87	-2.2811
62	87	-1.3343
63	87	-1.0631
64	87	-1.0718
65	87	-1.408
66	87	-1.3516
67	87	-2.4406
68	87	-1.8153
69	87	-1.6343
70	87	-1.4926
71	87	-1.4414
72	87	-2.1927
73	87	-1.722
74	87	-1.244
75	87	-1.4857
76	87	-2.3427
77	87	-1.4629
78	87	-1.3967
79	87	-0.9029
80	87	4.4191
81	87	-1.3072
83	87	-1.441
85	87	-1.7633
86	87	9.4718
17	88	2.9619
18	88	2.9824
19	88	2.4045
20	88	2.1746
21	88	6.8764
22	88	2.3185
23	88	3.0452
24	88	2.8165
25	88	2.8668
26	88	2.1922
27	88	2.9313
28	88	2.5656
44	88	3.6498
77	88	-1.5616
78	88	-1.4572
79	88	0.93884
80	88	7.9611
81	88	0.35835
82	88	-1.5795
83	88	-2.0975
84	88	-1.8059
86	88	7.3774
87	88	-1.7387
17	89	2.8384
18	89	2.8528
19	89	2.261
20	89	2.013
21	89	6.9919
22	89	2.1448
23	89	3.2978
24	89	2.6919
25	89	2.7374
26	89	2.0006
27	89	2.7904
28	89	2.85
44	89	3.9827
77	89	-1.6367
78	89	-1.563
79	89	2.1558
80	89	7.9666
81	89	1.9741
82	89	-1.4769
83	89	-2.0871
84	89	-1.7407
86	89	7.5
87	89	-1.962
17	90	4.0295
18	90	4.0732
24	90	3.874
25	90	3.8918
27	90	3.9196
45	90	4.8813
46	90	5.3698
58	90	4.0388
82	90	0.24879
84	90	0.079556
85	90	4.9668
87	90	-0.09555
88	90	5.362
89	90	5.9208
17	91	0.15929
18	91	0.73018
24	91	0.84062
25	91	1.0571
27	91	1.5305
82	91	-2.3338
84	91	-2.3829
87	91	-2.3087
17	92	7.0843
18	92	7.0556
24	92	7.2055
25	92	7.1877
27	92	7.3604
45	92	7.0669
46	92	6.8617
58	92	6.9446
82	92	7.1833
84	92	7.3602
85	92	6.97
87	92	7.6165
88	92	7.2025
89	92	7.3368
17	93	2.1599
18	93	2.0945
24	93	2.1232
25	93	2.0917
27	93	1.9113
42	93	5.1096
43	93	4.8009
49	93	5.2789
50	93	5.2792
51	93	5.0871
55	93	5.0362
56	93	5.0798
57	93	4.8129
82	93	-1.3922
84	93	-1.9143
87	93	-1.3155
17	94	4.1134
18	94	4.1432
24	94	3.9697
25	94	3.9783
27	94	3.9866
45	94	4.6003
46	94	5.0187
58	94	3.7194
82	94	0.67133
84	94	0.54308
85	94	2.3412
87	94	0.41039
88	94	1.4269
89	94	3.0883
17	95	1.8778
18	95	1.8155
24	95	1.8572
25	95	1.8249
27	95	1.6503
42	95	4.4467
43	95	4.1929
49	95	4.6282
50	95	4.6498
51	95	4.4757
55	95	4.3715
56	95	4.4409
57	95	4.2287
82	95	-1.4772
84	95	-1.8898
87	95	-2.0286
17	96	2.145
18	96	2.0775
24	96	2.1032
25	96	2.0709
27	96	1.8869
42	96	5.2789
43	96	4.9723
49	96	5.4535
50	96	5.4531
51	96	5.2618
55	96	5.2215
56	96	5.2636
57	96	4.9949
82	96	-1.4853
84	96	-1.9401
87	96	-1.8107
17	97	5.0023
18	97	5.0089
24	97	4.8745
25	97	4.8712
27	97	4.8781
45	97	5.3044
46	97	5.6945
58	97	4.4559
82	97	1.8257
84	97	1.7173
85	97	3.4998
87	97	1.6053
88	97	2.918
89	97	4.2286
17	98	5.3159
18	98	5.3179
24	98	5.1977
25	98	5.1925
27	98	5.2046
45	98	5.664
46	98	6.0354
58	98	4.8353
82	98	2.1952
84	98	2.0851
85	98	4.0884
87	98	1.9724
88	98	3.7492
89	98	4.7197
17	99	6.632
18	99	6.6012
24	99	6.7393
25	99	6.7198
27	99	6.8806
45	99	7.1245
46	99	6.9066
58	99	6.6761
82	99	6.2488
84	99	6.2862
85	99	6.6272
87	99	6.3143
88	99	6.8321
89	99	6.9816
17	100	5.4311
18	100	5.4302
24	100	5.3204
25	100	5.3137
27	100	5.3271
45	100	5.5864
46	100	5.9469
58	100	4.7643
82	100	2.3656
84	100	2.2578
85	100	3.94
87	100	2.1492
88	100	3.6531
89	100	4.4685
17	101	5.1525
18	101	5.1614
24	101	5.0461
25	101	5.0441
27	101	5.0568
45	101	4.7893
46	101	5.1465
58	101	3.9588
82	101	2.0673
84	101	1.9595
85	101	2.7426
87	101	1.8553
88	101	2.384
89	101	3.1256
17	102	3.1376
18	102	3.2603
24	102	3.1084
25	102	3.1857
27	102	3.1917
30	102	3.5208
31	102	3.4897
32	102	3.5526
33	102	3.649
34	102	3.7785
35	102	3.4122
36	102	5.0871
39	102	3.221
40	102	3.4355
41	102	5.0146
48	102	4.5866
82	102	-1.433
84	102	-1.8637
87	102	-2.028
93	102	-1.6224
95	102	-2.117
96	102	-1.6948
17	103	5.6823
18	103	5.6763
24	103	5.5934
25	103	5.585
27	103	5.6141
45	103	5.9898
46	103	6.3263
58	103	5.2032
82	103	2.6844
84	103	2.5601
85	103	4.5505
87	103	2.4364
88	103	4.4644
89	103	4.9543
17	104	5.4912
18	104	5.4894
24	104	5.3985
25	104	5.3917
27	104	5.4147
45	104	5.4771
46	104	5.8144
58	104	4.6805
82	104	2.4842
84	104	2.3679
85	104	3.8301
87	104	2.2545
88	104	3.662
89	104	4.2199
17	105	2.9963
18	105	3.1586
24	105	3.1287
25	105	3.1439
27	105	3.2226
42	105	5.0006
43	105	2.496
49	105	5.2123
50	105	4.9364
51	105	4.846
55	105	5.0197
56	105	5.4507
57	105	5.1778
82	105	-0.7276
84	105	-1.0408
87	105	-1.5085
102	105	-0.71741
17	106	3.3716
18	106	3.4742
24	106	3.3233
25	106	3.3911
27	106	3.3783
30	106	3.7115
31	106	3.691
32	106	3.7394
33	106	3.8257
34	106	3.9465
35	106	3.5762
36	106	3.697
39	106	3.4127
40	106	3.6089
41	106	3.6327
48	106	3.4349
82	106	-1.2749
84	106	-1.7144
87	106	-2.067
93	106	-1.3543
95	106	-2.2976
96	106	-1.4506
105	106	-1.8089
17	107	2.987
18	107	3.1394
24	107	3.1021
25	107	3.1154
27	107	3.1804
42	107	4.5523
43	107	2.0595
49	107	4.7454
50	107	4.4672
51	107	4.3698
55	107	4.5557
56	107	4.9624
57	107	4.6677
82	107	-1.0592
84	107	-1.3787
87	107	-1.7296
102	107	-1.2225
106	107	-2.2196
17	108	6.989
18	108	6.896
19	108	6.3236
20	108	5.8923
21	108	5.0059
22	108	6.156
23	108	2.1744
24	108	6.9785
25	108	6.974
26	108	5.9854
27	108	7.0672
28	108	1.8779
44	108	2.2086
77	108	4.7386
78	108	4.8792
79	108	0.26603
80	108	5.7242
81	108	-0.11422
82	108	3.8195
83	108	4.914
84	108	3.6862
86	108	5.5552
87	108	3.5484
90	108	-0.14909
92	108	5.5431
94	108	-1.6921
97	108	-1.0125
98	108	-0.80951
99	108	5.4993
100	108	-1.1109
101	108	-1.8135
103	108	-1.0576
104	108	-1.3851
17	109	6.03
18	109	6.0752
24	109	6.055
25	109	6.0332
27	109	5.9981
42	109	5.065
43	109	3.1444
49	109	5.1977
50	109	5.0282
51	109	5.0137
55	109	4.9316
56	109	5.3436
57	109	5.3058
82	109	3.2663
84	109	3.0878
87	109	2.9715
102	109	2.1974
106	109	3.2973
17	110	6.7242
18	110	6.6317
19	110	5.8623
20	110	5.437
21	110	4.8664
22	110	5.6883
23	110	2.0655
24	110	6.7032
25	110	6.6982
26	110	5.5146
27	110	6.7813
28	110	1.771
44	110	2.1446
77	110	4.0253
78	110	4.1557
79	110	0.31433
80	110	5.494
81	110	-0.034642
82	110	3.527
83	110	4.1287
84	110	3.4131
86	110	5.2856
87	110	3.2973
90	110	0.16331
92	110	5.2737
94	110	-1.5439
97	110	-1.8313
98	110	-1.6297
99	110	5.2059
100	110	-1.8223
101	110	-1.5613
103	110	-2.0629
104	110	-1.8857
17	111	6.2397
18	111	6.2786
24	111	6.2702
25	111	6.2423
27	111	6.2065
42	111	5.1577
43	111	3.157
49	111	5.2963
50	111	5.1178
51	111	5.0958
55	111	5.0378
56	111	5.4488
57	111	5.3855
82	111	3.2612
84	111	3.0686
87	111	2.9415
102	111	1.9549
106	111	2.931
17	112	6.1304
18	112	6.1663
24	112	6.1568
25	112	6.1301
27	112	6.0901
42	112	4.9771
43	112	3.0679
49	112	5.1085
50	112	4.9321
51	112	4.9107
55	112	4.8494
56	112	5.2529
57	112	5.1908
82	112	3.2673
84	112	3.0753
87	112	2.9478
102	112	1.9187
106	112	2.9058
17	113	7.9598
18	113	8.0155
24	113	8.0231
25	113	8.1813
27	113	8.3022
45	113	4.7867
46	113	4.3446
58	113	4.394
82	113	5.1995
84	113	5.0248
85	113	1.3418
87	113	4.8576
88	113	1.4071
89	113	1.2257
108	113	-1.7749
110	113	-1.5938
17	114	7.0784
18	114	7.062
24	114	6.9893
25	114	6.9957
27	114	6.898
30	114	6.0774
31	114	6.1441
32	114	6.1303
33	114	6.1632
34	114	6.2332
35	114	5.8208
36	114	1.4704
39	114	5.8501
40	114	5.9749
41	114	1.4932
48	114	1.7479
82	114	3.4279
84	114	3.2603
87	114	3.1198
93	114	1.8382
95	114	1.6892
96	114	1.741
105	114	1.2389
107	114	1.6668
109	114	-1.9514
111	114	-1.7806
112	114	-1.6656
17	115	7.7764
18	115	7.8311
24	115	7.8359
25	115	7.9878
27	115	8.1083
45	115	4.8525
46	115	4.417
58	115	4.4696
82	115	5.0609
84	115	4.8988
85	115	1.5274
87	115	4.7448
88	115	1.5998
89	115	1.4125
108	115	-1.4836
110	115	-1.8598
17	116	7.683
18	116	7.7354
24	116	7.7376
25	116	7.8886
27	116	8.0031
45	116	4.8246
46	116	4.3891
58	116	4.4466
82	116	4.9355
84	116	4.7744
85	116	1.535
87	116	4.6221
88	116	1.6107
89	116	1.4619
108	116	-1.0895
110	116	-1.611
17	117	7.7956
18	117	7.8468
24	117	7.8557
25	117	8.0055
27	117	8.124
45	117	4.9747
46	117	4.5412
58	117	4.594
82	117	5.1288
84	117	4.9739
85	117	1.6821
87	117	4.8271
88	117	1.7562
89	117	1.5685
108	117	-1.2633
110	117	-1.7331
17	118	6.2793
18	118	6.0214
24	118	6.1541
25	118	6.0212
27	118	5.6858
42	118	4.87
43	118	4.6858
49	118	5.0899
50	118	5.124
51	118	4.976
55	118	4.8964
56	118	4.9741
57	118	4.8122
82	118	3.4564
84	118	3.5047
87	118	3.7015
102	118	3.2668
106	118	2.6107
114	118	-2.4562
17	119	6.3118
18	119	6.1197
24	119	6.1999
25	119	6.1023
27	119	5.811
42	119	4.6556
43	119	4.4687
49	119	4.8778
50	119	4.9092
51	119	4.7607
55	119	4.694
56	119	4.7676
57	119	4.6013
82	119	3.2687
84	119	3.1757
87	119	3.2959
102	119	3.2714
106	119	2.6612
114	119	-2.2126
1	120	5.0304
3	120	5.0119
4	120	5.0639
6	120	5.0555
17	120	8.5079
18	120	8.7279
24	120	8.6701
25	120	8.7554
27	120	8.8791
65	120	3.6379
66	120	3.4884
74	120	3.2016
82	120	5.6223
84	120	5.4379
87	120	5.2427
10	121	7.6903
12	121	7.1911
13	121	7.4717
17	121	6.949
18	121	7.1027
24	121	7.0861
25	121	7.1608
27	121	7.2536
62	121	4.5221
63	121	4.7581
64	121	4.8293
70	121	4.6439
71	121	4.7139
82	121	4.0782
84	121	3.9581
87	121	3.7953
120	121	-1.0493
10	122	7.4297
12	122	6.9257
13	122	7.2083
17	122	6.8098
18	122	6.9643
24	122	6.9406
25	122	7.0156
27	122	7.1026
62	122	4.2239
63	122	4.4487
64	122	4.5141
70	122	4.3279
71	122	4.3932
82	122	3.9293
84	122	3.8114
87	122	3.6519
120	122	-1.1494
1	123	4.9563
3	123	4.9359
4	123	4.9874
6	123	4.9775
17	123	8.5878
18	123	8.8092
24	123	8.7614
25	123	8.848
27	123	8.979
65	123	3.5016
66	123	3.3595
74	123	3.067
82	123	5.7644
84	123	5.5801
87	123	5.3838
121	123	-1.3354
122	123	-1.3169
1	124	4.9156
3	124	4.8979
4	124	4.9492
6	124	4.9409
17	124	8.4146
18	124	8.6344
24	124	8.578
25	124	8.663
27	124	8.7868
65	124	3.5307
66	124	3.3803
74	124	3.0944
82	124	5.5476
84	124	5.3647
87	124	5.1707
121	124	-1.2342
122	124	-1.2332
10	125	7.4185
12	125	6.9181
13	125	7.1989
17	125	6.8315
18	125	6.9851
24	125	6.9645
25	125	7.0392
27	125	7.1267
62	125	4.2455
63	125	4.4647
64	125	4.5273
70	125	4.3456
71	125	4.408
82	125	3.9777
84	125	3.8612
87	125	3.7028
120	125	-0.83697
123	125	-1.0552
124	125	-0.93269
17	126	4.0598
18	126	4.5388
24	126	4.6867
25	126	4.8664
27	126	5.2825
82	126	3.5406
84	126	3.6852
87	126	3.874
1	127	4.9591
2	127	5.5406
3	127	4.9498
4	127	4.9592
5	127	5.6243
6	127	5.0041
7	127	5.7506
8	127	4.9246
9	127	5.2416
10	127	5.8005
11	127	6.1205
12	127	5.7523
13	127	5.8204
14	127	6.346
15	127	6.0501
16	127	5.175
19	127	5.3025
20	127	5.2618
21	127	5.9616
22	127	5.3753
23	127	4.2438
26	127	5.188
28	127	4.3866
29	127	8.359
30	127	5.9483
31	127	5.9969
32	127	5.9736
33	127	5.9019
34	127	5.746
35	127	5.6611
36	127	5.7831
37	127	7.4915
38	127	5.1885
39	127	5.6931
40	127	5.7579
41	127	5.7563
42	127	6.2634
43	127	6.1298
44	127	4.2306
45	127	4.7856
46	127	4.6726
47	127	4.6034
48	127	5.7386
49	127	6.1966
50	127	6.2662
51	127	6.1671
52	127	4.7183
53	127	4.6297
54	127	4.9106
55	127	5.8434
56	127	5.9473
57	127	5.9036
58	127	4.5558
59	127	4.2129
60	127	4.5838
61	127	4.301
62	127	4.4246
63	127	4.548
64	127	4.4701
65	127	3.2697
66	127	3.2407
67	127	3.9082
68	127	4.1584
69	127	4.1991
70	127	4.1759
71	127	4.1439
72	127	4.1215
73	127	4.3191
74	127	3.1267
75	127	4.3907
76	127	3.9121
77	127	3.4973
78	127	3.5084
79	127	2.4454
80	127	5.4422
81	127	2.16
83	127	3.5359
85	127	2.3254
86	127	6.2105
88	127	2.3524
89	127	2.1972
90	127	1.3956
91	127	4.6564
92	127	6.437
93	127	3.513
94	127	0.47522
95	127	3.8896
96	127	3.4571
97	127	-0.74869
98	127	-1.0433
99	127	6.8643
100	127	-1.2667
101	127	-1.0892
102	127	4.3692
103	127	-0.99192
104	127	-1.1433
105	127	5.4
106	127	3.7576
107	127	5.0784
108	127	-1.4773
109	127	-1.8095
110	127	-1.8944
111	127	-1.8057
112	127	-1.7843
113	127	-1.7708
114	127	-2.2306
115	127	-2.0275
116	127	-1.9565
117	127	-1.7426
118	127	-1.666
119	127	-2.1286
120	127	-1.8274
121	127	-1.5642
122	127	-1.4847
123	127	-2.1462
124	127	-2.0142
125	127	-1.4434
126	127	-2.529
2	128	5.5292
5	128	4.8827
7	128	5.1814
17	128	8.9249
18	128	9.4102
24	128	8.8892
25	128	9.1104
27	128	9.3412
38	128	3.8495
47	128	3.3586
52	128	3.0322
53	128	2.9931
54	128	3.3828
60	128	3.3988
82	128	5.1334
84	128	4.9818
87	128	4.8691
127	128	-2.0554
10	129	7.1736
12	129	6.6691
13	129	6.9515
17	129	6.4644
18	129	6.6235
24	129	6.5905
25	129	6.6681
27	129	6.751
62	129	3.984
63	129	4.183
64	129	4.2353
70	129	4.0575
71	129	4.111
82	129	3.5862
84	129	3.4681
87	129	3.3093
120	129	-0.69271
123	129	-0.74345
124	129	-0.78552
127	129	-0.96039
8	130	7.5765
9	130	7.1598
11	130	9.2896
14	130	8.7584
15	130	9.0214
16	130	7.5032
17	130	9.6273
18	130	10.081
24	130	9.6064
25	130	9.8638
27	130	10.0359
59	130	5.7471
61	130	6.0066
67	130	5.7451
68	130	6.2434
69	130	5.9785
72	130	6.0812
73	130	6.3127
75	130	6.4041
76	130	5.7841
82	130	6.3492
84	130	6.0339
87	130	5.7756
127	130	-1.6569
128	130	-1.8494
2	131	5.6735
5	131	5.0441
7	131	5.3365
17	131	8.9016
18	131	9.3987
24	131	8.8773
25	131	9.1041
27	131	9.3472
38	131	4.0264
47	131	3.558
52	131	3.2403
53	131	3.2084
54	131	3.5885
60	131	3.6048
82	131	5.1107
84	131	4.9576
87	131	4.8398
127	131	-1.6074
130	131	-1.1164
2	132	5.2264
5	132	4.5681
7	132	4.8701
17	132	8.6913
18	132	9.1742
24	132	8.6515
25	132	8.8715
27	132	9.0987
38	132	3.5706
47	132	3.068
52	132	2.7454
53	132	2.6981
54	132	3.0857
60	132	3.1031
82	132	4.8951
84	132	4.7429
87	132	4.6305
127	132	-1.6543
130	132	-1.4009
10	133	7.2423
12	133	6.7462
13	133	7.0248
17	133	6.6299
18	133	6.7861
24	133	6.7637
25	133	6.8397
27	133	6.9275
62	133	4.114
63	133	4.318
64	133	4.3729
70	133	4.1993
71	133	4.2543
82	133	3.787
84	133	3.6701
87	133	3.5111
120	133	-0.42543
123	133	-0.60665
124	133	-0.48913
127	133	-1.0388
17	134	5.6759
18	134	5.6724
24	134	5.6306
25	134	5.6218
27	134	5.6471
45	134	5.1844
46	134	5.4229
58	134	4.43
82	134	3.1213
84	134	3.0258
85	134	3.1026
87	134	2.9512
88	134	2.9838
89	134	3.2544
108	134	1.1071
110	134	1.7499
127	134	-0.92177
2	135	5.4217
5	135	4.789
7	135	5.0814
17	135	8.8065
18	135	9.3032
24	135	8.7826
25	135	9.0091
27	135	9.2521
38	135	3.8045
47	135	3.3338
52	135	3.0223
53	135	2.986
54	135	3.3605
60	135	3.3774
82	135	5.0266
84	135	4.8752
87	135	4.759
127	135	-1.4144
130	135	-0.40016
2	136	6.7343
5	136	6.777
7	136	6.8362
17	136	8.2885
18	136	7.8936
24	136	8.3603
25	136	8.1032
27	136	7.8361
38	136	5.7526
47	136	5.5144
52	136	5.5685
53	136	5.5122
54	136	5.6006
60	136	5.4395
82	136	5.7806
84	136	5.4024
87	136	5.0723
127	136	-2.2286
130	136	-1.3295
8	137	7.548
9	137	7.1349
11	137	9.336
14	137	8.8152
15	137	9.0744
16	137	7.4706
17	137	9.556
18	137	10.0079
24	137	9.5405
25	137	9.7914
27	137	9.9703
59	137	5.8617
61	137	6.1162
67	137	5.8663
68	137	6.1391
69	137	5.8842
72	137	6.1936
73	137	6.3332
75	137	6.2852
76	137	5.9092
82	137	6.327
84	137	6.0155
87	137	5.7614
127	137	-2.0185
128	137	-2.7216
131	137	-2.5953
132	137	-2.1522
135	137	-1.9452
136	137	-2.2359
8	138	7.5356
9	138	7.1193
11	138	9.2719
14	138	8.7492
15	138	9.0094
16	138	7.4635
17	138	9.5671
18	138	10.0167
24	138	9.5463
25	138	9.8015
27	138	9.9707
59	138	5.7849
61	138	6.0404
67	138	5.7902
68	138	6.179
69	138	5.9192
72	138	6.1179
73	138	6.2702
75	138	6.3357
76	138	5.8348
82	138	6.3342
84	138	6.0249
87	138	5.773
127	138	-2.1028
128	138	-2.6157
131	138	-2.24
132	138	-2.0672
135	138	-1.8983
136	138	-2.2433
2	139	6.3908
5	139	6.4297
7	139	6.4879
17	139	8.0722
18	139	7.6356
24	139	8.1122
25	139	7.8398
27	139	7.5791
38	139	5.3951
47	139	5.1514
52	139	5.2035
53	139	5.1453
54	139	5.2324
60	139	5.0683
82	139	5.5592
84	139	5.1749
87	139	4.8393
127	139	-2.4293
130	139	-1.887
137	139	-2.6944
138	139	-2.6246
offset
60
