108
detection	body_part	cost
1	7	-1.4158
2	12	-3.0813
3	13	0.58646
4	7	-3.1579
5	11	9.2102
6	12	-2.9309
7	12	-1.3531
8	13	1.1079
9	7	0.68824
10	11	9.2102
11	13	-2.5451
12	13	-2.3905
13	14	-3.4926
14	6	-2.2724
15	6	-1.2237
16	11	9.2102
17	13	-0.35588
18	14	-2.1755
19	8	-0.49605
20	6	-2.8209
21	11	9.2102
22	11	9.2102
23	9	-2.9727
24	11	9.2102
25	9	-1.4863
26	10	-0.81553
27	8	-1.3573
28	1	-1.2006
29	11	9.2102
30	10	-2.6181
31	11	-3.114
32	8	-0.38233
33	1	-0.57698
34	1	-4.3313
35	3	-0.26775
36	10	-1.5758
37	11	9.2102
38	8	1.1147
39	1	-3.3339
40	3	-2.3425
41	3	1.3139
42	10	1.0409
43	11	-0.74254
44	11	9.2102
45	11	9.2102
46	11	9.2102
47	3	1.1961
48	3	-0.40606
49	11	9.2102
50	11	9.2102
51	4	-0.047649
52	4	0.43595
53	11	9.2102
54	2	-3.9984
55	4	-5.0247
56	4	-3.5048
57	4	-1.555
58	5	-3.7022
59	5	-2.4884
60	4	-1.0718
61	3	-3.7087
62	5	-0.7957
63	4	-3.0701
64	5	-1.6592
65	4	-1.812
66	5	-0.85699
67	4	-0.57111
68	5	0.62517
69	10	-2.1121
70	10	-3.3433
71	10	0.64263
72	11	9.2102
73	11	-2.1527
74	11	-5.1285
75	3	-5.0465
76	9	0.54766
77	9	0.90786
78	8	-0.16985
79	8	-2.1031
80	9	-3.1691
81	8	-1.7124
82	8	-3.8865
83	11	9.2102
84	11	9.2102
85	11	9.2102
86	1	-6.3951
87	11	9.2102
88	13	0.051573
89	11	9.2102
90	14	-5.1133
91	2	-5.7252
92	11	9.2102
93	11	9.2102
94	12	-3.3378
95	13	-3.4017
96	7	-0.30009
97	12	0.88269
98	13	0.37001
99	14	-0.33222
100	7	-1.5178
101	12	-0.4815
102	7	-3.9473
103	7	0.54355
104	11	9.2102
105	6	-5.2403
106	6	-2.9405
107	7	-2.368
108	11	9.2102
detection1	detection2	cost
1	4	-3.7143
2	6	-4.8231
2	7	-3.2674
6	7	-5.6071
3	8	0.30445
1	9	-1.5143
4	9	-4.8231
5	10	-4.8231
3	11	-3.2674
8	11	-1.5143
3	12	-2.1462
8	12	-3.2674
11	12	-5.6071
14	15	-5.6071
5	16	4.4715
10	16	5.8845
3	17	-1.8214
8	17	0.96511
11	17	-4.8231
12	17	-3.2674
13	18	-5.6071
14	20	-5.6071
15	20	-4.8231
5	21	-1.5143
10	21	-2.1462
16	21	2.1517
5	22	-0.67521
10	22	-3.2674
16	22	7.7607
21	22	-1.8214
5	24	0.96511
10	24	-1.5143
16	24	8.1089
21	24	-1.5143
22	24	-5.6071
23	25	-4.8231
19	27	-3.2674
5	29	8.783
10	29	6.1496
16	29	17.7539
21	29	8.1089
22	29	2.6933
24	29	2.1517
26	30	-4.8231
5	31	40.7586
10	31	38.5552
16	31	51.4527
21	31	41.8597
22	31	36.2
24	31	36.0768
29	31	26.5714
19	32	-0.67521
27	32	-4.8231
28	33	-1.5143
28	34	-4.8231
33	34	-3.7143
26	36	-2.1462
30	36	-4.8231
5	37	30.2149
10	37	27.8615
16	37	40.4233
21	37	30.7807
22	37	25.1758
24	37	24.9005
29	37	15.293
31	37	4.0138
19	38	0.96511
27	38	-3.2674
32	38	-5.6071
28	39	-3.2674
33	39	-3.2674
34	39	-5.6071
35	40	-5.6071
35	41	-3.2674
40	41	-3.7143
26	42	-0.67521
30	42	-3.2674
36	42	-5.6071
5	43	41.6414
10	43	39.3267
16	43	51.9369
21	43	42.2933
22	43	36.6892
24	43	36.4045
29	43	26.7811
31	43	-3.7143
37	43	4.0138
5	44	15.293
10	44	15.6053
16	44	5.1977
21	44	10.3572
22	44	15.3715
24	44	14.6553
29	44	23.3135
31	44	57.1072
37	44	45.635
43	44	56.885
5	45	17.9658
10	45	18.2456
16	45	7.7607
21	45	12.9744
22	45	17.8953
24	45	17.1071
29	45	25.5573
31	45	59.1812
37	45	47.6858
43	45	58.8581
44	45	-4.8231
5	46	16.5921
10	46	16.7404
16	46	6.9156
21	46	11.4286
22	46	16.2174
24	46	15.3715
29	46	23.7178
31	46	57.301
37	46	45.8033
43	46	56.9684
44	46	-5.6071
45	46	-5.6071
35	47	-1.5143
40	47	-3.2674
41	47	-0.67521
35	48	-1.8214
40	48	-3.7143
41	48	-2.1462
47	48	-5.6071
5	49	9.9513
10	49	8.6726
16	49	7.7607
21	49	4.0138
22	49	6.1496
24	49	4.6202
29	49	11.1425
31	49	44.1649
37	49	32.6536
43	49	43.7472
44	49	5.8845
45	49	7.6429
46	49	5.75
5	50	13.6628
10	50	12.9744
16	50	7.7607
21	50	7.7607
22	50	11.2383
24	50	9.9513
29	50	17.1071
31	50	50.069
37	50	38.5552
43	50	49.5689
44	50	0.96511
45	50	2.1517
46	50	0.30445
49	50	-1.5143
51	52	-5.6071
5	53	11.8034
10	53	9.6406
16	53	13.9152
21	53	6.9156
22	53	5.75
24	53	3.8571
29	53	5.8845
31	53	37.0526
37	53	25.5573
43	53	36.4045
44	53	13.6628
45	53	15.293
46	53	13.4073
49	53	0.30445
50	53	5.75
51	55	-3.7143
52	55	-3.2674
51	56	-1.5143
52	56	-1.8214
55	56	-4.8231
51	57	0.071429
52	57	0.30445
55	57	-3.7143
56	57	-4.8231
58	59	2.1517
51	60	5.8845
52	60	5.75
55	60	2.1517
56	60	0.071429
57	60	-1.5143
35	61	16.443
40	61	14.6553
41	61	16.2174
47	61	10.4572
48	61	11.1425
58	62	4.4715
59	62	-4.8231
51	63	7.6429
52	63	7.7607
55	63	3.8571
56	63	2.1517
57	63	0.071429
60	63	-4.8231
58	64	2.6933
59	64	-5.6071
62	64	-5.6071
51	65	7.7607
52	65	7.6429
55	65	4.0138
56	65	1.9643
57	65	0.30445
60	65	-5.6071
63	65	-5.6071
58	66	0.96511
59	66	-4.8231
62	66	-3.7143
64	66	-5.6071
51	67	8.1089
52	67	7.7607
55	67	4.4715
56	67	2.1517
57	67	0.96511
60	67	-4.8231
63	67	-3.7143
65	67	-5.6071
58	68	-3.7143
59	68	2.1517
62	68	3.8571
64	68	1.9643
66	68	0.071429
26	69	19
30	69	17.1798
36	69	15.5276
42	69	13.6628
26	70	19.0675
30	70	17.1071
36	70	15.293
42	70	13.4073
69	70	-5.6071
26	71	20.0604
30	71	17.7539
36	71	15.5276
42	71	13.6628
69	71	0.071429
70	71	-1.8214
5	72	44.8538
10	72	42.1852
16	72	51.9068
21	72	42.9012
22	72	38.3212
24	72	37.173
29	72	28.663
31	72	18.2456
37	72	15.5276
43	72	14.6553
44	72	52.3574
45	72	53.6015
46	72	51.786
49	72	39.2501
50	72	43.9913
53	72	31.5222
5	73	49.2857
10	73	46.637
16	73	56.8571
21	73	47.6858
22	73	42.9012
24	73	41.8597
29	73	33.0089
31	73	17.1798
37	73	17.1071
43	73	13.4073
44	73	57.7693
45	73	59.0737
46	73	57.2457
49	73	44.5794
50	73	49.4432
53	73	36.8106
72	73	-1.8214
5	74	52.3574
10	74	49.7257
16	74	60.2209
21	74	50.9645
22	74	46.0715
24	74	45.0928
29	74	36.0768
31	74	17.1798
37	74	18.7964
43	74	13.4073
44	74	61.401
45	74	62.74
46	74	60.9052
49	74	48.1706
50	74	53.101
53	74	40.3859
72	74	1.9643
73	74	-3.7143
35	75	18.2456
40	75	16.443
41	75	17.8953
47	75	12.262
48	75	12.8867
61	75	-5.6071
23	76	23.0214
25	76	21.4551
23	77	23.3135
25	77	21.1441
76	77	1.9643
19	78	28.9098
27	78	24.6786
32	78	22.1279
38	78	20.4477
19	79	29.833
27	79	25.6115
32	79	23.0214
38	79	21.3932
78	79	-5.6071
23	80	24.6786
25	80	22.8448
76	80	-3.2674
77	80	-1.5143
19	81	30.593
27	81	26.3605
32	81	23.8324
38	81	22.1279
78	81	-5.6071
79	81	-4.8231
19	82	32.4299
27	82	28.2144
32	82	25.6115
38	82	24.0034
78	82	-3.2674
79	82	-4.8231
81	82	-3.7143
5	83	40.2736
10	83	37.6517
16	83	44.7168
21	83	36.8511
22	83	33.4488
24	83	31.8878
29	83	25.5573
31	83	29.2526
37	83	22.4287
43	83	26.2014
44	83	42.5087
45	83	43.2907
46	83	41.605
49	83	30.3571
50	83	34.0567
53	83	23.3135
72	83	6.9156
73	83	12.262
74	83	15.9133
5	84	36.8106
10	84	35.7467
16	84	30.546
21	84	30.8274
22	84	33.1414
24	84	31.4763
29	84	35.414
31	84	62.7655
37	84	51.9068
43	84	61.1144
44	84	19.0675
45	84	17.3966
46	84	17.1798
49	84	19.6016
50	84	15.9133
53	84	22.0674
72	84	47.9126
73	84	53.5428
74	84	57.301
83	84	34.1859
5	85	34.5282
10	85	32.4299
16	85	34.0136
21	85	29.2526
22	85	28.5141
24	85	26.624
29	85	25.5573
31	85	45.1269
37	85	35.3305
43	85	42.9012
44	85	27.4026
45	85	27.2998
46	85	25.9881
49	85	18.8644
50	85	19.7992
53	85	15.293
72	85	27.4026
73	85	32.9647
74	85	36.6892
83	85	13.4073
84	85	13.3214
28	86	30.2149
33	86	27.0414
34	86	27.8615
39	86	26.0415
5	87	37.968
10	87	36.2
16	87	35.2048
21	87	32.25
22	87	32.6536
24	87	30.7807
29	87	31.5222
31	87	53.4547
37	87	43.4316
43	87	51.3006
44	87	26.3605
45	87	25.6115
46	87	24.6786
49	87	20.9559
50	87	20.0604
53	87	19.6016
72	87	35.6638
73	87	41.1652
74	87	44.8538
83	87	21.4551
84	87	6.2802
85	87	0.96511
3	88	39.8214
8	88	38.5552
11	88	36.0768
12	88	36.2
17	88	34.1429
5	89	51.6347
10	89	48.9694
16	89	56.9684
21	89	48.715
22	89	44.8538
24	89	43.4316
29	89	36.0768
31	89	29.6887
37	89	26.624
43	89	26.0415
44	89	55.1933
45	89	55.9884
46	89	54.3011
49	89	42.9012
50	89	46.7362
53	89	35.6638
72	89	4.0138
73	89	6.1496
74	89	8.5614
83	89	5.1977
84	89	45.635
85	89	24.9005
87	89	32.25
13	90	36.2
18	90	34.3146
54	91	21.3932
5	92	39.8214
10	92	37.968
16	92	37.4927
21	92	34.1859
22	92	34.3146
24	92	32.4299
29	92	32.6089
31	92	53.101
37	92	43.3612
43	92	50.8111
44	92	28.9098
45	92	28.2144
46	92	27.2482
49	92	23.0214
50	92	22.4287
53	92	21.1441
72	92	34.4002
73	92	39.8214
74	92	43.4667
83	92	20.0604
84	92	8.6726
85	92	0.53071
87	92	-4.8231
89	92	30.4044
5	93	39.9726
10	93	37.968
16	93	38.5941
21	93	34.5282
22	93	34.1429
24	93	32.25
29	93	31.5222
31	93	50.1933
37	93	40.7586
43	93	47.7831
44	93	30.8274
45	93	30.3571
46	93	29.2526
49	93	23.7178
50	93	23.8324
53	93	20.8929
72	93	30.8274
73	93	36.2
74	93	39.8214
83	93	16.443
84	93	12.262
85	93	-1.5143
87	93	-1.5143
89	93	26.624
92	93	-3.7143
2	94	41.8597
6	94	39.8593
7	94	39.8214
3	95	41.8597
8	95	39.9726
11	95	37.968
12	95	37.9286
17	95	36.2
88	95	-3.2674
1	96	48.7787
4	96	45.2289
9	96	42.7945
2	97	43.6422
6	97	41.8597
7	97	42.0408
94	97	-1.5143
3	98	43.6071
8	98	42.2933
11	98	39.8593
12	98	39.9726
17	98	37.9286
88	98	-3.7143
95	98	-3.2674
13	99	39.9726
18	99	38.086
90	99	-3.7143
1	100	48.9694
4	100	45.2968
9	100	43.0077
96	100	-1.5143
2	101	45.635
6	101	43.6422
7	101	43.6071
94	101	-3.7143
97	101	-1.5143
1	102	51.786
4	102	48.1706
9	102	45.8033
96	102	-3.2674
100	102	-3.2674
1	103	52.9826
4	103	49.4432
9	103	46.9998
96	103	-3.2674
100	103	0.30445
102	103	-3.7143
5	104	46.7032
10	104	44.4761
16	104	46.7032
21	104	41.6414
22	104	40.4233
24	104	38.5552
29	104	36.0768
31	104	48.9694
37	104	40.8698
43	104	46.105
44	104	39.8214
45	104	39.5176
46	104	38.3212
49	104	31.5222
50	104	32.4299
53	104	27.4026
72	104	26.624
73	104	31.4763
74	104	34.8256
83	104	12.6213
84	104	21.3311
85	104	5.1977
87	104	7.7607
89	104	20.0604
92	104	5.1977
93	104	1.9643
14	105	43.6422
15	105	43.6071
20	105	41.7507
14	106	43.7472
15	106	43.6422
20	106	41.8597
105	106	-5.6071
1	107	53.101
4	107	49.4432
9	107	47.1311
96	107	-0.67521
100	107	-3.2674
102	107	-4.8231
103	107	-1.5143
5	108	50.069
10	108	48.5554
16	108	45.5338
21	108	44.1649
22	108	45.2968
24	108	43.4667
29	108	44.9905
31	108	66.4184
37	108	56.7457
43	108	64.054
44	108	34.8256
45	108	33.3612
46	108	32.9647
49	108	32.6536
50	108	30.3571
53	108	32.6089
72	108	46.7032
73	108	51.9068
74	108	55.4215
83	108	32.295
84	108	8.6726
85	108	13.9152
87	108	6.1496
89	108	41.1652
92	108	5.8845
93	108	8.783
104	108	13.6628
2	3	-1.6857
3	6	-1.5594
3	7	-1.4229
2	8	-1.7832
6	8	-2.1031
7	8	-1.9022
2	11	-2.3352
6	11	-2.3377
7	11	-2.2665
2	12	-2.2125
6	12	-2.245
7	12	-2.217
3	13	-2.1376
8	13	-1.9556
11	13	-2.1436
12	13	-2.1017
1	14	-1.6917
4	14	-0.77678
9	14	-0.73519
1	15	-2.0026
4	15	-1.0093
9	15	-0.49286
2	17	-2.0117
6	17	-1.8654
7	17	-1.8377
13	17	-1.9012
3	18	-1.8293
8	18	-1.4298
11	18	-2.1816
12	18	-2.0984
17	18	-2.2323
1	19	-1.7361
4	19	-0.92749
9	19	-0.66608
1	20	-1.366
4	20	-0.64896
9	20	-1.0087
5	26	6.351
10	26	6.7558
16	26	7.8436
21	26	6.8656
22	26	6.7843
23	26	-2.1094
24	26	6.5809
25	26	-1.6495
1	27	-2.1958
4	27	-1.6807
9	27	-2.1741
1	28	-0.96475
2	28	-1.9898
3	28	-1.6682
4	28	-1.549
5	28	1.3778
6	28	-1.7466
7	28	-1.6913
8	28	-1.6465
9	28	-1.7246
10	28	0.90238
11	28	-1.7848
12	28	-1.7014
13	28	-1.4777
14	28	-1.1438
15	28	-0.92356
16	28	5.1677
17	28	-1.6093
18	28	-1.4512
19	28	-1.1656
20	28	-1.222
21	28	0.39185
22	28	-0.55518
23	28	-1.4863
24	28	-0.20392
25	28	-1.4038
26	28	-1.508
27	28	-0.27106
26	29	6.479
28	29	0.062469
5	30	6.0702
10	30	6.4471
16	30	7.8183
21	30	6.8734
22	30	6.6773
23	30	-2.2927
24	30	6.839
25	30	-2.0016
28	30	-1.5367
29	30	7.037
26	31	-1.8421
28	31	-1.4877
30	31	-2.1452
1	32	-2.3624
4	32	-2.2469
9	32	-1.8728
28	32	0.26104
1	33	-1.6927
2	33	-1.7021
3	33	-1.7201
4	33	-1.1627
5	33	0.73015
6	33	-1.5567
7	33	-1.5735
8	33	-1.7612
9	33	-0.94128
10	33	0.47875
11	33	-1.9088
12	33	-1.8663
13	33	-1.5199
14	33	-1.7394
15	33	-1.4493
16	33	2.9758
17	33	-1.8058
18	33	-1.4839
19	33	-0.45069
20	33	-1.6509
21	33	-0.0024566
22	33	-0.63566
23	33	-1.5921
24	33	-0.53482
25	33	-1.622
26	33	-1.6973
27	33	0.95621
29	33	-0.38944
30	33	-1.8893
31	33	-1.5415
32	33	1.1948
1	34	-1.5802
2	34	-1.9867
3	34	-1.6019
4	34	-2.1816
5	34	1.3171
6	34	-1.8309
7	34	-1.7002
8	34	-1.5827
9	34	-2.0424
10	34	0.96572
11	34	-1.7939
12	34	-1.7484
13	34	-1.3827
14	34	-1.8408
15	34	-1.6083
16	34	4.2987
17	34	-1.784
18	34	-1.3592
19	34	-1.1747
20	34	-1.9006
21	34	0.63176
22	34	-0.26547
23	34	-1.7803
24	34	-0.60983
25	34	-1.6354
26	34	-1.7419
27	34	0.44875
29	34	-0.35568
30	34	-1.8061
31	34	-1.4295
32	34	0.9138
28	35	-0.67607
33	35	-1.6505
34	35	-1.3789
5	36	5.7738
10	36	6.13
16	36	7.5499
21	36	6.4972
22	36	6.2855
23	36	-2.1192
24	36	6.403
25	36	-1.9166
28	36	-1.5602
29	36	6.6774
31	36	-2.191
33	36	-1.8678
34	36	-1.701
26	37	-1.2163
28	37	-1.0334
30	37	-1.5386
33	37	-1.4182
34	37	-1.3173
36	37	-1.5558
1	38	-2.2381
4	38	-1.9841
9	38	-1.9011
28	38	0.60429
33	38	0.74696
34	38	1.1274
1	39	-1.8496
2	39	-1.8141
3	39	-1.3837
4	39	-1.9042
5	39	1.5779
6	39	-1.6807
7	39	-1.5611
8	39	-1.4213
9	39	-1.8122
10	39	1.2784
11	39	-1.6093
12	39	-1.5733
13	39	-1.2483
14	39	-2.1433
15	39	-1.8837
16	39	4.2697
17	39	-1.6002
18	39	-1.2249
19	39	-0.71254
20	39	-2.2994
21	39	1.1275
22	39	0.15915
23	39	-1.63
24	39	-0.12835
25	39	-1.3622
26	39	-1.6877
27	39	0.8898
29	39	-0.71122
30	39	-1.6435
31	39	-1.2707
32	39	1.4045
35	39	-0.53558
36	39	-1.4732
37	39	-1.3502
38	39	1.6394
28	40	-1.1716
33	40	-1.5724
34	40	-1.9264
39	40	-1.0501
28	41	-0.76012
33	41	-1.8438
34	41	-1.5977
39	41	-1.8114
5	42	5.4008
10	42	5.7451
16	42	7.2498
21	42	6.0838
22	42	5.852
23	42	-2.0452
24	42	5.9442
25	42	-1.8477
28	42	-1.4044
29	42	6.1178
31	42	-1.9017
33	42	-1.754
34	42	-1.5977
37	42	-0.79201
39	42	-1.3713
26	43	-1.7805
28	43	-1.3503
30	43	-1.9743
33	43	-1.4051
34	43	-1.2889
36	43	-2.0413
39	43	-1.1373
42	43	-1.7125
26	44	6.0818
28	44	6.3968
30	44	6.5153
33	44	4.9021
34	44	6.4894
36	44	7.0272
39	44	7.3276
42	44	6.683
26	45	6.1198
28	45	6.6289
30	45	6.5421
33	45	5.6002
34	45	6.6442
36	45	7.0463
39	45	7.1922
42	45	6.8648
26	46	6.0117
28	46	6.007
30	46	6.439
33	46	4.4975
34	46	5.933
36	46	6.9478
39	46	6.531
42	46	6.7856
28	47	-1.8271
33	47	-1.2773
34	47	-2.1008
39	47	-1.4827
28	48	-1.81
33	48	-1.6374
34	48	-2.4102
39	48	-1.7387
26	49	6.8541
28	49	3.5942
30	49	7.3008
33	49	2.1309
34	49	2.7218
36	49	7.8298
39	49	2.1462
42	49	7.8341
26	50	6.9476
28	50	4.9304
30	50	7.3642
33	50	3.0179
34	50	4.2175
36	50	7.8624
39	50	4.0089
42	50	7.9944
28	51	-0.69555
33	51	-1.8566
34	51	-1.3454
35	51	-0.71446
39	51	-1.6879
40	51	-1.0045
41	51	-0.33644
47	51	-1.6826
48	51	-1.8696
28	52	-0.79145
33	52	-1.9251
34	52	-1.4529
35	52	-0.83881
39	52	-1.8075
40	52	-1.182
41	52	-0.48275
47	52	-1.4691
48	52	-1.527
26	53	6.261
28	53	2.3074
30	53	6.7349
33	53	1.3626
34	53	1.7028
36	53	7.2145
39	53	1.3071
42	53	7.5945
28	54	-2.3845
33	54	-2.2675
34	54	-2.5808
39	54	-2.3596
28	55	-1.327
33	55	-2.1342
34	55	-1.7727
35	55	-1.5528
39	55	-2.088
40	55	-1.8454
41	55	-1.0913
47	55	-2.1062
48	55	-2.513
28	56	-1.1457
33	56	-1.9999
34	56	-1.6773
35	56	-1.3995
39	56	-2.0335
40	56	-1.7509
41	56	-1.055
47	56	-2.4316
48	56	-2.3466
28	57	-0.55695
33	57	-1.2408
34	57	-0.8921
35	57	-1.164
39	57	-1.1274
40	57	-1.239
41	57	-0.74606
47	57	-1.84
48	57	-1.4724
28	58	1.3363
33	58	0.83905
34	58	1.1451
39	58	0.95521
51	58	0.18868
52	58	0.34708
55	58	-0.23188
56	58	0.017079
57	58	-0.35608
28	59	0.52974
33	59	0.034126
34	59	0.22055
39	59	0.080835
51	59	-2.1487
52	59	-1.8374
55	59	-2.0228
56	59	-1.7011
57	59	-2.4585
28	60	1.5791
33	60	1.3547
34	60	1.4583
35	60	0.24845
39	60	1.3171
40	60	0.22684
41	60	0.38105
47	60	0.03627
48	60	0.18828
58	60	-0.52943
59	60	4.45
28	61	2.9769
33	61	3.2298
34	61	3.2165
39	61	3.5765
51	61	1.4037
52	61	1.2846
55	61	1.4685
56	61	0.98771
57	61	0.798
60	61	-1.4476
28	62	1.8567
33	62	1.5158
34	62	1.6312
39	62	1.5323
51	62	-2.0276
52	62	-1.7895
55	62	-1.8646
56	62	-1.6
57	62	-2.0296
60	62	0.36396
28	63	2.4953
33	63	2.3528
34	63	2.4295
35	63	0.94903
39	63	2.328
40	63	0.96979
41	63	1.0668
47	63	0.89591
48	63	1.0255
58	63	-1.4653
59	63	1.1929
61	63	-2.1201
62	63	2.9123
28	64	1.4918
33	64	1.1736
34	64	1.2803
39	64	1.1421
51	64	-1.8743
52	64	-1.6567
55	64	-1.8582
56	64	-1.6998
57	64	-2.2469
60	64	-1.2644
63	64	-0.48171
28	65	2.1416
33	65	1.9889
34	65	2.0582
35	65	0.6889
39	65	1.9376
40	65	0.68456
41	65	0.78136
47	65	0.57121
48	65	0.69182
58	65	-1.3763
59	65	2.6212
61	65	-1.9669
62	65	4.2684
64	65	2.54
28	66	1.404
33	66	1.1399
34	66	1.2284
39	66	1.0516
51	66	-1.5175
52	66	-1.3076
55	66	-1.8753
56	66	-1.6463
57	66	-2.103
60	66	-1.6406
63	66	-0.87106
65	66	-0.84292
28	67	2.0488
33	67	1.9074
34	67	1.9584
35	67	0.58429
39	67	1.8246
40	67	0.5597
41	67	0.74669
47	67	0.42481
48	67	0.52862
58	67	-0.64036
59	67	4.5035
61	67	-2.0136
62	67	3.7259
64	67	3.9649
66	67	2.9445
28	68	1.725
33	68	1.3091
34	68	1.5783
39	68	1.3793
51	68	-0.16591
52	68	-0.0034526
55	68	-0.59731
56	68	-0.3586
57	68	-0.71746
60	68	-1.2265
63	68	-1.8898
65	68	-1.7949
67	68	-1.4969
5	69	4.6483
10	69	4.9702
16	69	7.0833
21	69	5.0905
22	69	4.7759
23	69	2.7622
24	69	4.6842
25	69	2.7736
28	69	2.6884
29	69	4.5631
31	69	1.1847
33	69	2.2071
34	69	2.4506
37	69	2.215
39	69	2.358
43	69	1.1618
44	69	6.5832
45	69	6.7291
46	69	6.6303
49	69	6.3898
50	69	7.0328
53	69	5.6176
5	70	4.7626
10	70	5.0828
16	70	7.1642
21	70	5.2004
22	70	4.8993
23	70	2.5874
24	70	4.8126
25	70	2.5859
28	70	2.5877
29	70	4.7169
31	70	1.2935
33	70	2.12
34	70	2.3544
37	70	2.377
39	70	2.2635
43	70	1.2707
44	70	6.6248
45	70	6.7698
46	70	6.6719
49	70	6.4845
50	70	7.1097
53	70	5.7399
5	71	5.061
10	71	5.3767
16	71	7.371
21	71	5.4828
22	71	5.2184
23	71	2.1622
24	71	5.1421
25	71	2.1277
28	71	2.2421
29	71	5.1179
31	71	1.656
33	71	1.808
34	71	2.0191
37	71	2.8947
39	71	1.9317
43	71	1.6471
44	71	6.7224
45	71	6.8644
46	71	6.7689
49	71	6.7172
50	71	7.2967
53	71	6.0358
26	72	1.9921
28	72	1.9752
30	72	2.1331
33	72	1.5939
34	72	1.7395
36	72	2.3317
39	72	1.6099
42	72	2.3546
69	72	-1.9504
70	72	-1.9384
71	72	-1.7482
26	73	1.5478
28	73	1.8128
30	73	1.6401
33	73	1.4591
34	73	1.5941
36	73	1.7812
39	73	1.4733
42	73	1.7739
69	73	-2.1238
70	73	-2.1594
71	73	-2.0346
26	74	1.2716
28	74	1.8054
30	74	1.3395
33	74	1.4702
34	74	1.5991
36	74	1.4522
39	74	1.485
42	74	1.4335
69	74	-2.1979
70	74	-2.2366
71	74	-2.1369
28	75	2.9469
33	75	3.2194
34	75	3.1887
39	75	3.5444
51	75	1.4498
52	75	1.3357
55	75	1.5484
56	75	1.0968
57	75	0.94374
60	75	-1.1485
63	75	-1.737
65	75	-1.6164
67	75	-1.6732
26	76	2.5469
28	76	4.9151
30	76	2.3186
33	76	4.3966
34	76	4.7321
36	76	2.1911
39	76	4.6306
42	76	2.1179
69	76	-1.7772
70	76	-1.9053
71	76	-1.9231
26	77	3.0199
28	77	3.9306
30	77	2.7775
33	77	3.5061
34	77	3.7603
36	77	2.6172
39	77	3.6306
42	77	2.5469
69	77	-1.9313
70	77	-2.0255
71	77	-2.036
1	78	3.4891
4	78	2.9068
9	78	4.0721
28	78	6.4045
33	78	7.1734
34	78	7.0309
39	78	7.3066
1	79	3.29
4	79	2.7278
9	79	3.8569
28	79	6.5041
33	79	7.0233
34	79	7.1591
39	79	7.4524
26	80	2.8255
28	80	4.5422
30	80	2.6002
33	80	4.0683
34	80	4.3719
36	80	2.4677
39	80	4.2662
42	80	2.4005
69	80	-2.2025
70	80	-2.3052
71	80	-2.212
1	81	3.691
4	81	3.1007
9	81	4.2803
28	81	6.7375
33	81	7.6224
34	81	7.3604
39	81	7.6311
1	82	3.1656
4	82	2.6134
9	82	3.7249
28	82	6.7102
33	82	7.1166
34	82	7.3814
39	82	7.6831
26	83	3.0859
28	83	3.1044
30	83	3.3279
33	83	2.6638
34	83	2.8503
36	83	3.6402
39	83	2.7244
42	83	3.7843
69	83	2.4234
70	83	3.2319
71	83	4.9501
26	84	5.8328
28	84	6.5907
30	84	6.158
33	84	6.0125
34	84	6.3814
36	84	6.5508
39	84	6.3869
42	84	6.85
69	84	7.2745
70	84	7.3593
71	84	7.6812
26	85	4.5789
28	85	4.772
30	85	4.8919
33	85	4.2172
34	85	4.5004
36	85	5.2718
39	85	4.4026
42	85	5.5261
69	85	6.0722
70	85	6.2098
71	85	6.6435
1	86	3.6439
2	86	2.8406
3	86	2.5987
4	86	4.1859
5	86	3.4238
6	86	2.8984
7	86	2.9187
8	86	2.3398
9	86	4.2083
10	86	3.4488
11	86	2.438
12	86	2.3732
13	86	1.8401
14	86	3.2649
15	86	2.9334
16	86	4.4458
17	86	2.4141
18	86	1.8116
19	86	4.1197
20	86	3.3217
21	86	3.4518
22	86	2.9943
23	86	2.2717
24	86	2.9564
25	86	2.3607
26	86	1.8169
27	86	5.1251
29	86	2.1908
30	86	1.7695
31	86	1.4553
32	86	5.3865
35	86	1.7151
36	86	1.7604
37	86	1.4719
38	86	5.5647
40	86	2.0229
41	86	1.4371
42	86	1.7125
43	86	1.3567
44	86	6.1047
45	86	6.0524
46	86	6.045
47	86	2.4784
48	86	2.1981
49	86	2.9993
50	86	4.1625
51	86	2.4322
52	86	2.2998
53	86	2.4676
54	86	7.4145
55	86	2.5064
56	86	2.159
57	86	1.9611
58	86	-0.58643
59	86	0.69332
60	86	-0.47171
61	86	-2.1691
62	86	-0.48753
63	86	-1.4704
64	86	-0.43352
65	86	-1.1669
66	86	-0.62979
67	86	-1.2572
68	86	-1.2048
69	86	-1.7511
70	86	-1.8285
71	86	-1.7323
72	86	-1.4264
73	86	-1.6259
74	86	-1.7561
75	86	-2.3696
76	86	-1.6345
77	86	-1.938
78	86	-1.49
79	86	-1.7616
80	86	-1.9693
81	86	-1.7683
82	86	-1.9343
83	86	-1.1942
84	86	1.8618
85	86	-0.59503
26	87	5.3138
28	87	5.351
30	87	5.613
33	87	4.7915
34	87	5.1032
36	87	5.9772
39	87	5.0422
42	87	6.2325
69	87	6.4881
70	87	6.6081
71	87	7.0095
86	87	-0.19107
2	88	3.4999
6	88	3.6699
7	88	3.7269
13	88	2.6505
18	88	2.6729
28	88	3.2319
33	88	2.8119
34	88	3.0547
39	88	2.9351
86	88	-1.5251
26	89	2.5331
28	89	2.6771
30	89	2.6887
33	89	2.2857
34	89	2.453
36	89	2.8996
39	89	2.3444
42	89	2.974
69	89	0.32779
70	89	0.59337
71	89	1.6904
86	89	-1.2902
3	90	2.502
8	90	2.8745
11	90	2.6224
12	90	2.7016
17	90	2.4564
28	90	2.1491
33	90	1.833
34	90	1.9681
39	90	1.8425
86	90	-1.5802
88	90	-2.2157
28	91	0.08223
33	91	1.1217
34	91	0.1517
39	91	0.068092
86	91	-2.4789
26	92	4.8904
28	92	5.218
30	92	5.186
33	92	4.6791
34	92	4.9745
36	92	5.5454
39	92	4.9103
42	92	5.7909
69	92	5.9581
70	92	6.0919
71	92	6.5255
86	92	0.053998
26	93	4.4534
28	93	5.0873
30	93	4.7472
33	93	4.5693
34	93	4.8432
36	93	5.1046
39	93	4.7683
42	93	5.3406
69	93	5.4791
70	93	5.6316
71	93	6.1066
86	93	0.20375
3	94	3.9661
8	94	3.4693
11	94	3.9039
12	94	3.7913
17	94	4.0123
28	94	5.1047
33	94	4.7067
34	94	5.0284
39	94	4.8734
86	94	-2.1084
88	94	-2.0114
2	95	3.3325
6	95	3.4968
7	95	3.5443
13	95	2.7412
18	95	2.774
28	95	3.1793
33	95	2.7848
34	95	3.0128
39	95	2.8971
86	95	-1.7262
90	95	-2.254
94	95	-2.2323
14	96	6.8824
15	96	6.7752
19	96	2.9168
20	96	6.6348
27	96	3.1547
28	96	6.5222
32	96	3.1786
33	96	7.0334
34	96	6.9757
38	96	2.9709
39	96	7.2266
78	96	-2.1987
79	96	-2.4835
81	96	-1.9405
82	96	-1.9397
86	96	-2.1336
3	97	3.6813
8	97	3.2091
11	97	3.6102
12	97	3.5079
17	97	3.6997
28	97	5.4461
33	97	5.0211
34	97	5.3783
39	97	5.2457
86	97	-1.8123
88	97	-1.9863
95	97	-2.1152
2	98	3.41
6	98	3.5771
7	98	3.628
13	98	2.6046
18	98	2.6312
28	98	3.3606
33	98	2.944
34	98	3.1911
39	98	3.0806
86	98	-1.5525
90	98	-2.1901
94	98	-1.7459
97	98	-1.7968
3	99	2.5454
8	99	2.8973
11	99	2.6675
12	99	2.7408
17	99	2.5126
28	99	2.319
33	99	2.0023
34	99	2.141
39	99	2.0206
86	99	-1.5612
88	99	-1.6432
95	99	-1.6171
98	99	-1.6575
14	100	7.1102
15	100	6.8149
19	100	3.796
20	100	6.9234
27	100	4.0539
28	100	6.1549
32	100	4.1056
33	100	7.3039
34	100	6.5568
38	100	3.8747
39	100	6.7784
78	100	-1.9234
79	100	-2.3127
81	100	-1.9306
82	100	-1.7682
86	100	-2.1248
3	101	3.8072
8	101	3.3125
11	101	3.7511
12	101	3.6388
17	101	3.8621
28	101	5.0446
33	101	4.6548
34	101	4.9786
39	101	4.8327
86	101	-1.8675
88	101	-1.6831
95	101	-2.0791
98	101	-1.6487
14	102	6.8877
15	102	6.6687
19	102	3.2352
20	102	6.6492
27	102	3.4807
28	102	6.2352
32	102	3.515
33	102	7.0419
34	102	6.6572
38	102	3.2957
39	102	6.8922
78	102	-2.31
79	102	-2.4817
81	102	-2.3211
82	102	-2.1208
86	102	-2.1392
14	103	6.7915
15	103	6.7043
19	103	2.9928
20	103	6.5451
27	103	3.2307
28	103	6.4324
32	103	3.2549
33	103	6.885
34	103	6.882
38	103	3.0473
39	103	7.1333
78	103	-2.0234
79	103	-2.3486
81	103	-1.9846
82	103	-2.1724
86	103	-2.087
26	104	4.3585
28	104	4.621
30	104	4.6099
33	104	4.1454
34	104	4.3884
36	104	4.9217
39	104	4.3103
42	104	5.1121
69	104	4.6689
70	104	4.8667
71	104	5.4561
86	104	0.35277
1	105	3.7546
4	105	3.9432
9	105	3.7256
28	105	3.4857
33	105	4.547
34	105	3.8708
39	105	4.0132
86	105	-2.4615
96	105	-2.6394
100	105	-2.3825
102	105	-1.766
103	105	-1.5632
1	106	3.5062
4	106	3.6948
9	106	3.4766
28	106	3.6146
33	106	4.7045
34	106	4.0089
39	106	4.1531
86	106	-2.284
96	106	-2.2165
100	106	-2.3588
102	106	-1.3389
103	106	-1.094
14	107	6.8001
15	107	6.5022
19	107	3.6778
20	107	6.5736
27	107	3.9323
28	107	5.9475
32	107	3.9782
33	107	6.9714
34	107	6.3475
38	107	3.7507
39	107	6.5723
78	107	-1.9453
79	107	-2.396
81	107	-2.0115
82	107	-2.244
86	107	-1.8216
105	107	-1.2245
106	107	-0.7393
26	108	5.2812
28	108	5.8387
30	108	5.5576
33	108	5.3478
34	108	5.636
36	108	5.8951
39	108	5.6125
42	108	6.1307
69	108	5.9699
70	108	6.0901
71	108	6.4963
86	108	2.3406
offset
60
