154
detection	body_part	cost
1	7	-1.5868
2	6	-2.1575
3	2	-1.5048
4	5	-0.098356
5	8	-1.5672
6	8	-1.4842
7	10	-0.54643
8	3	-2.6311
9	3	-3.4803
10	9	-1.6575
11	11	-2.1522
12	2	-3.7709
13	9	-0.89139
14	11	-1.1118
15	1	-5.2979
16	12	-1.5267
17	12	-2.0617
18	14	-1.3459
19	6	-2.8602
20	7	-1.3163
21	4	-1.5212
22	4	-2.1933
23	4	-1.3429
24	10	-0.97662
25	3	-2.6054
26	3	-1.957
27	11	-1.3624
28	1	-3.8639
29	5	-0.63415
30	5	-0.6214
31	2	-3.3528
32	14	-1.2379
33	2	-2.9086
34	5	-0.10163
35	5	0.052053
36	10	-0.48019
37	11	-0.64308
38	9	-1.0344
39	11	-1.4006
40	1	-3.3557
41	9	-1.3639
42	13	-1.1296
43	12	-1.5642
44	12	-1.8388
45	13	-0.34283
46	13	-0.6956
47	12	-1.503
48	14	-1.9846
49	10	-0.38444
50	14	-1.5592
51	4	-1.0945
52	4	-1.1051
53	5	-0.27053
54	4	-1.3667
55	5	-0.39318
56	3	-4.0349
57	9	-1.2254
58	9	-0.81521
59	2	-3.7446
60	14	-0.44321
61	1	-4.6231
62	14	-0.62528
63	13	-2.1465
64	6	-2.1286
65	6	-4.2771
66	6	-2.6312
67	7	-1.1199
68	7	-2.2057
69	7	-3.0846
70	5	-0.68168
71	8	-2.5462
72	5	-0.46734
73	8	-3.0083
74	8	-1.1648
75	3	-2.809
76	9	-1.0693
77	13	-0.42832
78	2	-3.5795
79	1	-4.7545
80	3	-1.9794
81	7	-3.5041
82	13	-0.57253
83	12	-1.4536
84	11	-1.0837
85	6	-3.8832
86	10	-0.30572
87	3	-1.9279
88	2	-3.0191
89	11	-0.5932
90	2	-2.4577
91	1	-2.7632
92	1	-4.3927
93	6	-1.821
94	7	-1.5569
95	7	-0.99191
96	13	-0.56145
97	8	-1.3564
98	8	-1.8272
99	10	-0.56426
100	1	-2.8299
101	10	-0.60872
102	2	-1.7831
103	11	-0.39812
104	14	-0.41778
105	11	-0.68336
106	14	-0.35245
107	6	-3.353
108	7	-3.0254
109	4	-0.99602
110	4	-2.1311
111	3	-3.463
112	3	-4.8418
113	9	-1.9466
114	9	-1.5024
115	1	-3.5636
116	10	-0.70974
117	2	-3.7566
118	1	-6.3069
119	10	-1.3059
120	8	-1.8225
121	8	-3.6078
122	12	-1.7904
123	12	-1.8501
124	11	-3.5091
125	12	-1.7866
126	12	-1.6883
127	13	-0.53263
128	13	-1.4761
129	6	-4.5505
130	14	-3.2755
131	7	-3.333
132	13	-0.22793
133	5	-1.4589
134	5	-4.8957
135	4	-2.6059
136	4	-4.2365
137	9	-1.9021
138	10	-0.50242
139	10	-0.38292
140	9	-2.1683
141	3	-3.426
142	4	-1.4925
143	13	-0.34465
144	2	-4.3028
145	1	-6.4731
146	12	-1.7587
147	8	-3.008
148	14	-1.0424
149	8	-2.2721
150	11	-0.71632
151	14	-0.82822
152	6	-4.8977
153	7	-3.7312
154	6	-2.1715
detection1	detection2	cost
5	6	-5.6071
8	9	-4.8231
3	12	17.1798
10	13	-4.8231
11	14	-4.8231
16	17	-5.6071
2	19	26.624
1	20	28.663
21	22	-5.6071
21	23	-3.7143
22	23	-5.6071
7	24	18.2456
8	25	19.4026
9	25	16.7404
8	26	20.8929
9	26	18.2456
25	26	-5.6071
11	27	15.9133
14	27	13.6628
15	28	19.7992
4	29	36.8106
4	30	37.4927
29	30	-5.6071
3	31	49.7257
12	31	25.0659
18	32	15.9133
3	33	52.3574
12	33	28.9098
31	33	8.783
4	34	46.3384
29	34	5.1977
30	34	6.1496
4	35	46.7032
29	35	4.4715
30	35	5.1977
34	35	-5.6071
7	36	38.904
24	36	13.4073
11	37	30.546
14	37	28.5141
27	37	7.7607
10	38	32.4299
13	38	30.7807
11	39	32.295
14	39	30.3571
27	39	9.9513
37	39	-4.8231
15	40	30.546
28	40	11.4286
10	41	34.3146
13	41	32.6536
38	41	-5.6071
16	43	30.546
17	43	30.4044
16	44	30.7807
17	44	30.546
43	44	-5.6071
42	45	-3.2674
42	46	-4.8231
45	46	-5.6071
16	47	32.4299
17	47	32.295
43	47	-5.6071
44	47	-4.8231
18	48	36.0768
32	48	13.6628
7	49	53.5428
24	49	28.4643
36	49	7.7607
18	50	37.968
32	50	15.5276
48	50	-5.6071
21	51	32.4299
22	51	32.295
23	51	32.25
21	52	32.6536
22	52	32.4299
23	52	32.295
51	52	-5.6071
4	53	67.3816
29	53	23.3135
30	53	23.0214
34	53	14.5743
35	53	13.6628
21	54	34.3146
22	54	34.1859
23	54	34.1429
51	54	-5.6071
52	54	-4.8231
4	55	69.2016
29	55	25.1758
30	55	24.9005
34	55	16.2174
35	55	15.3715
53	55	-5.6071
8	56	57.7693
9	56	55.4215
25	56	34.1859
26	56	32.295
10	57	56.3541
13	57	54.9356
38	57	17.1071
41	57	15.3715
10	58	57.8516
13	58	56.3541
38	58	18.2456
41	58	16.443
57	58	-4.8231
3	59	83.5541
12	59	59.583
31	59	30.3571
33	59	23.8324
18	60	51.4527
32	60	28.4643
48	60	8.1089
50	60	6.2802
15	61	59.0737
28	61	34.1859
40	61	22.1279
18	62	53.337
32	62	30.3571
48	62	9.9513
50	62	8.1089
60	62	-5.6071
42	63	21.4551
45	63	19.0675
46	63	19.269
2	64	93.1245
19	64	59.0737
2	65	94.4335
19	65	60.4586
64	65	-4.8231
2	66	96.7619
19	66	62.74
64	66	-3.7143
65	66	-4.8231
1	67	99.4757
20	67	63.7529
1	68	102.7579
20	68	66.8775
67	68	-3.2674
1	69	103.1634
20	69	67.3816
67	69	-3.7143
68	69	-5.6071
4	70	90.9286
29	70	51.2701
30	70	51.786
34	70	38.904
35	70	39.3267
53	70	26.2014
55	70	24.7342
5	71	85.25
6	71	85.2693
4	72	92.8214
29	72	53.101
30	72	53.6015
34	72	40.7586
35	72	41.1652
53	72	27.7092
55	72	26.2014
70	72	-5.6071
5	73	87.1429
6	73	87.1618
71	73	-5.6071
5	74	94.2576
6	74	93.6749
71	74	24.9005
73	74	24.7342
8	75	85.5585
9	75	83.8487
25	75	68.5213
26	75	66.7328
56	75	32.7427
10	76	83.436
13	76	81.4844
38	76	44.1649
41	76	42.2933
57	76	25.6115
58	76	23.0214
42	77	39.9726
45	77	37.9286
46	77	37.968
63	77	11.523
3	78	104.2427
12	78	83.8487
31	78	62.842
33	78	49.4432
59	78	31.3382
15	79	81.9663
28	79	63.1723
40	79	45.2968
61	79	28.663
8	80	87.3131
9	80	85.5585
25	80	69.7369
26	80	67.9298
56	80	33.0089
75	80	-4.8231
1	81	111.765
20	81	75.9791
67	81	23.0214
68	81	19.6016
69	81	21.3311
42	82	41.8597
45	82	39.8214
46	82	39.8593
63	82	13.4073
77	82	-5.6071
16	83	79.592
17	83	79.6537
43	83	42.0408
44	83	42.2933
47	83	40.1609
11	84	87.1618
14	84	85.3272
27	84	64.826
37	84	49.5689
39	84	47.5232
2	85	111.765
19	85	80.0843
64	85	27.4026
65	85	24.7342
66	85	25.0659
7	86	98.7701
24	86	73.8929
36	86	53.101
49	86	37.9286
8	87	106.0872
9	87	104.2427
25	87	87.1618
26	87	85.3079
56	87	47.6858
75	87	14.0819
80	87	11.8034
3	88	125.4858
12	88	104.1946
31	88	80.1865
33	88	68.5919
59	88	44.1996
78	88	14.6553
11	89	106.2133
14	89	104.2427
27	89	83.3571
37	89	68.2379
39	89	66.4184
84	89	12.8867
3	90	127.3719
12	90	106.0872
31	90	82.0263
33	90	70.4756
59	90	45.9376
78	90	16.443
88	90	-5.6071
15	91	104.3228
28	91	83.8684
40	91	66.9256
61	91	44.9905
79	91	15.5276
15	92	104.2427
28	92	83.4557
40	92	66.7087
61	92	44.1996
79	92	15.9133
91	92	-5.6071
2	93	130.8859
19	93	98.5676
64	93	39.0581
65	93	36.5267
66	93	35.7053
85	93	12.262
1	94	136.3696
20	94	100.4095
67	94	38.2821
68	94	34.0567
69	94	35.0367
81	94	17.3966
1	95	136.4069
20	95	100.3929
67	95	37.3731
68	95	33.1414
69	95	34.0567
81	95	17.7539
94	95	-5.6071
42	96	66.5395
45	96	64.4535
46	96	64.5281
63	96	37.9286
77	96	19.0675
82	96	17.1798
5	97	123.1209
6	97	123.1071
71	97	30.4044
73	97	28.5141
74	97	38.086
5	98	125.0541
6	98	125.0135
71	98	32.4299
73	98	30.546
74	98	38.3212
97	98	-4.8231
7	99	125.0541
24	99	100.4593
36	99	79.7564
49	99	64.5281
86	99	19.269
15	100	115.8992
28	100	95.7952
40	100	78.703
61	100	56.885
79	100	26.5714
91	100	4.4715
92	100	5.1977
7	101	126.9462
24	101	102.351
36	101	81.6453
49	101	66.4184
86	101	21.1441
99	101	-5.6071
3	102	140.252
12	102	119.5472
31	102	96.2624
33	102	84.3182
59	102	60.3531
78	102	28.5141
88	102	8.6726
90	102	6.9156
11	103	121.3395
14	103	119.3779
27	103	98.5
37	103	83.3769
39	103	81.5448
84	103	27.4026
89	103	7.6429
18	104	113.7759
32	104	90.9286
48	104	70.1994
50	104	68.3089
60	104	54.9643
62	104	53.0714
11	105	123.2305
14	105	121.2699
27	105	100.3929
37	105	85.2693
39	105	83.436
84	105	29.2526
89	105	9.5357
103	105	-5.6071
18	106	115.6667
32	106	92.8214
48	106	72.0901
50	106	70.1994
60	106	56.8571
62	106	54.9643
104	106	-5.6071
2	107	147.7604
19	107	115.7685
64	107	56.1293
65	107	53.6601
66	107	52.6559
85	107	28.5141
93	107	9.9513
1	108	151.5
20	108	115.5939
67	108	52.6559
68	108	48.4274
69	108	49.2226
81	108	32.295
94	108	7.7607
95	108	8.1089
21	109	112.4839
22	109	112.7076
23	109	112.9607
51	109	73.8048
52	109	74.2223
54	109	71.9549
21	110	114.3653
22	110	114.5856
23	110	114.8348
51	110	75.6566
52	110	76.0649
54	110	73.8048
109	110	-5.6071
8	111	132.6226
9	111	130.7952
25	111	113.5541
26	111	111.6899
56	111	73.3629
75	111	39.9726
80	111	37.968
87	111	19.0675
8	112	132.5842
9	112	130.7304
25	112	113.2429
26	112	111.3738
56	112	72.8517
75	112	40.1609
80	112	38.086
87	112	19
111	112	-5.6071
10	113	134.4769
13	113	132.6226
38	113	94.7318
41	113	92.8393
57	113	72.8071
58	113	70.6821
76	113	43.9217
10	114	134.5148
13	114	132.6865
38	114	94.7143
41	114	92.8214
57	114	72.5614
58	114	70.4756
76	114	44.1649
113	114	-5.6071
15	115	132.6226
28	115	111.3738
40	115	94.9943
61	115	71.0251
79	115	43.9217
91	115	20.9559
92	115	20.8929
100	115	10.4572
7	116	144.3539
24	116	119.3779
36	116	98.5169
49	116	83.436
86	116	38.086
99	116	12.8867
101	116	11.1425
3	117	157.5697
12	117	136.3696
31	117	111.6899
33	117	100.6582
59	117	74.6814
78	117	46.0381
88	117	24.6786
90	117	22.7857
102	117	10.4572
15	118	134.5148
28	118	113.2429
40	118	96.8821
61	118	72.8517
79	118	45.8033
91	118	22.8448
92	118	22.7857
100	118	12.262
115	118	-5.6071
7	119	146.1133
24	119	121.2282
36	119	100.3929
49	119	85.2693
86	119	39.8593
99	119	14.0819
101	119	12.262
116	119	-4.8231
5	120	149.6527
6	120	149.6185
71	120	56.9684
73	120	55.0789
74	120	59.3958
97	120	19.0675
98	120	17.1071
5	121	151.6014
6	121	151.5451
71	121	58.9929
73	121	57.1072
74	121	60.3531
97	121	21.1441
98	121	19.0675
120	121	-4.8231
16	122	134.4769
17	122	134.4643
43	122	96.6243
44	122	96.676
47	122	94.7318
83	122	47.5232
16	123	134.5148
17	123	134.4769
43	123	96.6071
44	123	96.6243
47	123	94.7143
83	123	47.6858
122	123	-5.6071
11	124	142.0477
14	124	140.1429
27	124	119.3779
37	124	104.1946
39	124	102.2857
84	124	47.5232
89	124	28.663
103	124	13.6628
105	124	11.8034
16	125	136.3696
17	125	136.3571
43	125	98.5169
44	125	98.5676
47	125	96.6243
83	125	49.4118
122	125	-5.6071
123	125	-4.8231
16	126	136.4069
17	126	136.3696
43	126	98.5
44	126	98.5169
47	126	96.6071
83	126	49.5689
122	126	-4.8231
123	126	-5.6071
125	126	-5.6071
42	127	100.4593
45	127	98.5
46	127	98.5169
63	127	72.0225
77	127	53.0714
82	127	51.1786
96	127	26.624
42	128	102.4325
45	128	100.4095
46	128	100.4593
63	128	73.8929
77	128	54.993
82	128	53.101
96	128	28.4643
127	128	-4.8231
2	129	170.5192
19	129	138.3606
64	129	77.0029
65	129	74.6814
66	129	73.3629
85	129	51.3006
93	129	32.295
107	129	15.293
18	130	140.155
32	130	117.4859
48	130	96.6071
50	130	94.7143
60	130	81.5448
62	130	79.6537
104	130	19.269
106	130	17.3966
1	131	176.1949
20	131	140.155
67	131	74.2223
68	131	70.1071
69	131	70.5445
81	131	57.301
94	131	32.4299
95	131	32.295
108	131	17.7539
42	132	106.2133
45	132	104.1946
46	132	104.2427
63	132	77.6786
77	132	58.777
82	132	56.885
96	132	32.25
127	132	-1.5143
128	132	-3.7143
4	133	174.2537
29	133	133.8446
30	133	134.1105
34	133	121.8945
35	133	122.102
53	133	105.0096
55	133	103.1634
70	133	75.8717
72	133	73.9808
4	134	178.0386
29	134	137.5971
30	134	137.8561
34	134	125.6609
35	134	125.8625
53	134	108.7066
55	134	106.8574
70	134	79.6537
72	134	77.7627
133	134	-3.7143
21	135	152.41
22	135	152.6227
23	135	152.8575
51	135	113.5541
52	135	113.894
54	135	111.6899
109	135	32.4299
110	135	30.546
21	136	154.2922
22	136	154.5025
23	136	154.7345
51	136	115.4192
52	136	115.7539
54	136	113.5541
109	136	34.3146
110	136	32.4299
135	136	-5.6071
10	137	168.6273
13	137	166.684
38	137	129.1139
41	137	127.2257
57	137	107.638
58	137	105.4704
76	137	77.6996
113	137	27.4026
114	137	27.8615
7	138	176.1462
24	138	151.5451
36	138	130.7952
49	138	115.5939
86	138	70.1994
99	138	43.6071
101	138	41.7143
116	138	25.5573
119	138	23.3135
7	139	176.1949
24	139	151.5113
36	139	130.7304
49	139	115.5503
86	139	70.1302
99	139	43.6422
101	139	41.7507
116	139	25.1758
119	139	23.0214
138	139	-5.6071
10	140	170.5192
13	140	168.5764
38	140	131.0023
41	140	129.1139
57	140	109.5055
58	140	107.342
76	140	79.592
113	140	29.2526
114	140	29.6887
137	140	-5.6071
8	141	174.303
9	141	172.4808
25	141	154.9883
26	141	153.1143
56	141	114.2624
75	141	81.4844
80	141	79.5714
87	141	60.7479
111	141	34.1859
112	141	34.3146
21	142	158.2629
22	142	158.4896
23	142	158.7377
51	142	119.4767
52	142	119.8289
54	142	117.6149
109	142	38.2821
110	142	36.4045
135	142	-1.5143
136	142	-3.2674
42	143	128.904
45	143	126.9062
46	143	126.9462
63	143	100.3929
77	143	81.4844
82	143	79.592
96	143	54.9643
127	143	20.9559
128	143	19
132	143	15.2143
3	144	193.2232
12	144	172.4808
31	144	148.0947
33	144	136.9661
59	144	110.9662
78	144	81.4844
88	144	60.8791
90	144	58.9929
102	144	45.5
117	144	28.9098
15	145	170.5896
28	145	149.3675
40	145	133.0311
61	145	108.7066
79	145	81.4844
91	145	58.777
92	145	58.8581
100	145	47.4255
115	145	30.546
118	145	28.663
16	146	166.6531
17	146	166.684
43	146	128.904
44	146	128.9959
47	146	127.0128
83	146	79.5714
122	146	24.9005
123	146	25.1758
125	146	23.0214
126	146	23.3135
5	147	184.4361
6	147	184.2774
71	147	92.3919
73	147	90.5273
74	147	88.3466
97	147	54.9356
98	147	52.6559
120	147	29.0571
121	147	26.624
18	148	166.6429
32	148	144.035
48	148	123.1209
50	148	121.2282
60	148	108.1038
62	148	106.2133
104	148	45.8033
106	148	43.9217
130	148	19.0675
5	149	186.3215
6	149	186.1644
71	149	94.2576
73	149	92.3919
74	149	90.2162
97	149	56.7736
98	149	54.5037
120	149	30.8274
121	149	28.4144
147	149	-5.6071
11	150	176.1071
14	150	174.2241
27	150	153.493
37	150	138.2992
39	150	136.3696
84	150	81.4844
89	150	62.7655
103	150	47.6858
105	150	45.8033
124	150	26.624
18	151	168.5357
32	151	145.9266
48	151	125.0135
50	151	123.1209
60	151	109.9944
62	151	108.1038
104	151	47.6858
106	151	45.8033
130	151	20.9559
148	151	-5.6071
2	152	200.7917
19	152	168.6273
64	152	106.4651
65	152	104.2427
66	152	102.7579
85	152	81.5448
93	152	62.5613
107	152	45.5338
129	152	22.7857
1	153	204.576
20	153	168.5459
67	153	102.0407
68	153	97.9918
69	153	98.3139
81	153	85.5585
94	153	60.7479
95	153	60.6691
108	153	45.8033
131	153	20.8929
2	154	202.7435
19	154	170.4688
64	154	107.9643
65	154	105.7713
66	154	104.2427
85	154	83.5344
93	154	64.4286
107	154	47.5232
129	154	24.7342
152	154	-4.8231
1	2	-1.9695
1	5	4.8713
1	6	5.1782
7	10	-1.7995
7	11	-1.5606
7	13	-1.8598
7	14	-1.5755
1	15	2.8467
2	15	4.0876
3	15	1.2557
4	15	-0.24652
5	15	-1.4214
6	15	-1.596
7	15	-1.1597
8	15	-2.2049
9	15	-2.17
10	15	-1.8798
11	15	-1.4886
12	15	-2.4904
13	15	-1.7065
14	15	-1.5887
15	16	-1.7552
15	17	-1.7721
15	18	-1.6722
1	19	1.8741
15	19	-2.4818
2	20	3.037
5	20	-2.0497
6	20	-2.103
15	20	-1.3578
19	20	-0.038692
4	21	4.873
8	21	2.861
9	21	3.1938
15	21	4.0458
4	22	4.1416
8	22	2.8095
9	22	3.1327
15	22	4.0023
4	23	3.5256
8	23	2.5915
9	23	2.9049
15	23	3.8269
10	24	3.8428
11	24	1.0601
13	24	3.6173
14	24	1.1358
15	24	2.8736
15	25	3.3447
21	25	-1.0457
22	25	-1.0383
23	25	-1.3081
15	26	3.3578
21	26	-1.6359
22	26	-1.5803
23	26	-1.8083
7	27	1.1572
15	27	1.5665
24	27	-1.5836
1	28	7.0081
2	28	6.6009
3	28	4.0919
4	28	4.1687
5	28	4.7732
6	28	4.7589
7	28	3.3347
8	28	1.5404
9	28	1.9153
10	28	3.9604
11	28	1.3528
12	28	2.3616
13	28	4.2874
14	28	1.2853
16	28	5.2368
17	28	4.9339
18	28	1.3125
19	28	5.4615
20	28	7.1321
21	28	-1.0548
22	28	-0.98809
23	28	-1.1207
24	28	-0.24421
25	28	-2.0066
26	28	-2.0783
27	28	-1.2641
15	29	4.9177
21	29	-0.74544
22	29	-1.2236
23	29	-1.7021
28	29	0.36168
15	30	4.3941
21	30	-1.3379
22	30	-1.2436
23	30	-1.1767
28	30	-0.32971
15	31	5.1461
28	31	-2.1285
15	32	1.0191
28	32	-1.4978
15	33	4.9682
28	33	-0.29744
15	34	6.0289
21	34	2.6521
22	34	2.4141
23	34	2.1829
28	34	4.5148
15	35	5.9621
21	35	2.45
22	35	2.2202
23	35	1.9982
28	35	4.1225
10	36	3.9706
11	36	2.9207
13	36	3.8083
14	36	3.0449
15	36	3.4186
27	36	1.2938
28	36	1.02
7	37	2.3264
15	37	2.1744
24	37	0.73768
28	37	0.058964
36	37	-1.982
7	38	2.7988
15	38	4.5594
24	38	-0.31157
28	38	3.4663
36	38	-1.4783
7	39	2.3536
15	39	2.1529
24	39	0.77264
28	39	0.11367
36	39	-2.3315
1	40	5.8673
2	40	6.2747
3	40	4.5345
4	40	3.4499
5	40	2.5346
6	40	2.6243
7	40	3.6885
8	40	2.2017
9	40	2.6968
10	40	4.0829
11	40	2.2698
12	40	3.3939
13	40	4.299
14	40	2.2651
16	40	4.8494
17	40	4.7113
18	40	2.0169
19	40	5.0415
20	40	5.2737
21	40	0.12083
22	40	0.070628
23	40	-0.039405
24	40	-0.44092
25	40	0.060736
26	40	-0.14596
27	40	-0.3672
29	40	-1.3888
30	40	-1.0533
31	40	4.4303
32	40	-0.15315
33	40	-1.6569
34	40	-0.98229
35	40	-0.74087
36	40	-1.8204
37	40	-1.4496
38	40	-1.2946
39	40	-1.404
7	41	2.9218
15	41	4.5948
24	41	-0.27233
28	41	3.6127
36	41	-1.2981
40	41	-1.0711
15	42	3.1395
16	42	3.4799
17	42	3.5935
18	42	2.7752
28	42	0.93023
32	42	1.0656
40	42	-1.4263
15	43	3.9643
28	43	3.112
40	43	-1.1696
42	43	-2.1994
15	44	3.9206
28	44	2.8743
40	44	-1.1915
42	44	-2.0787
15	45	3.46
16	45	3.8512
17	45	3.9697
18	45	2.5278
28	45	1.5042
32	45	0.72175
40	45	-1.0443
43	45	-1.8116
44	45	-1.6271
15	46	3.4418
16	46	3.7599
17	46	3.8757
18	46	2.664
28	46	1.4119
32	46	0.94895
40	46	-0.99485
43	46	-1.8106
44	46	-1.6281
15	47	3.8629
28	47	3.0525
40	47	-1.0737
42	47	-2.027
45	47	-2.2723
46	47	-2.187
15	48	2.2099
28	48	0.51894
40	48	-1.3269
42	48	-1.2921
45	48	-1.3367
46	48	-1.3765
10	49	6.9458
11	49	4.3271
13	49	6.851
14	49	4.4436
15	49	6.0421
27	49	3.087
28	49	4.4601
37	49	1.3326
38	49	3.2451
39	49	0.97807
40	49	2.2083
41	49	2.9686
15	50	2.2511
28	50	0.59657
40	50	-1.2194
42	50	-0.93743
45	50	-1.1319
46	50	-1.1667
4	51	4.4944
8	51	6.3777
9	51	6.8344
15	51	7.9995
25	51	5.2154
26	51	5.4896
28	51	6.3097
29	51	4.3245
30	51	4.7745
34	51	3.5764
35	51	3.3664
40	51	3.577
4	52	4.548
8	52	6.2007
9	52	6.6521
15	52	7.8214
25	52	4.9822
26	52	5.2478
28	52	6.0586
29	52	4.3365
30	52	4.8216
34	52	3.7599
35	52	3.5683
40	52	3.3914
15	53	8.0299
21	53	3.4998
22	53	3.128
23	53	3.2098
28	53	5.6752
40	53	4.0497
51	53	2.5492
52	53	3.113
4	54	3.6894
8	54	6.2934
9	54	6.7525
15	54	7.9831
25	54	5.143
26	54	5.4207
28	54	6.3184
29	54	3.5565
30	54	4.0098
34	54	2.592
35	54	2.4157
40	54	3.637
53	54	-0.86151
15	55	7.9158
21	55	2.049
22	55	1.6609
23	55	1.7256
28	55	5.5755
40	55	4.0036
51	55	1.0426
52	55	1.1482
54	55	1.8265
15	56	6.8631
21	56	2.7489
22	56	2.647
23	56	2.7966
28	56	5.5216
40	56	2.7836
51	56	-1.4432
52	56	-1.6553
54	56	-1.695
7	57	3.6648
15	57	6.1098
24	57	0.82843
28	57	4.9998
36	57	1.6976
40	57	2.7644
49	57	-1.5959
7	58	3.899
15	58	6.217
24	58	1.0214
28	58	5.1875
36	58	1.8856
40	58	2.9706
49	58	-1.9873
15	59	7.0354
28	59	3.9479
40	59	5.0869
15	60	4.363
28	60	3.052
40	60	1.6966
42	60	1.7417
45	60	1.442
46	60	1.5557
1	61	9.843
2	61	9.316
3	61	5.795
4	61	5.9731
5	61	7.443
6	61	7.5307
7	61	5.5683
8	61	3.6201
9	61	4.0942
10	61	6.1015
11	61	4.4362
12	61	4.5528
13	61	6.2981
14	61	4.4421
16	61	7.8295
17	61	7.7296
18	61	4.6958
19	61	8.2396
20	61	9.561
21	61	1.7097
22	61	1.6323
23	61	1.7663
24	61	2.2082
25	61	0.95578
26	61	1.1517
27	61	2.4489
29	61	2.6675
30	61	3.0893
31	61	4.0359
32	61	3.1657
33	61	1.581
34	61	3.038
35	61	2.7721
36	61	2.1484
37	61	1.7549
38	61	3.2305
39	61	1.647
41	61	3.2297
42	61	2.8098
43	61	4.6695
44	61	4.3504
45	61	2.8759
46	61	2.6718
47	61	4.7319
48	61	1.4417
49	61	-1.4758
50	61	1.3244
51	61	-1.539
52	61	-1.7218
53	61	-1.3184
54	61	-1.6706
55	61	-1.6226
56	61	-2.4373
57	61	-1.8644
58	61	-1.6143
59	61	-2.6226
60	61	-1.3388
15	62	4.3212
28	62	3.0281
40	62	1.6853
42	62	1.7591
45	62	1.4883
46	62	1.5936
61	62	-1.4302
15	63	4.7993
16	63	5.2489
17	63	5.325
18	63	3.7763
28	63	3.3409
32	63	2.5323
40	63	1.8957
43	63	2.4186
44	63	2.6433
47	63	2.3062
48	63	1.1848
50	63	1.0053
60	63	-1.4967
61	63	-1.4611
62	63	-1.82
1	64	9.0789
15	64	3.0239
20	64	7.7171
28	64	1.4809
40	64	0.02997
61	64	-2.2008
1	65	8.6746
15	65	2.5883
20	65	7.2911
28	65	1.1455
40	65	0.1456
61	65	-2.3799
1	66	8.8072
15	66	2.8013
20	66	7.4399
28	66	1.2866
40	66	0.040578
61	66	-2.3552
2	67	7.295
5	67	6.2627
6	67	6.1614
15	67	4.9052
19	67	6.4107
28	67	2.5734
40	67	1.4914
61	67	-1.8325
64	67	-1.0447
65	67	-1.5279
66	67	-0.8198
2	68	7.2007
5	68	6.0409
6	68	5.8921
15	68	4.7822
19	68	6.3296
28	68	2.5309
40	68	1.4642
61	68	-2.1214
64	68	-2.4481
65	68	-2.4181
66	68	-2.5056
2	69	7.2254
5	69	6.1431
6	69	6.0243
15	69	4.892
19	69	6.3477
28	69	2.5871
40	69	1.5539
61	69	-2.0702
64	69	-2.0493
65	69	-2.6835
66	69	-2.191
15	70	10.2269
21	70	5.7826
22	70	5.4498
23	70	5.134
28	70	8.4961
40	70	7.4696
51	70	5.4944
52	70	5.5927
54	70	6.5292
61	70	8.0219
1	71	10.203
15	71	9.7506
20	71	9.3234
28	71	6.9933
40	71	7.4144
61	71	5.8177
67	71	4.1127
68	71	4.5279
69	71	4.5343
15	72	10.1235
21	72	5.7189
22	72	5.3854
23	72	5.0692
28	72	8.3833
40	72	7.3707
51	72	5.5692
52	72	5.6671
54	72	6.5876
61	72	7.7765
1	73	10.2195
15	73	9.8031
20	73	9.3374
28	73	7.0275
40	73	7.4708
61	73	5.6919
67	73	4.1773
68	73	4.5907
69	73	4.5931
1	74	7.9246
15	74	6.8754
20	74	7.0445
28	74	3.6682
40	74	3.7709
61	74	-0.8914
67	74	-1.6611
68	74	-2.1613
69	74	-2.1214
15	75	9.1006
21	75	3.9956
22	75	3.9944
23	75	4.2725
28	75	8.3665
40	75	5.7712
51	75	0.74988
52	75	0.89718
54	75	0.90213
61	75	5.9003
7	76	6.088
15	76	7.8325
24	76	3.1651
28	76	7.3073
36	76	4.2459
40	76	5.6244
49	76	0.42168
61	76	5.8953
15	77	6.3339
16	77	6.3833
17	77	6.4593
18	77	5.1981
28	77	5.0113
32	77	4.0768
40	77	4.0039
43	77	3.7874
44	77	3.9835
47	77	3.7094
48	77	3.3152
50	77	3.2293
60	77	1.8214
61	77	1.8987
62	77	1.7912
15	78	7.1844
28	78	4.4517
40	78	4.6153
61	78	2.211
1	79	8.2976
2	79	9.2885
3	79	7.9383
4	79	6.3715
5	79	5.2363
6	79	5.4022
7	79	6.7692
8	79	5.5891
9	79	6.2088
10	79	6.7884
11	79	5.5831
12	79	7.054
13	79	6.9514
14	79	5.6232
16	79	7.9569
17	79	7.9084
18	79	5.2885
19	79	8.3652
20	79	7.9699
21	79	3.1227
22	79	3.1421
23	79	3.3901
24	79	3.4758
25	79	3.6465
26	79	3.4597
27	79	3.8611
29	79	3.2185
30	79	3.843
31	79	7.263
32	79	4.0426
33	79	5.1737
34	79	3.0205
35	79	2.898
36	79	3.7615
37	79	3.3574
38	79	3.6465
39	79	3.2949
41	79	3.6578
42	79	3.4612
43	79	4.5123
44	79	4.3738
45	79	3.4007
46	79	3.281
47	79	4.6079
48	79	2.845
49	79	0.68642
50	79	2.8076
51	79	1.2387
52	79	1.0367
53	79	0.59742
54	79	1.0262
55	79	0.23897
56	79	1.1917
57	79	1.0527
58	79	1.0551
59	79	5.9663
60	79	0.74715
62	79	0.81151
63	79	1.944
64	79	3.0724
65	79	3.2026
66	79	3.0167
67	79	2.3818
68	79	2.279
69	79	2.1819
70	79	-1.7899
71	79	-2.083
72	79	-1.7927
73	79	-1.709
74	79	1.4965
75	79	-2.0212
76	79	-2.1849
77	79	-1.1452
78	79	-2.1118
15	80	8.5954
21	80	3.7446
22	80	3.7433
23	80	4.0176
28	80	7.8473
40	80	5.2408
51	80	0.45264
52	80	0.72564
54	80	0.73767
61	80	5.5262
79	80	-2.2891
2	81	9.3414
5	81	3.7525
6	81	3.5254
15	81	8.4281
19	81	8.6797
28	81	6.5602
40	81	6.0193
61	81	4.9777
64	81	5.0329
65	81	5.4395
66	81	5.7358
71	81	-2.5776
73	81	-2.2735
74	81	1.4383
79	81	-1.9389
15	82	6.3878
16	82	6.4845
17	82	6.5593
18	82	5.1423
28	82	5.0629
32	82	4.0227
40	82	4.0826
43	82	3.9056
44	82	4.0979
47	82	3.8296
48	82	3.2765
50	82	3.193
60	82	1.8049
61	82	2.0309
62	82	1.7821
79	82	-1.1724
15	83	7.5475
28	83	6.7224
40	83	5.5033
42	83	3.0577
45	83	3.0138
46	83	2.9377
61	83	4.8384
63	83	1.4073
77	83	-1.6517
79	83	-2.0528
82	83	-1.4785
7	84	5.1581
15	84	5.429
24	84	4.0612
28	84	4.3878
36	84	3.0813
40	84	2.8701
49	84	1.5588
61	84	1.4623
79	84	-0.82377
1	85	7.5023
15	85	5.7249
20	85	5.8967
28	85	4.6635
40	85	3.4691
61	85	2.67
67	85	-0.44343
68	85	-0.070951
69	85	-0.028936
79	85	-2.4652
81	85	-2.2895
10	86	9.0408
11	86	6.8181
13	86	8.9828
14	86	6.9167
15	86	8.0684
27	86	5.8205
28	86	6.8741
37	86	4.8484
38	86	6.2506
39	86	4.6982
40	86	5.4207
41	86	6.1256
57	86	6.8594
58	86	6.1044
61	86	4.4955
76	86	0.36515
79	86	-0.46026
84	86	-0.33661
15	87	10.4777
21	87	5.8761
22	87	5.871
23	87	6.1285
28	87	9.453
40	87	6.9813
51	87	2.8885
52	87	3.1093
54	87	3.1461
61	87	7.3281
79	87	2.2908
15	88	8.8069
28	88	6.2557
40	88	6.5162
61	88	4.4533
79	88	3.9569
7	89	6.666
15	89	7.4729
24	89	5.635
28	89	6.5133
36	89	4.7873
40	89	5.2412
49	89	3.451
61	89	4.1984
79	89	0.69833
86	89	0.02435
15	90	8.4658
28	90	5.9468
40	90	6.1979
61	90	4.1998
79	90	3.6844
1	91	9.9428
2	91	10.5314
3	91	8.9174
4	91	8.452
5	91	7.1627
6	91	7.3283
7	91	8.255
8	91	7.2154
9	91	7.8185
10	91	8.1234
11	91	6.9709
12	91	7.9452
13	91	8.2777
14	91	7.0066
16	91	9.3938
17	91	9.3533
18	91	6.5555
19	91	9.633
20	91	9.6546
21	91	5.2486
22	91	5.2635
23	91	5.4968
24	91	5.2126
25	91	4.9497
26	91	5.1697
27	91	5.3633
29	91	5.517
30	91	6.0957
31	91	7.826
32	91	5.4213
33	91	5.9294
34	91	5.376
35	91	5.2655
36	91	5.5723
37	91	4.9673
38	91	5.3452
39	91	4.9178
41	91	5.3714
42	91	5.2314
43	91	6.3149
44	91	6.1924
45	91	5.1945
46	91	5.0855
47	91	6.419
48	91	4.4245
49	91	2.9434
50	91	4.3967
51	91	2.1551
52	91	2.3978
53	91	2.1797
54	91	2.3143
55	91	2.5348
56	91	2.0469
57	91	3.2393
58	91	3.2856
59	91	5.7983
60	91	2.614
62	91	2.6761
63	91	4.0941
64	91	4.561
65	91	4.7176
66	91	4.544
67	91	4.6118
68	91	4.5882
69	91	4.4536
70	91	1.6965
71	91	1.9173
72	91	1.874
73	91	1.8338
74	91	2.7833
75	91	1.6851
76	91	2.1519
77	91	1.7411
78	91	1.6094
80	91	2.1043
81	91	2.9434
82	91	1.6042
83	91	2.2871
84	91	1.1869
85	91	3.2199
86	91	-0.088369
87	91	-2.1409
88	91	-2.4867
89	91	-1.7725
90	91	-1.8486
1	92	9.8453
2	92	10.5668
3	92	8.8618
4	92	8.5178
5	92	7.1874
6	92	7.3508
7	92	8.3218
8	92	7.0958
9	92	7.693
10	92	8.188
11	92	7.0504
12	92	7.8782
13	92	8.3421
14	92	7.0847
16	92	9.432
17	92	9.3909
18	92	6.6088
19	92	9.6609
20	92	9.5561
21	92	5.2898
22	92	5.3032
23	92	5.5337
24	92	5.2911
25	92	4.8363
26	92	5.0544
27	92	5.4418
29	92	5.5913
30	92	6.1631
31	92	7.7358
32	92	5.4745
33	92	5.8377
34	92	5.4572
35	92	5.3463
36	92	5.6453
37	92	5.048
38	92	5.431
39	92	4.9978
41	92	5.4572
42	92	5.2736
43	92	6.3737
44	92	6.2502
45	92	5.2412
46	92	5.1312
47	92	6.4772
48	92	4.4797
49	92	3.0383
50	92	4.451
51	92	2.222
52	92	2.4588
53	92	2.2785
54	92	2.3798
55	92	2.6291
56	92	1.9549
57	92	3.3272
58	92	3.3758
59	92	5.6592
60	92	2.6713
62	92	2.7314
63	92	4.1376
64	92	4.5863
65	92	4.7448
66	92	4.571
67	92	4.5323
68	92	4.5129
69	92	4.3762
70	92	1.9016
71	92	2.0791
72	92	2.0776
73	92	2.0032
74	92	2.7754
75	92	1.689
76	92	2.3281
77	92	1.8032
78	92	1.4183
80	92	2.1037
81	92	3.0367
82	92	1.6626
83	92	2.4341
84	92	1.2552
85	92	3.4032
86	92	-0.0018325
87	92	-1.8704
88	92	-2.4205
89	92	-1.7436
90	92	-1.8852
1	93	9.4422
15	93	7.6797
20	93	7.9286
28	93	6.3274
40	93	5.2399
61	93	3.5938
67	93	2.831
68	93	2.933
69	93	2.7944
79	93	0.84589
81	93	2.3903
91	93	-1.8939
92	93	-1.9307
2	94	10.3051
5	94	6.1207
6	94	5.9076
15	94	9.4392
19	94	9.5622
28	94	7.3368
40	94	6.9294
61	94	4.8404
64	94	4.1845
65	94	4.66
66	94	4.7408
71	94	0.72488
73	94	0.68299
74	94	0.38492
79	94	2.4512
85	94	2.928
91	94	-2.0758
92	94	-1.824
93	94	-1.0854
2	95	10.3493
5	95	5.9248
6	95	5.7081
15	95	9.5635
19	95	9.5992
28	95	7.4338
40	95	7.028
61	95	4.8696
64	95	4.1089
65	95	4.5905
66	95	4.6696
71	95	0.67357
73	95	0.64043
74	95	0.63534
79	95	2.522
85	95	2.8665
91	95	-1.8113
92	95	-1.6095
93	95	-1.2175
15	96	8.7573
16	96	8.5714
17	96	8.6374
18	96	6.6358
28	96	7.3903
32	96	5.5223
40	96	6.7708
43	96	6.1402
44	96	6.3018
47	96	6.0778
48	96	4.9882
50	96	4.9292
60	96	3.6594
61	96	5.0233
62	96	3.6917
79	96	2.0877
83	96	2.5841
91	96	-0.75822
92	96	-0.74397
1	97	12.2582
15	97	11.6997
20	97	11.3765
28	97	8.6495
40	97	9.3568
61	97	6.111
67	97	5.592
68	97	6.0594
69	97	5.9813
79	97	4.793
81	97	5.72
91	97	1.2572
92	97	1.4449
94	97	3.2121
95	97	4.4283
1	98	11.6944
15	98	11.2779
20	98	10.8256
28	98	8.2308
40	98	8.9167
61	98	5.6383
67	98	5.2453
68	98	5.7005
69	98	5.7488
79	98	4.2876
81	98	5.1371
91	98	0.79579
92	98	0.99378
94	98	2.5139
95	98	3.1931
10	99	10.5176
11	99	7.7656
13	99	10.4717
14	99	7.855
15	99	9.5673
27	99	6.7648
28	99	8.401
37	99	5.8597
38	99	7.8414
39	99	5.742
40	99	7.1648
41	99	7.7286
57	99	8.5247
58	99	7.8181
61	99	6.5845
76	99	3.5876
79	99	2.6
84	99	2.4029
89	99	0.28151
91	99	-0.13945
92	99	-0.10633
1	100	10.9242
2	100	11.838
3	100	10.2965
4	100	9.0227
5	100	7.9853
6	100	8.1583
7	100	8.7345
8	100	7.7647
9	100	8.3836
10	100	8.6821
11	100	7.4497
12	100	9.3176
13	100	8.8325
14	100	7.4873
16	100	10.2021
17	100	10.167
18	100	7.0953
19	100	10.9702
20	100	10.6553
21	100	5.9099
22	100	5.9335
23	100	6.1749
24	100	5.7512
25	100	5.5744
26	100	5.7971
27	100	5.8842
29	100	6.1764
30	100	6.7638
31	100	9.1425
32	100	6.0005
33	100	7.327
34	100	6.0185
35	100	5.9197
36	100	6.1487
37	100	5.5198
38	100	5.9648
39	100	5.4778
41	100	5.9948
42	100	5.9605
43	100	7.1799
44	100	7.068
45	100	5.9159
46	100	5.8146
47	100	7.2876
48	100	5.0681
49	100	3.6025
50	100	5.0462
51	100	2.9548
52	100	3.2057
53	100	2.9794
54	100	3.1211
55	100	3.3379
56	100	2.7659
57	100	4.0217
58	100	4.068
59	100	7.0774
60	100	3.3572
62	100	3.425
63	100	4.9345
64	100	5.9914
65	100	6.1476
66	100	5.9856
67	100	5.8152
68	100	5.8124
69	100	5.6814
70	100	2.368
71	100	2.8367
72	100	2.5643
73	100	2.7731
74	100	3.9338
75	100	2.0387
76	100	3.1108
77	100	2.8212
78	100	3.8506
80	100	2.5409
81	100	4.024
82	100	2.7135
83	100	3.5611
84	100	2.0496
85	100	4.3478
86	100	1.0924
87	100	-0.45254
88	100	2.5366
89	100	-0.69755
90	100	2.6708
93	100	1.3813
94	100	0.83752
95	100	0.43043
96	100	-1.39
97	100	-1.4737
98	100	-2.0157
99	100	-1.811
10	101	10.5307
11	101	7.8052
13	101	10.4847
14	101	7.8943
15	101	9.6465
27	101	6.8058
28	101	8.479
37	101	5.9046
38	101	7.8569
39	101	5.7882
40	101	7.2521
41	101	7.7443
57	101	8.5388
58	101	7.8341
61	101	6.677
76	101	3.6376
79	101	2.7523
84	101	2.5065
89	101	0.50962
91	101	0.095839
92	101	0.13545
100	101	-1.6375
15	102	9.0164
28	102	6.585
40	102	6.7817
61	102	5.0012
79	102	4.0897
91	102	1.462
92	102	1.2982
100	102	-2.5042
7	103	7.0428
15	103	7.6662
24	103	6.0167
28	103	6.7331
36	103	5.1848
40	103	5.5167
49	103	3.8831
61	103	4.6107
79	103	1.2857
86	103	1.103
91	103	-1.002
92	103	-1.0006
99	103	-1.8172
100	103	-1.0491
101	103	-1.6559
15	104	6.897
28	104	5.966
40	104	5.1718
42	104	4.5653
45	104	4.5494
46	104	4.5591
61	104	3.8608
63	104	3.4246
77	104	2.0195
79	104	1.1002
82	104	2.06
91	104	-1.0841
92	104	-1.0493
96	104	-1.1513
100	104	-1.0162
7	105	6.946
15	105	7.7271
24	105	5.922
28	105	6.7966
36	105	5.091
40	105	5.5881
49	105	3.7894
61	105	4.6954
79	105	1.4022
86	105	1.0359
91	105	-0.84004
92	105	-0.8346
99	105	-1.6504
100	105	-1.0881
101	105	-1.4834
15	106	6.8636
28	106	5.9346
40	106	5.1446
42	106	4.5139
45	106	4.501
46	106	4.5094
61	106	3.8436
63	106	3.3882
77	106	2.003
79	106	1.0986
82	106	2.0463
91	106	-1.0642
92	106	-1.0268
96	106	-0.96051
100	106	-0.92077
1	107	10.5276
15	107	8.2854
20	107	9.0286
28	107	6.9601
40	107	5.8799
61	107	4.1755
67	107	4.3457
68	107	4.4991
69	107	4.3783
79	107	1.7536
81	107	3.4298
91	107	0.59533
92	107	0.8509
94	107	1.2135
95	107	0.94113
100	107	-2.3211
2	108	10.9502
5	108	6.0281
6	108	5.8094
15	108	9.8065
19	108	10.2
28	108	7.6857
40	108	7.3222
61	108	5.1118
64	108	4.6134
65	108	5.1203
66	108	5.1547
71	108	0.52155
73	108	0.47446
74	108	1.734
79	108	3.3917
85	108	4.091
91	108	1.1557
92	108	1.5824
93	108	2.3878
97	108	-2.4347
98	108	-2.0325
100	108	-1.9283
107	108	-2.2705
4	109	8.3088
8	109	11.8063
9	109	12.3262
15	109	13.3452
25	109	10.8326
26	109	11.1727
28	109	12.0292
29	109	8.9757
30	109	9.1095
34	109	6.4654
35	109	6.4708
40	109	10.1282
53	109	4.6181
55	109	6.5487
56	109	8.3154
61	109	9.8649
70	109	3.2682
72	109	3.4188
75	109	4.9478
79	109	5.8203
80	109	5.4031
87	109	3.1481
91	109	3.3643
92	109	3.5426
100	109	1.4183
4	110	8.257
8	110	11.8063
9	110	12.3262
15	110	13.4264
25	110	10.8301
26	110	11.1702
28	110	12.1037
29	110	8.9299
30	110	9.0674
34	110	6.4206
35	110	6.4275
40	110	10.2096
53	110	4.5715
55	110	6.5064
56	110	8.3074
61	110	9.9314
70	110	3.2069
72	110	3.3572
75	110	4.9692
79	110	5.9405
80	110	5.4264
87	110	3.207
91	110	3.5592
92	110	3.7334
100	110	1.706
15	111	13.0705
21	111	7.7127
22	111	7.7135
23	111	7.9711
28	111	11.937
40	111	9.5508
51	111	4.9228
52	111	5.1378
54	111	5.1733
61	111	9.614
79	111	5.3547
91	111	3.8483
92	111	4.1655
100	111	2.5954
109	111	-2.1408
110	111	-2.2299
15	112	12.937
21	112	7.6765
22	112	7.6763
23	112	7.9315
28	112	11.7869
40	112	9.4063
51	112	4.8991
52	112	5.1106
54	112	5.1468
61	112	9.4356
79	112	5.1859
91	112	3.6048
92	112	3.9164
100	112	2.3158
109	112	-2.2592
110	112	-2.1979
7	113	10.0453
15	113	10.5717
24	113	7.392
28	113	9.7542
36	113	8.4864
40	113	8.4739
49	113	5.2729
61	113	8.0191
79	113	4.8149
86	113	3.6297
91	113	2.9617
92	113	3.0606
99	113	1.7337
100	113	1.3023
101	113	1.6092
7	114	10.1814
15	114	10.5035
24	114	7.537
28	114	9.673
36	114	8.6206
40	114	8.3901
49	114	5.4351
61	114	7.9057
79	114	4.7036
86	114	3.8342
91	114	2.8217
92	114	2.9141
99	114	2.0693
100	114	1.1935
101	114	1.9558
1	115	13.0429
2	115	14.1701
3	115	10.9046
4	115	10.4574
5	115	9.8471
6	115	10.0167
7	115	9.9676
8	115	8.5902
9	115	9.1905
10	115	9.7311
11	115	8.5551
12	115	9.8717
13	115	9.8775
14	115	8.5891
16	115	11.7711
17	115	11.7366
18	115	8.3353
19	115	13.2719
20	115	12.7703
21	115	6.9498
22	115	6.9688
23	115	7.1991
24	115	7.091
25	115	6.4201
26	115	6.6345
27	115	7.0347
29	115	7.6811
30	115	8.2407
31	115	9.5435
32	115	7.2825
33	115	7.8089
34	115	7.5437
35	115	7.448
36	115	7.493
37	115	6.7132
38	115	7.1515
39	115	6.6752
41	115	7.1842
42	115	7.6834
43	115	8.8751
44	115	8.767
45	115	7.6514
46	115	7.553
47	115	8.9821
48	115	6.4306
49	115	5.1248
50	115	6.4116
51	115	4.1664
52	115	4.3946
53	115	4.6693
54	115	4.3282
55	115	5.0068
56	115	3.7001
57	115	5.3609
58	115	5.4139
59	115	7.2897
60	115	4.8441
62	115	4.91
63	115	6.7688
64	115	8.2692
65	115	8.4343
66	115	8.2736
67	115	8.0854
68	115	8.1173
69	115	7.9799
70	115	4.2808
71	115	5.138
72	115	4.4782
73	115	5.0989
74	115	6.0112
75	115	3.0632
76	115	4.8367
77	115	4.9812
78	115	4.5566
80	115	3.5649
81	115	6.6555
82	115	4.8948
83	115	5.8385
84	115	3.5822
85	115	6.9004
86	115	3.1348
87	115	1.1914
88	115	3.242
89	115	1.2648
90	115	3.4864
93	115	4.6034
94	115	4.7719
95	115	4.3943
96	115	1.5649
97	115	2.1482
98	115	2.4343
99	115	0.70968
101	115	0.50163
102	115	1.3943
103	115	0.57408
104	115	0.92983
105	115	0.42615
106	115	0.89565
107	115	4.2183
108	115	3.6309
109	115	-2.072
110	115	-2.0921
111	115	-2.128
112	115	-2.2551
113	115	-1.7766
114	115	-1.7545
10	116	11.3412
11	116	9.0553
13	116	11.3002
14	116	9.1417
15	116	10.6096
27	116	8.0847
28	116	9.3654
37	116	7.2242
38	116	8.6228
39	116	7.1152
40	116	8.2236
41	116	8.507
57	116	9.107
58	116	8.4515
61	116	7.5651
76	116	4.5733
79	116	4.2162
84	116	4.2826
89	116	3.062
91	116	2.1976
92	116	2.2379
100	116	0.91924
103	116	2.0558
105	116	1.9884
113	116	-1.8931
114	116	-1.7827
115	116	-1.4954
15	117	10.231
28	117	7.8704
40	117	8.0837
61	117	6.4215
79	117	5.7361
91	117	4.1622
92	117	4.0147
100	117	2.9112
115	117	-1.9102
1	118	12.982
2	118	14.2284
3	118	10.6746
4	118	10.3976
5	118	9.7529
6	118	9.9233
7	118	10.0311
8	118	8.5758
9	118	9.1763
10	118	9.6952
11	118	8.636
12	118	9.6475
13	118	9.8409
14	118	8.67
16	118	11.7347
17	118	11.7011
18	118	8.3761
19	118	13.3338
20	118	12.7131
21	118	6.9153
22	118	6.9352
23	118	7.166
24	118	7.1614
25	118	6.412
26	118	6.6261
27	118	7.1201
29	118	7.6352
30	118	8.1951
31	118	9.3268
32	118	7.3274
33	118	7.5868
34	118	7.4952
35	118	7.4012
36	118	7.5652
37	118	6.802
38	118	7.1256
39	118	6.7646
41	118	7.1587
42	118	7.7136
43	118	8.8492
44	118	8.7426
45	118	7.6812
46	118	7.5835
47	118	8.9565
48	118	6.4831
49	118	5.2081
50	118	6.4646
51	118	4.1479
52	118	4.3767
53	118	4.6421
54	118	4.3099
55	118	4.9791
56	118	3.7
57	118	5.3522
58	118	5.4047
59	118	7.0711
60	118	4.907
62	118	4.9732
63	118	6.809
64	118	8.3465
65	118	8.5109
66	118	8.3524
67	118	8.0671
68	118	8.1004
69	118	7.9651
70	118	4.2362
71	118	5.0637
72	118	4.4339
73	118	5.0258
74	118	5.9656
75	118	3.0439
76	118	4.8356
77	118	5.0449
78	118	4.3287
80	118	3.5484
81	118	6.6125
82	118	4.9609
83	118	5.8421
84	118	3.7037
85	118	6.9555
86	118	3.2592
87	118	1.1896
88	118	3.0361
89	118	1.4281
90	118	3.2858
93	118	4.6818
94	118	4.7962
95	118	4.431
96	118	1.7072
97	118	2.1867
98	118	2.4864
99	118	0.92231
101	118	0.72314
102	118	1.2475
103	118	0.75933
104	118	1.077
105	118	0.61479
106	118	1.0444
107	118	4.2742
108	118	3.8036
109	118	-1.8077
110	118	-2.1661
111	118	-2.1545
112	118	-2.5317
113	118	-2.1033
114	118	-2.1124
116	118	-1.7586
117	118	-2.1249
10	119	11.1885
11	119	8.8977
13	119	11.1472
14	119	8.9836
15	119	10.633
27	119	7.9216
28	119	9.3994
37	119	7.0595
38	119	8.4829
39	119	6.9519
40	119	8.2621
41	119	8.3683
57	119	9.0029
58	119	8.3411
61	119	7.6262
76	119	4.459
79	119	4.2848
84	119	4.1166
89	119	2.8645
91	119	2.293
92	119	2.3384
100	119	0.99999
103	119	1.9022
105	119	1.8547
113	119	-2.1646
114	119	-2.0909
115	119	-1.4606
118	119	-1.7353
1	120	14.3644
15	120	12.3582
20	120	13.4335
28	120	9.2351
40	120	10.0093
61	120	6.5198
67	120	6.445
68	120	6.9429
69	120	6.8531
79	120	5.9903
81	120	7.9582
91	120	3.8589
92	120	4.0353
94	120	6.0945
95	120	6.364
100	120	2.0394
108	120	5.1653
115	120	-1.4741
118	120	-1.8936
1	121	13.6864
15	121	12.1942
20	121	12.8254
28	121	9.0693
40	121	9.8331
61	121	6.3223
67	121	6.6767
68	121	7.134
69	121	7.1318
79	121	5.7848
81	121	7.284
91	121	3.6272
92	121	3.7972
94	121	5.3585
95	121	5.594
100	121	1.8333
108	121	4.4984
115	121	-1.5259
118	121	-1.8934
15	122	10.6158
28	122	9.5213
40	122	8.6742
42	122	7.1583
45	122	7.0679
46	122	7.0334
61	122	7.3104
63	122	6.1517
77	122	4.7784
79	122	4.7752
82	122	4.6663
91	122	3.0116
92	122	3.1389
96	122	2.396
100	122	1.2485
115	122	-1.6789
118	122	-2.0242
15	123	10.6463
28	123	9.5338
40	123	8.6883
42	123	7.2104
45	123	7.1216
46	123	7.087
61	123	7.2931
63	123	6.2148
77	123	4.8678
79	123	4.7795
82	123	4.758
91	123	2.9881
92	123	3.1068
96	123	2.5353
100	123	1.258
115	123	-1.6013
118	123	-1.898
7	124	8.2288
15	124	8.927
24	124	7.1853
28	124	7.9646
36	124	6.3533
40	124	6.8641
49	124	5.0834
61	124	5.9956
79	124	3.1922
86	124	2.5829
91	124	1.4287
92	124	1.4328
99	124	0.63166
100	124	0.35926
101	124	0.47811
115	124	-1.6071
116	124	-1.8691
118	124	-1.6351
119	124	-2.1689
15	125	10.5397
28	125	9.4457
40	125	8.5989
42	125	7.0152
45	125	6.927
46	125	6.8915
61	125	7.2335
63	125	6.0124
77	125	4.6409
79	125	4.7116
82	125	4.5293
91	125	2.9762
92	125	3.1035
96	125	2.2769
100	125	1.241
115	125	-1.7485
118	125	-2.0711
15	126	10.5867
28	126	9.4739
40	126	8.6297
42	126	7.0872
45	126	7.0005
46	126	6.9649
61	126	7.2324
63	126	6.0956
77	126	4.7505
79	126	4.7353
82	126	4.6412
91	126	2.973
92	126	3.0917
96	126	2.4363
100	126	1.2695
115	126	-1.7233
118	126	-2.0135
15	127	10.0999
16	127	10.0033
17	127	10.059
18	127	8.1053
28	127	8.7
32	127	7.0104
40	127	8.2286
43	127	7.6129
44	127	7.752
47	127	7.5557
48	127	6.5803
50	127	6.5329
60	127	5.2994
61	127	6.5133
62	127	5.3498
79	127	4.454
83	127	4.7992
91	127	2.6864
92	127	2.7702
100	127	1.3069
104	127	2.3618
106	127	2.3322
115	127	-1.2514
118	127	-1.4364
122	127	-1.9634
123	127	-1.9048
125	127	-2.0018
126	127	-1.9975
15	128	10.343
16	128	10.1098
17	128	10.1651
18	128	8.0131
28	128	8.9445
32	128	6.9162
40	128	8.4901
43	128	7.7342
44	128	7.872
47	128	7.6773
48	128	6.4791
50	128	6.4307
60	128	5.1943
61	128	6.7807
62	128	5.2438
79	128	4.7848
83	128	4.9624
91	128	3.0773
92	128	3.1621
100	128	1.7312
104	128	2.2251
106	128	2.1984
115	128	-0.75764
118	128	-0.95404
122	128	-1.3718
123	128	-1.2524
125	128	-1.4587
126	128	-1.4044
1	129	12.1183
15	129	8.8428
20	129	10.6463
28	129	7.4658
40	129	6.4058
61	129	4.5395
67	129	6.2442
68	129	6.4402
69	129	6.3267
79	129	2.3376
81	129	5.2198
91	129	1.1519
92	129	1.2783
94	129	3.8334
95	129	3.6509
100	129	-0.41374
108	129	3.0662
115	129	-2.3262
118	129	-2.5454
15	130	8.2509
28	130	7.2972
40	130	6.6385
42	130	5.9428
45	130	5.9519
46	130	5.9498
61	130	5.3827
63	130	4.9038
77	130	3.6017
79	130	3.2328
82	130	3.6616
91	130	1.6783
92	130	1.7133
96	130	1.6451
100	130	0.56431
115	130	-1.396
118	130	-1.5639
127	130	-2.0981
128	130	-2.1719
2	131	12.3655
5	131	6.9358
6	131	6.7164
15	131	10.7517
19	131	11.5782
28	131	8.5176
40	131	8.2148
61	131	5.7219
64	131	5.5097
65	131	6.0758
66	131	6.0645
71	131	1.6725
73	131	1.6348
74	131	3.0223
79	131	4.577
85	131	5.6239
91	131	2.8153
92	131	3.0903
93	131	3.9419
97	131	-0.38632
98	131	-0.29283
100	131	1.043
107	131	2.116
115	131	-1.7393
118	131	-2.0274
120	131	-2.2622
121	131	-2.2748
129	131	-2.3738
15	132	10.5331
16	132	10.1487
17	132	10.2031
18	132	7.8438
28	132	9.1324
32	132	6.7494
40	132	8.6894
43	132	7.7765
44	132	7.9127
47	132	7.72
48	132	6.3116
50	132	6.2634
60	132	5.029
61	132	6.9804
62	132	5.0789
79	132	5.0446
83	132	5.0385
91	132	3.4053
92	132	3.4898
100	132	2.1135
104	132	2.1419
106	132	2.1293
115	132	-0.24667
118	132	-0.43595
122	132	-0.59359
123	132	-0.41879
125	132	-0.6413
126	132	-0.51156
130	132	-2.0886
15	133	16.3242
21	133	10.3505
22	133	9.9711
23	133	9.7046
28	133	14.1575
40	133	13.5834
51	133	9.4569
52	133	9.5133
54	133	10.3033
61	133	12.3086
79	133	9.8082
91	133	7.8762
92	133	7.9454
100	133	6.9115
109	133	4.5256
110	133	4.5812
115	133	5.7131
118	133	5.7126
15	134	16.1132
21	134	10.285
22	134	9.9044
23	134	9.6449
28	134	13.9437
40	134	13.3719
51	134	9.3795
52	134	9.4339
54	134	10.2235
61	134	12.0877
79	134	9.6084
91	134	7.6826
92	134	7.7483
100	134	6.7433
109	134	4.439
110	134	4.4904
115	134	5.5754
118	134	5.5916
4	135	8.2988
8	135	14.6111
9	135	15.1307
15	135	15.9125
25	135	13.5618
26	135	13.9026
28	135	14.516
29	135	9.3461
30	135	9.5281
34	135	6.713
35	135	6.7726
40	135	12.7139
53	135	5.1652
55	135	7.1381
56	135	10.974
61	135	12.2902
70	135	3.0895
72	135	3.2392
75	135	8.1601
79	135	8.9084
80	135	8.6309
87	135	6.674
91	135	7.1056
92	135	7.2078
100	135	6.1645
111	135	4.6166
112	135	4.816
115	135	5.3582
118	135	5.3657
133	135	-1.3779
134	135	-0.94478
4	136	8.1766
8	136	14.5445
9	136	15.0645
15	136	15.7587
25	136	13.4973
26	136	13.838
28	136	14.3662
29	136	9.2176
30	136	9.401
34	136	6.5884
35	136	6.6475
40	136	12.5614
53	136	5.0284
55	136	7.0033
56	136	10.9086
61	136	12.1404
70	136	2.9671
72	136	3.1168
75	136	8.0944
79	136	8.7529
80	136	8.566
87	136	6.6109
91	136	6.955
92	136	7.0577
100	136	6.0178
111	136	4.5671
112	136	4.7643
115	136	5.2318
118	136	5.2444
133	136	-1.4583
134	136	-1.3498
7	137	10.4194
15	137	12.5742
24	137	7.8339
28	137	11.7333
36	137	8.986
40	137	10.5573
49	137	5.7597
61	137	10.0815
79	137	7.4829
86	137	4.3283
91	137	6.2986
92	137	6.3654
99	137	2.8949
100	137	5.3221
101	137	2.8746
115	137	4.2808
116	137	1.3283
118	137	4.2384
119	137	1.5568
10	138	14.0582
11	138	10.3463
13	138	14.0286
14	138	10.4285
15	138	12.8488
27	138	9.3584
28	138	11.5975
37	138	8.5097
38	138	11.401
39	138	8.4126
40	138	10.5742
41	138	11.2918
57	138	11.9437
58	138	11.2881
61	138	9.967
76	138	7.7249
79	138	7.1374
84	138	5.7476
89	138	4.5509
91	138	5.6518
92	138	5.6881
100	138	4.758
103	138	3.9903
105	138	4.0259
113	138	3.7682
114	138	3.8064
115	138	3.2983
118	138	3.1536
124	138	2.0795
137	138	0.0027407
10	139	13.957
11	139	10.4257
13	139	13.9269
14	139	10.5079
15	139	12.8178
27	139	9.4414
28	139	11.5568
37	139	8.5948
38	139	11.2916
39	139	8.4975
40	139	10.5339
41	139	11.1816
57	139	11.8106
58	139	11.1626
61	139	9.9122
76	139	7.5978
79	139	7.0883
84	139	5.846
89	139	4.6693
91	139	5.59
92	139	5.6242
100	139	4.6972
103	139	4.1196
105	139	4.1557
113	139	3.5674
114	139	3.603
115	139	3.2161
118	139	3.0697
124	139	2.225
137	139	-0.094807
7	140	10.5246
15	140	12.4876
24	140	7.9394
28	140	11.6482
36	140	9.0898
40	140	10.4714
49	140	5.8672
61	140	9.9958
79	140	7.3995
86	140	4.4403
91	140	6.2221
92	140	6.2887
99	140	3.0187
100	140	5.2536
101	140	2.9995
115	140	4.2363
116	140	1.4716
118	140	4.1995
119	140	1.7011
138	140	-0.44027
139	140	-0.51397
15	141	15.2283
21	141	10.5847
22	141	10.5948
23	141	10.856
28	141	14.0239
40	141	11.6919
51	141	7.9519
52	141	8.1693
54	141	8.1946
61	141	11.5625
79	141	7.636
91	141	6.2092
92	141	6.4517
100	141	5.498
109	141	3.211
110	141	3.2232
115	141	5.1197
118	141	5.1837
135	141	-2.0405
136	141	-2.251
4	142	8.7392
8	142	14.362
9	142	14.8852
15	142	15.636
25	142	13.3345
26	142	13.6766
28	142	14.26
29	142	9.5802
30	142	9.7212
34	142	6.9998
35	142	7.029
40	142	12.4485
53	142	5.2369
55	142	7.1973
56	142	10.7606
61	142	12.0524
70	142	3.5047
72	142	3.6555
75	142	7.9318
79	142	8.6534
80	142	8.4101
87	142	6.475
91	142	6.8878
92	142	6.9911
100	142	5.9701
111	142	4.4966
112	142	4.6951
115	142	5.2766
118	142	5.3064
133	142	-1.4344
134	142	-1.2939
141	142	-2.1362
15	143	11.9386
16	143	11.8328
17	143	11.8844
18	143	8.9213
28	143	10.5076
32	143	7.8279
40	143	10.1354
43	143	9.4728
44	143	9.6029
47	143	9.4173
48	143	7.4239
50	143	7.3786
60	143	6.1441
61	143	8.4
62	143	6.1979
79	143	6.795
83	143	6.8479
91	143	5.4284
92	143	5.4984
100	143	4.4045
104	143	3.7074
106	143	3.751
115	143	2.6434
118	143	2.542
122	143	2.8201
123	143	2.938
125	143	2.9255
126	143	3.0267
130	143	1.4096
15	144	12.0708
28	144	9.8128
40	144	9.9752
61	144	8.4904
79	144	7.527
91	144	6.2551
92	144	6.1939
100	144	5.0154
115	144	3.7036
118	144	3.9158
1	145	14.198
2	145	15.9705
3	145	12.5238
4	145	12.1689
5	145	11.0441
6	145	11.2233
7	145	11.3457
8	145	11.9277
9	145	12.5398
10	145	11.4475
11	145	10.0022
12	145	11.4856
13	145	11.5849
14	145	10.0328
16	145	13.439
17	145	13.4146
18	145	9.5694
19	145	15.1372
20	145	13.968
21	145	9.6564
22	145	9.6865
23	145	9.9244
24	145	8.5946
25	145	9.8393
26	145	10.0528
27	145	8.5325
29	145	9.5441
30	145	10.1083
31	145	11.0894
32	145	8.5629
33	145	9.4342
34	145	9.3762
35	145	9.2982
36	145	9.0356
37	145	8.2624
38	145	8.9735
39	145	8.2404
41	145	9.0096
42	145	8.9699
43	145	10.6466
44	145	10.5558
45	145	8.9182
46	145	8.836
47	145	10.7561
48	145	7.8179
49	145	6.7852
50	145	7.8062
51	145	7.0409
52	145	7.2764
53	145	6.7206
54	145	7.2042
55	145	7.0523
56	145	7.1955
57	145	7.3882
58	145	7.431
59	145	8.7936
60	145	6.3514
62	145	6.4217
63	145	8.1495
64	145	10.3135
65	145	10.4699
66	145	10.3319
67	145	9.6446
68	145	9.6882
69	145	9.5706
70	145	6.1011
71	145	6.4683
72	145	6.3028
73	145	6.4381
74	145	7.6876
75	145	6.2937
76	145	6.8434
77	145	6.6221
78	145	6.5751
80	145	6.8395
81	145	7.9155
82	145	6.5625
83	145	7.845
84	145	5.6119
85	145	8.6315
86	145	5.2566
87	145	4.5784
88	145	5.4621
89	145	3.7412
90	145	5.7804
93	145	6.5387
94	145	6.5284
95	145	6.268
96	145	4.0265
97	145	4.2548
98	145	4.6701
99	145	3.6728
101	145	3.5609
102	145	4.7387
103	145	3.3789
104	145	3.5402
105	145	3.2843
106	145	3.5403
107	145	5.9158
108	145	6.0923
109	145	2.7852
110	145	2.6823
111	145	1.4127
112	145	1.5983
113	145	2.8775
114	145	2.8215
116	145	1.7099
117	145	3.8196
119	145	1.731
120	145	3.1497
121	145	3.0974
122	145	3.5373
123	145	3.3586
124	145	1.4142
125	145	3.5446
126	145	3.3538
127	145	1.6833
128	145	1.4044
129	145	4.6198
130	145	1.2368
131	145	3.9256
132	145	1.0038
133	145	-1.4429
134	145	-1.9215
135	145	-2.1177
136	145	-2.2109
137	145	-1.7775
138	145	-1.1659
139	145	-1.0956
140	145	-1.8208
141	145	-2.5792
142	145	-1.8844
143	145	-1.4695
144	145	-1.9473
15	146	12.767
28	146	11.6282
40	146	10.8773
42	146	7.6836
45	146	7.5842
46	146	7.5546
61	146	9.4455
63	146	6.6866
77	146	5.3668
79	146	7.4307
82	146	5.263
91	146	6.1321
92	146	6.2184
96	146	3.175
100	146	4.9407
115	146	3.4391
118	146	3.3967
127	146	0.7944
128	146	0.75562
132	146	0.48627
143	146	-0.75562
145	146	-1.7691
1	147	14.2084
15	147	14.1989
20	147	13.3834
28	147	10.9723
40	147	11.8015
61	147	8.0636
67	147	6.5335
68	147	7.0374
69	147	6.9816
79	147	8.0407
81	147	7.8638
91	147	6.0856
92	147	6.1842
94	147	5.8965
95	147	6.0487
100	147	4.8382
108	147	5.3945
115	147	2.9602
118	147	2.9514
131	147	3.9667
145	147	-1.6725
15	148	9.5956
28	148	8.6309
40	148	8.0552
42	148	6.985
45	148	7.0103
46	148	7.0006
61	148	6.8235
63	148	6.0086
77	148	4.7557
79	148	5.0117
82	148	4.8208
91	148	3.7648
92	148	3.7959
96	148	3.0857
100	148	2.8719
115	148	1.399
118	148	1.2843
127	148	1.0811
128	148	1.0337
132	148	1.1427
143	148	-2.0622
145	148	-1.0986
1	149	14.0209
15	149	14.0412
20	149	13.1956
28	149	10.8157
40	149	11.6436
61	149	7.9058
67	149	6.3305
68	149	6.8365
69	149	6.7784
79	149	7.8805
81	149	7.6912
91	149	5.928
92	149	6.0271
94	149	5.7302
95	149	5.8792
100	149	4.6818
108	149	5.2426
115	149	2.813
118	149	2.8068
131	149	3.8492
145	149	-1.3164
7	150	9.8332
15	150	10.6051
24	150	8.7868
28	150	9.6398
36	150	7.9666
40	150	8.6327
49	150	6.7259
61	150	7.8173
79	150	5.3944
86	150	4.417
91	150	4.0168
92	150	4.0215
99	150	3.0924
100	150	3.1976
101	150	3.0233
115	150	1.8602
116	150	1.9746
118	150	1.7112
119	150	1.9233
138	150	-1.9283
139	150	-1.9339
145	150	-0.94792
15	151	9.5563
28	151	8.5929
40	151	8.0176
42	151	6.9038
45	151	6.9299
46	151	6.9198
61	151	6.7884
63	151	5.9314
77	151	4.6823
79	151	4.9794
82	151	4.7476
91	151	3.7398
92	151	3.7713
96	151	3.0257
100	151	2.8504
115	151	1.3903
118	151	1.2772
127	151	1.078
128	151	1.0375
132	151	1.1559
143	151	-1.7538
145	151	-0.99828
1	152	13.8998
15	152	12.3137
20	152	12.4462
28	152	10.8128
40	152	9.8378
61	152	7.7627
67	152	8.2293
68	152	8.4434
69	152	8.3387
79	152	5.9662
81	152	7.0489
91	152	4.7771
92	152	4.834
94	152	5.8519
95	152	5.7172
100	152	3.3306
108	152	5.2599
115	152	1.5016
118	152	1.4291
131	152	3.0758
145	152	-2.4651
2	153	14.2679
5	153	10.7514
6	153	10.5446
15	153	13.1055
19	153	13.4644
28	153	10.7848
40	153	10.5682
61	153	7.9273
64	153	7.2537
65	153	7.845
66	153	7.8105
71	153	5.4335
73	153	5.3933
74	153	6.2368
79	153	7.2438
85	153	7.6644
91	153	5.6917
92	153	5.9103
93	153	6.0466
97	153	3.3613
98	153	3.5633
100	153	4.3628
107	153	4.6471
115	153	2.5279
118	153	2.5084
120	153	1.5593
121	153	1.6516
129	153	2.7275
145	153	-1.9513
147	153	-2.4968
149	153	-2.02
152	153	-2.4502
1	154	13.6375
15	154	12.1961
20	154	12.1828
28	154	10.6871
40	154	9.7116
61	154	7.626
67	154	7.941
68	154	8.1601
69	154	8.0522
79	154	5.8285
81	154	6.8133
91	154	4.6233
92	154	4.6806
94	154	5.6253
95	154	5.4865
100	154	3.1714
108	154	5.0589
115	154	1.3166
118	154	1.2406
131	154	2.9272
145	154	-2.2868
153	154	-2.5296
offset
60
