130
detection	body_part	cost
1	6	-1.0596
2	12	-0.19817
3	11	9.2102
4	6	-1.9523
5	6	-1.0479
6	7	0.88966
7	13	-2.1154
8	11	9.2102
9	14	0.59577
10	14	-0.69607
11	6	0.90676
12	7	0.68121
13	7	-0.3549
14	9	-1.772
15	12	0.15685
16	11	9.2102
17	1	1.2583
18	3	-2.0917
19	6	-0.42578
20	3	0.79573
21	7	-0.06475
22	9	1.215
23	11	9.2102
24	11	9.2102
25	3	0.2175
26	1	-4.8718
27	3	-3.552
28	6	0.041684
29	1	-0.47632
30	4	-4.5811
31	11	9.2102
32	10	-2.5734
33	11	-0.075359
34	11	-1.2713
35	3	-0.64912
36	7	0.38565
37	4	-2.0019
38	12	-0.49416
39	11	9.2102
40	11	9.2102
41	7	-0.85262
42	12	-0.26243
43	11	9.2102
44	11	9.2102
45	2	-5.1261
46	7	0.5188
47	8	0.9242
48	13	-0.21356
49	11	9.2102
50	5	-0.96377
51	8	0.030809
52	5	-4.509
53	5	-0.28039
54	5	1.2208
55	5	-1.6463
56	5	0.10896
57	5	0.93852
58	5	-0.091793
59	4	-0.093596
60	8	-2.6956
61	4	-0.5085
62	8	-3.0245
63	4	-3.0668
64	3	-3.4728
65	9	-3.244
66	10	-3.4066
67	3	-3.5948
68	3	-1.7274
69	11	-3.3126
70	11	-3.6887
71	11	9.2102
72	7	-0.43093
73	9	0.36598
74	12	0.23771
75	11	-1.7181
76	2	-4.8213
77	1	-5.4045
78	12	-3.4348
79	13	-3.9482
80	6	-3.1585
81	1	-1.7196
82	11	9.2102
83	7	-4.4821
84	14	-4.0892
85	11	9.2102
86	6	-4.501
87	11	9.2102
88	14	-2.2534
89	7	0.49926
90	11	9.2102
91	11	9.2102
92	11	9.2102
93	5	0.36005
94	11	9.2102
95	5	-0.34354
96	5	-1.3281
97	3	-4.3091
98	4	-0.85239
99	8	-3.3469
100	4	-0.26863
101	8	-4.0047
102	8	-2.2662
103	9	0.81204
104	9	1.312
105	10	-1.4517
106	10	-4.1139
107	2	-4.6864
108	9	0.59347
109	9	-3.2103
110	11	-3.8008
111	3	0.1369
112	4	-0.14422
113	4	-0.1454
114	9	-1.7968
115	11	-0.37698
116	1	-6.5723
117	4	-1.2759
118	11	9.2102
119	6	-0.66944
120	12	-3.138
121	11	9.2102
122	13	-2.4435
123	11	9.2102
124	12	-2.261
125	13	-3.635
126	6	-4.6634
127	11	9.2102
128	7	-5.1978
129	14	-3.8201
130	14	-1.0103
detection1	detection2	cost
1	4	-4.8231
1	5	-3.2674
4	5	-5.6071
3	8	-4.8231
9	10	-3.7143
1	11	-0.67521
4	11	-3.2674
5	11	-4.8231
6	12	-4.8231
6	13	-4.8231
12	13	-3.7143
2	15	-3.2674
3	16	4.4715
8	16	5.8845
1	19	-0.67521
4	19	-3.2674
5	19	-3.7143
11	19	-4.8231
18	20	-5.6071
6	21	-3.7143
12	21	-4.8231
13	21	-4.8231
14	22	-1.5143
3	23	-1.5143
8	23	-3.7143
16	23	5.8845
3	24	6.9156
8	24	4.4715
16	24	17.1798
23	24	3.8571
18	25	-1.5143
20	25	0.30445
17	26	-3.2674
18	27	-4.8231
20	27	-3.2674
25	27	-3.7143
1	28	0.30445
4	28	-1.8214
5	28	-1.5143
11	28	-2.1462
19	28	-4.8231
17	29	0.30445
26	29	-3.7143
3	31	9.4302
8	31	10.4572
16	31	-2.1462
23	31	9.6406
24	31	20.9559
3	33	9.4302
8	33	6.9156
16	33	19.269
23	33	5.8845
24	33	-4.8231
31	33	22.7857
3	34	12.8867
8	34	10.4572
16	34	23.0214
23	34	9.6406
24	34	-1.5143
31	34	26.5714
33	34	-3.7143
18	35	-3.7143
20	35	-3.2674
25	35	-1.5143
27	35	-4.8231
6	36	0.96511
12	36	-1.5143
13	36	0.53071
21	36	-2.1462
30	37	-4.8231
2	38	2.6933
15	38	-1.5143
3	39	2.1517
8	39	0.071429
16	39	6.9156
23	39	-3.7143
24	39	4.4715
31	39	9.6406
33	39	5.8845
34	39	9.6406
3	40	8.783
8	40	6.1496
16	40	17.7539
23	40	4.4715
24	40	-3.7143
31	40	20.9559
33	40	-4.8231
34	40	-1.5143
39	40	3.8571
6	41	2.1517
12	41	0.071429
13	41	0.96511
21	41	-1.5143
36	41	-4.8231
2	42	4.4715
15	42	0.30445
38	42	-5.6071
3	43	11.4286
8	43	11.9882
16	43	0.96511
23	43	10.4572
24	43	21.4551
31	43	-3.7143
33	43	23.0214
34	43	26.7811
39	43	9.6406
40	43	20.9559
3	44	8.5614
8	44	5.8845
16	44	16.443
23	44	3.5372
24	44	-1.5143
31	44	19.269
33	44	-2.1462
34	44	0.96511
39	44	2.1517
40	44	-4.8231
43	44	19
6	46	4.0138
12	46	2.6933
13	46	1.9643
21	46	0.30445
36	46	-0.67521
41	46	-3.2674
7	48	4.0138
3	49	64.5779
8	49	66.0053
16	49	52.6559
23	49	65.3197
24	49	76.5565
31	49	48.2028
33	49	78.2028
34	49	81.9663
39	49	64.826
40	49	76.1292
43	49	47.6858
44	49	74.0907
47	51	6.9156
50	52	-4.8231
50	53	-0.67521
52	53	-3.2674
50	54	1.9643
52	54	-0.67521
53	54	-4.8231
50	55	2.1517
52	55	0.071429
53	55	-3.2674
54	55	-3.2674
50	56	4.0138
52	56	2.6933
53	56	0.53071
54	56	0.96511
55	56	-3.2674
50	57	5.8845
52	57	4.4715
53	57	1.9643
54	57	1.9643
55	57	-2.1462
56	57	-5.6071
50	58	6.2802
52	58	4.0138
53	58	0.071429
54	58	-1.5143
55	58	-3.2674
56	58	-1.5143
57	58	-1.8214
30	59	17.3966
37	59	15.293
47	60	13.6628
51	60	6.2802
30	61	19.269
37	61	17.1798
59	61	-5.6071
47	62	15.3715
51	62	8.1089
60	62	-5.6071
30	63	19
37	63	17.1798
59	63	-3.2674
61	63	-3.7143
18	64	23.0214
20	64	22.8448
25	64	22.4287
27	64	21.4551
35	64	19.269
14	65	24.7342
22	65	23.7178
32	66	24.6786
18	67	24.9005
20	67	24.7342
25	67	24.2301
27	67	23.3135
35	67	21.1441
64	67	-5.6071
18	68	25.1758
20	68	24.9005
25	68	24.8452
27	68	23.7178
35	68	21.4551
64	68	-4.8231
67	68	-5.6071
3	69	30.7807
8	69	29.2526
16	69	27.0414
23	69	25.5573
24	69	29.833
31	69	24.2301
33	69	29.2526
34	69	31.5222
39	69	21.885
40	69	26.624
43	69	20.6393
44	69	24.0034
49	69	60.1415
3	70	30.546
8	70	28.9098
16	70	27.4026
23	70	25.1758
24	70	28.9098
31	70	24.8452
33	70	28.2144
34	70	30.3571
39	70	21.4551
40	70	25.6115
43	70	21.3311
44	70	23.0214
49	70	61.9449
69	70	-5.6071
3	71	64.9497
8	71	65.5407
16	71	53.4547
23	71	63.6523
24	71	73.8048
31	71	48.1706
33	71	74.7685
34	71	78.2654
39	71	61.9191
40	71	72.2924
43	71	46.0715
44	71	69.8296
49	71	17.1071
69	71	47.4255
70	71	49.3173
6	72	31.1069
12	72	29.6887
13	72	28.9098
21	72	27.4026
36	72	24.8452
41	72	22.4287
46	72	19.6016
14	73	28.663
22	73	27.8615
65	73	-3.2674
2	74	32.295
15	74	28.663
38	74	23.3135
42	74	21.4551
3	75	32.295
8	75	30.546
16	75	29.6887
23	75	26.7811
24	75	29.785
31	75	27.2998
33	75	28.9098
34	75	30.8274
39	75	23.0214
40	75	26.3605
43	75	23.8324
44	75	23.8324
49	75	64.3289
69	75	-3.2674
70	75	-4.8231
71	75	51.1786
45	76	22.4287
17	77	29.6887
26	77	27.0414
29	77	26.624
2	78	34.1429
15	78	30.4044
38	78	24.9005
42	78	23.0214
74	78	-4.8231
7	79	34.4002
48	79	23.08
1	80	36.4045
4	80	34.3146
5	80	34.1859
11	80	32.25
19	80	30.4044
28	80	28.663
17	81	32.024
26	81	29.2526
29	81	28.663
77	81	-4.8231
3	82	56.8014
8	82	56.9684
16	82	46.105
23	82	54.5903
24	82	63.9287
31	82	40.7586
33	82	64.5779
34	82	67.8823
39	82	52.3574
40	82	61.9965
43	82	38.0074
44	82	59.4226
49	82	27.4026
69	82	34.5282
70	82	36.4045
71	82	6.2802
75	82	38.086
6	83	34.8256
12	83	33.3612
13	83	32.6536
21	83	31.1069
36	83	28.4144
41	83	26.0415
46	83	23.3135
72	83	-3.7143
9	84	36.8106
10	84	38.243
3	85	66.7087
8	85	67.0939
16	85	55.5353
23	85	64.9497
24	85	74.6814
31	85	50.1933
33	85	75.4624
34	85	78.8483
39	85	62.9438
40	85	72.9186
43	85	47.7831
44	85	70.3837
49	85	23.08
69	85	46.0381
70	85	47.9126
71	85	-1.5143
75	85	49.5689
82	85	4.0138
1	86	38.5552
4	86	36.4045
5	86	36.2
11	86	34.1859
19	86	32.4299
28	86	30.7807
80	86	-4.8231
3	87	58.0978
8	87	58.207
16	87	47.5232
23	87	55.7622
24	87	64.9497
31	87	42.1852
33	87	65.5407
34	87	68.8035
39	87	53.4547
40	87	62.9438
43	87	39.3649
44	87	60.3531
49	87	28.8606
69	87	34.8256
70	87	36.6892
71	87	6.9156
75	87	38.2821
82	87	-5.6071
85	87	3.8571
9	88	38.0074
10	88	39.2501
84	88	-4.8231
6	89	38.904
12	89	37.4927
13	89	36.6892
21	89	35.2048
36	89	32.6089
41	89	30.2149
46	89	27.4026
72	89	0.30445
83	89	-3.2674
3	90	53.101
8	90	52.864
16	90	43.4667
23	90	50.069
24	90	58.4247
31	90	38.2821
33	90	58.75
34	90	61.8158
39	90	47.3929
40	90	56.1011
43	90	35.0367
44	90	53.4547
49	90	36.6892
69	90	26.0415
70	90	27.8615
71	90	16.443
75	90	29.2526
82	90	2.6933
85	90	13.4073
87	90	2.1517
3	91	66.127
8	91	66.2243
16	91	55.5353
23	91	63.7529
24	91	72.8294
31	91	50.1933
33	91	73.3629
34	91	76.5778
39	91	61.401
40	91	70.7508
43	91	47.3929
44	91	68.1433
49	91	30.593
69	91	41.6414
70	91	43.4667
71	91	6.1496
75	91	44.8538
82	91	1.9643
85	91	0.53071
87	91	0.53071
90	91	8.1089
3	92	64.7764
8	92	64.826
16	92	54.3011
23	92	62.3051
24	92	71.2756
31	92	48.9694
33	92	71.7743
34	92	74.9643
39	92	59.9027
40	92	69.1549
43	92	46.105
44	92	66.5395
49	92	31.4763
69	92	39.8214
70	92	41.6414
71	92	7.2837
75	92	43.0077
82	92	0.96511
85	92	1.9643
87	92	-0.67521
90	92	6.2802
91	92	-5.6071
50	93	26.0415
52	93	23.7178
53	93	19.6016
54	93	17.3966
55	93	16.443
56	93	16.2174
57	93	14.5743
58	93	12.262
3	94	66.127
8	94	66.127
16	94	55.7622
23	94	63.5515
24	94	72.3822
31	94	50.4412
33	94	72.8294
34	94	75.9791
39	94	61.0883
40	94	70.1994
43	94	47.5232
44	94	67.5727
49	94	33.1414
69	94	40.3859
70	94	42.1852
71	94	8.783
75	94	43.4667
82	94	2.6933
85	94	3.2076
87	94	0.96511
90	94	6.9156
91	94	-4.8231
92	94	-5.6071
50	95	26.7811
52	95	24.7342
53	95	20.8929
54	95	19.0675
55	95	17.1798
56	95	15.9133
57	95	14.0819
58	95	13.3214
93	95	-1.5143
50	96	27.0414
52	96	24.9005
53	96	20.9559
54	96	19
55	96	17.3966
56	96	16.443
57	96	14.6553
58	96	13.4073
93	96	-3.2674
95	96	-5.6071
18	97	45.5338
20	97	45.5
25	97	44.1649
27	97	43.7472
35	97	41.7507
64	97	15.293
67	97	13.4073
68	97	13.6628
30	98	43.6071
37	98	41.7507
59	98	19.269
61	98	17.3966
63	98	17.1071
47	99	38.2821
51	99	32.9647
60	99	19.269
62	99	17.3966
30	100	43.6422
37	100	41.8597
59	100	19.6016
61	100	17.7539
63	100	17.1798
98	100	-5.6071
47	101	38.086
51	101	33.3612
60	101	19.6016
62	101	17.7539
99	101	-5.6071
47	102	37.968
51	102	33.8406
60	102	20.0604
62	102	18.2456
99	102	-3.7143
101	102	-5.6071
14	103	47.3929
22	103	45.8033
65	103	15.293
73	103	11.8034
14	104	48.2028
22	104	45.635
65	104	17.8953
73	104	15.6053
103	104	1.9643
32	105	44.4761
66	105	15.9133
32	106	43.9217
66	106	17.1071
105	106	-3.7143
45	107	39.9726
76	107	12.262
14	108	49.2857
22	108	47.6858
65	108	17.1798
73	108	13.6628
103	108	-5.6071
104	108	2.1517
14	109	49.5689
22	109	47.3929
65	109	18.2456
73	109	15.3715
103	109	-1.5143
104	109	-3.2674
108	109	-1.8214
3	110	53.5428
8	110	51.4527
16	110	52.3574
23	110	47.6858
24	110	47.6858
31	110	50.1623
33	110	46.0381
34	110	46.7032
39	110	43.9217
40	110	43.9217
43	110	46.7032
44	110	41.8597
49	110	81.4844
69	110	18.7964
70	110	17.8953
71	110	63.7529
75	110	15.3715
82	110	49.9756
85	110	60.4586
87	110	49.4432
90	110	39.8214
91	110	53.8064
92	110	51.9369
94	110	51.665
18	111	49.5689
20	111	49.4118
25	111	48.5554
27	111	47.9126
35	111	45.8033
64	111	19.0675
67	111	17.1798
68	111	17.1071
97	111	-2.1462
30	112	47.5232
37	112	45.5338
59	112	22.7857
61	112	20.8929
63	112	21.1441
98	112	-2.1462
100	112	-0.67521
30	113	47.5232
37	113	45.8033
59	113	23.7178
61	113	21.885
63	113	21.1441
98	113	-2.1462
100	113	-3.2674
112	113	0.071429
14	114	51.4527
22	114	49.2857
65	114	20.0604
73	114	17.1071
103	114	-0.67521
104	114	-2.1462
108	114	-1.5143
109	114	-5.6071
3	115	55.2219
8	115	53.1896
16	115	53.6015
23	115	49.4118
24	115	49.7883
31	115	51.2091
33	115	48.2028
34	115	48.9694
39	115	45.635
40	115	46.0381
43	115	47.6858
44	115	43.9217
49	115	80.7973
69	115	19.6016
70	115	18.8644
71	115	62.5357
75	115	16.443
82	115	48.7787
85	115	59.0737
87	115	48.1706
90	115	38.5941
91	115	52.2675
92	115	50.4103
94	115	50.069
110	115	-4.8231
17	116	51.665
26	116	49.4118
29	116	49.2857
77	116	15.293
81	116	13.6628
30	117	49.3173
37	117	47.3929
59	117	24.7342
61	117	22.8448
63	117	22.8448
98	117	-1.5143
100	117	-0.67521
112	117	-4.8231
113	117	-1.5143
3	118	88.9057
8	118	89.0172
16	118	78.2028
23	118	86.5352
24	118	95.4826
31	118	72.8517
33	118	95.9339
34	118	99.0731
39	118	84.1424
40	118	93.3024
43	118	70.1302
44	118	90.6734
49	118	41.7143
69	118	62.842
70	118	64.5779
71	118	20.6393
75	118	65.6143
82	118	24.6229
85	118	16.2174
87	118	23.3135
90	118	29.833
91	118	15.293
92	118	16.7404
94	118	15.6053
110	118	70.3146
115	118	68.3089
1	119	59.1812
4	119	57.1072
5	119	56.9684
11	119	54.993
19	119	53.1896
28	119	51.4527
80	119	15.293
86	119	13.3214
2	120	59.1812
15	120	55.2219
38	120	49.4118
42	120	47.5232
74	120	20.6393
78	120	18.2456
3	121	60.4586
8	121	59.0737
16	121	55.0789
23	121	55.4215
24	121	59.3958
31	121	51.1786
33	121	58.5333
34	121	60.3531
39	121	51.786
40	121	55.9884
43	121	47.3929
44	121	53.4547
49	121	66.2243
69	121	22.4287
70	121	23.08
71	121	45.0928
75	121	22.1279
82	121	31.8878
85	121	40.7586
87	121	30.8274
90	121	22.0674
91	121	33.2734
92	121	31.5222
94	121	30.8274
110	121	15.9133
115	121	13.6628
118	121	47.3929
7	122	56.9684
48	122	45.5338
79	122	18.8644
3	123	83.6721
8	123	83.5541
16	123	73.5178
23	123	80.8378
24	123	89.2026
31	123	68.2143
33	123	89.4616
34	123	92.4457
39	123	78.2028
40	123	86.8015
43	123	65.2212
44	123	84.1424
49	123	44.4761
69	123	55.1933
70	123	56.8571
71	123	20.8929
75	123	57.6869
82	123	20.4477
85	123	15.293
87	123	18.7964
90	123	23.3135
91	123	11.1425
92	123	11.9882
94	123	10.3572
110	123	61.0622
115	123	58.9929
118	123	2.1517
121	123	37.968
2	124	60.8791
15	124	56.9684
38	124	51.2091
42	124	49.3173
74	124	21.885
78	124	19.6016
120	124	-4.8231
7	125	58.8581
48	125	47.4255
79	125	20.6393
122	125	-5.6071
1	126	62.9438
4	126	60.8791
5	126	60.7479
11	126	58.777
19	126	56.9684
28	126	55.2219
80	126	19.0675
86	126	17.1071
119	126	-3.7143
3	127	64.5779
8	127	62.3051
16	127	64.5779
23	127	58.6147
24	127	56.9684
31	127	62.7655
33	127	54.993
34	127	54.993
39	127	54.9356
40	127	53.1896
43	127	59.4226
44	127	51.4527
49	127	94.4335
69	127	31.8878
70	127	30.8274
71	127	75.8072
75	127	28.2144
82	127	62.0995
85	127	72.1126
87	127	61.401
90	127	51.9068
91	127	65.0485
92	127	63.223
94	127	62.74
110	127	5.8845
115	127	6.1496
118	127	79.6537
121	127	24.9005
123	127	70.1302
6	128	63.1723
12	128	61.5828
13	128	61.0622
21	128	59.4226
36	128	56.3541
41	128	54.127
46	128	51.665
72	128	24.7342
83	128	20.9559
89	128	17.1071
9	129	62.5613
10	129	62.7655
84	129	23.8324
88	129	21.3311
9	130	64.5281
10	130	64.826
84	130	24.8452
88	130	22.4287
129	130	-4.8231
1	6	-1.3236
4	6	-1.2034
5	6	-1.0718
2	7	-1.755
7	9	-2.0834
7	10	-2.2047
6	11	-0.12606
1	12	-1.9689
4	12	-1.8651
5	12	-1.9336
11	12	-1.0915
1	13	-1.7185
4	13	-1.6951
5	13	-1.6514
11	13	-1.1849
7	15	-1.5413
1	17	-1.1457
2	17	-1.3682
3	17	-1.2955
4	17	-1.639
5	17	-1.8906
6	17	-1.3706
7	17	-1.1728
8	17	-1.3313
9	17	-1.3544
10	17	-1.2065
11	17	-1.8507
12	17	-1.5374
13	17	-1.5164
14	17	-1.4889
15	17	-1.5776
16	17	-0.60176
17	18	-1.5348
6	19	0.20624
12	19	-0.16446
13	19	-0.62408
17	19	-1.5562
17	20	-1.5677
1	21	-2.2944
4	21	-2.3885
5	21	-2.1804
11	21	-2.1209
17	21	-1.6841
19	21	-1.2784
17	22	-1.6122
17	23	-1.2361
17	24	-1.4804
17	25	-0.18838
1	26	-1.751
2	26	-1.7229
3	26	-1.4249
4	26	-1.985
5	26	-2.0615
6	26	-1.3815
7	26	-1.4335
8	26	-1.4311
9	26	-1.5592
10	26	-1.4038
11	26	-1.9353
12	26	-1.4337
13	26	-1.8793
14	26	-1.748
15	26	-1.8506
16	26	-0.72905
18	26	-2.2379
19	26	-2.0426
20	26	-2.0552
21	26	-2.0158
22	26	-1.918
23	26	-1.2932
24	26	-1.5407
25	26	1.8081
17	27	-1.69
26	27	-2.0826
6	28	0.37634
12	28	0.17622
13	28	-0.30147
17	28	-1.3812
21	28	-0.69749
26	28	-1.7747
1	29	-0.88318
2	29	-1.5176
3	29	-1.4557
4	29	-0.94055
5	29	-1.1194
6	29	-0.60911
7	29	-1.3513
8	29	-1.4553
9	29	-1.4398
10	29	-1.2787
11	29	-1.0596
12	29	-0.65793
13	29	-1.2787
14	29	-1.8457
15	29	-1.9026
16	29	-0.81274
18	29	-0.71377
19	29	-1.0718
20	29	-0.81286
21	29	-1.5492
22	29	-1.7758
23	29	-1.2987
24	29	-1.436
25	29	0.81225
27	29	0.05428
28	29	-0.19082
17	30	-1.876
18	30	-1.9013
20	30	-1.7205
25	30	-1.635
26	30	-1.8384
27	30	-1.6019
29	30	-1.5948
17	31	-0.36474
26	31	-0.42852
29	31	-0.43874
3	32	0.89587
8	32	-0.15618
14	32	-2.244
16	32	5.1324
17	32	-1.4544
22	32	-2.1773
23	32	-1.2385
24	32	-1.8106
26	32	-1.665
29	32	-1.5764
31	32	6.7006
17	33	-1.3848
26	33	-1.4362
29	33	-1.2918
32	33	-1.7321
17	34	-1.3127
26	34	-1.39
29	34	-1.2187
32	34	-1.8349
17	35	-1.599
26	35	-1.6222
29	35	1.251
30	35	-1.0733
1	36	-0.64684
4	36	-0.43423
5	36	0.11807
11	36	0.5993
17	36	-1.4317
19	36	-0.86889
26	36	-1.7272
28	36	-2.3736
29	36	-1.3323
17	37	-2.0252
18	37	-2.1625
20	37	-1.9937
25	37	-1.6472
26	37	-1.8543
27	37	-1.7168
29	37	-1.756
35	37	-1.1999
7	38	-0.79626
17	38	-1.3492
26	38	-1.5312
29	38	-1.4007
17	39	-1.1087
26	39	-1.1457
29	39	-1.142
32	39	-0.44537
17	40	-1.2836
26	40	-1.2919
29	40	-1.1657
32	40	-1.4071
1	41	-0.75758
4	41	-0.57102
5	41	-0.15561
11	41	0.1416
17	41	-1.6616
19	41	-0.92347
26	41	-1.7865
28	41	-1.9828
29	41	-1.3004
7	42	-0.75878
17	42	-1.2416
26	42	-1.3785
29	42	-1.1999
17	43	-0.028538
26	43	-0.03945
29	43	-0.009322
32	43	6.5467
17	44	-1.1721
26	44	-1.1894
29	44	-1.0887
32	44	-0.97103
17	45	-1.877
26	45	-2.2126
29	45	-2.2437
1	46	-0.92044
4	46	-0.78482
5	46	-0.51557
11	46	-0.41104
17	46	-1.4915
19	46	-1.2096
26	46	-1.5471
28	46	-1.9832
29	46	-1.1734
6	47	-1.061
12	47	-0.53084
13	47	-0.78817
17	47	-1.4219
21	47	-0.15982
26	47	-1.1608
29	47	-1.0643
36	47	1.0054
41	47	1.2719
46	47	1.6869
2	48	-1.0478
9	48	-0.87837
10	48	-1.0877
15	48	-1.2418
17	48	-1.1611
26	48	-1.2131
29	48	-1.1367
38	48	-1.9544
42	48	-1.82
17	49	6.5737
26	49	7.5813
29	49	8.1145
32	49	7.6811
17	50	-1.8395
26	50	-1.9118
29	50	-1.3225
30	50	-2.0684
37	50	-1.9001
6	51	-1.153
12	51	-1.4599
13	51	-1.4998
17	51	-1.2863
21	51	-1.8415
26	51	-1.6158
29	51	-1.655
36	51	-1.5451
41	51	-2.0886
46	51	-1.6361
17	52	-1.612
26	52	-1.7869
29	52	-1.8223
30	52	-2.459
37	52	-2.0861
17	53	-0.29092
26	53	-0.16446
29	53	0.10366
30	53	-1.7457
37	53	-1.7049
17	54	1.7953
26	54	1.8643
29	54	1.9961
30	54	1.7703
37	54	1.7066
17	55	3.1674
26	55	3.1319
29	55	3.3197
30	55	0.96148
37	55	0.87717
17	56	3.9509
26	56	3.9198
29	56	4.1166
30	56	0.44211
37	56	0.5545
17	57	4.1549
26	57	4.1258
29	57	4.303
30	57	0.56798
37	57	0.61857
17	58	3.09
26	58	3.0623
29	58	3.2095
30	58	1.4344
37	58	1.3404
17	59	3.7469
18	59	2.9433
20	59	2.9139
25	59	2.7935
26	59	3.9084
27	59	2.9273
29	59	4.0215
35	59	2.9709
50	59	1.1198
52	59	1.5229
53	59	1.4887
54	59	-0.82704
55	59	-1.473
56	59	-1.2281
57	59	-0.4847
58	59	-0.59655
6	60	2.0416
12	60	1.8416
13	60	1.4671
17	60	3.3944
21	60	1.2999
26	60	3.3653
29	60	3.4649
36	60	2.1345
41	60	1.9516
46	60	1.6607
17	61	3.6708
18	61	2.8249
20	61	2.7938
25	61	2.6785
26	61	3.8398
27	61	2.8144
29	61	3.9505
35	61	2.8629
50	61	1.266
52	61	1.4258
53	61	1.2979
54	61	-1.254
55	61	-1.1187
56	61	-0.74763
57	61	-0.87225
58	61	-0.92197
6	62	2.0568
12	62	1.8596
13	62	1.4805
17	62	3.5163
21	62	1.2901
26	62	3.4896
29	62	3.5796
36	62	2.0614
41	62	1.8978
46	62	1.674
17	63	3.0812
18	63	2.3291
20	63	2.2933
25	63	2.1787
26	63	3.2256
27	63	2.3023
29	63	3.3314
35	63	2.3253
50	63	1.1706
52	63	1.4644
53	63	1.1829
54	63	-1.5468
55	63	-2.0737
56	63	-1.5781
57	63	-1.5444
58	63	-1.4803
17	64	3.4693
26	64	3.8506
29	64	5.4077
30	64	2.8977
37	64	3.1544
59	64	-1.7481
61	64	-2.0551
63	64	-2.2296
17	65	3.332
26	65	3.4089
29	65	3.7296
32	65	2.0519
3	66	2.037
8	66	1.7599
14	66	2.8778
16	66	2.4917
17	66	2.1698
22	66	3.1935
23	66	1.826
24	66	1.3152
26	66	2.2297
29	66	2.3888
31	66	2.7399
33	66	1.2704
34	66	1.1921
39	66	1.7654
40	66	1.2713
43	66	2.8151
44	66	1.2247
49	66	7.1813
65	66	-2.2363
17	67	3.4624
26	67	3.8423
29	67	5.3604
30	67	2.7064
37	67	2.9581
59	67	-2.0358
61	67	-2.1666
63	67	-2.0608
17	68	3.2332
26	68	3.6047
29	68	5.2724
30	68	2.8363
37	68	3.0937
59	68	-1.3515
61	68	-1.489
63	68	-1.8749
17	69	1.6136
26	69	1.7033
29	69	1.8239
32	69	3.7788
66	69	-2.2248
17	70	1.5894
26	70	1.6723
29	70	1.7899
32	70	3.5556
66	70	-2.2682
17	71	5.1336
26	71	5.5581
29	71	5.8722
32	71	7.3203
66	71	6.7223
1	72	2.7234
4	72	2.8819
5	72	2.9502
11	72	3.0103
17	72	2.9363
19	72	2.8104
26	72	3.1302
28	72	2.6332
29	72	3.2259
47	72	3.1197
51	72	1.943
60	72	-1.8155
62	72	-2.0816
17	73	3.2841
26	73	3.3906
29	73	3.7272
32	73	2.0186
66	73	-1.8092
7	74	2.7793
17	74	3.5346
26	74	3.6711
29	74	3.9282
48	74	1.8803
17	75	1.5728
26	75	1.6524
29	75	1.773
32	75	3.276
66	75	-2.1716
17	76	3.1468
26	76	3.291
29	76	3.2149
1	77	3.2374
2	77	3.6498
3	77	1.747
4	77	3.615
5	77	3.7757
6	77	4.1436
7	77	2.1405
8	77	1.6266
9	77	1.6506
10	77	1.5856
11	77	3.841
12	77	4.3773
13	77	4.0536
14	77	3.0124
15	77	3.5316
16	77	1.6404
18	77	1.9726
19	77	3.9067
20	77	1.9222
21	77	4.2743
22	77	2.7201
23	77	1.4286
24	77	1.3278
25	77	3.5858
27	77	2.4639
28	77	4.1949
30	77	2.8765
31	77	1.6131
32	77	1.7959
33	77	1.2743
34	77	1.3378
35	77	2.4374
36	77	4.7505
37	77	3.1551
38	77	3.3455
39	77	1.2768
40	77	1.1553
41	77	4.7285
42	77	3.3079
43	77	1.3044
44	77	1.0462
45	77	3.6132
46	77	4.235
47	77	2.7574
48	77	1.7322
49	77	6.0686
50	77	3.4018
51	77	4.1092
52	77	3.3839
53	77	1.6081
54	77	-0.86142
55	77	-1.5527
56	77	-0.73353
57	77	-0.59056
58	77	-1.3553
59	77	-1.96
60	77	-1.5432
61	77	-2.1627
62	77	-1.4968
63	77	-1.8338
64	77	-2.4937
65	77	-1.723
66	77	-1.7241
67	77	-2.2979
68	77	-2.1436
69	77	-1.3351
70	77	-1.3792
71	77	7.3669
72	77	-1.7392
73	77	-1.3797
74	77	-1.6598
75	77	-1.3268
76	77	-2.2902
7	78	2.82
17	78	3.275
26	78	3.4067
29	78	3.6618
48	78	1.9482
77	78	-1.7153
2	79	2.9847
9	79	2.0214
10	79	1.9588
15	79	3.0538
17	79	2.238
26	79	2.3482
29	79	2.4562
38	79	2.9202
42	79	2.9525
74	79	-2.2235
77	79	-1.7586
78	79	-2.3411
6	80	3.8287
12	80	3.9562
13	80	3.6803
17	80	1.7816
21	80	3.8112
26	80	2.3746
29	80	3.2942
36	80	4.2354
41	80	4.0436
46	80	3.4272
72	80	-2.0989
77	80	-1.7193
1	81	3.4963
2	81	3.9024
3	81	1.9378
4	81	3.8708
5	81	4.0305
6	81	4.1001
7	81	2.3565
8	81	1.8202
9	81	1.8149
10	81	1.7507
11	81	4.0987
12	81	4.329
13	81	4.0238
14	81	3.2183
15	81	3.7968
16	81	1.838
18	81	1.7886
19	81	4.1631
20	81	1.7454
21	81	4.2411
22	81	2.9325
23	81	1.6259
24	81	1.525
25	81	3.3068
27	81	2.2665
28	81	4.4455
30	81	2.9851
31	81	1.8183
32	81	2.0031
33	81	1.4736
34	81	1.5358
35	81	2.2503
36	81	4.7058
37	81	3.2613
38	81	3.63
39	81	1.4773
40	81	1.358
41	81	4.7015
42	81	3.5995
43	81	1.5211
44	81	1.2498
45	81	2.5766
46	81	4.2448
47	81	2.9029
48	81	1.9655
49	81	6.1173
50	81	3.6352
51	81	4.2759
52	81	3.6417
53	81	1.9579
54	81	-0.41263
55	81	-1.95
56	81	-1.147
57	81	-1.1165
58	81	-2.1089
59	81	-1.861
60	81	-1.6942
61	81	-1.8329
62	81	-2.0501
63	81	-1.2381
64	81	-1.6324
65	81	-1.1728
66	81	-1.4149
67	81	-1.4925
68	81	-1.3062
69	81	-1.1323
70	81	-1.156
71	81	7.0315
72	81	-1.2557
73	81	-1.0188
74	81	-1.0664
75	81	-1.1153
76	81	-1.6588
78	81	-1.2481
79	81	-1.4905
80	81	2.5398
17	82	4.6414
26	82	4.9465
29	82	5.1946
32	82	7.236
66	82	6.3983
77	82	0.55185
81	82	-0.29507
1	83	2.7176
4	83	2.8719
5	83	2.93
11	83	2.9857
17	83	2.9145
19	83	2.8075
26	83	3.1198
28	83	2.6526
29	83	3.2106
47	83	3.048
51	83	1.9934
60	83	-1.6579
62	83	-1.9084
77	83	-2.1401
80	83	-1.9103
81	83	-1.5896
7	84	3.4575
17	84	1.5415
26	84	1.6237
29	84	1.67
48	84	3.0347
77	84	-1.4406
79	84	-2.273
81	84	-1.22
17	85	5.2422
26	85	5.6159
29	85	5.8868
32	85	6.6101
66	85	5.8068
77	85	5.7888
81	85	7.4643
6	86	3.9378
12	86	4.0719
13	86	3.7979
17	86	2.1712
21	86	3.9362
26	86	2.723
29	86	3.5953
36	86	4.3739
41	86	4.1991
46	86	3.5966
72	86	-1.8231
77	86	-2.1368
81	86	-2.1196
83	86	-2.4597
17	87	4.9749
26	87	5.2648
29	87	5.491
32	87	7.3043
66	87	6.3182
77	87	1.5423
81	87	1.0431
7	88	3.3016
17	88	1.4865
26	88	1.5673
29	88	1.6167
48	88	2.8652
77	88	-1.3632
79	88	-1.9645
81	88	-1.1461
1	89	2.6398
4	89	2.7873
5	89	2.8318
11	89	2.8774
17	89	2.7474
19	89	2.7192
26	89	2.9471
28	89	2.5857
29	89	3.0291
47	89	3.1109
51	89	2.0678
60	89	-1.5922
62	89	-1.8219
77	89	-1.8413
80	89	-1.0043
81	89	-1.4451
86	89	-1.3135
17	90	4.5217
26	90	4.7523
29	90	4.9382
32	90	6.5633
66	90	5.2819
77	90	1.0338
81	90	0.71367
17	91	5.8097
26	91	6.1142
29	91	6.3276
32	91	7.3254
66	91	5.5157
77	91	4.3222
81	91	4.6248
17	92	5.741
26	92	6.0364
29	92	6.2461
32	92	6.8872
66	92	5.0196
77	92	3.9339
81	92	4.0979
17	93	4.2372
26	93	4.1978
29	93	4.2662
30	93	3.3525
37	93	3.1406
59	93	6.1709
61	93	5.7787
63	93	5.1931
77	93	3.5726
81	93	3.4633
17	94	5.7317
26	94	6.0214
29	94	6.2245
32	94	6.8086
66	94	4.8922
77	94	4.0447
81	94	4.2191
17	95	4.7755
26	95	4.7339
29	95	4.8063
30	95	2.7211
37	95	2.5749
59	95	5.2798
61	95	5.738
63	95	4.1275
77	95	4.7293
81	95	4.794
17	96	4.6976
26	96	4.6562
29	96	4.7259
30	96	3.1371
37	96	2.9886
59	96	5.8751
61	96	6.3885
63	96	4.7071
77	96	4.4881
81	96	4.4966
17	97	5.475
26	97	5.8393
29	97	7.0166
30	97	5.2305
37	97	5.4537
59	97	1.9805
61	97	2.2634
63	97	2.2155
77	97	4.1517
81	97	4.9266
17	98	5.2359
18	98	4.1602
20	98	4.0755
25	98	4.1751
26	98	5.3831
27	98	4.2274
29	98	5.4022
35	98	4.257
50	98	3.1342
52	98	3.3007
53	98	2.9516
54	98	-0.43094
55	98	0.7009
56	98	1.1379
57	98	1.0742
58	98	0.40228
64	98	3.046
67	98	3.2328
68	98	3.4706
77	98	3.9361
81	98	4.1205
93	98	-2.3209
95	98	-0.74217
96	98	-1.2518
97	98	-2.1657
6	99	4.0859
12	99	3.9312
13	99	3.4489
17	99	4.5051
21	99	3.5434
26	99	4.4578
29	99	4.4631
36	99	4.0043
41	99	3.9594
46	99	4.0539
72	99	5.0363
77	99	3.8426
81	99	3.9697
83	99	4.9684
89	99	4.3081
17	100	5.1291
18	100	4.1198
20	100	4.0338
25	100	4.1344
26	100	5.2724
27	100	4.1841
29	100	5.2929
35	100	4.2092
50	100	2.937
52	100	3.1019
53	100	2.759
54	100	-0.61056
55	100	0.47299
56	100	0.92241
57	100	0.8602
58	100	0.17096
64	100	2.912
67	100	3.0818
68	100	3.3058
77	100	3.7166
81	100	3.8735
93	100	-1.8307
95	100	-1.0901
96	100	-1.6661
97	100	-2.1108
6	101	4.2663
12	101	4.1168
13	101	3.7599
17	101	4.5646
21	101	3.9164
26	101	4.5133
29	101	4.5173
36	101	4.2037
41	101	4.2707
46	101	4.4273
72	101	5.4911
77	101	3.8061
81	101	3.901
83	101	5.4822
89	101	4.8625
6	102	3.8535
12	102	3.563
13	102	3.6347
17	102	4.425
21	102	3.6515
26	102	4.3712
29	102	4.3761
36	102	3.8198
41	102	3.8767
46	102	4.2085
72	102	5.6233
77	102	3.5632
81	102	3.631
83	102	5.5916
89	102	5.5066
17	103	5.2113
26	103	5.3001
29	103	5.5674
32	103	4.0946
66	103	1.9521
77	103	2.4974
81	103	2.4546
17	104	4.6987
26	104	4.7546
29	104	5.0075
32	104	4.5586
66	104	2.9776
77	104	1.8249
81	104	1.7541
3	105	3.6361
8	105	3.4201
14	105	4.4637
16	105	3.9678
17	105	4.0161
22	105	4.611
23	105	3.5336
24	105	3.0289
26	105	4.0822
29	105	4.2409
31	105	4.1458
33	105	2.9869
34	105	2.8708
39	105	3.5488
40	105	3.0366
43	105	4.2602
44	105	3.041
49	105	7.5094
65	105	1.7907
69	105	2.4055
70	105	2.2529
71	105	7.6173
73	105	1.6098
75	105	2.0777
77	105	1.2297
81	105	1.123
82	105	7.2106
85	105	7.2074
87	105	7.1884
90	105	6.5606
91	105	6.0872
92	105	5.4237
94	105	5.4136
103	105	-1.9006
104	105	-1.9292
3	106	3.805
8	106	3.5901
14	106	4.2538
16	106	4.1617
17	106	3.8659
22	106	4.3875
23	106	3.7043
24	106	3.1773
26	106	3.9181
29	106	4.0756
31	106	4.3526
33	106	3.1304
34	106	3.0054
39	106	3.7243
40	106	3.1874
43	106	4.476
44	106	3.1977
49	106	7.6155
65	106	1.5621
69	106	2.8204
70	106	2.6473
71	106	7.7432
73	106	1.3945
75	106	2.4645
77	106	1.1243
81	106	1.0256
82	106	7.4086
85	106	7.3306
87	106	7.3807
90	106	6.7972
91	106	6.2463
92	106	5.5932
94	106	5.5696
103	106	-2.0724
104	106	-2.1004
17	107	4.1269
26	107	4.4237
29	107	4.4922
77	107	2.0687
81	107	2.6387
17	108	5.1964
26	108	5.2864
29	108	5.5527
32	108	4.147
66	108	2.0587
77	108	2.5848
81	108	2.5615
105	108	-2.1931
106	108	-2.2651
17	109	4.9191
26	109	4.9894
29	109	5.2475
32	109	4.3376
66	109	2.5372
77	109	2.1764
81	109	2.1282
105	109	-2.2357
106	109	-2.3154
17	110	3.3571
26	110	3.439
29	110	3.5722
32	110	3.9617
66	110	0.74455
77	110	0.74132
81	110	0.64983
105	110	-2.2289
106	110	-2.3541
17	111	4.9045
26	111	5.2624
29	111	6.5945
30	111	5.3404
37	111	5.5588
59	111	2.3468
61	111	2.6317
63	111	2.5915
77	111	3.3599
81	111	4.0115
98	111	-1.1005
100	111	-1.4104
17	112	5.1801
18	112	4.1136
20	112	4.0314
25	112	4.1289
26	112	5.3437
27	112	4.1881
29	112	5.3654
35	112	4.2292
50	112	3.8046
52	112	3.9728
53	112	3.6124
54	112	0.36429
55	112	1.4345
56	112	1.8515
57	112	1.7851
58	112	1.1382
64	112	3.2737
67	112	3.5188
68	112	3.7633
77	112	4.3252
81	112	4.616
93	112	-1.4132
95	112	0.12328
96	112	-0.3569
97	112	-1.3871
111	112	-1.5973
17	113	4.874
18	113	3.9342
20	113	3.8462
25	113	3.9523
26	113	5.0158
27	113	3.9989
29	113	5.035
35	113	4.0213
50	113	3.3059
52	113	3.4675
53	113	3.1288
54	113	-0.13261
55	113	0.82937
56	113	1.2942
57	113	1.2347
58	113	0.52355
64	113	2.7307
67	113	2.9087
68	113	3.112
77	113	3.5402
81	113	3.7136
93	113	-1.0075
95	113	-0.63528
96	113	-1.3094
97	113	-1.9662
111	113	-1.8972
17	114	4.9508
26	114	5.0223
29	114	5.2791
32	114	4.3188
66	114	2.5492
77	114	2.2981
81	114	2.2643
105	114	-1.82
106	114	-2.0343
17	115	3.3117
26	115	3.403
29	115	3.5411
32	115	3.969
66	115	0.75755
77	115	0.67999
81	115	0.58928
105	115	-2.0346
106	115	-2.0923
1	116	5.0842
2	116	5.594
3	116	3.5849
4	116	5.5146
5	116	5.7212
6	116	6.1772
7	116	4.0408
8	116	3.4761
9	116	3.323
10	116	3.2205
11	116	5.8285
12	116	6.3682
13	116	6.1449
14	116	4.7564
15	116	5.5552
16	116	3.5785
18	116	3.6446
19	116	5.8549
20	116	3.6337
21	116	6.3274
22	116	4.5653
23	116	3.3298
24	116	3.1058
25	116	5.2859
27	116	4.0997
28	116	6.1003
30	116	5.1923
31	116	3.6019
32	116	3.686
33	116	3.0309
34	116	3.0293
35	116	4.1141
36	116	6.7065
37	116	5.4461
38	116	5.4938
39	116	3.2253
40	116	2.954
41	116	6.76
42	116	5.4947
43	116	3.3761
44	116	2.8967
45	116	4.7504
46	116	6.4194
47	116	5.0217
48	116	3.7974
49	116	6.4407
50	116	5.6865
51	116	6.1347
52	116	5.7722
53	116	4.2502
54	116	2.1542
55	116	0.54028
56	116	0.96588
57	116	0.91668
58	116	0.77531
59	116	1.2517
60	116	1.239
61	116	1.5335
62	116	1.1716
63	116	1.7639
64	116	0.27956
65	116	2.161
66	116	1.4764
67	116	0.41774
68	116	0.55149
69	116	1.2984
70	116	1.1915
71	116	5.7915
72	116	3.1234
73	116	2.4974
74	116	2.9083
75	116	1.07
76	116	2.6553
78	116	2.8369
79	116	1.6473
80	116	4.0799
82	116	3.5301
83	116	3.029
84	116	1.2134
85	116	5.3941
86	116	3.6567
87	116	3.0893
88	116	1.1247
89	116	2.7362
90	116	1.6353
91	116	3.386
92	116	2.9261
93	116	-1.9007
94	116	2.7801
95	116	-1.6052
96	116	-1.6177
97	116	-2.3045
98	116	-2.3077
99	116	-2.0071
100	116	-2.308
101	116	-1.8824
102	116	-1.9362
103	116	-1.7906
104	116	-1.8481
105	116	-1.7293
106	116	-1.8261
107	116	-2.5618
108	116	-1.9605
109	116	-2.1089
110	116	-1.7962
111	116	-2.0685
112	116	-1.8919
113	116	-2.0164
114	116	-1.919
115	116	-1.6703
17	117	4.8188
18	117	3.8263
20	117	3.7452
25	117	3.8336
26	117	4.982
27	117	3.8956
29	117	5.0076
35	117	3.9346
50	117	3.3838
52	117	3.5534
53	117	3.2008
54	117	-0.10575
55	117	0.98986
56	117	1.4091
57	117	1.3431
58	117	0.69435
64	117	2.9039
67	117	3.1347
68	117	3.3692
77	117	3.8799
81	117	4.1491
93	117	-2.0033
95	117	-0.36889
96	117	-0.8905
97	117	-1.6087
111	117	-1.5354
116	117	-1.4823
17	118	7.0451
26	118	7.3672
29	118	7.554
32	118	8.278
66	118	6.704
77	118	6.9031
81	118	7.1207
105	118	8.2295
106	118	8.3299
116	118	9.0085
6	119	6.3918
12	119	6.4782
13	119	6.3103
17	119	4.4769
21	119	6.4035
26	119	4.9784
29	119	5.7702
36	119	6.7241
41	119	6.6214
46	119	6.18
72	119	3.0442
77	119	0.89325
81	119	0.90959
83	119	3.0031
89	119	2.7377
116	119	-1.4177
7	120	4.9291
17	120	5.1239
26	120	5.2334
29	120	5.4192
48	120	4.3361
77	120	1.9575
79	120	2.6564
81	120	1.8851
116	120	-2.0084
17	121	4.3952
26	121	4.5451
29	121	4.6848
32	121	4.8394
66	121	1.9743
77	121	1.8085
81	121	1.7024
105	121	2.473
106	121	3.5379
116	121	-0.86639
2	122	4.3761
9	122	3.9284
10	122	3.859
15	122	4.4234
17	122	3.9301
26	122	4.037
29	122	4.1241
38	122	4.2986
42	122	4.357
74	122	1.4488
77	122	1.1023
78	122	1.5347
81	122	0.99708
84	122	2.6397
88	122	2.4612
116	122	-1.777
120	122	-2.1394
17	123	6.2222
26	123	6.519
29	123	6.7048
32	123	7.0666
66	123	5.4053
77	123	5.4908
81	123	5.6739
105	123	7.0429
106	123	7.1629
116	123	5.9457
7	124	4.919
17	124	5.0915
26	124	5.2108
29	124	5.401
48	124	4.3202
77	124	2.0194
79	124	2.5784
81	124	1.9662
116	124	-1.914
122	124	-2.0366
2	125	4.3475
9	125	3.8818
10	125	3.8102
15	125	4.3951
17	125	3.9347
26	125	4.0446
29	125	4.1334
38	125	4.2724
42	125	4.3321
74	125	1.4986
77	125	1.1512
78	125	1.5884
81	125	1.0533
84	125	2.6377
88	125	2.473
116	125	-1.6917
120	125	-2.0786
124	125	-2.3383
6	126	6.2253
12	126	6.3111
13	126	6.1446
17	126	4.1394
21	126	6.2374
26	126	4.6517
29	126	5.4534
36	126	6.5558
41	126	6.4548
46	126	6.0169
72	126	2.9299
77	126	0.5913
81	126	0.6075
83	126	2.9117
89	126	2.6871
116	126	-2.0581
17	127	3.4881
26	127	3.553
29	127	3.6897
32	127	4.0818
66	127	1.289
77	127	1.1471
81	127	1.0821
105	127	-0.90041
106	127	-0.79431
116	127	-1.3164
1	128	4.349
4	128	4.4793
5	128	4.4976
11	128	4.5273
17	128	4.4321
19	128	4.4207
26	128	4.6292
28	128	4.3385
29	128	4.6424
47	128	3.2441
51	128	2.6827
60	128	-0.76183
62	128	-0.84364
77	128	2.0231
80	128	2.6899
81	128	2.3086
86	128	2.7724
99	128	-2.4655
101	128	-2.4703
102	128	-2.063
116	128	-2.0521
119	128	-2.4146
126	128	-2.4277
7	129	4.0684
17	129	3.2393
26	129	3.3217
29	129	3.368
48	129	3.687
77	129	0.65263
79	129	1.0597
81	129	0.60637
116	129	-1.6664
122	129	-2.0496
125	129	-2.1284
7	130	4.0974
17	130	3.1985
26	130	3.2883
29	130	3.3375
48	130	3.7291
77	130	0.6061
79	130	1.1666
81	130	0.56099
116	130	-1.5414
122	130	-1.6843
125	130	-1.7549
offset
60
