153
detection	body_part	cost
1	4	-2.4659
2	4	-1.3372
3	4	-1.437
4	4	-1.3662
5	4	-0.21121
6	5	0.090581
7	3	-3.0844
8	5	-2.2176
9	3	-5.1278
10	3	-1.3187
11	5	-3.4915
12	3	-1.1387
13	5	-2.2216
14	9	-0.095389
15	10	-0.82692
16	10	-1.447
17	10	-0.53923
18	11	-0.093479
19	11	-0.29054
20	5	-0.8949
21	9	-1.9223
22	10	-3.836
23	11	-3.5098
24	11	-2.493
25	10	-1.5917
26	1	-6.023
27	1	-5.17
28	12	-0.88004
29	13	0.023882
30	12	-2.8085
31	13	-2.0594
32	14	-0.18705
33	14	-1.9432
34	2	-4.8966
35	12	-1.8328
36	13	-3.4732
37	14	-3.2211
38	4	-0.24802
39	14	-2.258
40	6	-3.7172
41	4	-0.72327
42	6	-0.16194
43	7	-3.8743
44	7	-2.9099
45	3	-1.9801
46	7	-1.044
47	7	-1.6756
48	3	-2.3618
49	3	-4.4428
50	8	-4.6065
51	5	-3.3785
52	5	-1.7454
53	9	-2.4197
54	1	-3.5229
55	5	-1.3636
56	10	-1.3356
57	10	-0.28027
58	11	0.19333
59	2	-4.6
60	1	-5.7978
61	5	-0.071778
62	11	0.15737
63	11	0.63826
64	1	-1.5045
65	4	-0.38592
66	12	-2.4882
67	4	-0.45392
68	4	-0.50881
69	12	-0.92242
70	13	0.12565
71	4	-0.59164
72	13	0.026903
73	13	-1.3749
74	14	-0.26457
75	3	-2.5025
76	6	-3.8321
77	8	-2.6549
78	13	-0.88306
79	14	0.25191
80	3	-0.26453
81	9	0.06301
82	7	-1.0661
83	8	-3.6668
84	9	-0.32014
85	7	-2.9914
86	9	-0.065762
87	7	-2.4564
88	8	-1.8769
89	1	-3.4374
90	5	-0.88108
91	9	-0.57511
92	1	-4.1277
93	5	-0.35528
94	11	0.54351
95	2	-3.827
96	1	-2.1155
97	8	-0.30202
98	8	-1.0996
99	8	-0.15363
100	12	-0.51037
101	12	-1.0612
102	12	-0.89584
103	2	1.0836
104	8	-0.56576
105	8	-1.2945
106	12	-1.4769
107	12	-0.2569
108	6	-3.8344
109	6	-0.82279
110	7	-0.69329
111	7	-2.0895
112	10	0.13937
113	7	-0.84143
114	10	0.049136
115	2	-0.49973
116	11	9.2102
117	6	-0.096027
118	9	-0.29912
119	9	-0.59685
120	7	-1.1568
121	10	0.31985
122	3	0.36798
123	6	-0.17615
124	9	-0.33639
125	10	0.27231
126	14	0.31201
127	3	-0.48748
128	9	0.069741
129	13	-0.041706
130	11	9.2102
131	11	9.2102
132	1	-0.5303
133	6	-0.48563
134	12	-0.34929
135	13	-1.6163
136	11	0.67316
137	11	0.49473
138	2	-1.0775
139	11	9.2102
140	1	-2.177
141	13	-1.1663
142	1	-0.67949
143	14	0.13721
144	11	9.2102
145	6	-2.3329
146	8	-0.2113
147	6	-0.13157
148	6	-2.2127
149	8	-0.10129
150	14	-0.29968
151	13	0.010125
152	14	-0.2316
153	14	0.34394
detection1	detection2	cost
1	2	0.30445
1	3	-1.5143
2	3	-5.6071
1	4	-3.2674
2	4	-3.7143
3	4	-5.6071
1	5	2.6933
2	5	-4.8231
3	5	-3.2674
4	5	-1.5143
6	8	-4.8231
7	9	-4.8231
7	10	-1.5143
9	10	-3.7143
6	11	-2.1462
8	11	-4.8231
7	12	-3.7143
9	12	-4.8231
10	12	-1.5143
6	13	-1.5143
8	13	-3.7143
11	13	-4.8231
15	16	-5.6071
15	17	-3.7143
16	17	-5.6071
18	19	-3.7143
6	20	1.9643
8	20	-0.67521
11	20	-3.2674
13	20	-3.2674
14	21	-4.8231
15	22	-3.2674
16	22	-3.7143
17	22	-3.2674
18	23	-3.2674
19	23	-3.2674
18	24	-2.1462
19	24	-3.7143
23	24	-5.6071
15	25	-0.67521
16	25	-1.5143
17	25	-1.8214
22	25	-4.8231
26	27	-4.8231
28	30	-4.8231
29	31	-4.8231
32	33	-1.8214
28	35	-3.7143
30	35	-4.8231
29	36	-3.7143
31	36	-4.8231
32	37	-3.2674
33	37	-4.8231
1	38	21.3932
2	38	16.443
3	38	17.1071
4	38	17.8953
5	38	14.0819
32	39	-2.1462
33	39	-3.2674
37	39	-5.6071
1	41	25.6115
2	41	20.6393
3	41	21.3311
4	41	22.1279
5	41	18.2456
38	41	-3.2674
40	42	-3.2674
43	44	-5.6071
7	45	17.7539
9	45	16.443
10	45	17.8953
12	45	14.0819
43	46	-4.8231
44	46	-3.2674
43	47	-4.8231
44	47	-5.6071
46	47	-3.7143
7	48	21.885
9	48	20.6393
10	48	22.1279
12	48	18.2456
45	48	-3.2674
7	49	21.4551
9	49	20.0604
10	49	21.3311
12	49	17.7539
45	49	-3.7143
48	49	-5.6071
6	51	27.2998
8	51	24.8452
11	51	22.4287
13	51	21.3311
20	51	18.2456
6	52	26.624
8	52	24.2301
11	52	21.885
13	52	20.6393
20	52	17.7539
51	52	-5.6071
14	53	19.6016
21	53	18.2456
26	54	15.5276
27	54	14.0819
6	55	30.8274
8	55	28.4144
11	55	26.0415
13	55	24.8452
20	55	21.885
51	55	-3.7143
52	55	-3.2674
15	56	22.8448
16	56	23.0214
17	56	23.3135
22	56	19.269
25	56	17.7539
15	57	22.8448
16	57	22.7857
17	57	22.8448
22	57	19
25	57	17.1798
56	57	-3.7143
18	58	22.8448
19	58	22.8448
23	58	19
24	58	19.0675
34	59	11.8034
26	60	17.7539
27	60	16.443
54	60	-4.8231
6	61	33.2734
8	61	30.8274
11	61	28.4144
13	61	27.2998
20	61	24.2301
51	61	-1.5143
52	61	-0.67521
55	61	-4.8231
18	62	25.5573
19	62	26.624
23	62	22.4287
24	62	23.08
58	62	2.1517
18	63	24.6786
19	63	24.9005
23	63	20.9559
24	63	21.1441
58	63	-4.8231
62	63	0.071429
26	64	20.0604
27	64	18.8644
54	64	-2.1462
60	64	-4.8231
1	65	44.1649
2	65	39.2501
3	65	39.9726
4	65	40.7586
5	65	36.8106
38	65	15.3715
41	65	11.1425
28	66	20.0604
30	66	18.8644
35	66	16.443
1	67	44.9905
2	67	40.3859
3	67	41.0177
4	67	41.7143
5	67	38.0074
38	67	16.443
41	67	12.262
65	67	-4.8231
1	68	44.1996
2	68	39.8214
3	68	40.3859
4	68	41.0177
5	68	37.4927
38	68	15.9133
41	68	11.8034
65	68	-3.2674
67	68	-5.6071
28	69	22.4287
30	69	21.3311
35	69	18.8644
66	69	-4.8231
29	70	21.4551
31	70	20.0604
36	70	17.7539
1	71	46.7032
2	71	42.1852
3	71	42.7945
4	71	43.4667
5	71	39.8214
38	71	18.2456
41	71	14.0819
65	71	-3.2674
67	71	-5.6071
68	71	-4.8231
29	72	24.8452
31	72	23.8324
36	72	21.3311
70	72	-1.5143
29	73	23.7178
31	73	22.4287
36	73	20.0604
70	73	-4.8231
72	73	-3.7143
32	74	20.9559
33	74	21.885
37	74	19.6016
39	74	17.7539
7	75	39.3267
9	75	38.0074
10	75	39.2501
12	75	35.6638
45	75	14.0819
48	75	9.9513
49	75	10.4572
40	76	17.7539
42	76	17.1071
50	77	12.9744
29	78	25.1758
31	78	23.7178
36	78	21.4551
70	78	-3.7143
72	78	-1.5143
73	78	-4.8231
32	79	23.0214
33	79	24.2301
37	79	21.885
39	79	20.0604
74	79	-4.8231
7	80	40.7586
9	80	39.3267
10	80	40.3859
12	80	37.0526
45	80	15.5276
48	80	11.523
49	80	11.8034
75	80	-4.8231
14	81	37.4927
21	81	36.2
53	81	10.4572
43	82	18.2456
44	82	18.8644
46	82	15.9133
47	82	17.1071
50	83	14.5743
77	83	-5.6071
14	84	40.3859
21	84	39.2501
53	84	13.6628
81	84	-3.2674
43	85	21.3311
44	85	22.1279
46	85	18.8644
47	85	20.4477
82	85	-3.2674
14	86	39.8214
21	86	38.5941
53	86	12.8867
81	86	-4.8231
84	86	-5.6071
43	87	20.6393
44	87	21.3311
46	87	18.2456
47	87	19.6016
82	87	-4.8231
85	87	-5.6071
50	88	17.1798
77	88	-3.2674
83	88	-4.8231
26	89	33.3612
27	89	32.024
54	89	10.4572
60	89	8.1089
64	89	5.8845
6	90	49.4432
8	90	46.9998
11	90	44.5794
13	90	43.4667
20	90	40.3859
51	90	14.6553
52	90	15.3715
55	90	11.1425
61	90	8.6726
14	91	41.1652
21	91	39.8214
53	91	14.0819
81	91	-3.7143
84	91	-3.2674
86	91	-4.8231
26	92	35.2048
27	92	33.8406
54	92	12.262
60	92	9.9513
64	92	7.7607
89	92	-5.6071
6	93	51.2091
8	93	48.7787
11	93	46.3717
13	93	45.2289
20	93	42.1852
51	93	16.443
52	93	17.1071
55	93	12.8867
61	93	10.4572
90	93	-5.6071
18	94	44.5794
19	94	45.9376
23	94	41.7143
24	94	42.4729
58	94	19.269
62	94	11.9882
63	94	16.5921
34	95	31.5222
59	95	12.262
26	96	37.4927
27	96	36.2
54	96	14.6553
60	96	12.262
64	96	9.9513
89	96	-3.2674
92	96	-4.8231
50	97	32.7427
77	97	13.6628
83	97	12.8867
88	97	10.4572
50	98	31.3382
77	98	11.9882
83	98	11.1425
88	98	8.6726
97	98	-5.6071
50	99	29.9767
77	99	10.3572
83	99	9.4302
88	99	6.9156
97	99	-3.7143
98	99	-5.6071
28	100	38.243
30	100	37.3731
35	100	34.8256
66	100	11.4286
69	100	8.783
28	101	37.4927
30	101	36.5267
35	101	34.0136
66	101	10.3572
69	101	7.7607
100	101	-5.6071
28	102	36.8106
30	102	35.7467
35	102	33.2734
66	102	9.4302
69	102	6.9156
100	102	-3.7143
101	102	-5.6071
34	103	32.6536
59	103	13.4073
95	103	-3.2674
50	104	34.0136
77	104	14.5743
83	104	13.6628
88	104	11.1425
97	104	-5.6071
98	104	-4.8231
99	104	-3.2674
50	105	32.6536
77	105	12.9744
83	105	11.9882
88	105	9.4302
97	105	-4.8231
98	105	-5.6071
99	105	-4.8231
104	105	-5.6071
28	106	38.5941
30	106	37.4927
35	106	35.0367
66	106	11.1425
69	106	8.6726
100	106	-3.2674
101	106	-4.8231
102	106	-5.6071
28	107	41.0177
30	107	39.9726
35	107	37.4927
66	107	13.6628
69	107	11.1425
100	107	-3.2674
101	107	-3.7143
102	107	-3.2674
106	107	-4.8231
40	108	34.4002
42	108	34.0136
76	108	9.4302
40	109	33.3612
42	109	32.6089
76	109	8.1089
108	109	-3.7143
43	110	34.0136
44	110	34.8256
46	110	31.5222
47	110	33.1414
82	110	8.783
85	110	5.1977
87	110	6.1496
43	111	33.2734
44	111	34.0136
46	111	30.8274
47	111	32.295
82	111	7.7607
85	111	4.4715
87	111	5.1977
110	111	-5.6071
15	112	52.9826
16	112	53.6601
17	112	54.388
22	112	50.1623
25	112	49.2226
56	112	25.0659
57	112	27.4026
43	113	32.024
44	113	32.6089
46	113	29.6887
47	113	30.8274
82	113	6.2802
85	113	3.8571
87	113	4.0138
110	113	-1.8214
111	113	-3.7143
15	114	52.3574
16	114	52.9826
17	114	53.6601
22	114	49.4432
25	114	48.4274
56	114	24.0034
57	114	26.2014
112	114	-5.6071
34	115	39.3267
59	115	20.0604
95	115	0.30445
103	115	0.53071
18	116	80.9999
19	116	83.8684
23	116	80.0024
24	116	81.4844
58	116	66.3214
62	116	56.885
63	116	63.8534
94	116	42.6161
40	117	35.2048
42	117	34.4002
76	117	9.9513
108	117	-3.2674
109	117	-5.6071
14	118	56.1293
21	118	55.1647
53	118	29.833
81	118	12.6213
84	118	8.783
86	118	9.9513
91	118	9.9513
14	119	55.4215
21	119	54.388
53	119	28.9098
81	119	11.4286
84	119	7.7607
86	119	8.783
91	119	8.5614
118	119	-5.6071
43	120	35.0367
44	120	35.7467
46	120	32.6089
47	120	34.0136
82	120	9.4302
85	120	6.2802
87	120	6.9156
110	120	-4.8231
111	120	-5.6071
113	120	-3.2674
15	121	54.156
16	121	54.7632
17	121	55.4215
22	121	51.2091
25	121	50.1623
56	121	25.6115
57	121	27.7092
112	121	-4.8231
114	121	-5.6071
7	122	59.583
9	122	58.3431
10	122	59.6364
12	122	55.9601
45	122	34.4002
48	122	30.2149
49	122	30.8274
75	122	12.8867
80	122	11.9882
40	123	38.0074
42	123	37.4927
76	123	12.8867
108	123	-3.7143
109	123	-2.1462
117	123	-3.2674
14	124	57.879
21	124	56.885
53	124	31.4763
81	124	14.0819
84	124	10.3572
86	124	11.4286
91	124	11.2383
118	124	-5.6071
119	124	-4.8231
15	125	57.1903
16	125	57.879
17	125	58.6147
22	125	54.388
25	125	53.4547
56	125	29.2526
57	125	31.5222
112	125	-3.2674
114	125	-2.1462
121	125	-3.2674
32	126	46.7032
33	126	49.3173
37	126	46.7362
39	126	45.0928
74	126	21.9459
79	126	19.269
7	127	61.401
9	127	60.1415
10	127	61.401
12	127	57.7693
45	127	36.2
48	127	32.024
49	127	32.6089
75	127	14.6553
80	127	13.6628
122	127	-5.6071
14	128	60.3531
21	128	59.3958
53	128	34.0567
81	128	16.7404
84	128	12.9744
86	128	14.0819
91	128	13.9152
118	128	-3.2674
119	128	-2.1462
124	128	-4.8231
29	129	52.6262
31	129	51.9068
36	129	49.3173
70	129	25.9881
72	129	20.8929
73	129	23.3135
78	129	23.3135
18	130	87.6149
19	130	90.4359
23	130	86.5352
24	130	87.9908
58	130	72.0901
62	130	62.7655
63	130	69.5744
94	130	47.6208
116	130	-0.67521
18	131	86.2299
19	131	89.0172
23	131	85.0954
24	131	86.5352
58	131	70.3837
62	131	61.0883
63	131	67.8585
94	131	45.8033
116	131	-1.5143
130	131	-5.6071
26	132	52.3574
27	132	51.2091
54	132	29.785
60	132	27.2998
64	132	24.8452
89	132	11.9882
92	132	10.3572
96	132	7.7607
40	133	42.7945
42	133	42.4729
76	133	17.8953
108	133	0.96511
109	133	3.2076
117	133	1.9643
123	133	-2.1462
28	134	52.6559
30	134	51.7558
35	134	49.2226
66	134	25.6115
69	134	23.0214
100	134	6.9156
101	134	7.7607
102	134	8.783
106	134	7.2837
107	134	4.6202
29	135	53.4547
31	135	52.6262
36	135	50.069
70	135	26.2014
72	135	21.3932
73	135	23.5452
78	135	23.3135
129	135	-4.8231
18	136	62.842
19	136	64.4535
23	136	60.2209
24	136	61.0883
58	136	38.086
62	136	30.8274
63	136	35.414
94	136	11.4286
116	136	30.7807
130	136	34.1429
131	136	32.25
18	137	61.401
19	137	62.842
23	137	58.6147
24	137	59.3958
58	137	35.6638
62	137	28.9098
63	137	33.0089
94	137	9.4302
116	137	34.5282
130	137	37.9286
131	137	36.0357
136	137	-3.7143
34	138	47.6208
59	138	28.4144
95	138	8.6726
103	138	8.783
115	138	0.96511
18	139	87.5395
19	139	90.2895
23	139	86.3445
24	139	87.7655
58	139	71.2301
62	139	61.9965
63	139	68.686
94	139	46.3717
116	139	0.30445
130	139	-4.8231
131	139	-5.6071
136	139	32.295
137	139	36.0768
26	140	54.156
27	140	52.9826
54	140	31.5222
60	140	29.0571
64	140	26.624
89	140	13.6628
92	140	11.9882
96	140	9.4302
132	140	-5.6071
29	141	54.388
31	141	53.4547
36	141	50.9338
70	141	26.624
72	141	22.1279
73	141	24.0034
78	141	23.5452
129	141	-2.1462
135	141	-4.8231
26	142	55.4215
27	142	54.156
54	142	32.6089
60	142	30.2149
64	142	27.8615
89	142	14.6553
92	142	12.8867
96	142	10.4572
132	142	-3.2674
140	142	-4.8231
32	143	55.1647
33	143	57.7693
37	143	55.1933
39	143	53.5428
74	143	30.0721
79	143	27.4026
126	143	0.96511
18	144	92.8928
19	144	95.639
23	144	91.69
24	144	93.1067
58	144	76.3431
62	144	67.166
63	144	73.7827
94	144	51.2091
116	144	5.1977
130	144	-1.5143
131	144	-0.67521
136	144	36.4045
137	144	40.1609
139	144	-2.1462
40	145	49.4432
42	145	49.2226
76	145	24.6786
108	145	7.7607
109	145	9.9513
117	145	8.5614
123	145	4.6202
133	145	-0.67521
50	146	47.0983
77	146	26.624
83	146	25.0659
88	146	22.4287
97	146	11.4286
98	146	11.523
99	146	11.8034
104	146	9.5357
105	146	9.6406
40	147	52.6559
42	147	52.6262
76	147	28.2144
108	147	11.4286
109	147	13.9152
117	147	12.6213
123	147	8.5614
133	147	3.2076
145	147	-3.2674
40	148	51.2091
42	148	50.9338
76	148	26.3605
108	148	9.4302
109	148	11.4286
117	148	9.9513
123	148	6.1496
133	148	0.96511
145	148	-5.6071
147	148	-3.7143
50	149	49.7257
77	149	29.2526
83	149	27.7092
88	149	25.0659
97	149	13.4073
98	149	13.6628
99	149	14.0819
104	149	11.523
105	149	11.8034
146	149	-4.8231
32	150	58.6147
33	150	61.0883
37	150	58.5333
39	150	56.8571
74	150	33.0089
79	150	30.3571
126	150	4.4715
143	150	-3.7143
29	151	65.3443
31	151	64.4535
36	151	61.9191
70	151	37.6517
72	151	33.1414
73	151	35.0367
78	151	34.5282
129	151	5.8845
135	151	4.4715
141	151	3.5372
32	152	65.6143
33	152	67.8585
37	152	65.3443
39	152	63.6271
74	152	39.2501
79	152	36.6486
126	152	11.8034
143	152	3.8571
150	152	0.071429
32	153	72.1126
33	153	74.9643
37	153	72.3597
39	153	70.7508
74	153	47.5232
79	153	44.8538
126	153	18.2456
143	153	9.9513
150	153	7.2837
152	153	4.0138
1	6	-0.98649
2	6	-0.4093
3	6	-0.5193
4	6	-2.1981
5	6	0.067101
1	7	-2.0195
2	7	-2.1806
3	7	-2.2288
4	7	-2.0316
5	7	-1.9821
1	8	-1.2893
2	8	-0.82636
3	8	-1.7398
4	8	-1.6675
5	8	-0.16355
1	9	-2.1557
2	9	-2.3325
3	9	-2.4398
4	9	-2.3713
5	9	-2.1805
1	10	-1.9316
2	10	-1.9033
3	10	-2.0554
4	10	-2.0877
5	10	-1.6837
1	11	-1.079
2	11	-1.1234
3	11	-1.4717
4	11	-1.1173
5	11	-0.25644
1	12	-1.9408
2	12	-2.0981
3	12	-2.2619
4	12	-2.1577
5	12	-1.998
1	13	-1.2567
2	13	-1.2406
3	13	-2.0284
4	13	-1.7326
5	13	-0.41984
14	15	1.0208
14	16	0.60767
14	17	-0.23418
15	18	-1.4872
16	18	-1.4084
17	18	-1.4413
15	19	-1.5855
16	19	-1.5344
17	19	-1.5787
1	20	-1.2102
2	20	-1.1035
3	20	-1.2205
4	20	-1.1636
5	20	-0.28911
15	21	0.66552
16	21	0.24967
17	21	-0.67547
14	22	-0.51512
18	22	-1.5289
19	22	-1.6994
21	22	-0.25485
15	23	-1.7417
16	23	-1.6064
17	23	-1.5806
22	23	-2.0547
15	24	-1.7573
16	24	-1.6789
17	24	-1.6865
22	24	-2.1362
14	25	-1.5143
18	25	-0.97247
19	25	-1.2785
21	25	-1.3518
23	25	-1.6204
24	25	-1.7561
1	26	-1.8934
2	26	-1.7845
3	26	-1.7925
4	26	-1.7432
5	26	-1.807
6	26	-1.2828
7	26	-1.9833
8	26	-1.4262
9	26	-2.356
10	26	-2.1207
11	26	-1.3184
12	26	-2.0646
13	26	-1.8196
14	26	-1.5755
15	26	-1.204
16	26	-1.2587
17	26	-1.3496
18	26	-1.2545
19	26	-1.3466
20	26	-1.4985
21	26	-1.7595
22	26	-1.4948
23	26	-1.575
24	26	-1.4687
25	26	-1.5582
1	27	-1.9164
2	27	-2.1805
3	27	-2.2942
4	27	-2.1459
5	27	-2.0744
6	27	-1.6861
7	27	-2.2023
8	27	-1.6054
9	27	-2.2035
10	27	-1.9476
11	27	-1.6709
12	27	-2.0602
13	27	-1.5288
14	27	-1.6296
15	27	-1.6046
16	27	-1.6659
17	27	-1.6987
18	27	-1.5557
19	27	-1.5237
20	27	-1.5891
21	27	-1.8322
22	27	-1.3641
23	27	-1.5811
24	27	-1.6354
25	27	-1.3484
26	28	-1.8673
27	28	-1.6428
26	29	-1.3097
27	29	-1.1163
28	29	-0.30196
26	30	-2.0037
27	30	-1.8411
29	30	-0.56989
26	31	-1.4773
27	31	-1.3099
28	31	-0.84569
30	31	-1.3001
26	32	-1.2723
27	32	-1.1545
29	32	-1.7808
31	32	-2.0921
26	33	-1.4359
27	33	-1.3473
29	33	-2.0813
31	33	-2.2738
26	34	-2.3132
27	34	-1.8796
26	35	-1.8574
27	35	-1.6392
29	35	-0.57543
31	35	-1.241
26	36	-1.3894
27	36	-1.2431
28	36	-1.9787
30	36	-2.199
32	36	-2.1292
33	36	-2.2929
35	36	-1.449
26	37	-1.4047
27	37	-1.3151
29	37	-1.6685
31	37	-1.6354
36	37	-1.8286
6	38	3.704
7	38	3.4502
8	38	3.8537
9	38	3.7941
10	38	4.621
11	38	3.807
12	38	3.3815
13	38	3.3752
20	38	3.7274
26	38	3.2602
27	38	3.3161
26	39	-1.3635
27	39	-1.2827
29	39	-1.2743
31	39	-1.1408
36	39	-1.3753
26	40	-2.2738
27	40	-2.4104
6	41	3.9515
7	41	4.0121
8	41	4.0866
9	41	4.3809
10	41	5.1475
11	41	4.0173
12	41	4.0423
13	41	3.6453
20	41	3.9201
26	41	4.3151
27	41	4.565
26	42	-2.0916
27	42	-2.0388
26	43	-1.7093
27	43	-1.5166
40	43	-2.1143
42	43	-1.9907
26	44	-1.5017
27	44	-1.3104
40	44	-1.97
42	44	-1.9211
1	45	1.1816
2	45	1.2631
3	45	1.1798
4	45	1.1315
5	45	1.3452
26	45	5.1017
27	45	5.6383
38	45	-2.1167
41	45	-1.756
26	46	-1.8792
27	46	-1.7434
40	46	-2.4967
42	46	-2.1049
26	47	-1.5274
27	47	-1.3817
40	47	-2.3788
42	47	-2.2154
1	48	1.1984
2	48	1.2511
3	48	1.1807
4	48	1.1432
5	48	1.3306
26	48	5.2537
27	48	5.6375
38	48	-1.8257
41	48	-2.3829
1	49	0.99413
2	49	1.0557
3	49	0.98341
4	49	0.9439
5	49	1.1381
26	49	5.0833
27	49	5.762
38	49	-1.9211
41	49	-2.2584
26	50	-1.2962
27	50	-1.235
43	50	-2.0973
44	50	-2.4277
46	50	-1.5589
47	50	-2.0044
1	51	0.37327
2	51	1.0718
3	51	0.53755
4	51	0.24575
5	51	1.5366
26	51	4.3069
27	51	4.5455
38	51	-0.17908
41	51	-0.93207
1	52	0.80645
2	52	1.4236
3	52	0.88596
4	52	0.58696
5	52	1.8821
26	52	4.0761
27	52	4.28
38	52	-0.13947
41	52	-1.1066
15	53	1.3314
16	53	0.84787
17	53	1.8442
22	53	4.2361
25	53	3.5507
26	53	3.2233
27	53	3.3935
1	54	0.60631
2	54	0.40064
3	54	0.3734
4	54	0.31688
5	54	0.42538
6	54	0.77053
7	54	-0.67245
8	54	0.90127
9	54	-0.40401
10	54	-0.18876
11	54	0.85124
12	54	-0.65444
13	54	1.1324
14	54	1.5156
15	54	1.3506
16	54	1.3069
17	54	1.2849
18	54	0.84676
19	54	0.86934
20	54	1.031
21	54	1.4396
22	54	1.6273
23	54	0.89497
24	54	0.82535
25	54	1.5796
28	54	2.338
29	54	2.1137
30	54	2.1922
31	54	1.9378
32	54	1.5154
33	54	1.2436
34	54	3.3843
35	54	2.3409
36	54	2.0871
37	54	1.338
38	54	-2.1368
39	54	1.3615
40	54	3.6635
41	54	-1.9337
42	54	3.0683
43	54	3.211
44	54	3.1639
45	54	-2.1089
46	54	3.2317
47	54	3.0682
48	54	-1.9094
49	54	-2.2658
50	54	2.2365
51	54	-1.4103
52	54	-1.326
53	54	-1.6098
1	55	0.5828
2	55	1.2302
3	55	0.68618
4	55	0.38327
5	55	1.7009
26	55	4.4655
27	55	4.7123
38	55	-0.087475
41	55	-0.70642
54	55	-0.53623
14	56	2.3456
18	56	1.9764
19	56	1.8232
21	56	2.5682
23	56	1.8938
24	56	1.7938
26	56	2.1459
27	56	2.2316
53	56	-2.266
54	56	-1.7976
14	57	2.2281
18	57	2.1451
19	57	1.9624
21	57	2.415
23	57	2.0568
24	57	1.9351
26	57	1.9628
27	57	2.0484
53	57	-2.3574
54	57	-1.6873
15	58	1.6817
16	58	1.7373
17	58	1.9341
22	58	1.904
25	58	2.0418
26	58	1.45
27	58	1.4251
54	58	-1.2608
56	58	-2.0855
57	58	-2.1978
26	59	1.4768
27	59	1.7216
54	59	-2.3693
1	60	0.63836
2	60	0.39842
3	60	0.38273
4	60	0.33683
5	60	0.41518
6	60	0.80747
7	60	-0.44259
8	60	0.92977
9	60	-0.3235
10	60	-0.081721
11	60	0.86986
12	60	-0.59318
13	60	1.1758
14	60	1.4725
15	60	1.4127
16	60	1.3761
17	60	1.3597
18	60	1.0135
19	60	1.0375
20	60	1.0434
21	60	1.4122
22	60	1.7095
23	60	1.0702
24	60	1.0026
25	60	1.6738
28	60	2.3228
29	60	2.2277
30	60	2.1964
31	60	2.0638
32	60	1.6394
33	60	1.3702
34	60	3.4974
35	60	2.3503
36	60	2.2188
37	60	1.4678
38	60	-2.0747
39	60	1.4964
40	60	3.5026
41	60	-2.0643
42	60	2.982
43	60	3.2107
44	60	3.1668
45	60	-1.9032
46	60	3.2496
47	60	3.0899
48	60	-1.7611
49	60	-2.0695
50	60	2.2241
51	60	-1.8751
52	60	-1.7376
53	60	-1.8883
55	60	-1.1412
56	60	-1.7376
57	60	-1.7867
58	60	-1.4709
59	60	-2.5833
1	61	0.67927
2	61	1.4073
3	61	0.85223
4	61	0.54134
5	61	1.8928
26	61	5.2155
27	61	5.4772
38	61	0.27202
41	61	-0.20733
54	61	0.7883
60	61	0.12672
15	62	2.4719
16	62	2.5572
17	62	2.7675
22	62	2.8324
25	62	3.047
26	62	1.6716
27	62	1.6525
54	62	-1.4424
56	62	-1.5471
57	62	-0.97384
60	62	-1.6644
15	63	1.9075
16	63	1.9672
17	63	2.1649
22	63	2.164
25	63	2.3194
26	63	1.4943
27	63	1.4756
54	63	-1.324
56	63	-1.9177
57	63	-1.7772
60	63	-1.5734
1	64	0.73395
2	64	0.46402
3	64	0.45859
4	64	0.42201
5	64	0.47395
6	64	0.79457
7	64	-0.26176
8	64	0.90805
9	64	-0.27086
10	64	-0.0015881
11	64	0.8378
12	64	-0.55897
13	64	1.1713
14	64	1.5572
15	64	1.4098
16	64	1.3782
17	64	1.3656
18	64	1.0563
19	64	1.0825
20	64	1.0063
21	64	1.5117
22	64	1.7228
23	64	1.1214
24	64	1.0564
25	64	1.6963
28	64	2.4915
29	64	2.3044
30	64	2.3803
31	64	2.1502
32	64	1.8222
33	64	1.553
34	64	3.6436
35	64	2.5383
36	64	2.3106
37	64	1.6543
38	64	-1.9549
39	64	1.6872
40	64	3.4564
41	64	-2.0753
42	64	2.9883
43	64	3.3471
44	64	3.3069
45	64	-1.7414
46	64	3.3987
47	64	3.245
48	64	-1.6063
49	64	-1.9826
50	64	2.5063
51	64	-1.943
52	64	-1.9064
53	64	-1.88
55	64	-1.5535
56	64	-1.4662
57	64	-1.5444
58	64	-1.5876
59	64	-2.1193
61	64	-0.35494
62	64	-1.4385
63	64	-1.6748
6	65	4.9042
7	65	5.8597
8	65	5.0096
9	65	6.224
10	65	6.8141
11	65	4.8996
12	65	6.042
13	65	4.649
20	65	4.7852
26	65	7.0936
27	65	7.5258
45	65	3.3591
48	65	2.9317
49	65	3.6444
51	65	2.4947
52	65	2.0075
54	65	3.8509
55	65	1.8084
60	65	2.9509
61	65	1.5587
64	65	2.0982
26	66	2.4641
27	66	2.588
29	66	2.4797
31	66	2.4627
36	66	3.1227
54	66	-1.8668
60	66	-1.9488
64	66	-1.4473
6	67	4.6871
7	67	5.8025
8	67	4.7984
9	67	6.1452
10	67	6.7146
11	67	4.6973
12	67	5.9669
13	67	4.4529
20	67	4.5974
26	67	6.9599
27	67	7.3593
45	67	3.2258
48	67	2.8459
49	67	3.4863
51	67	2.6132
52	67	2.101
54	67	3.8497
55	67	2.0765
60	67	3.1571
61	67	2.0548
64	67	2.4508
6	68	4.8689
7	68	5.6273
8	68	4.9866
9	68	5.9648
10	68	6.5268
11	68	4.8947
12	68	5.7761
13	68	4.6476
20	68	4.8064
26	68	6.692
27	68	7.0742
45	68	2.9281
48	68	2.5255
49	68	3.1318
51	68	3.0179
52	68	2.4657
54	68	3.427
55	68	2.5518
60	68	2.808
61	68	2.7103
64	68	2.179
26	69	2.7453
27	69	2.8881
29	69	2.4133
31	69	2.4056
36	69	3.058
54	69	-1.4765
60	69	-1.9774
64	69	-1.7347
26	70	1.6946
27	70	1.6905
28	70	2.3087
30	70	2.9104
32	70	1.9055
33	70	1.6498
35	70	2.8128
37	70	1.7289
39	70	1.6973
54	70	-1.5082
60	70	-1.7899
64	70	-1.4476
66	70	-1.7207
69	70	-1.2571
6	71	5.1003
7	71	5.9048
8	71	5.2138
9	71	6.2422
10	71	6.8005
11	71	5.1156
12	71	6.0693
13	71	4.8719
20	71	5.0195
26	71	7.0628
27	71	7.456
45	71	3.3989
48	71	3.0818
49	71	3.7048
51	71	3.1196
52	71	2.6207
54	71	4.2169
55	71	2.6626
60	71	3.5934
61	71	2.686
64	71	2.9188
26	72	2.0811
27	72	2.1027
28	72	2.413
30	72	2.9785
32	72	1.4296
33	72	1.2175
35	72	2.9309
37	72	1.2713
39	72	1.232
54	72	-1.3903
60	72	-1.7772
64	72	-1.4503
66	72	-1.0207
69	72	-1.8684
26	73	1.7474
27	73	1.7569
28	73	2.1785
30	73	2.7605
32	73	1.8408
33	73	1.6081
35	73	2.6887
37	73	1.682
39	73	1.654
54	73	-1.6597
60	73	-1.7747
64	73	-1.4131
66	73	-2.0462
69	73	-1.6698
26	74	1.1042
27	74	1.0952
29	74	2.5169
31	74	2.8092
36	74	2.7935
54	74	-1.758
60	74	-1.5596
64	74	-1.2364
70	74	-2.1131
72	74	-2.0693
73	74	-1.9678
1	75	2.8361
2	75	2.8393
3	75	2.7955
4	75	2.7784
5	75	2.9124
26	75	6.5289
27	75	7.0499
38	75	0.69162
41	75	0.39506
54	75	5.1794
60	75	4.7469
64	75	4.2053
65	75	-1.8573
67	75	-2.3129
68	75	-2.2298
71	75	-1.7319
26	76	0.61079
27	76	0.59764
43	76	2.5107
44	76	2.4611
46	76	2.5495
47	76	2.374
54	76	-2.0471
60	76	-2.3944
64	76	-1.7599
26	77	1.2478
27	77	1.3865
43	77	2.475
44	77	2.4001
46	77	2.6098
47	77	2.7335
54	77	-1.3779
60	77	-1.85
64	77	-1.4101
26	78	1.671
27	78	1.6856
28	78	2.0965
30	78	2.6774
32	78	1.9359
33	78	1.6883
35	78	2.6052
37	78	1.7792
39	78	1.7622
54	78	-1.7161
60	78	-1.912
64	78	-1.5706
66	78	-1.8514
69	78	-2.1367
74	78	-1.8447
26	79	1.2105
27	79	1.2132
29	79	2.6429
31	79	2.9316
36	79	2.9287
54	79	-1.6811
60	79	-1.5496
64	79	-1.2811
70	79	-1.5579
72	79	-1.7681
73	79	-2.0974
78	79	-2.335
1	80	3.1149
2	80	3.1373
3	80	3.0891
4	80	3.0671
5	80	3.2143
26	80	6.241
27	80	6.7756
38	80	1.1034
41	80	0.8464
54	80	4.7125
60	80	4.1849
64	80	3.6536
65	80	-0.83951
67	80	-1.7682
68	80	-1.9789
71	80	-2.3962
15	81	2.3375
16	81	2.1228
17	81	3.1514
22	81	5.4775
25	81	4.9083
26	81	5.4368
27	81	5.7235
54	81	2.4693
56	81	1.9632
57	81	1.5171
60	81	2.094
64	81	1.5974
26	82	1.5248
27	82	1.6057
40	82	2.2935
42	82	2.8502
50	82	1.4683
54	82	-1.6417
60	82	-2.1016
64	82	-1.5686
76	82	-2.231
77	82	-1.8183
26	83	1.0126
27	83	1.1596
43	83	2.2171
44	83	2.123
46	83	2.3739
47	83	2.4564
54	83	-1.7291
60	83	-1.692
64	83	-1.1832
82	83	-2.3646
15	84	2.3955
16	84	1.8932
17	84	2.9773
22	84	5.3481
25	84	4.7841
26	84	5.8842
27	84	6.1918
54	84	3.2262
56	84	1.8625
57	84	1.4869
60	84	2.8338
64	84	2.3008
26	85	1.641
27	85	1.7479
40	85	2.6975
42	85	3.2469
50	85	0.61667
54	85	-1.7459
60	85	-2.2591
64	85	-1.9206
76	85	-2.1043
77	85	-2.0795
83	85	-1.5277
15	86	2.3221
16	86	2.0025
17	86	3.0561
22	86	5.3966
25	86	4.8357
26	86	5.5673
27	86	5.8671
54	86	2.7946
56	86	1.9616
57	86	1.5582
60	86	2.4106
64	86	1.8917
26	87	1.7171
27	87	1.8108
40	87	2.5763
42	87	3.1232
50	87	0.82124
54	87	-1.5786
60	87	-2.0484
64	87	-2.0285
76	87	-2.3133
77	87	-2.3233
83	87	-1.715
26	88	1.2359
27	88	1.3945
43	88	2.3708
44	88	2.2682
46	88	2.5417
47	88	2.5998
54	88	-1.6759
60	88	-2.0295
64	88	-1.5055
82	88	-1.6949
85	88	-1.2267
87	88	-1.3342
1	89	2.0986
2	89	1.8144
3	89	1.8234
4	89	1.7993
5	89	1.8253
6	89	2.2668
7	89	0.67679
8	89	2.3848
9	89	0.86879
10	89	1.1775
11	89	2.3283
12	89	0.57046
13	89	2.6689
14	89	2.8563
15	89	3.0481
16	89	3.0307
17	89	3.0285
18	89	2.4564
19	89	2.4885
20	89	2.519
21	89	2.853
22	89	3.3877
23	89	2.5505
24	89	2.4886
25	89	3.3898
28	89	4.0499
29	89	3.9129
30	89	3.9774
31	89	3.7909
32	89	3.1484
33	89	2.8973
34	89	5.6443
35	89	4.1492
36	89	3.9578
37	89	3.0074
38	89	-0.084426
39	89	3.0493
40	89	5.1211
41	89	-0.4983
42	89	4.7456
43	89	4.879
44	89	4.8315
45	89	-0.98923
46	89	4.975
47	89	4.8066
48	89	-0.97136
49	89	-1.3725
50	89	3.9061
51	89	0.23622
52	89	0.061996
53	89	0.5143
55	89	0.024569
56	89	0.78363
57	89	0.63156
58	89	-0.060334
59	89	3.0925
61	89	-0.72401
62	89	0.25894
63	89	-0.0017623
65	89	-2.0319
66	89	1.3455
67	89	-1.6831
68	89	-1.6603
69	89	1.199
70	89	1.0391
71	89	-1.2484
72	89	1.1435
73	89	1.1015
74	89	0.57209
75	89	-2.2386
76	89	2.1752
77	89	0.90778
78	89	0.93833
79	89	0.52688
80	89	-1.7343
81	89	-1.6126
82	89	1.3818
83	89	1.0398
84	89	-1.2094
85	89	1.3784
86	89	-1.5202
87	89	1.1352
88	89	0.81252
1	90	0.91882
2	90	2.0047
3	90	1.2975
4	90	0.83986
5	90	2.6096
26	90	6.843
27	90	7.1012
38	90	1.0412
41	90	0.81228
54	90	4.8364
60	90	4.3981
64	90	3.9884
65	90	0.058479
67	90	0.29377
68	90	0.075363
71	90	-0.11034
89	90	0.091102
15	91	2.5208
16	91	2.4642
17	91	3.4795
22	91	5.7764
25	91	5.2256
26	91	5.4237
27	91	5.7134
54	91	2.7142
56	91	2.5115
57	91	2.0799
60	91	2.3725
64	91	1.8965
89	91	-1.2171
1	92	2.2002
2	92	1.9154
3	92	1.9256
4	92	1.9027
5	92	1.9266
6	92	2.3842
7	92	0.68554
8	92	2.5024
9	92	0.9176
10	92	1.2294
11	92	2.4474
12	92	0.61933
13	92	2.7878
14	92	2.8886
15	92	3.0557
16	92	3.0392
17	92	3.0379
18	92	2.5008
19	92	2.5305
20	92	2.6398
21	92	2.8892
22	92	3.3969
23	92	2.5957
24	92	2.5327
25	92	3.4019
28	92	4.0954
29	92	3.9917
30	92	4.0272
31	92	3.8733
32	92	3.2313
33	92	2.9781
34	92	5.5326
35	92	4.2
36	92	4.0409
37	92	3.0904
38	92	0.066251
39	92	3.133
40	92	5.1856
41	92	-0.33073
42	92	4.8228
43	92	4.9277
44	92	4.8812
45	92	-0.99221
46	92	5.0269
47	92	4.8609
48	92	-0.97318
49	92	-1.384
50	92	3.9919
51	92	0.45555
52	92	0.28398
53	92	0.65463
55	92	0.27475
56	92	0.88523
57	92	0.73013
58	92	0.036625
59	92	3.0699
61	92	-0.43087
62	92	0.3756
63	92	0.099483
65	92	-2.0463
66	92	1.5232
67	92	-2.095
68	92	-2.0564
69	92	1.398
70	92	1.2243
71	92	-1.7047
72	92	1.353
73	92	1.2945
74	92	0.71636
75	92	-2.5894
76	92	2.4446
77	92	1.1095
78	92	1.1297
79	92	0.67872
80	92	-2.3989
81	92	-1.9784
82	92	1.611
83	92	1.2408
84	92	-1.6382
85	92	1.6547
86	92	-1.9237
87	92	1.3978
88	92	1.0318
90	92	-0.55951
91	92	-1.5932
1	93	1.307
2	93	2.0667
3	93	1.4813
4	93	1.1421
5	93	2.5821
26	93	6.9954
27	93	7.2486
38	93	1.021
41	93	0.71973
54	93	5.0616
60	93	4.6656
64	93	4.3056
65	93	-0.015193
67	93	0.21387
68	93	0.27403
71	93	-0.19067
89	93	0.80034
92	93	0.1931
15	94	3.3796
16	94	3.4364
17	94	3.617
22	94	3.8025
25	94	4.0206
26	94	3.3784
27	94	3.4436
54	94	0.87689
56	94	2.2881
57	94	2.9313
60	94	0.51482
64	94	0.26616
89	94	-1.4727
92	94	-1.2076
26	95	2.773
27	95	3.1114
54	95	1.1239
60	95	1.5209
64	95	1.8106
89	95	-2.5427
92	95	-2.7175
1	96	2.4156
2	96	2.1175
3	96	2.1319
4	96	2.1128
5	96	2.1255
6	96	2.5566
7	96	0.9631
8	96	2.6729
9	96	1.1011
10	96	1.4258
11	96	2.6151
12	96	0.79363
13	96	2.9632
14	96	2.9098
15	96	2.9809
16	96	2.9726
17	96	2.9787
18	96	2.5031
19	96	2.5431
20	96	2.8067
21	96	2.9185
22	96	3.3395
23	96	2.6097
24	96	2.553
25	96	3.3566
28	96	4.0725
29	96	3.9086
30	96	4.0143
31	96	3.8021
32	96	3.2068
33	96	2.9682
34	96	5.5333
35	96	4.1865
36	96	3.9686
37	96	3.079
38	96	0.25851
39	96	3.1258
40	96	4.9256
41	96	-0.14206
42	96	4.5883
43	96	4.7683
44	96	4.7287
45	96	-0.69233
46	96	4.8677
47	96	4.7159
48	96	-0.66857
49	96	-1.0768
50	96	3.85
51	96	0.63726
52	96	0.48167
53	96	0.74
55	96	0.48107
56	96	0.93595
57	96	0.80019
58	96	0.1523
59	96	3.2573
61	96	-0.22746
62	96	0.46559
63	96	0.21866
65	96	-1.9242
66	96	1.6129
67	96	-2.0019
68	96	-2.0939
69	96	1.5026
70	96	1.2711
71	96	-1.9595
72	96	1.3949
73	96	1.3487
74	96	0.80262
75	96	-2.1315
76	96	2.2917
77	96	1.0798
78	96	1.2047
79	96	0.76958
80	96	-2.2185
81	96	-1.8841
82	96	1.6437
83	96	1.2217
84	96	-2.0464
85	96	1.7228
86	96	-1.8535
87	96	1.4649
88	96	1.0378
90	96	-1.1735
91	96	-1.8174
93	96	-0.50355
94	96	-1.0124
95	96	-2.4821
26	97	3.8133
27	97	4.0213
43	97	4.6066
44	97	4.3944
46	97	4.8527
47	97	4.6406
54	97	1.9778
60	97	1.7719
64	97	1.2108
82	97	3.4634
85	97	3.6886
87	97	3.6798
89	97	-1.585
92	97	-1.373
96	97	-0.8458
26	98	3.7764
27	98	3.9744
43	98	4.8012
44	98	4.5791
46	98	5.0575
47	98	4.8272
54	98	1.8209
60	98	1.6133
64	98	1.06
82	98	3.6169
85	98	3.8741
87	98	3.8404
89	98	-1.5121
92	98	-1.5543
96	98	-1.1112
26	99	3.3803
27	99	3.5763
43	99	5.0586
44	99	4.8238
46	99	5.3277
47	99	5.0734
54	99	1.2694
60	99	1.0426
64	99	0.47632
82	99	3.8294
85	99	4.1531
87	99	4.0677
89	99	-1.6018
92	99	-1.1144
96	99	-0.7638
26	100	4.8245
27	100	5.0061
29	100	3.7677
31	100	3.8391
36	100	4.4725
54	100	2.3467
60	100	2.0152
64	100	1.4778
70	100	1.9677
72	100	2.5128
73	100	2.1866
78	100	1.8538
89	100	-1.886
92	100	-1.6269
96	100	-1.178
26	101	4.7257
27	101	4.9012
29	101	3.8735
31	101	3.9457
36	101	4.5873
54	101	2.1525
60	101	1.8287
64	101	1.3039
70	101	2.1216
72	101	2.7195
73	101	2.3555
78	101	2.0062
89	101	-1.884
92	101	-1.7367
96	101	-1.323
26	102	4.5523
27	102	4.7221
29	102	4.0209
31	102	4.094
36	102	4.7442
54	102	1.8838
60	102	1.5665
64	102	1.0517
70	102	2.3314
72	102	2.9938
73	102	2.5843
78	102	2.2169
89	102	-1.9969
92	102	-1.7021
96	102	-1.2964
26	103	2.897
27	103	3.2231
54	103	1.49
60	103	1.9003
64	103	2.223
89	103	-1.3152
92	103	-1.6615
96	103	-1.5388
26	104	4.0045
27	104	4.2062
43	104	5.1507
44	104	4.9291
46	104	5.4041
47	104	5.1745
54	104	2.2214
60	104	2.0573
64	104	1.5442
82	104	3.9493
85	104	4.2017
87	104	4.1739
89	104	-1.096
92	104	-1.5278
96	104	-1.6831
26	105	3.9951
27	105	4.1867
43	105	5.4175
44	105	5.1832
46	105	5.6832
47	105	5.4293
54	105	2.1093
60	105	1.9444
64	105	1.439
82	105	4.1728
85	105	4.4787
87	105	4.4115
89	105	-1.0395
92	105	-1.4245
96	105	-2.0291
26	106	4.4749
27	106	4.6476
29	106	4.2166
31	106	4.2955
36	106	4.9494
54	106	1.8791
60	106	1.577
64	106	1.0728
70	106	2.6435
72	106	3.3323
73	106	2.9232
78	106	2.5756
89	106	-2.0997
92	106	-1.952
96	106	-1.4173
26	107	4.6899
27	107	4.8661
29	107	3.8857
31	107	3.9633
36	107	4.6139
54	107	2.2597
60	107	1.9803
64	107	1.4941
70	107	2.3044
72	107	2.9716
73	107	2.5851
78	107	2.2504
89	107	-1.5235
92	107	-1.8967
96	107	-1.6108
26	108	2.1337
27	108	2.0888
43	108	3.6975
44	108	3.6843
46	108	3.75
47	108	3.6529
54	108	0.081409
60	108	0.0032262
64	108	-0.18164
82	108	1.1434
85	108	1.1541
87	108	0.98082
89	108	-1.8655
92	108	-1.9735
96	108	-2.1426
26	109	2.4213
27	109	2.362
43	109	3.7923
44	109	3.7713
46	109	3.8568
47	109	3.7417
54	109	0.23899
60	109	0.14877
64	109	-0.046341
82	109	1.3289
85	109	1.4289
87	109	1.2076
89	109	-1.7442
92	109	-1.9198
96	109	-1.9874
26	110	3.5351
27	110	3.6215
40	110	4.0773
42	110	4.5215
50	110	2.3089
54	110	1.2883
60	110	1.0835
64	110	0.70532
76	110	1.8622
77	110	0.14783
83	110	0.19504
88	110	0.13528
89	110	-1.7102
92	110	-2.0365
96	110	-1.976
97	110	0.7108
98	110	0.42154
99	110	0.033435
104	110	1.0219
105	110	0.26037
108	110	-1.7545
109	110	-1.7523
26	111	3.4392
27	111	3.5205
40	111	3.9053
42	111	4.3511
50	111	2.8899
54	111	1.1064
60	111	0.89505
64	111	0.51666
76	111	1.4978
77	111	0.82097
83	111	0.89495
88	111	0.86227
89	111	-1.7439
92	111	-2.0627
96	111	-1.85
97	111	1.2857
98	111	0.93047
99	111	0.57283
104	111	1.9301
105	111	1.4908
108	111	-1.6889
109	111	-1.7229
14	112	5.5465
18	112	4.0409
19	112	4.014
21	112	5.7377
23	112	4.092
24	112	4.0642
26	112	6.0192
27	112	6.2309
53	112	4.3644
54	112	4.0816
58	112	1.9091
60	112	3.7775
62	112	1.9331
63	112	1.8085
64	112	3.5288
81	112	3.2658
84	112	2.5529
86	112	3.0051
89	112	0.88217
91	112	3.3037
92	112	0.62796
94	112	0.90512
96	112	0.1829
26	113	3.0551
27	113	3.1285
40	113	3.5042
42	113	3.9501
50	113	4.1243
54	113	0.56126
60	113	0.33497
64	113	-0.042049
76	113	0.77251
77	113	2.2281
83	113	2.3527
88	113	2.378
89	113	-2.005
92	113	-1.6975
96	113	-1.3231
97	113	2.0232
98	113	2.1213
99	113	2.281
104	113	2.3288
105	113	2.4389
108	113	-1.4695
109	113	-1.5495
14	114	4.9786
18	114	4.093
19	114	4.061
21	114	5.1725
23	114	4.1404
24	114	4.1091
26	114	5.7295
27	114	5.9398
53	114	3.7188
54	114	3.7069
58	114	1.949
60	114	3.3955
62	114	2.0031
63	114	1.8512
64	114	3.1412
81	114	2.4014
84	114	1.5424
86	114	2.0401
89	114	0.44858
91	114	2.3365
92	114	0.19798
94	114	0.974
96	114	-0.21906
26	115	3.5117
27	115	3.866
54	115	2.1198
60	115	2.5149
64	115	2.8085
89	115	-0.17863
92	115	-0.21643
96	115	-0.022513
15	116	6.7678
16	116	6.8079
17	116	6.9596
22	116	7.3501
25	116	7.6078
26	116	7.6099
27	116	7.7731
54	116	7.1227
56	116	7.0365
57	116	7.3555
60	116	6.9792
64	116	6.9352
89	116	6.8487
92	116	7.155
96	116	7.1863
112	116	6.0675
114	116	6.1105
26	117	2.4127
27	117	2.351
43	117	3.7439
44	117	3.7209
46	117	3.8125
47	117	3.6932
54	117	0.23034
60	117	0.14878
64	117	-0.034232
82	117	1.3717
85	117	1.5109
87	117	1.2796
89	117	-1.7675
92	117	-1.9331
96	117	-2.1739
110	117	-1.0833
111	117	-1.2325
113	117	-1.2724
15	118	3.5465
16	118	2.8338
17	118	3.9808
22	118	6.3813
25	118	5.8487
26	118	7.4729
27	118	7.7932
54	118	5.8687
56	118	3.2621
57	118	2.9744
60	118	5.6927
64	118	5.3456
89	118	3.3749
92	118	3.1389
96	118	2.4443
112	118	-0.81858
114	118	-0.15129
15	119	3.7573
16	119	3.179
17	119	4.3015
22	119	6.6769
25	119	6.1448
26	119	7.268
27	119	7.5895
54	119	5.5801
56	119	3.5703
57	119	3.2698
60	119	5.3929
64	119	5.0376
89	119	2.9662
92	119	2.7173
96	119	2.0707
112	119	-0.46245
114	119	0.13501
26	120	3.2285
27	120	3.3111
40	120	3.841
42	120	4.2712
50	120	2.1958
54	120	0.91679
60	120	0.71258
64	120	0.34274
76	120	1.5395
77	120	0.16689
83	120	0.23457
88	120	0.22907
89	120	-2.0488
92	120	-2.3009
96	120	-1.79
97	120	0.66917
98	120	0.3844
99	120	0.091344
104	120	1.171
105	120	0.76051
108	120	-2.1991
109	120	-2.5049
117	120	-1.9836
14	121	5.0386
18	121	4.0259
19	121	3.9987
21	121	5.2302
23	121	4.0796
24	121	4.0505
26	121	5.8322
27	121	6.0411
53	121	3.7588
54	121	3.869
58	121	1.9528
60	121	3.5761
62	121	2.0083
63	121	1.861
64	121	3.3412
81	121	2.4274
84	121	1.6766
86	121	2.1129
89	121	0.78915
91	121	2.3255
92	121	0.56942
94	121	1.1123
96	121	0.17716
116	121	6.4642
118	121	-0.71387
119	121	-0.52613
1	122	5.1128
2	122	5.0572
3	122	5.0352
4	122	5.0369
5	122	5.1186
26	122	7.9682
27	122	8.4589
38	122	3.0968
41	122	2.8506
54	122	6.6201
60	122	6.3254
64	122	6.0739
65	122	1.5166
67	122	1.2151
68	122	1.1777
71	122	1.0008
89	122	5.3354
92	122	5.098
96	122	5.0089
26	123	2.4863
27	123	2.4308
43	123	4.0511
44	123	4.0419
46	123	4.1084
47	123	4.0194
54	123	0.41571
60	123	0.35857
64	123	0.20246
82	123	1.7236
85	123	1.79
87	123	1.6122
89	123	-1.3831
92	123	-1.4656
96	123	-1.8691
110	123	-0.34353
111	123	-0.4256
113	123	-0.42533
120	123	-0.84164
15	124	3.4677
16	124	2.8262
17	124	3.9639
22	124	6.3507
25	124	5.8234
26	124	7.4059
27	124	7.7244
54	124	5.8176
56	124	3.282
57	124	2.9968
60	124	5.6544
64	124	5.3222
89	124	3.4949
92	124	3.3083
96	124	2.665
112	124	-0.28657
114	124	0.23524
121	124	-0.27935
14	125	5.7279
18	125	3.8491
19	125	3.8338
21	125	5.9151
23	125	3.9139
24	125	3.892
26	125	6.2081
27	125	6.4217
53	125	4.5578
54	125	4.4211
58	125	1.8481
60	125	4.1492
62	125	1.856
63	125	1.7559
64	125	3.9334
81	125	3.5062
84	125	2.993
86	125	3.3372
89	125	1.5557
91	125	3.4918
92	125	1.3572
94	125	1.0397
96	125	0.9158
116	125	6.8834
118	125	-2.3534
119	125	-2.049
124	125	-1.5345
26	126	3.7699
27	126	3.8487
29	126	4.2662
31	126	4.5055
36	126	4.5693
54	126	1.8345
60	126	1.5583
64	126	1.2354
70	126	3.2486
72	126	2.8485
73	126	3.1127
78	126	3.4271
89	126	-0.86483
92	126	-1.099
96	126	-1.4825
1	127	5.1381
2	127	5.0801
3	127	5.059
4	127	5.0616
5	127	5.1408
26	127	7.9596
27	127	8.4761
38	127	3.1419
41	127	2.9006
54	127	6.6372
60	127	6.297
64	127	6.0467
65	127	1.6134
67	127	1.3272
68	127	1.2912
71	127	1.1259
89	127	5.3525
92	127	5.3487
96	127	4.9688
15	128	3.6197
16	128	2.9198
17	128	4.0719
22	128	6.469
25	128	5.9463
26	128	7.7238
27	128	8.0461
54	128	6.2329
56	128	3.4324
57	128	3.162
60	128	6.0958
64	128	5.7901
89	128	4.2154
92	128	4.1001
96	128	3.5089
112	128	0.099284
114	128	0.6183
121	128	0.20793
125	128	-0.7854
26	129	5.2507
27	129	5.3196
28	129	4.6352
30	129	5.0896
32	129	3.4396
33	129	3.3928
35	129	5.115
37	129	3.4429
39	129	3.4593
54	129	3.6021
60	129	3.3415
64	129	3.1006
66	129	3.6987
69	129	3.635
74	129	1.6392
79	129	1.6099
89	129	1.0494
92	129	0.81134
96	129	0.30994
100	129	1.5796
101	129	1.9171
102	129	2.1842
106	129	2.2326
107	129	2.3959
126	129	-0.28503
15	130	6.6043
16	130	6.6437
17	130	6.7959
22	130	7.1818
25	130	7.4364
26	130	7.9303
27	130	8.0845
54	130	7.3969
56	130	6.7979
57	130	7.1145
60	130	7.2608
64	130	7.2313
89	130	6.9286
92	130	7.1506
96	130	7.1277
112	130	5.5277
114	130	5.5924
121	130	5.9036
125	130	6.2046
15	131	6.5521
16	131	6.5917
17	131	6.7443
22	131	7.1253
25	131	7.3786
26	131	7.8094
27	131	7.9633
54	131	7.2409
56	131	6.7273
57	131	7.0462
60	131	7.0967
64	131	7.0567
89	131	6.714
92	131	6.9303
96	131	6.8794
112	131	5.4595
114	131	5.5272
121	131	5.8432
125	131	6.1459
1	132	4.1108
2	132	3.7504
3	132	3.7865
4	132	3.7873
5	132	3.7453
6	132	4.2166
7	132	2.6324
8	132	4.3211
9	132	2.5852
10	132	2.9598
11	132	4.2516
12	132	2.3008
13	132	4.6334
14	132	4.1058
15	132	4.1128
16	132	4.1218
17	132	4.1426
18	132	3.4679
19	132	3.5288
20	132	4.4391
21	132	4.1468
22	132	4.5079
23	132	3.6057
24	132	3.5627
25	132	4.5511
28	132	5.4141
29	132	4.9144
30	132	5.3919
31	132	4.8399
32	132	4.1554
33	132	3.9544
34	132	6.9925
35	132	5.5612
36	132	5.0057
37	132	4.0647
38	132	1.9664
39	132	4.124
40	132	6.2084
41	132	1.5818
42	132	5.9333
43	132	6.2919
44	132	6.2708
45	132	0.99827
46	132	6.3936
47	132	6.2808
48	132	1.0251
49	132	0.61496
50	132	5.5249
51	132	2.4501
52	132	2.3598
53	132	2.2881
55	132	2.3976
56	132	2.4876
57	132	2.3604
58	132	1.4943
59	132	5.2693
61	132	1.7174
62	132	1.8122
63	132	1.5775
65	132	0.037478
66	132	3.4319
67	132	-0.19933
68	132	-0.10329
69	132	3.3758
70	132	2.7776
71	132	-0.38171
72	132	2.9357
73	132	2.888
74	132	2.1814
75	132	-0.4461
76	132	3.9203
77	132	3.193
78	132	2.7835
79	132	2.1788
80	132	-0.94993
81	132	0.53284
82	132	3.8172
83	132	3.3573
84	132	0.44294
85	132	3.9825
86	132	0.62637
87	132	3.7394
88	132	3.2544
90	132	-0.06548
91	132	0.48074
93	132	-0.47024
94	132	0.67979
95	132	3.4756
97	132	2.2664
98	132	2.0075
99	132	2.2134
100	132	1.7789
101	132	1.6283
102	132	1.5954
103	132	4.5521
104	132	1.8253
105	132	1.5343
106	132	1.5651
107	132	1.3794
108	132	2.1847
109	132	1.6938
110	132	1.8682
111	132	1.7857
112	132	-0.83172
113	132	1.8839
114	132	-0.56797
115	132	1.2962
116	132	5.0689
117	132	1.5065
118	132	-1.4357
119	132	-1.5212
120	132	1.8196
121	132	-0.88513
122	132	-1.5497
123	132	1.3924
124	132	-1.5646
125	132	-1.2719
126	132	0.22544
127	132	-1.1927
128	132	-1.1329
129	132	-0.42813
130	132	8.3396
131	132	8.2884
26	133	3.1422
27	133	3.0808
43	133	3.9701
44	133	3.9677
46	133	4.0225
47	133	3.9487
54	133	1.1585
60	133	1.136
64	133	1.0199
82	133	1.7059
85	133	1.7507
87	133	1.5963
89	133	-0.25061
92	133	-0.25157
96	133	-0.37401
110	133	-0.019533
111	133	-0.097351
113	133	-0.12206
120	133	-0.36233
132	133	0.24353
26	134	6.1442
27	134	6.3211
29	134	4.4788
31	134	4.5808
36	134	5.218
54	134	4.2978
60	134	4.1556
64	134	3.8048
70	134	3.1081
72	134	3.6721
73	134	3.402
78	134	3.171
89	134	1.968
92	134	1.8163
96	134	1.3145
129	134	1.1316
132	134	-1.0832
26	135	4.8453
27	135	4.9155
28	135	4.2903
30	135	4.7466
32	135	3.8737
33	135	3.8331
35	135	4.7699
37	135	3.8876
39	135	3.9099
54	135	3.129
60	135	2.8625
64	135	2.6164
66	135	3.2495
69	135	3.1756
74	135	2.1614
79	135	2.1459
89	135	0.53313
92	135	0.3051
96	135	-0.15992
100	135	0.88027
101	135	1.1838
102	135	1.4312
106	135	1.3837
107	135	1.4816
126	135	0.60814
132	135	-0.22919
134	135	0.056117
15	136	3.9852
16	136	4.0306
17	136	4.1993
22	136	4.4386
25	136	4.6572
26	136	4.5302
27	136	4.6327
54	136	2.7153
56	136	3.3551
57	136	3.7866
60	136	2.3922
64	136	2.1707
89	136	0.047591
92	136	-0.14116
96	136	-0.52824
112	136	-2.0147
114	136	-1.6486
121	136	-1.8421
125	136	-1.1167
132	136	-0.35823
15	137	4.0484
16	137	4.0898
17	137	4.2565
22	137	4.4808
25	137	4.6899
26	137	4.258
27	137	4.3539
54	137	2.3549
56	137	3.2677
57	137	3.6999
60	137	2.0298
64	137	1.8115
89	137	-0.32244
92	137	-0.5084
96	137	-0.84542
112	137	-2.2334
114	137	-2.1738
121	137	-1.9772
125	137	-1.3811
132	137	-0.23496
26	138	3.9045
27	138	4.2802
54	138	2.6384
60	138	3.0231
64	138	3.3049
89	138	0.79969
92	138	0.87428
96	138	1.1506
132	138	-2.2099
15	139	6.4442
16	139	6.4831
17	139	6.6354
22	139	7.0113
25	139	7.2614
26	139	7.9418
27	139	8.086
54	139	7.3118
56	139	6.5726
57	139	6.8908
60	139	7.1664
64	139	7.1264
89	139	6.679
92	139	6.8675
96	139	6.7961
112	139	5.2043
114	139	5.2791
121	139	5.5836
125	139	5.8529
132	139	7.2526
1	140	4.115
2	140	3.754
3	140	3.7908
4	140	3.7924
5	140	3.749
6	140	4.2961
7	140	2.5441
8	140	4.4006
9	140	2.5323
10	140	2.9071
11	140	4.3319
12	140	2.2103
13	140	4.7127
14	140	4.1811
15	140	4.2013
16	140	4.2112
17	140	4.2327
18	140	3.5772
19	140	3.6376
20	140	4.5197
21	140	4.2239
22	140	4.5968
23	140	3.7158
24	140	3.6726
25	140	4.6416
28	140	5.519
29	140	4.9845
30	140	5.4987
31	140	4.9129
32	140	4.2454
33	140	4.0456
34	140	6.749
35	140	5.6678
36	140	5.0781
37	140	4.1566
38	140	1.9948
39	140	4.2163
40	140	6.2728
41	140	1.6171
42	140	6.0021
43	140	6.3371
44	140	6.317
45	140	0.90248
46	140	6.4394
47	140	6.3289
48	140	0.93035
49	140	0.515
50	140	5.4466
51	140	2.5687
52	140	2.4796
53	140	2.4084
55	140	2.5236
56	140	2.6203
57	140	2.4939
58	140	1.6352
59	140	5.0219
61	140	1.8567
62	140	1.9576
63	140	1.72
65	140	0.12699
66	140	3.5877
67	140	-0.096281
68	140	-0.0014357
69	140	3.5373
70	140	2.9019
71	140	-0.26674
72	140	3.0635
73	140	3.0145
74	140	2.3107
75	140	-0.56216
76	140	4.0257
77	140	3.1652
78	140	2.9134
79	140	2.3114
80	140	-0.92079
81	140	0.72971
82	140	3.9286
83	140	3.3314
84	140	0.65934
85	140	4.1018
86	140	0.83299
87	140	3.8601
88	140	3.2355
90	140	0.1788
91	140	0.69017
93	140	-0.20079
94	140	0.86704
95	140	3.2944
97	140	2.3214
98	140	2.0635
99	140	2.2569
100	140	2.0294
101	140	1.8752
102	140	1.8351
103	140	4.3056
104	140	1.9067
105	140	1.6155
106	140	1.8109
107	140	1.6442
108	140	2.409
109	140	1.9066
110	140	2.0969
111	140	2.004
112	140	-0.52223
113	140	2.0769
114	140	-0.27933
115	140	1.3937
116	140	4.8821
117	140	1.7341
118	140	-1.5663
119	140	-1.5188
120	140	2.0414
121	140	-0.58437
122	140	-1.8525
123	140	1.6838
124	140	-1.7283
125	140	-0.92467
126	140	0.44355
127	140	-1.8536
128	140	-1.4578
129	140	-0.098406
130	140	7.4097
131	140	7.0118
133	140	0.75505
134	140	-0.62424
135	140	0.075644
136	140	-0.20034
137	140	-0.067942
138	140	-2.4439
139	140	8.0441
26	141	4.7492
27	141	4.8161
28	141	4.3871
30	141	4.8475
32	141	3.7681
33	141	3.7202
35	141	4.8679
37	141	3.7799
39	141	3.8043
54	141	2.9979
60	141	2.7379
64	141	2.5004
66	141	3.2531
69	141	3.1701
74	141	2.0668
79	141	2.0619
89	141	0.45175
92	141	0.24284
96	141	-0.15296
100	141	0.70259
101	141	0.96516
102	141	1.1793
106	141	1.0479
107	141	1.1358
126	141	0.81433
132	141	-0.45783
134	141	-0.91541
140	141	-0.16216
1	142	3.9704
2	142	3.6168
3	142	3.6524
4	142	3.6531
5	142	3.6136
6	142	4.2641
7	142	2.1987
8	142	4.3685
9	142	2.3178
10	142	2.7284
11	142	4.3018
12	142	1.9907
13	142	4.678
14	142	4.1805
15	142	4.3131
16	142	4.3212
17	142	4.3411
18	142	3.7712
19	142	3.8275
20	142	4.4897
21	142	4.2239
22	142	4.7011
23	142	3.9074
24	142	3.8614
25	142	4.7445
28	142	5.5751
29	142	5.1186
30	142	5.5553
31	142	5.0464
32	142	4.3869
33	142	4.1854
34	142	6.4411
35	142	5.7242
36	142	5.2109
37	142	4.2978
38	142	1.9092
39	142	4.3568
40	142	6.6152
41	142	1.5466
42	142	6.3414
43	142	6.3414
44	142	6.3205
45	142	0.53618
46	142	6.4447
47	142	6.3336
48	142	0.56622
49	142	0.13765
50	142	5.4817
51	142	2.607
52	142	2.5175
53	142	2.4763
55	142	2.5707
56	142	2.7716
57	142	2.6409
58	142	1.8527
59	142	4.661
61	142	1.9295
62	142	2.1869
63	142	1.9391
65	142	0.16041
66	142	3.7123
67	142	-0.056183
68	142	0.027064
69	142	3.6702
70	142	3.0876
71	142	-0.21269
72	142	3.2625
73	142	3.2025
74	142	2.4861
75	142	-0.96735
76	142	4.4248
77	142	3.2635
78	142	3.098
79	142	2.4906
80	142	-0.80983
81	142	0.89533
82	142	4.0163
83	142	3.4287
84	142	0.85743
85	142	4.2051
86	142	1.0115
87	142	3.962
88	142	3.3403
90	142	0.39433
91	142	0.86071
93	142	0.043436
94	142	1.1334
95	142	2.8121
97	142	2.5525
98	142	2.2883
99	142	2.4561
100	142	2.2728
101	142	2.1094
102	142	2.0554
103	142	3.6959
104	142	2.1626
105	142	1.8632
106	142	2.0334
107	142	1.8856
108	142	2.9675
109	142	2.4163
110	142	2.3168
111	142	2.2051
112	142	-0.1698
113	142	2.2385
114	142	0.037666
115	142	0.97754
116	142	5.2443
117	142	2.2456
118	142	-1.0715
119	142	-1.0825
120	142	2.2356
121	142	-0.2692
122	142	-2.2684
123	142	2.2888
124	142	-1.2337
125	142	-0.55508
126	142	0.6942
127	142	-2.1808
128	142	-1.8729
129	142	0.30339
130	142	7.0862
131	142	6.7432
133	142	1.6191
134	142	-0.2145
135	142	0.4192
136	142	0.021313
137	142	0.12729
138	142	-2.3578
139	142	7.185
141	142	0.13962
26	143	4.1434
27	143	4.2298
29	143	4.4799
31	143	4.7042
36	143	4.7765
54	143	2.4629
60	143	2.2223
64	143	1.9275
70	143	3.4633
72	143	3.2117
73	143	3.3654
78	143	3.6068
89	143	0.10167
92	143	-0.081711
96	143	-0.43473
129	143	-2.362
132	143	-0.53365
135	143	-1.4106
140	143	-0.28715
141	143	-1.311
142	143	-0.041603
15	144	6.895
16	144	6.9297
17	144	7.0785
22	144	7.4527
25	144	7.6955
26	144	8.0381
27	144	8.1809
54	144	7.421
56	144	6.9436
57	144	7.2526
60	144	7.2837
64	144	7.2564
89	144	6.7797
92	144	6.9528
96	144	6.8995
112	144	5.3908
114	144	5.4679
121	144	5.7417
125	144	5.9588
132	144	6.8098
140	144	7.2737
142	144	7.9942
26	145	3.7526
27	145	3.6845
43	145	4.6829
44	145	4.6928
46	145	4.7322
47	145	4.6845
54	145	1.81
60	145	1.8108
64	145	1.7232
82	145	2.5931
85	145	2.6257
87	145	2.4977
89	145	0.55864
92	145	0.57042
96	145	0.5757
110	145	1.2259
111	145	1.1701
113	145	1.1624
120	145	1.0397
132	145	-2.3785
140	145	-2.0207
142	145	-1.777
26	146	4.1094
27	146	4.2942
43	146	4.462
44	146	4.3001
46	146	4.692
47	146	4.6017
54	146	2.5296
60	146	2.4995
64	146	2.1509
82	146	3.4592
85	146	3.5514
87	146	3.6685
89	146	0.80228
92	146	0.69225
96	146	0.44739
110	146	2.1749
111	146	2.1244
113	146	1.5313
120	146	2.6845
132	146	-0.70558
140	146	-0.49597
142	146	-0.25188
26	147	3.2089
27	147	3.1553
43	147	4.3713
44	147	4.381
46	147	4.4176
47	147	4.3701
54	147	1.3455
60	147	1.3477
64	147	1.2626
82	147	2.2442
85	147	2.2629
87	147	2.14
89	147	0.21813
92	147	0.25272
96	147	0.28839
110	147	0.85676
111	147	0.8114
113	147	0.81629
120	147	0.69261
132	147	-1.8839
140	147	-1.9433
142	147	-0.80906
26	148	3.6079
27	148	3.5415
43	148	4.2015
44	148	4.2043
46	148	4.255
47	148	4.1923
54	148	1.6573
60	148	1.656
64	148	1.5663
82	148	2.0895
85	148	2.1442
87	148	2.0023
89	148	0.38512
92	148	0.39344
96	148	0.39858
110	148	0.76158
111	148	0.68239
113	148	0.63015
120	148	0.54278
132	148	-2.4546
140	148	-2.3198
142	148	-2.3824
26	149	4.089
27	149	4.27
43	149	4.4759
44	149	4.3118
46	149	4.7071
47	149	4.6107
54	149	2.5597
60	149	2.5408
64	149	2.2008
82	149	3.4934
85	149	3.607
87	149	3.7113
89	149	0.96842
92	149	0.88494
96	149	0.6676
110	149	2.349
111	149	2.2608
113	149	1.5979
120	149	2.8128
132	149	-0.92036
140	149	-0.69734
142	149	-0.47899
26	150	3.6256
27	150	3.7182
29	150	4.3133
31	150	4.5327
36	150	4.6079
54	150	1.9422
60	150	1.6959
64	150	1.3919
70	150	3.2486
72	150	3.0358
73	150	3.1562
78	150	3.3747
89	150	-0.41904
92	150	-0.59502
96	150	-0.95245
129	150	-1.6087
132	150	-0.15612
135	150	-2.3499
140	150	0.072472
141	150	-1.8906
142	150	0.29155
26	151	5.2671
27	151	5.338
28	151	4.8682
30	151	5.311
32	151	3.7683
33	151	3.7299
35	151	5.3397
37	151	3.7891
39	151	3.8164
54	151	3.7749
60	151	3.5684
64	151	3.3877
66	151	3.7859
69	151	3.7336
74	151	2.1621
79	151	2.1693
89	151	1.8236
92	151	1.7301
96	151	1.4571
100	151	1.8286
101	151	1.9559
102	151	2.0313
106	151	1.9161
107	151	2.1853
126	151	1.3242
132	151	-1.7249
134	151	0.39617
140	151	-1.4149
142	151	-1.2313
143	151	0.62391
150	151	0.058658
26	152	3.8285
27	152	3.9209
29	152	4.5965
31	152	4.8085
36	152	4.8882
54	152	2.266
60	152	2.0489
64	152	1.7715
70	152	3.4578
72	152	3.304
73	152	3.3746
78	152	3.5586
89	152	0.20808
92	152	0.082722
96	152	-0.19788
129	152	-0.39809
132	152	-0.47663
135	152	-0.92174
140	152	-0.31098
141	152	-0.44887
142	152	-0.19971
151	152	-1.8379
26	153	5.199
27	153	5.2967
29	153	5.3258
31	153	5.5321
36	153	5.613
54	153	3.9338
60	153	3.7613
64	153	3.5317
70	153	4.3747
72	153	4.2443
73	153	4.3121
78	153	4.495
89	153	2.2888
92	153	2.2264
96	153	1.9796
129	153	1.549
132	153	-0.53981
135	153	1.4124
140	153	-0.81785
141	153	1.9736
142	153	-0.93582
151	153	0.80254
offset
60
