132
detection	body_part	cost
1	10	0.092811
2	4	0.44057
3	10	-0.92992
4	4	-5.489
5	10	-2.5251
6	4	-4.5274
7	3	-0.70382
8	3	-5.4857
9	4	-0.66639
10	10	0.015481
11	9	-1.9713
12	9	-2.4728
13	5	-0.87415
14	11	1.1781
15	9	-1.237
16	9	-0.47046
17	5	-4.5752
18	14	-0.11568
19	5	-0.82479
20	14	-0.1873
21	2	-5.6302
22	1	-5.5224
23	12	-2.2156
24	12	-1.2195
25	14	-0.31357
26	12	-2.1607
27	12	-2.9055
28	12	-2.1619
29	8	-0.55818
30	14	0.059844
31	5	1.1552
32	6	0.42235
33	12	-0.24267
34	8	-3.9804
35	8	-3.5166
36	6	-4.399
37	7	-3.1761
38	7	-4.5044
39	8	-3.0014
40	8	0.75574
41	5	-0.91718
42	6	-0.339
43	7	-4.2001
44	7	-2.2518
45	8	0.85159
46	5	0.14121
47	5	-1.027
48	5	-0.033681
49	13	0.64552
50	13	0.16474
51	4	0.88015
52	13	0.779
53	10	0.30431
54	10	0.37573
55	13	-0.13155
56	13	0.23697
57	9	0.39245
58	10	0.27419
59	10	-0.8566
60	11	9.2102
61	10	0.22518
62	10	-0.40879
63	9	0.33595
64	11	1.2719
65	8	1.2532
66	11	0.62135
67	11	0.75592
68	9	0.28681
69	9	0.076555
70	12	0.35238
71	14	0.24111
72	14	0.44111
73	9	-0.1812
74	14	0.65339
75	9	0.24776
76	14	0.051966
77	12	0.41148
78	14	0.58703
79	12	-0.14193
80	12	0.27311
81	12	0.024755
82	3	-0.46233
83	3	-0.34981
84	14	0.29794
85	3	-0.38747
86	3	-0.043264
87	13	0.25052
88	14	0.38003
89	13	0.63976
90	13	-0.23567
91	13	-0.98885
92	1	0.8676
93	1	0.0010167
94	13	-1.286
95	5	-2.3267
96	2	0.65587
97	3	0.50282
98	1	-3.0347
99	13	0.2036
100	7	0.90594
101	4	-0.084803
102	4	-0.12078
103	5	-2.8422
104	3	0.41514
105	3	0.35005
106	1	-0.95734
107	6	0.068064
108	6	0.22011
109	7	0.361
110	4	-1.1429
111	2	0.40719
112	2	0.2556
113	2	0.69724
114	6	0.69964
115	6	0.22565
116	6	-1.1092
117	3	0.25059
118	6	-0.28575
119	6	0.66239
120	7	0.91429
121	4	-0.62174
122	2	-0.25243
123	2	0.62537
124	11	9.2102
125	11	9.2102
126	3	-0.33265
127	6	-0.1927
128	3	0.32845
129	2	-0.44467
130	2	-1.3779
131	2	0.25492
132	2	0.66223
detection1	detection2	cost
1	3	-4.8231
2	4	-4.8231
1	5	-3.7143
3	5	-4.8231
2	6	-3.2674
4	6	-5.6071
7	8	-3.7143
2	9	-0.67521
4	9	-3.2674
6	9	-4.8231
1	10	0.071429
3	10	-1.5143
5	10	-3.7143
11	12	-5.6071
11	15	-5.6071
12	15	-4.8231
11	16	-3.2674
12	16	-4.8231
15	16	-3.7143
13	17	-4.8231
13	19	-0.67521
17	19	-3.2674
18	20	-5.6071
23	24	-5.6071
18	25	-4.8231
20	25	-5.6071
23	26	-4.8231
24	26	-3.2674
23	27	-5.6071
24	27	-4.8231
26	27	-5.6071
23	28	-4.8231
24	28	-5.6071
26	28	-3.7143
27	28	-5.6071
18	30	-3.2674
20	30	-3.7143
25	30	-5.6071
13	31	33.3612
17	31	34.8256
19	31	38.2821
23	33	-2.1462
24	33	-3.2674
26	33	-1.5143
27	33	-3.2674
28	33	-4.8231
29	34	-4.8231
29	35	-3.2674
34	35	-5.6071
32	36	-3.2674
37	38	-5.6071
29	39	-3.2674
34	39	-5.6071
35	39	-4.8231
29	40	-0.67521
34	40	-3.2674
35	40	-4.8231
39	40	-3.7143
13	41	32.6089
17	41	33.8406
19	41	37.0526
31	41	-3.2674
32	42	-3.7143
36	42	-3.2674
37	43	-4.8231
38	43	-5.6071
37	44	-3.2674
38	44	-4.8231
43	44	-5.6071
29	45	-1.5143
34	45	-3.7143
35	45	-3.2674
39	45	-5.6071
40	45	-3.2674
13	46	36.8106
17	46	38.0074
19	46	41.1652
31	46	-1.5143
41	46	-3.2674
13	47	35.0367
17	47	36.2
19	47	39.3267
31	47	-1.8214
41	47	-4.8231
46	47	-5.6071
13	48	34.0136
17	48	35.0367
19	48	38.0074
31	48	0.30445
41	48	-3.7143
46	48	-3.2674
47	48	-4.8231
49	50	-5.6071
2	51	43.6422
4	51	40.9808
6	51	39.8214
9	51	37.173
49	52	38.5941
50	52	38.0074
1	53	45.5338
3	53	42.9012
5	53	42.4729
10	53	39.5176
1	54	58.0978
3	54	55.4215
5	54	55.5353
10	54	53.101
53	54	9.6406
49	55	39.9726
50	55	39.2501
52	55	-3.7143
49	56	38.243
50	56	37.4927
52	56	-3.2674
55	56	-5.6071
11	57	32.295
12	57	33.1414
15	57	30.593
16	57	32.4299
1	58	49.7257
3	58	47.0983
5	58	46.637
10	58	43.6422
53	58	-3.2674
54	58	7.7607
1	59	48.6831
3	59	46.0715
5	59	45.5338
10	59	42.4729
53	59	-3.7143
54	59	9.6406
58	59	-5.6071
14	60	52.864
1	61	51.3006
3	61	48.6831
5	61	48.1706
10	61	45.1269
53	61	-1.5143
54	61	8.1089
58	61	-5.6071
59	61	-4.8231
1	62	50.2864
3	62	47.6858
5	62	47.0983
10	62	43.9913
53	62	-1.8214
54	62	9.9513
58	62	-4.8231
59	62	-5.6071
61	62	-5.6071
11	63	33.3612
12	63	33.8406
15	63	31.5222
16	63	32.6089
57	63	0.96511
14	64	54.127
60	64	-5.6071
29	65	47.5232
34	65	47.7831
35	65	49.2857
39	65	46.637
40	65	49.7257
45	65	45.5338
14	66	56.8014
60	66	-3.2674
64	66	-4.8231
14	67	55.4215
60	67	-3.7143
64	67	-5.6071
66	67	-5.6071
11	68	37.0526
12	68	37.4927
15	68	35.2048
16	68	36.2
57	68	3.2076
63	68	-3.7143
11	69	36.6892
12	69	37.0526
15	69	34.8256
16	69	35.6638
57	69	4.6202
63	69	-3.2674
68	69	-5.6071
23	70	31.5222
24	70	32.024
26	70	29.2526
27	70	29.6887
28	70	30.2149
33	70	29.0571
18	71	51.3919
20	71	52.7452
25	71	51.4527
30	71	50.1933
18	72	50.069
20	72	51.3919
25	72	50.069
30	72	48.7787
71	72	-5.6071
11	73	38.5552
12	73	38.904
15	73	36.6892
16	73	37.4927
57	73	5.8845
63	73	-1.5143
68	73	-4.8231
69	73	-5.6071
18	74	54.0688
20	74	55.4215
25	74	54.127
30	74	52.864
71	74	-4.8231
72	74	-3.2674
11	75	40.1609
12	75	40.4233
15	75	38.2821
16	75	38.904
57	75	8.5614
63	75	0.96511
68	75	-2.1462
69	75	-3.2674
73	75	-4.8231
18	76	54.127
20	76	55.4215
25	76	54.0688
30	76	52.7452
71	76	-3.7143
72	76	-3.2674
74	76	-4.8231
23	77	37.0526
24	77	37.4927
26	77	34.8256
27	77	35.2048
28	77	35.6638
33	77	34.4002
70	77	-1.8214
18	78	55.5353
20	78	56.8014
25	78	55.4215
30	78	54.0688
71	78	-1.8214
72	78	-1.5143
74	78	-3.2674
76	78	-5.6071
23	79	38.5552
24	79	38.904
26	79	36.4045
27	79	36.6892
28	79	37.0526
33	79	35.6638
70	79	0.30445
77	79	-4.8231
23	80	40.7586
24	80	41.1652
26	80	38.5552
27	80	38.904
28	80	39.3267
33	80	38.0074
70	80	1.9643
77	80	-3.7143
79	80	-4.8231
23	81	40.4233
24	81	40.7586
26	81	38.2821
27	81	38.5552
28	81	38.904
33	81	37.4927
70	81	2.1517
77	81	-3.2674
79	81	-5.6071
80	81	-5.6071
7	82	53.5428
8	82	54.127
7	83	53.337
8	83	53.8064
82	83	-5.6071
18	84	47.5232
20	84	47.6858
25	84	45.8033
30	84	43.9217
71	84	32.6089
72	84	30.8274
74	84	33.8406
76	84	31.5222
78	84	31.1069
7	85	55.4215
8	85	55.9884
82	85	-5.6071
83	85	-4.8231
7	86	55.2219
8	86	55.6772
82	86	-4.8231
83	86	-5.6071
85	86	-5.6071
49	87	36.6892
50	87	34.8256
52	87	38.3212
55	87	36.0768
56	87	34.5282
18	88	49.4118
20	88	49.5689
25	88	47.6858
30	88	45.8033
71	88	33.2734
72	88	31.5222
74	88	34.4002
76	88	32.024
78	88	31.5222
84	88	-5.6071
49	89	39.8214
50	89	38.0074
52	89	35.3305
55	89	32.7427
56	89	31.3382
87	89	-1.5143
49	90	39.3267
50	90	37.4927
52	90	36.6892
55	90	34.1859
56	90	32.7427
87	90	-3.2674
89	90	-5.6071
49	91	38.5552
50	91	36.6892
52	91	39.5176
55	91	37.173
56	91	35.6638
87	91	-5.6071
89	91	-1.8214
90	91	-3.7143
22	92	52.2675
22	93	51.4527
92	93	-1.8214
49	94	40.4233
50	94	38.5552
52	94	40.7586
55	94	38.3212
56	94	36.8511
87	94	-3.7143
89	94	-1.5143
90	94	-3.2674
91	94	-5.6071
13	95	58.207
17	95	55.9884
19	95	53.5428
31	95	68.8035
41	95	64.7764
46	95	66.2243
47	95	64.826
48	95	62.151
21	96	54.127
7	97	61.9191
8	97	62.74
82	97	1.9643
83	97	3.2076
85	97	0.53071
86	97	1.9643
22	98	53.5428
92	98	-3.2674
93	98	-4.8231
49	99	43.0077
50	99	41.1652
52	99	39.3649
55	99	36.6892
56	99	35.3305
87	99	-0.67521
89	99	-3.2674
90	99	-3.7143
91	99	-2.1462
94	99	-3.2674
37	100	47.4255
38	100	47.3929
43	100	45.5
44	100	45.5338
2	101	66.3214
4	101	64.4535
6	101	62.5613
9	101	60.7479
51	101	50.069
2	102	66.3457
4	102	64.5281
6	102	62.638
9	102	60.8791
51	102	51.3919
101	102	-5.6071
13	103	60.4586
17	103	58.207
19	103	55.6772
31	103	71.48
41	103	67.4533
46	103	68.8974
47	103	67.5011
48	103	64.826
95	103	-4.8231
7	104	64.1541
8	104	65.0485
82	104	4.6202
83	104	5.8845
85	104	3.2076
86	104	4.6202
97	104	-4.8231
7	105	63.7781
8	105	64.5779
82	105	3.5372
83	105	4.6202
85	105	1.9643
86	105	3.2076
97	105	-5.6071
104	105	-5.6071
22	106	55.2219
92	106	-0.67521
93	106	-3.7143
98	106	-4.8231
32	107	51.665
36	107	49.4118
42	107	47.9126
32	108	51.4527
36	108	49.3173
42	108	47.6858
107	108	-5.6071
37	109	49.3173
38	109	49.2857
43	109	47.3929
44	109	47.4255
100	109	-5.6071
2	110	68.2379
4	110	66.4184
6	110	64.5281
9	110	62.7655
51	110	52.7452
101	110	-4.8231
102	110	-5.6071
21	111	58.6147
96	111	-2.1462
21	112	58.207
96	112	-3.2674
111	112	-5.6071
21	113	57.8516
96	113	-3.7143
111	113	-3.7143
112	113	-5.6071
32	114	54.127
36	114	51.665
42	114	50.4103
107	114	-3.2674
108	114	-1.5143
32	115	53.8064
36	115	51.4527
42	115	50.069
107	115	-4.8231
108	115	-3.2674
114	115	-5.6071
32	116	53.337
36	116	51.2091
42	116	49.5689
107	116	-4.8231
108	116	-5.6071
114	116	-1.8214
115	116	-3.7143
7	117	64.5281
8	117	64.4286
82	117	8.5614
83	117	7.2837
85	117	7.2837
86	117	5.8845
97	117	9.9513
104	117	11.523
105	117	9.6406
32	118	53.1896
36	118	51.1786
42	118	49.4118
107	118	-3.2674
108	118	-4.8231
114	118	0.071429
115	118	-1.8214
116	118	-5.6071
32	119	53.101
36	119	51.2091
42	119	49.3173
107	119	-1.5143
108	119	-3.2674
114	119	1.9643
115	119	0.071429
116	119	-3.7143
118	119	-5.6071
37	120	51.1786
38	120	51.2091
43	120	49.3173
44	120	49.4118
100	120	-3.2674
109	120	-4.8231
2	121	70.1071
4	121	68.2379
6	121	66.3457
9	121	64.5281
51	121	52.864
101	121	-3.7143
102	121	-3.2674
110	121	-4.8231
21	122	60.062
96	122	-1.5143
111	122	-4.8231
112	122	-5.6071
113	122	-4.8231
21	123	59.7164
96	123	-1.8214
111	123	-3.2674
112	123	-4.8231
113	123	-5.6071
122	123	-5.6071
14	124	73.7827
60	124	25.5573
64	124	23.7178
66	124	22.4287
67	124	21.885
14	125	72.0901
60	125	26.624
64	125	24.8452
66	125	23.8324
67	125	23.08
124	125	-3.7143
7	126	66.4184
8	126	66.3214
82	126	9.9513
83	126	8.783
85	126	8.5614
86	126	7.2837
97	126	10.4572
104	126	11.8034
105	126	9.9513
117	126	-5.6071
32	127	55.0789
36	127	53.0714
42	127	51.3006
107	127	-2.1462
108	127	-3.2674
114	127	0.30445
115	127	-1.5143
116	127	-4.8231
118	127	-5.6071
119	127	-4.8231
7	128	66.5395
8	128	66.3457
82	128	11.2383
83	128	9.9513
85	128	9.9513
86	128	8.5614
97	128	12.262
104	128	13.6628
105	128	11.8034
117	128	-4.8231
126	128	-5.6071
21	129	64.1541
96	129	2.6933
111	129	-1.8214
112	129	-1.5143
113	129	-0.67521
122	129	-3.2674
123	129	-2.1462
21	130	65.3197
96	130	3.8571
111	130	0.96511
112	130	0.30445
113	130	0.071429
122	130	-1.5143
123	130	-1.8214
129	130	-3.2674
21	131	64.826
96	131	4.4715
111	131	3.2076
112	131	1.9643
113	131	0.96511
122	131	0.53071
123	131	-0.67521
129	131	0.30445
130	131	-3.7143
21	132	64.4535
96	132	7.2837
111	132	7.7607
112	132	6.1496
113	132	4.6202
122	132	5.1977
123	132	3.5372
129	132	5.8845
130	132	1.9643
131	132	-1.8214
2	7	-2.1275
4	7	-2.2296
6	7	-2.3357
2	8	-1.9459
4	8	-2.0922
6	8	-2.1958
7	9	-2.0451
8	9	-1.9987
1	11	-1.7094
3	11	-1.4443
5	11	-2.0253
10	11	-1.557
1	12	-2.0926
3	12	-1.8889
5	12	-2.3536
10	12	-1.3621
2	13	-1.5113
4	13	-2.0326
6	13	-2.2219
9	13	-1.2291
1	14	-1.1227
3	14	-1.6624
5	14	-1.333
10	14	0.1366
1	15	-2.0774
3	15	-1.8442
5	15	-2.1723
10	15	-0.94034
1	16	-1.656
3	16	-1.6135
5	16	-1.3183
10	16	-0.29748
2	17	-1.5658
4	17	-2.2239
6	17	-2.409
9	17	-1.5391
2	19	-1.2108
4	19	-1.8729
6	19	-2.2039
9	19	-1.8968
1	22	-1.5311
2	22	-2.111
3	22	-1.4932
4	22	-2.2238
5	22	-1.7435
6	22	-2.316
7	22	-1.8204
8	22	-2.377
9	22	-2.2162
10	22	-1.8197
11	22	-1.9748
12	22	-2.0403
13	22	-1.884
14	22	-1.3542
15	22	-1.6712
16	22	-1.4923
17	22	-1.5246
18	22	-1.1603
19	22	-1.6424
20	22	-1.192
21	22	-2.3068
22	23	-1.7261
22	24	-1.7921
22	25	-1.323
22	26	-1.4049
22	27	-1.6647
22	28	-1.805
22	29	-2.0926
22	30	-1.6418
2	31	3.4723
4	31	3.9132
6	31	4.1503
9	31	4.9078
22	31	7.8329
22	32	-1.4657
22	33	-1.5695
22	34	-2.1433
22	35	-1.9426
22	36	-2.053
22	37	-1.9285
29	37	-1.761
32	37	-2.113
34	37	-2.3164
35	37	-2.166
36	37	-2.4157
22	38	-1.8694
29	38	-1.4925
32	38	-2.409
34	38	-2.3982
35	38	-2.1688
36	38	-2.4389
22	39	-1.9613
37	39	-1.5676
38	39	-1.4295
22	40	-1.9892
37	40	-1.5891
38	40	-1.4516
2	41	4.0296
4	41	4.4568
6	41	4.6844
9	41	5.4115
22	41	8.6347
22	42	-1.7508
37	42	-1.5683
38	42	-1.9241
22	43	-1.7456
29	43	-1.5816
32	43	-1.6859
34	43	-2.3538
35	43	-2.0669
36	43	-2.4524
39	43	-1.7242
40	43	-1.4089
42	43	-2.1614
22	44	-1.8379
29	44	-1.2838
32	44	-1.9748
34	44	-2.0175
35	44	-1.6158
36	44	-2.4522
39	44	-1.3288
40	44	-0.93554
42	44	-2.2002
22	45	-1.7379
37	45	-1.0609
38	45	-0.74091
43	45	-1.0033
44	45	-0.518
2	46	3.799
4	46	4.224
6	46	4.4463
9	46	5.1692
22	46	8.4164
2	47	3.9175
4	47	4.3405
6	47	4.5623
9	47	5.281
22	47	8.4456
2	48	4.0438
4	48	4.4586
6	48	4.6765
9	48	5.3785
22	48	8.352
18	49	0.53003
20	49	0.2716
22	49	0.36947
23	49	-0.52015
24	49	-0.6181
25	49	0.0075709
26	49	-0.46668
27	49	-0.44622
28	49	-0.47382
30	49	-0.25838
33	49	-0.82269
18	50	0.49421
20	50	0.24104
22	50	1.3863
23	50	0.26933
24	50	0.11303
25	50	-0.0033992
26	50	0.41078
27	50	0.36658
28	50	0.25515
30	50	-0.24453
33	50	0.02934
7	51	6.7308
8	51	7.0431
13	51	3.7927
17	51	3.7208
19	51	3.5943
22	51	8.5009
31	51	-1.13
41	51	-1.3742
46	51	-1.9424
47	51	-1.5674
48	51	-1.1676
18	52	2.6284
20	52	2.5799
22	52	6.786
23	52	3.9136
24	52	3.5722
25	52	2.4674
26	52	4.2412
27	52	4.002
28	52	3.6595
30	52	2.3914
33	52	2.6453
11	53	7.8625
12	53	8.1675
14	53	5.0896
15	53	8.3631
16	53	7.5907
22	53	8.5556
11	54	7.4743
12	54	7.4109
14	54	3.771
15	54	6.984
16	54	6.179
22	54	7.8886
18	55	2.8776
20	55	2.8292
22	55	6.5459
23	55	3.621
24	55	3.2711
25	55	2.7108
26	55	3.9612
27	55	3.7117
28	55	3.3594
30	55	2.6277
33	55	2.3117
18	56	3.2376
20	56	3.1875
22	56	6.7504
23	56	3.6498
24	56	3.2953
25	56	3.0644
26	56	3.9951
27	56	3.7408
28	56	3.3836
30	56	2.9762
33	56	2.3235
1	57	3.1906
3	57	3.1989
5	57	3.7762
10	57	4.9452
22	57	8.2078
53	57	0.29387
54	57	-0.85156
11	58	7.881
12	58	8.1787
14	58	4.9127
15	58	8.3726
16	58	7.6853
22	58	8.7042
57	58	0.5831
11	59	7.8533
12	59	8.1482
14	59	4.8562
15	59	8.3332
16	59	7.8093
22	59	8.7387
57	59	0.8906
1	60	4.9858
3	60	5.0658
5	60	4.661
10	60	7.142
22	60	8.044
53	60	1.7465
54	60	4.0784
58	60	1.3611
59	60	1.274
11	61	7.8293
12	61	8.1216
14	61	4.6942
15	61	8.3111
16	61	7.7366
22	61	8.7816
57	61	1.0296
60	61	0.99127
11	62	7.7915
12	62	8.0805
14	62	4.7287
15	62	8.262
16	62	7.8466
22	62	8.8124
57	62	1.4004
60	62	0.96751
1	63	3.7158
3	63	3.3342
5	63	4.2371
10	63	5.2769
22	63	7.3317
53	63	0.45658
54	63	-0.92888
58	63	0.32031
59	63	0.45398
61	63	0.22813
62	63	0.34887
1	64	5.0432
3	64	5.1225
5	64	4.7166
10	64	7.2629
22	64	8.1135
53	64	2.085
54	64	4.6462
58	64	1.8746
59	64	1.7131
61	64	1.5759
62	64	1.4427
22	65	7.3138
37	65	5.3171
38	65	5.3995
43	65	5.6044
44	65	5.4241
1	66	4.7304
3	66	4.8117
5	66	4.3959
10	66	6.9275
22	66	7.7877
53	66	1.7986
54	66	5.6874
58	66	1.6561
59	66	1.4891
61	66	1.4549
62	66	1.2735
1	67	4.977
3	67	5.0559
5	67	4.6473
10	67	7.2551
22	67	8.0559
53	67	2.2573
54	67	5.2182
58	67	2.1853
59	67	1.9759
61	67	1.969
62	67	1.7504
1	68	3.9707
3	68	3.5932
5	68	4.4837
10	68	5.5047
22	68	7.6005
53	68	0.32446
54	68	-1.1116
58	68	0.19605
59	68	0.32548
61	68	0.10103
62	68	0.20544
1	69	4.0723
3	69	3.7028
5	69	4.5723
10	69	5.5693
22	69	7.346
53	69	0.50361
54	69	-0.91933
58	69	0.34755
59	69	0.47625
61	69	0.23856
62	69	0.33842
22	70	6.6087
49	70	4.8517
50	70	4.105
52	70	-0.14682
55	70	-0.65451
56	70	-0.65674
22	71	7.3556
49	71	5.2301
50	71	5.2512
52	71	5.4843
55	71	5.6614
56	71	5.7235
22	72	7.5943
49	72	5.5223
50	72	5.5407
52	72	5.4427
55	72	5.1691
56	72	5.6627
1	73	4.2946
3	73	3.9259
5	73	4.7912
10	73	5.7809
22	73	7.5059
53	73	0.54795
54	73	-0.90784
58	73	0.38326
59	73	0.51588
61	73	0.26956
62	73	0.36757
22	74	7.2099
49	74	5.1348
50	74	5.1573
52	74	5.1787
55	74	5.2867
56	74	5.1722
1	75	4.4491
3	75	4.0895
5	75	4.9299
10	75	5.8897
22	75	7.3996
53	75	0.66721
54	75	-0.73748
58	75	0.47575
59	75	0.61143
61	75	0.34818
62	75	0.44319
22	76	7.3793
49	76	5.265
50	76	5.2855
52	76	5.4524
55	76	5.5775
56	76	5.6456
22	77	6.8479
49	77	5.4386
50	77	4.6724
52	77	0.87059
55	77	0.70593
56	77	0.62796
22	78	7.1631
49	78	5.1514
50	78	5.1734
52	78	5.2361
55	78	5.3416
56	78	5.3769
22	79	6.6623
49	79	5.4993
50	79	4.7199
52	79	1.0297
55	79	0.8885
56	79	0.80998
22	80	6.8265
49	80	5.6762
50	80	4.9016
52	80	1.402
55	80	1.2972
56	80	1.224
22	81	6.6805
49	81	5.6143
50	81	4.8315
52	81	1.2619
55	81	1.1455
56	81	1.0696
2	82	3.48
4	82	3.5894
6	82	3.6557
9	82	3.8237
22	82	7.6229
51	82	0.28171
2	83	3.5325
4	83	3.643
6	83	3.7083
9	83	3.8765
22	83	7.7663
51	83	0.41246
22	84	5.0292
49	84	4.6599
50	84	4.6756
52	84	4.004
55	84	4.0391
56	84	4.2969
2	85	3.5965
4	85	3.6675
6	85	3.7549
9	85	3.8813
22	85	7.7432
51	85	0.16963
2	86	3.6807
4	86	3.7503
6	86	3.8354
9	86	3.9591
22	86	7.7689
51	86	0.11672
18	87	1.9503
20	87	1.7861
22	87	5.7624
23	87	1.6353
24	87	1.1014
25	87	1.6062
26	87	2.1982
27	87	1.7787
28	87	1.2285
30	87	1.6432
33	87	0.44574
70	87	2.0035
71	87	2.9643
72	87	3.1426
74	87	3.0078
76	87	3.1011
77	87	1.5665
78	87	3.1127
79	87	1.2035
80	87	1.6713
81	87	1.254
84	87	-1.1383
22	88	4.8402
49	88	4.548
50	88	4.5636
52	88	3.9737
55	88	4.0126
56	88	4.2672
87	88	-0.44455
18	89	2.2873
20	89	2.131
22	89	5.9709
23	89	2.0057
24	89	1.4995
25	89	1.9435
26	89	2.5383
27	89	2.1408
28	89	1.6195
30	89	1.8663
33	89	0.32818
70	89	1.404
71	89	2.7396
72	89	2.8909
74	89	2.8021
76	89	2.8741
77	89	0.55894
78	89	2.8958
79	89	0.026396
80	89	0.19916
81	89	-0.18427
84	89	-1.868
88	89	-1.4631
18	90	2.2646
20	90	2.1064
22	90	5.8906
23	90	1.9739
24	90	1.4575
25	90	1.9212
26	90	2.5174
27	90	2.1117
28	90	1.5797
30	90	1.886
33	90	0.46452
70	90	1.6806
71	90	2.8634
72	90	3.0227
74	90	2.9184
76	90	2.9943
77	90	0.94605
78	90	3.0115
79	90	0.4492
80	90	0.70878
81	90	0.29831
84	90	-1.9868
88	90	-1.4832
18	91	1.6631
20	91	1.4936
22	91	5.6502
23	91	1.6638
24	91	1.1265
25	91	1.323
26	91	2.2293
27	91	1.8072
28	91	1.2536
30	91	1.3599
33	91	0.49841
70	91	1.9811
71	91	2.7119
72	91	2.8813
74	91	2.761
76	91	2.8453
77	91	1.4862
78	91	2.8596
79	91	1.1447
80	91	1.5013
81	91	1.1584
84	91	-1.4324
88	91	-0.79524
1	92	2.995
2	92	3.9168
3	92	2.9478
4	92	3.8567
5	92	3.1928
6	92	3.9897
7	92	3.7026
8	92	3.3651
9	92	4.0538
10	92	3.5326
11	92	3.1725
12	92	3.194
13	92	4.1091
14	92	3.5698
15	92	3.4631
16	92	3.5197
17	92	4.4553
18	92	3.5007
19	92	4.3015
20	92	3.5096
21	92	7.7834
23	92	3.9791
24	92	3.8815
25	92	3.6035
26	92	4.3863
27	92	4.1986
28	92	4.0334
29	92	4.5357
30	92	3.55
31	92	1.1594
32	92	5.4009
33	92	4.103
34	92	4.5081
35	92	4.3112
36	92	5.7446
37	92	5.1748
38	92	5.0507
39	92	4.4977
40	92	4.3928
41	92	0.89231
42	92	5.4536
43	92	5.1955
44	92	5.0122
45	92	4.6568
46	92	0.65279
47	92	0.59563
48	92	0.71614
49	92	3.2942
50	92	2.6066
51	92	1.2595
52	92	0.38491
53	92	-1.7815
54	92	0.68691
55	92	0.99427
56	92	0.6639
57	92	-1.3442
58	92	-1.6589
59	92	-1.893
60	92	-0.97483
61	92	-1.668
62	92	-1.8869
63	92	-1.8509
64	92	-0.84921
65	92	0.95655
66	92	-0.3299
67	92	-0.92675
68	92	-1.6369
69	92	-1.6483
70	92	-1.7463
71	92	-0.80215
72	92	-0.45156
73	92	-1.2162
74	92	-0.68122
75	92	-0.88653
76	92	-0.34613
77	92	-1.0094
78	92	-0.68444
79	92	-0.86339
80	92	-0.76424
81	92	-0.71009
82	92	-0.060226
83	92	-0.54873
84	92	0.0092098
85	92	-0.12154
86	92	-0.71708
87	92	0.15387
88	92	0.27103
89	92	-0.036457
90	92	0.09556
91	92	0.20217
1	93	3.4239
2	93	4.0138
3	93	3.3804
4	93	3.9616
5	93	3.6064
6	93	4.0908
7	93	2.698
8	93	2.6669
9	93	4.1601
10	93	3.9223
11	93	3.4284
12	93	3.4405
13	93	4.5328
14	93	3.8336
15	93	3.7098
16	93	3.747
17	93	4.8608
18	93	3.7024
19	93	4.6901
20	93	3.7
21	93	7.1728
23	93	4.2946
24	93	4.1897
25	93	3.7851
26	93	4.6977
27	93	4.5051
28	93	4.3348
29	93	5.2462
30	93	3.7217
31	93	1.4976
32	93	5.8571
33	93	4.3892
34	93	5.1965
35	93	4.9866
36	93	6.2155
37	93	5.8611
38	93	5.7215
39	93	5.182
40	93	5.0443
41	93	1.7583
42	93	5.9082
43	93	5.8633
44	93	5.6667
45	93	5.336
46	93	1.4976
47	93	1.4558
48	93	1.5902
49	93	3.5862
50	93	2.9166
51	93	0.98758
52	93	0.10426
53	93	-0.5858
54	93	0.33476
55	93	0.66057
56	93	0.27893
57	93	-0.34618
58	93	-0.5965
59	93	-0.54311
60	93	-0.13224
61	93	-0.54582
62	93	-0.53684
63	93	-0.94747
64	93	0.0039047
65	93	1.9985
66	93	-0.55573
67	93	-0.030316
68	93	-1.5103
69	93	-1.5362
70	93	-1.4842
71	93	0.10702
72	93	0.50908
73	93	-1.9374
74	93	0.21645
75	93	-1.7127
76	93	0.65476
77	93	-2.013
78	93	0.45686
79	93	-1.7718
80	93	-1.7298
81	93	-1.5531
82	93	-1.4639
83	93	-1.5419
84	93	-0.083868
85	93	-1.0067
86	93	-1.318
87	93	-0.31688
88	93	0.22274
89	93	-0.26511
90	93	-0.26243
91	93	-0.19072
18	94	1.7804
20	94	1.6125
22	94	5.7187
23	94	1.7789
24	94	1.2384
25	94	1.4523
26	94	2.3469
27	94	1.9224
28	94	1.3655
30	94	1.4909
33	94	0.63833
70	94	2.0396
71	94	2.6889
72	94	2.8521
74	94	2.7365
76	94	2.8093
77	94	1.4748
78	94	2.821
79	94	1.1399
80	94	1.3911
81	94	1.1011
84	94	-1.9806
88	94	-1.4395
92	94	0.60128
93	94	0.33685
2	95	4.0549
4	95	4.1418
6	95	4.2201
9	95	4.6662
22	95	6.4053
51	95	6.3157
92	95	0.76026
93	95	0.44224
22	96	4.9573
92	96	0.061151
93	96	-0.57848
2	97	4.08
4	97	4.1526
6	97	4.245
9	97	4.3756
22	97	6.8041
51	97	0.50382
92	97	1.0028
93	97	0.26823
1	98	3.1241
2	98	4.2001
3	98	3.0803
4	98	4.1458
5	98	3.3086
6	98	4.2761
7	98	3.0604
8	98	2.9402
9	98	4.3437
10	98	3.6284
11	98	3.5157
12	98	3.5311
13	98	4.6246
14	98	3.6613
15	98	3.7995
16	98	3.8433
17	98	4.9559
18	98	3.5963
19	98	4.7883
20	98	3.594
21	98	7.3063
23	98	4.4572
24	98	4.3545
25	98	3.6779
26	98	4.8609
27	98	4.6702
28	98	4.5015
29	98	5.083
30	98	3.6139
31	98	1.4947
32	98	5.5758
33	98	4.5598
34	98	5.0399
35	98	4.8339
36	98	5.9254
37	98	5.6847
38	98	5.5512
39	98	5.0272
40	98	4.8982
41	98	1.6691
42	98	5.6289
43	98	5.6945
44	98	5.5034
45	98	5.1828
46	98	1.4141
47	98	1.3685
48	98	1.5022
49	98	3.3946
50	98	2.7211
51	98	1.3016
52	98	0.50874
53	98	-0.88301
54	98	0.72542
55	98	1.0781
56	98	0.70807
57	98	-0.48572
58	98	-0.93754
59	98	-0.87526
60	98	-0.38417
61	98	-0.88838
62	98	-0.87373
63	98	-0.98687
64	98	-0.26343
65	98	1.3166
66	98	-0.7268
67	98	-0.32917
68	98	-1.5964
69	98	-1.5713
70	98	-1.4395
71	98	-0.28285
72	98	0.13801
73	98	-2.0043
74	98	-0.20123
75	98	-1.7954
76	98	0.20743
77	98	-2.1486
78	98	-0.050824
79	98	-2.0492
80	98	-1.996
81	98	-1.8581
82	98	-1.1404
83	98	-1.7288
84	98	-0.090215
85	98	-1.3037
86	98	-2.0427
87	98	-0.44838
88	98	0.24523
89	98	-0.093398
90	98	-0.22622
91	98	-0.27114
94	98	-0.371
95	98	0.11756
96	98	-0.36776
97	98	0.37625
18	99	2.2529
20	99	2.0929
22	99	5.6651
23	99	2.003
24	99	1.4806
25	99	1.9091
26	99	2.5515
27	99	2.1412
28	99	1.603
30	99	1.8985
33	99	0.56741
70	99	1.6932
71	99	2.7051
72	99	2.8506
74	99	2.7586
76	99	2.8112
77	99	0.92866
78	99	2.8236
79	99	0.52245
80	99	0.66294
81	99	0.38909
84	99	-1.8657
88	99	-2.2413
92	99	0.35903
93	99	0.39192
98	99	-0.039576
22	100	5.4955
29	100	4.1921
32	100	4.9009
34	100	4.2865
35	100	4.2679
36	100	4.969
39	100	4.3593
40	100	4.2972
42	100	5.3075
45	100	4.5998
65	100	3.835
92	100	-0.16016
93	100	-0.77733
98	100	-0.96055
7	101	6.5425
8	101	6.8108
13	101	6.7683
17	101	6.554
19	101	6.1521
22	101	7.3903
31	101	4.8107
41	101	5.3183
46	101	5.0572
47	101	5.1602
48	101	5.3892
82	101	1.7158
83	101	1.7153
85	101	1.6881
86	101	1.7502
92	101	0.035386
93	101	0.065298
95	101	-1.194
97	101	1.2055
98	101	-0.43754
7	102	6.4365
8	102	6.7016
13	102	6.9027
17	102	6.6898
19	102	6.2879
22	102	7.2627
31	102	5.0164
41	102	5.5256
46	102	5.2679
47	102	5.3703
48	102	5.5992
82	102	1.6575
83	102	1.6456
85	102	1.6439
86	102	1.6956
92	102	0.021062
93	102	0.028452
95	102	-1.1611
97	102	1.2194
98	102	-0.4388
2	103	3.8763
4	103	3.9178
6	103	3.9942
9	103	4.4366
22	103	6.2892
51	103	6.0876
92	103	0.75615
93	103	0.44676
98	103	0.12414
101	103	-1.5775
102	103	-1.5286
2	104	4.0424
4	104	4.1161
6	104	4.2097
9	104	4.342
22	104	6.3117
51	104	0.71611
92	104	0.25053
93	104	0.86393
98	104	1.2403
101	104	0.93607
102	104	0.96031
2	105	4.2919
4	105	4.3636
6	105	4.4554
9	105	4.5847
22	105	6.3168
51	105	0.52408
92	105	0.43574
93	105	0.72549
98	105	1.1097
101	105	1.086
102	105	1.1125
1	106	3.4004
2	106	4.2365
3	106	3.3563
4	106	4.1846
5	106	3.5818
6	106	4.3138
7	106	2.7641
8	106	2.7563
9	106	4.3825
10	106	3.8953
11	106	3.4967
12	106	3.5118
13	106	4.7415
14	106	3.8177
15	106	3.7776
16	106	3.8205
17	106	5.0685
18	106	3.7034
19	106	4.9003
20	106	3.7032
21	106	6.9956
23	106	4.3475
24	106	4.2464
25	106	3.7891
26	106	4.7462
27	106	4.5583
28	106	4.3924
29	106	4.936
30	106	3.7279
31	106	1.608
32	106	5.3076
33	106	4.4517
34	106	4.8969
35	106	4.6954
36	106	5.6513
37	106	5.5774
38	106	5.4459
39	106	4.8864
40	106	4.7631
41	106	1.8363
42	106	5.3632
43	106	5.5907
44	106	5.4025
45	106	5.0436
46	106	1.5725
47	106	1.5344
48	106	1.6745
49	106	3.5842
50	106	2.926
51	106	1.2345
52	106	0.33859
53	106	-0.60284
54	106	0.58445
55	106	0.89427
56	106	0.50446
57	106	-0.25834
58	106	-0.69176
59	106	-0.59364
60	106	-0.31006
61	106	-0.65245
62	106	-0.59444
63	106	-0.70677
64	106	-0.20202
65	106	1.0182
66	106	-0.85633
67	106	-0.2675
68	106	-1.2275
69	106	-1.2278
70	106	-1.1795
71	106	-0.23506
72	106	0.23336
73	106	-1.6252
74	106	-0.16856
75	106	-1.6559
76	106	0.27419
77	106	-1.623
78	106	0.031434
79	106	-1.431
80	106	-1.2871
81	106	-1.3033
82	106	-1.638
83	106	-1.522
84	106	0.38565
85	106	-1.6212
86	106	-1.3516
87	106	0.13402
88	106	0.70608
89	106	0.5984
90	106	0.42389
91	106	0.29562
94	106	0.094148
95	106	-0.16277
96	106	-0.3895
97	106	0.17544
99	106	0.5796
100	106	-1.1827
101	106	-0.79352
102	106	-0.77037
103	106	-0.14385
104	106	0.9153
105	106	0.80674
22	107	4.3986
37	107	4.4265
38	107	4.3459
43	107	4.4774
44	107	4.35
92	107	-1.3197
93	107	-1.1195
98	107	-1.6835
100	107	-2.3845
106	107	-2.0022
22	108	4.4588
37	108	4.5184
38	108	4.4351
43	108	4.5709
44	108	4.4401
92	108	-1.152
93	108	-0.95472
98	108	-1.4587
100	108	-2.4976
106	108	-1.7433
22	109	5.4517
29	109	4.0389
32	109	4.9049
34	109	4.1321
35	109	4.1118
36	109	4.9805
39	109	4.2052
40	109	4.1397
42	109	5.3117
45	109	4.4463
65	109	3.6737
92	109	-0.10531
93	109	-0.65408
98	109	-0.86355
106	109	-1.0508
107	109	-1.857
108	109	-1.8965
7	110	6.3865
8	110	6.6524
13	110	6.4513
17	110	6.2432
19	110	5.8511
22	110	7.0866
31	110	4.4145
41	110	4.9188
46	110	4.6415
47	110	4.7505
48	110	4.9811
82	110	1.6616
83	110	1.6662
85	110	1.6495
86	110	1.721
92	110	-0.17847
93	110	-0.12178
95	110	-1.7297
97	110	1.1556
98	110	-0.61725
103	110	-2.082
104	110	0.87517
105	110	1.0389
106	110	-0.93157
22	111	4.7352
92	111	-0.58144
93	111	-1.1209
98	111	-1.0063
106	111	-1.1072
22	112	4.7664
92	112	-0.73563
93	112	-1.2507
98	112	-1.1169
106	112	-1.1482
22	113	4.7628
92	113	-0.93898
93	113	-1.4221
98	113	-1.2295
106	113	-1.1623
22	114	4.0565
37	114	4.0411
38	114	3.9644
43	114	4.0885
44	114	3.966
92	114	-1.507
93	114	-0.49513
98	114	-1.3159
100	114	-1.7911
106	114	-0.9929
109	114	-1.4425
22	115	4.2285
37	115	4.2586
38	115	4.1801
43	115	4.3086
44	115	4.1838
92	115	-1.3395
93	115	-0.76129
98	115	-1.43
100	115	-2.3015
106	115	-1.4092
109	115	-1.8889
22	116	4.2759
37	116	4.4241
38	116	4.3398
43	116	4.4765
44	116	4.3446
92	116	-1.2855
93	116	-1.1843
98	116	-1.569
100	116	-2.6496
106	116	-1.6025
109	116	-2.2085
2	117	5.8701
4	117	5.9927
6	117	6.0548
9	117	6.2309
22	117	6.8008
51	117	3.2807
92	117	-1.1124
93	117	0.076546
98	117	-0.82964
101	117	-2.2977
102	117	-2.2975
106	117	-0.9147
110	117	-2.3352
22	118	4.3091
37	118	4.4333
38	118	4.3471
43	118	4.4877
44	118	4.3533
92	118	-1.1689
93	118	-1.0981
98	118	-1.4915
100	118	-2.5313
106	118	-1.5227
109	118	-2.0256
22	119	4.2904
37	119	4.5353
38	119	4.4477
43	119	4.5928
44	119	4.4564
92	119	-1.1217
93	119	-1.0317
98	119	-1.4647
100	119	-2.1485
106	119	-1.4799
109	119	-2.0463
22	120	5.3579
29	120	3.7071
32	120	4.9431
34	120	3.7972
35	120	3.7765
36	120	5.0201
39	120	3.8679
40	120	3.8013
42	120	5.3473
45	120	4.1046
65	120	3.2865
92	120	-0.22855
93	120	-0.67118
98	120	-0.94932
106	120	-1.1296
107	120	-1.363
108	120	-1.2563
114	120	-1.2064
115	120	-1.5647
116	120	-1.5884
118	120	-1.3991
119	120	-1.3265
7	121	6.3542
8	121	6.6244
13	121	6.0887
17	121	5.882
19	121	5.4957
22	121	7.0617
31	121	3.8921
41	121	4.3926
46	121	4.1004
47	121	4.2141
48	121	4.4464
82	121	1.6435
83	121	1.6769
85	121	1.6222
86	121	1.7263
92	121	-0.26804
93	121	-0.1265
95	121	-2.1363
97	121	0.99251
98	121	-0.68278
103	121	-2.4224
104	121	0.67406
105	121	0.85103
106	121	-0.89411
117	121	-2.1337
22	122	4.7475
92	122	-1.0988
93	122	-1.6059
98	122	-1.5831
106	122	-1.592
22	123	4.7062
92	123	-1.4063
93	123	-1.8294
98	123	-1.6971
106	123	-1.6169
1	124	4.6496
3	124	4.688
5	124	4.3619
10	124	8.0118
22	124	5.6038
53	124	2.9417
54	124	4.2378
58	124	3.2203
59	124	3.2327
61	124	3.4431
62	124	3.3842
92	124	3.9835
93	124	5.4581
98	124	5.7992
106	124	5.7169
1	125	4.616
3	125	4.6511
5	125	4.325
10	125	8.0197
22	125	5.8977
53	125	3.0732
54	125	4.1481
58	125	3.3795
59	125	3.3822
61	125	3.6121
62	125	3.541
92	125	2.8321
93	125	5.3958
98	125	3.939
106	125	5.383
2	126	5.6687
4	126	5.7893
6	126	5.8518
9	126	6.0256
22	126	6.6133
51	126	2.9555
92	126	-1.2349
93	126	0.060855
98	126	-0.84436
101	126	-2.0339
102	126	-2.0306
106	126	-0.82927
110	126	-1.8843
121	126	-1.6584
22	127	4.2133
37	127	4.3177
38	127	4.231
43	127	4.3722
44	127	4.2372
92	127	-1.1714
93	127	-1.1573
98	127	-1.4117
100	127	-2.2782
106	127	-1.3506
109	127	-2.0967
120	127	-1.5618
2	128	5.6315
4	128	5.7519
6	128	5.8143
9	128	5.9872
22	128	6.6842
51	128	3.0054
92	128	-1.0603
93	128	0.093911
98	128	-0.71505
101	128	-1.8941
102	128	-1.8937
106	128	-0.69245
110	128	-1.7444
121	128	-1.5064
22	129	4.6511
92	129	-1.5644
93	129	-2.0605
98	129	-2.0422
106	129	-2.1797
22	130	4.6279
92	130	-2.0977
93	130	-2.2534
98	130	-2.543
106	130	-1.8972
22	131	4.5772
92	131	-1.2249
93	131	-1.6906
98	131	-1.876
106	131	-1.329
22	132	4.7492
92	132	0.54711
93	132	-0.37741
98	132	-0.040435
106	132	-0.3287
offset
60
