132
detection	body_part	cost
1	4	-0.94733
2	4	-4.5542
3	9	0.50879
4	3	-3.2738
5	3	-1.5409
6	5	0.16986
7	5	-2.1985
8	5	-5.2014
9	5	0.37353
10	9	-0.45312
11	9	0.35349
12	11	9.2102
13	1	1.3699
14	1	0.64997
15	9	0.34783
16	1	-6.4857
17	1	0.0016429
18	6	-1.8599
19	12	-0.11982
20	2	-5.2264
21	6	-2.512
22	7	0.32894
23	6	-1.05
24	6	-1.9938
25	4	0.21514
26	6	-2.1166
27	4	-0.11951
28	6	-0.41588
29	7	-0.19547
30	7	-0.12064
31	7	0.050215
32	7	-0.033811
33	10	0.44161
34	11	9.2102
35	4	-1.4903
36	4	0.41071
37	10	0.83565
38	5	-0.49948
39	4	-0.57935
40	4	0.48252
41	10	-2.5121
42	3	0.38031
43	3	-3.9341
44	3	-2.3566
45	3	0.95085
46	5	-1.8768
47	4	0.42817
48	9	-0.75762
49	8	0.35714
50	9	-0.23462
51	5	-1.4861
52	9	0.70684
53	9	-0.41145
54	8	-0.037983
55	9	-1.639
56	9	-0.7769
57	10	-0.66527
58	10	0.075375
59	11	9.2102
60	11	-0.47819
61	1	-0.33998
62	9	-0.029716
63	8	0.11612
64	13	1.0418
65	11	9.2102
66	11	9.2102
67	11	-0.59481
68	1	-5.1855
69	11	9.2102
70	1	-3.8027
71	12	-0.052053
72	12	-1.4611
73	12	-0.89122
74	11	0.33353
75	11	9.2102
76	11	9.2102
77	12	-2.3343
78	12	-1.2048
79	13	0.52556
80	14	0.77179
81	6	0.85251
82	6	-2.9665
83	6	-0.77218
84	12	-2.19
85	13	-0.29803
86	13	0.10167
87	3	-2.1654
88	2	-2.2353
89	2	-3.9277
90	6	-1.5387
91	6	-0.33808
92	7	0.22892
93	7	-1.3206
94	12	-0.19518
95	12	-0.98858
96	10	-0.069685
97	13	-0.085697
98	13	-0.32884
99	3	-0.45812
100	2	-0.74143
101	2	-2.8468
102	7	-1.8801
103	7	-0.70862
104	10	0.92206
105	14	0.59098
106	14	-0.70522
107	1	-1.6911
108	4	0.91283
109	2	0.90157
110	9	0.13906
111	7	-1.4616
112	7	-0.53885
113	14	1.3278
114	14	0.0072741
115	14	-0.68127
116	2	-1.2965
117	13	0.24439
118	11	9.2102
119	6	-0.3461
120	12	-0.34576
121	12	-0.55524
122	13	0.50843
123	8	-1.1536
124	8	0.19183
125	8	-0.38325
126	8	-1.9916
127	13	-1.0638
128	14	0.18439
129	14	-0.46212
130	8	-0.78248
131	8	0.41259
132	13	-0.48636
detection1	detection2	cost
1	2	-3.2674
4	5	-4.8231
6	7	-1.8214
6	8	-3.2674
7	8	-4.8231
6	9	0.30445
7	9	-4.8231
8	9	-3.7143
3	10	-1.5143
3	11	-1.5143
10	11	-3.7143
13	14	-5.6071
3	15	1.9643
10	15	-3.2674
11	15	0.30445
13	16	-3.2674
14	16	-3.7143
13	17	-0.67521
14	17	-2.1462
16	17	-3.7143
18	21	-4.8231
18	23	-3.2674
21	23	-3.2674
18	24	-3.7143
21	24	-4.8231
23	24	-5.6071
1	25	24.2301
2	25	20.0604
18	26	-3.2674
21	26	-5.6071
23	26	-3.7143
24	26	-5.6071
1	27	23.7178
2	27	19.6016
25	27	-5.6071
18	28	-2.1462
21	28	-4.8231
23	28	-1.8214
24	28	-3.7143
26	28	-5.6071
22	29	-5.6071
22	30	-4.8231
29	30	-5.6071
22	31	-3.2674
29	31	-3.7143
30	31	-5.6071
22	32	-1.5143
29	32	-1.8214
30	32	-3.7143
31	32	-5.6071
12	34	6.9156
1	35	25.5573
2	35	21.4551
25	35	-4.8231
27	35	-5.6071
1	36	24.7342
2	36	20.8929
25	36	0.30445
27	36	-1.5143
35	36	-1.8214
33	37	-1.5143
6	38	12.8867
7	38	15.6053
8	38	12.9744
9	38	15.293
1	39	27.4026
2	39	23.3135
25	39	-3.2674
27	39	-3.7143
35	39	-5.6071
36	39	-1.5143
1	40	26.624
2	40	22.7857
25	40	0.96511
27	40	-0.67521
35	40	-1.5143
36	40	-5.6071
39	40	-1.8214
33	41	-3.2674
37	41	-3.2674
4	42	16.443
5	42	14.0819
4	43	15.5276
5	43	13.4073
42	43	-3.7143
4	44	15.293
5	44	13.3214
42	44	-1.8214
43	44	-5.6071
4	45	15.2143
5	45	13.4073
42	45	0.071429
43	45	-3.7143
44	45	-5.6071
6	46	14.6553
7	46	17.1798
8	46	14.5743
9	46	16.7404
38	46	-5.6071
1	47	28.663
2	47	24.7342
25	47	0.53071
27	47	-0.67521
35	47	-2.1462
36	47	-3.2674
39	47	-3.2674
40	47	-4.8231
3	48	19.6016
10	48	13.6628
11	48	15.6053
15	48	10.4572
3	50	18.2456
10	50	12.262
11	50	13.6628
15	50	9.6406
48	50	-3.7143
6	51	16.443
7	51	18.7964
8	51	16.2174
9	51	18.2456
38	51	-3.7143
46	51	-5.6071
3	52	23.0214
10	52	17.1798
11	52	19.4026
15	52	13.6628
48	52	-3.2674
50	52	0.30445
3	53	22.1279
10	53	16.2174
11	53	18.2456
15	53	12.8867
48	53	-4.8231
50	53	-1.5143
52	53	-5.6071
49	54	-4.8231
3	55	20.6393
10	55	14.6553
11	55	16.2174
15	55	11.8034
48	55	-4.8231
50	55	-4.8231
52	55	-1.8214
53	55	-3.7143
3	56	20.0604
10	56	14.0819
11	56	15.3715
15	56	11.523
48	56	-3.2674
50	56	-5.6071
52	56	0.071429
53	56	-1.8214
55	56	-5.6071
33	57	0.30445
37	57	-0.67521
41	57	-3.7143
33	58	0.071429
37	58	0.53071
41	58	-3.2674
57	58	-5.6071
12	59	43.4667
34	59	45.8033
12	60	48.7787
34	60	51.4527
59	60	-1.8214
13	61	13.4073
14	61	13.3214
16	61	9.5357
17	61	9.9513
3	62	23.8324
10	62	17.8953
11	62	19.7992
15	62	14.6553
48	62	-3.2674
50	62	-0.67521
52	62	-4.8231
53	62	-5.6071
55	62	-3.2674
56	62	-1.5143
49	63	-3.2674
54	63	-5.6071
12	65	42.4729
34	65	44.1649
59	65	-4.8231
60	65	0.30445
12	66	44.1996
34	66	46.0381
59	66	-5.6071
60	66	-1.5143
65	66	-5.6071
12	67	49.4432
34	67	51.665
59	67	-1.5143
60	67	-5.6071
65	67	0.071429
66	67	-1.8214
13	68	15.2143
14	68	15.293
16	68	11.523
17	68	12.262
61	68	-4.8231
12	69	43.2907
34	69	44.4761
59	69	-3.2674
60	69	0.96511
65	69	-5.6071
66	69	-4.8231
67	69	0.30445
13	70	17.1798
14	70	17.3966
16	70	13.6628
17	70	14.6553
61	70	-2.1462
68	70	-4.8231
19	71	11.9882
19	72	10.4572
71	72	-3.7143
19	73	9.9513
71	73	-1.8214
72	73	-5.6071
12	74	49.2226
34	74	50.4103
59	74	-0.67521
60	74	-1.5143
65	74	-0.67521
66	74	-2.1462
67	74	-3.2674
69	74	-1.5143
12	75	21.3311
34	75	6.9156
59	75	51.665
60	75	57.301
65	75	49.5689
66	75	51.4527
67	75	57.1072
69	75	49.4118
74	75	54.993
12	76	20.0604
34	76	5.8845
59	76	47.9126
60	76	53.5428
65	76	45.8033
66	76	47.6858
67	76	53.337
69	76	45.635
74	76	51.2091
75	76	-3.7143
19	77	12.262
71	77	-3.2674
72	77	-5.6071
73	77	-4.8231
19	78	11.8034
71	78	-1.5143
72	78	-4.8231
73	78	-5.6071
77	78	-5.6071
64	79	-0.67521
18	81	14.6553
21	81	13.6628
23	81	10.4572
24	81	11.1425
26	81	11.9882
28	81	12.9744
18	82	13.6628
21	82	12.262
23	82	9.6406
24	82	9.9513
26	82	10.4572
28	82	11.1425
81	82	-3.7143
18	83	13.3214
21	83	11.523
23	83	9.6406
24	83	9.5357
26	83	9.6406
28	83	9.9513
81	83	0.071429
82	83	-3.7143
19	84	14.0819
71	84	-2.1462
72	84	-3.7143
73	84	-3.2674
77	84	-5.6071
78	84	-4.8231
64	85	0.96511
79	85	-5.6071
64	86	0.071429
79	86	-3.2674
85	86	-3.7143
4	87	36.0768
5	87	33.4488
42	87	14.0819
43	87	17.1798
44	87	18.7964
45	87	20.4477
20	88	13.4073
20	89	13.3214
88	89	-5.6071
18	90	15.9133
21	90	14.6553
23	90	11.8034
24	90	12.262
26	90	12.8867
28	90	13.6628
81	90	-4.8231
82	90	-4.8231
83	90	-1.5143
18	91	15.2143
21	91	13.4073
23	91	11.523
24	91	11.4286
26	91	11.523
28	91	11.8034
81	91	0.30445
82	91	-3.2674
83	91	-5.6071
90	91	-1.8214
22	92	15.3715
29	92	13.6628
30	92	14.5743
31	92	15.6053
32	92	16.7404
22	93	14.6553
29	93	12.8867
30	93	13.6628
31	93	14.5743
32	93	15.6053
92	93	-5.6071
19	94	17.1071
71	94	-1.8214
72	94	-0.67521
73	94	0.53071
77	94	-2.1462
78	94	-0.67521
84	94	-3.2674
19	95	15.9133
71	95	-0.67521
72	95	-1.8214
73	95	-1.5143
77	95	-3.7143
78	95	-3.2674
84	95	-5.6071
94	95	-3.7143
33	96	13.6628
37	96	9.9513
41	96	9.4302
57	96	6.1496
58	96	7.2837
64	97	3.5372
79	97	-3.2674
85	97	-4.8231
86	97	-1.5143
64	98	2.6933
79	98	-3.7143
85	98	-5.6071
86	98	-3.2674
97	98	-5.6071
4	99	36.6486
5	99	34.0567
42	99	13.9152
43	99	16.7404
44	99	18.2456
45	99	19.7992
87	99	-4.8231
20	100	15.293
88	100	-5.6071
89	100	-4.8231
20	101	15.293
88	101	-3.2674
89	101	-4.8231
100	101	-3.7143
22	102	16.443
29	102	14.6553
30	102	15.3715
31	102	16.2174
32	102	17.1798
92	102	-4.8231
93	102	-5.6071
22	103	15.5276
29	103	13.6628
30	103	14.0819
31	103	14.6553
32	103	15.3715
92	103	-1.5143
93	103	-3.2674
102	103	-3.7143
33	104	16.2174
37	104	12.262
41	104	11.9882
57	104	8.783
58	104	9.9513
96	104	-4.8231
80	105	0.53071
80	106	-1.5143
105	106	0.071429
13	107	33.4488
14	107	34.5282
16	107	31.5222
17	107	34.0136
61	107	20.4477
68	107	17.8953
70	107	15.3715
1	108	53.5428
2	108	49.3173
25	108	23.3135
27	108	24.6229
35	108	23.3135
36	108	27.7092
39	108	22.0674
40	108	26.624
47	108	24.0034
20	109	17.3966
88	109	-0.67521
89	109	-2.1462
100	109	-1.5143
101	109	-4.8231
3	110	47.5232
10	110	42.0408
11	110	44.7168
15	110	38.086
48	110	22.4287
50	110	25.6115
52	110	18.2456
53	110	19.7992
55	110	23.0214
56	110	24.6786
62	110	18.7964
22	111	17.7539
29	111	15.9133
30	111	16.443
31	111	17.1071
32	111	17.8953
92	111	-2.1462
93	111	-3.2674
102	111	-4.8231
103	111	-4.8231
22	112	17.3966
29	112	15.5276
30	112	15.9133
31	112	16.443
32	112	17.1071
92	112	-0.67521
93	112	-2.1462
102	112	-3.2674
103	112	-5.6071
111	112	-5.6071
80	113	3.2076
105	113	-4.8231
106	113	2.1517
80	114	0.96511
105	114	-4.8231
106	114	-1.5143
113	114	-3.7143
80	115	0.071429
105	115	-1.5143
106	115	-4.8231
113	115	0.071429
114	115	-3.7143
20	116	24.0034
88	116	8.6726
89	116	10.4572
100	116	8.1089
101	116	11.8034
109	116	13.4073
64	117	9.4302
79	117	2.6933
85	117	0.96511
86	117	3.2076
97	117	-1.5143
98	117	-0.67521
12	118	36.6486
34	118	22.4287
59	118	65.0485
60	118	70.5445
65	118	62.74
66	118	64.5779
67	118	70.1071
69	118	62.3051
74	118	67.5011
75	118	8.5614
76	118	11.4286
18	119	32.7427
21	119	32.6536
23	119	28.663
24	119	29.9767
26	119	31.3382
28	119	32.7427
81	119	13.6628
82	119	17.1071
83	119	20.6393
90	119	14.6553
91	119	20.0604
19	120	36.6892
71	120	18.7964
72	120	22.1279
73	120	23.8324
77	120	21.3311
78	120	23.08
84	120	20.6393
94	120	16.443
95	120	20.0604
19	121	35.3305
71	121	17.1798
72	121	20.4477
73	121	22.1279
77	121	19.6016
78	121	21.3311
84	121	18.8644
94	121	14.6553
95	121	18.2456
120	121	-5.6071
64	122	24.0034
79	122	17.8953
85	122	17.1071
86	122	20.6393
97	122	14.6553
98	122	16.443
117	122	11.523
49	123	15.3715
54	123	12.8867
63	123	11.1425
49	124	36.6486
54	124	34.0567
63	124	33.1414
123	124	20.9559
49	125	19.7992
54	125	17.1798
63	125	15.6053
123	125	-1.5143
124	125	15.2143
49	126	17.8953
54	126	15.3715
63	126	13.6628
123	126	-4.8231
124	126	19
125	126	-3.7143
64	127	12.8867
79	127	6.2802
85	127	4.4715
86	127	6.1496
97	127	2.1517
98	127	2.6933
117	127	-3.7143
122	127	11.523
80	128	6.9156
105	128	0.071429
106	128	3.2076
113	128	-1.5143
114	128	-1.5143
115	128	0.53071
80	129	6.2802
105	129	0.30445
106	129	1.9643
113	129	-0.67521
114	129	-1.8214
115	129	-0.67521
128	129	-5.6071
49	130	19.6016
54	130	17.1071
63	130	15.3715
123	130	-3.2674
124	130	19.0675
125	130	-3.2674
126	130	-5.6071
49	131	18.8644
54	131	16.443
63	131	14.6553
123	131	-3.7143
124	131	20.9559
125	131	-1.5143
126	131	-4.8231
130	131	-5.6071
64	132	14.6553
79	132	8.1089
85	132	6.2802
86	132	7.7607
97	132	4.0138
98	132	4.4715
117	132	-1.8214
122	132	11.8034
127	132	-5.6071
1	4	-2.212
2	4	-2.5034
1	5	-2.0634
2	5	-2.3308
1	6	-1.971
2	6	-1.5064
1	7	-1.8951
2	7	-2.3289
1	8	-2.354
2	8	-2.0481
1	9	-1.3765
2	9	-2.0218
1	13	-1.2137
2	13	-1.3926
3	13	-1.662
4	13	-1.2881
5	13	-1.0584
6	13	-1.5306
7	13	-1.7382
8	13	-1.7118
9	13	-1.2531
10	13	-1.1262
11	13	-1.3762
12	13	8.778
1	14	-1.3255
2	14	-1.5363
3	14	-1.6236
4	14	-1.7664
5	14	-1.7402
6	14	-1.7594
7	14	-1.9267
8	14	-1.8582
9	14	-1.4054
10	14	-1.2583
11	14	-1.4814
12	14	8.7496
13	15	-0.86643
14	15	-0.97142
1	16	-1.7962
2	16	-1.9739
3	16	-1.5948
4	16	-2.2402
5	16	-2.0841
6	16	-1.7662
7	16	-1.8477
8	16	-1.2112
9	16	-2.0175
10	16	-1.9978
11	16	-1.831
12	16	6.7342
15	16	-1.8024
1	17	-1.239
2	17	-1.2265
3	17	-1.1816
4	17	-1.6458
5	17	-1.259
6	17	-1.0413
7	17	-1.4581
8	17	-1.004
9	17	-2.0205
10	17	-1.8864
11	17	-1.6369
12	17	7.8823
15	17	-1.8858
13	18	-2.1831
14	18	-2.454
16	18	-1.953
17	18	-1.4
13	19	-1.2675
14	19	-1.3316
16	19	-1.7846
17	19	-1.9504
13	20	-2.1981
14	20	-2.2081
16	20	-2.5586
17	20	-2.3804
13	21	-2.1791
14	21	-2.1663
16	21	-2.0525
17	21	-1.7307
13	22	-1.8815
14	22	-1.8343
16	22	-2.1198
17	22	-2.1375
18	22	-1.8538
21	22	-1.5205
13	23	-1.5998
14	23	-2.0446
16	23	-1.8214
17	23	-1.3586
22	23	-1.2723
13	24	-1.7297
14	24	-2.18
16	24	-1.8288
17	24	-1.748
22	24	-1.2931
4	25	4.596
5	25	4.0123
6	25	4.2426
7	25	3.3448
8	25	3.559
9	25	2.7265
13	25	4.5121
14	25	4.837
16	25	4.4727
17	25	5.6161
13	26	-1.88
14	26	-2.2768
16	26	-1.9463
17	26	-1.9057
22	26	-0.90655
4	27	4.1849
5	27	3.5955
6	27	4.4597
7	27	3.4926
8	27	3.7274
9	27	2.8466
13	27	4.0917
14	27	4.3732
16	27	3.9471
17	27	4.8883
13	28	-2.0963
14	28	-2.08
16	28	-1.9847
17	28	-1.7244
22	28	-0.4863
13	29	-2.0017
14	29	-1.953
16	29	-1.7635
17	29	-2.1338
18	29	-2.5437
21	29	-2.1913
23	29	-1.7066
24	29	-1.8145
26	29	-1.5103
28	29	-1.2203
13	30	-1.9659
14	30	-2.1003
16	30	-1.7358
17	30	-2.1065
18	30	-2.3785
21	30	-2.1369
23	30	-1.7077
24	30	-1.8392
26	30	-1.5711
28	30	-1.295
13	31	-1.9749
14	31	-2.1385
16	31	-1.73
17	31	-2.0232
18	31	-2.2048
21	31	-2.0051
23	31	-1.6307
24	31	-1.7616
26	31	-1.5287
28	31	-1.2719
13	32	-1.9375
14	32	-2.1594
16	32	-1.6698
17	32	-1.8566
18	32	-2.0242
21	32	-1.8665
23	32	-1.5573
24	32	-1.6843
26	32	-1.4693
28	32	-1.2265
3	33	-1.6271
10	33	-1.818
11	33	-1.1624
12	33	7.1509
13	33	-1.0757
14	33	-1.1524
15	33	-0.87888
16	33	-1.455
17	33	-1.8474
13	34	5.9981
14	34	6.1711
16	34	6.5812
17	34	6.6773
33	34	6.5425
4	35	4.4119
5	35	3.8604
6	35	4.9096
7	35	3.959
8	35	4.2076
9	35	3.3272
13	35	4.5009
14	35	4.7631
16	35	4.4549
17	35	5.3111
4	36	3.4922
5	36	2.9546
6	36	6.5225
7	36	5.2779
8	36	5.6387
9	36	4.5497
13	36	3.3899
14	36	3.5679
16	36	3.1861
17	36	3.7107
3	37	-1.0893
10	37	-1.4364
11	37	-0.60255
12	37	7.207
13	37	-0.10601
14	37	-0.15948
15	37	-1.7751
16	37	-0.80754
17	37	-0.88673
34	37	6.7291
1	38	-0.014289
2	38	0.21765
13	38	4.4164
14	38	4.4807
16	38	4.2693
17	38	4.7653
25	38	-0.642
27	38	-0.7827
35	38	-0.93459
36	38	0.51769
4	39	4.4127
5	39	3.8883
6	39	5.1599
7	39	4.2357
8	39	4.4942
9	39	3.622
13	39	4.791
14	39	5.0327
16	39	4.8094
17	39	5.5826
38	39	4.3985
4	40	3.5131
5	40	2.9915
6	40	6.7229
7	40	5.5399
8	40	5.9014
9	40	4.8426
13	40	3.5922
14	40	3.7705
16	40	3.4522
17	40	3.9826
38	40	1.3201
3	41	-1.7083
10	41	-2.1799
11	41	-1.3913
12	41	7.3121
13	41	-0.80997
14	41	-0.84841
15	41	-1.3488
16	41	-1.2769
17	41	-1.4889
34	41	7.2656
1	42	1.0188
2	42	0.91091
13	42	4.2295
14	42	4.6322
16	42	4.841
17	42	3.7869
25	42	-2.0055
27	42	-2.1585
35	42	-2.0304
36	42	-2.0475
39	42	-1.9776
40	42	-2.0188
1	43	1.0901
2	43	1.0053
13	43	4.3337
14	43	4.8135
16	43	5.0411
17	43	4.5473
25	43	-1.7259
27	43	-1.8849
35	43	-2.3961
36	43	-2.2311
39	43	-2.1144
40	43	-2.0519
1	44	1.1066
2	44	1.035
13	44	3.945
14	44	4.4569
16	44	4.6445
17	44	4.8781
25	44	-1.2635
27	44	-1.5836
35	44	-2.2951
36	44	-2.169
39	44	-2.1442
40	44	-2.0076
1	45	1.4632
2	45	1.4064
13	45	3.593
14	45	4.0878
16	45	4.1983
17	45	4.8266
25	45	-0.36139
27	45	-0.84768
35	45	-1.5926
36	45	-2.1796
39	45	-2.3099
40	45	-2.1812
1	46	-0.37339
2	46	-0.26726
13	46	4.182
14	46	4.2424
16	46	4.0755
17	46	4.5368
25	46	-1.2304
27	46	-1.4642
35	46	-1.5751
36	46	0.30503
39	46	-1.5556
40	46	0.9483
4	47	3.7582
5	47	3.2467
6	47	6.0536
7	47	5.0378
8	47	5.3542
9	47	4.4034
13	47	3.9107
14	47	4.1088
16	47	3.8612
17	47	4.4608
38	47	2.7569
42	47	-1.985
43	47	-1.9658
44	47	-1.9627
45	47	-2.1094
46	47	1.9644
13	48	2.6856
14	48	2.7392
16	48	2.2209
17	48	2.4764
33	48	3.2324
37	48	3.4519
41	48	2.7478
13	49	-1.579
14	49	-1.524
16	49	-1.8653
17	49	-1.7847
22	49	-1.6687
29	49	-1.0936
30	49	-1.3377
31	49	-1.7614
32	49	-1.3547
13	50	2.0538
14	50	2.0831
16	50	1.553
17	50	1.7391
33	50	3.9941
37	50	4.6648
41	50	3.3389
1	51	-0.32349
2	51	-0.2186
13	51	3.9782
14	51	4.0352
16	51	3.9026
17	51	4.334
25	51	-1.3055
27	51	-1.4983
35	51	-1.639
36	51	-0.19546
39	51	-1.6301
40	51	0.2954
47	51	0.83989
13	52	3.5259
14	52	3.6029
16	52	3.1569
17	52	3.4874
33	52	2.9959
37	52	3.1718
41	52	2.6774
13	53	3.2333
14	53	3.297
16	53	2.8359
17	53	3.1255
33	53	3.2721
37	53	3.5158
41	53	2.9173
13	54	-0.75903
14	54	-0.69723
16	54	-1.2454
17	54	-0.882
22	54	-1.9523
29	54	-1.6424
30	54	-1.5943
31	54	-1.7081
32	54	-1.3131
13	55	2.5122
14	55	2.5553
16	55	2.0666
17	55	2.2942
33	55	4.0536
37	55	4.584
41	55	3.6133
13	56	2.1432
14	56	2.1769
16	56	1.6772
17	56	1.878
33	56	4.3888
37	56	5.2178
41	56	3.9235
3	57	-1.2631
10	57	-1.9195
11	57	-1.276
12	57	6.7436
13	57	-0.28669
14	57	-0.3177
15	57	-2.0258
16	57	-0.85843
17	57	-0.90057
34	57	7.5336
48	57	1.6267
50	57	1.7979
52	57	1.7938
53	57	1.9501
55	57	2.3814
56	57	2.48
3	58	-1.2405
10	58	-1.7408
11	58	-1.2941
12	58	6.9067
13	58	-0.41927
14	58	-0.45519
15	58	-1.9473
16	58	-0.979
17	58	-1.0375
34	58	7.7016
48	58	1.5422
50	58	1.7687
52	58	1.6677
53	58	1.8212
55	58	2.2499
56	58	2.3427
13	59	-0.41375
14	59	-0.45186
16	59	-0.86042
17	59	-1.0059
33	59	-0.88886
37	59	-1.7473
41	59	-1.6933
57	59	-1.8583
58	59	-1.7599
13	60	-0.61797
14	60	-0.67905
16	60	-1.0804
17	60	-1.1968
33	60	-1.4673
37	60	-1.7903
41	60	-2.0776
57	60	-1.9617
58	60	-1.8906
1	61	0.37998
2	61	0.47229
3	61	1.2697
4	61	-0.78632
5	61	-1.0015
6	61	2.1297
7	61	1.9726
8	61	2.4535
9	61	1.6178
10	61	1.0077
11	61	1.0696
12	61	5.5638
15	61	1.1235
18	61	4.1604
19	61	1.8896
20	61	2.8713
21	61	3.6807
22	61	3.142
23	61	4.4414
24	61	4.0519
25	61	-1.1408
26	61	3.6325
27	61	-1.5645
28	61	3.2177
29	61	3.1261
30	61	2.9496
31	61	2.7716
32	61	2.6365
33	61	1.1442
34	61	7.5269
35	61	-1.9266
36	61	-1.9614
37	61	0.81473
38	61	-0.42731
39	61	-1.4426
40	61	-1.5848
41	61	0.95291
42	61	-0.82217
43	61	-1.3402
44	61	-1.4511
45	61	-1.4688
46	61	-1.0298
47	61	-1.4222
48	61	-1.9644
49	61	2.2026
50	61	-1.6161
51	61	-1.4189
52	61	-1.2923
53	61	-1.4852
54	61	1.5762
55	61	-2.0535
56	61	-1.7372
57	61	0.38152
58	61	0.38773
59	61	-0.16124
60	61	-0.13087
13	62	3.2835
14	62	3.3468
16	62	2.9196
17	62	3.2081
33	62	3.4303
37	62	3.7481
41	62	3.1446
57	62	2.2324
58	62	2.0707
61	62	-1.2225
13	63	-0.53384
14	63	-0.4737
16	63	-0.96725
17	63	-0.61385
22	63	-1.8757
29	63	-1.5923
30	63	-1.4495
31	63	-1.6815
32	63	-1.012
61	63	1.1506
13	64	-0.71861
14	64	-0.76439
16	64	-1.3525
17	64	-1.2936
19	64	-2.0674
61	64	0.95511
13	65	-0.14936
14	65	-0.18279
16	65	-0.5902
17	65	-0.73093
33	65	-0.4861
37	65	-1.505
41	65	-1.2877
57	65	-1.7915
58	65	-1.8202
61	65	-0.37741
13	66	-0.26358
14	66	-0.30077
16	66	-0.70105
17	66	-0.84039
33	66	-0.70025
37	66	-1.552
41	66	-1.4224
57	66	-1.963
58	66	-1.977
61	66	-0.33935
13	67	-0.56879
14	67	-0.61974
16	67	-1.0057
17	67	-1.1122
33	67	-1.5933
37	67	-1.9331
41	67	-2.1495
57	67	-1.8746
58	67	-1.907
61	67	-0.18703
1	68	0.38648
2	68	0.47177
3	68	1.2708
4	68	-1.0839
5	68	-1.0166
6	68	2.1623
7	68	2.0439
8	68	2.523
9	68	1.7092
10	68	1.0325
11	68	1.1051
12	68	5.2368
15	68	1.1429
18	68	3.6856
19	68	1.9335
20	68	3.4831
21	68	3.2782
22	68	2.9614
23	68	3.8782
24	68	3.5925
25	68	-1.3716
26	68	3.2563
27	68	-1.6771
28	68	2.9034
29	68	2.983
30	68	2.8243
31	68	2.6588
32	68	2.5328
33	68	1.2178
34	68	6.871
35	68	-1.9772
36	68	-2.1838
37	68	0.91856
38	68	-0.50359
39	68	-1.6122
40	68	-1.9138
41	68	1.0589
42	68	-1.6064
43	68	-2.3282
44	68	-2.2013
45	68	-1.9706
46	68	-1.2404
47	68	-1.8843
48	68	-1.6544
49	68	2.3194
50	68	-1.3223
51	68	-1.451
52	68	-1.6447
53	68	-1.8248
54	68	1.7674
55	68	-1.7781
56	68	-1.443
57	68	0.53042
58	68	0.5319
59	68	-0.011376
60	68	0.023662
62	68	-1.6939
63	68	1.396
64	68	1.1638
65	68	-0.21555
66	68	-0.17711
67	68	-0.025746
13	69	0.010576
14	69	-0.028044
16	69	-0.42992
17	69	-0.57712
33	69	-0.32892
37	69	-1.3023
41	69	-1.0158
57	69	-1.7219
58	69	-1.4878
61	69	-0.59488
68	69	-0.41511
1	70	0.35564
2	70	0.43379
3	70	1.1439
4	70	-0.94877
5	70	-0.72172
6	70	2.0573
7	70	1.9875
8	70	2.4616
9	70	1.6776
10	70	0.92759
11	70	1.015
12	70	4.8692
15	70	1.0291
18	70	3.1329
19	70	1.8407
20	70	3.9467
21	70	2.78
22	70	2.7339
23	70	3.285
24	70	3.0633
25	70	-1.5873
26	70	2.7797
27	70	-1.7734
28	70	2.4681
29	70	2.7833
30	70	2.6399
31	70	2.4859
32	70	2.369
33	70	1.2136
34	70	6.205
35	70	-2.0871
36	70	-2.0693
37	70	0.906
38	70	-0.68787
39	70	-1.7374
40	70	-2.008
41	70	1.08
42	70	-1.5565
43	70	-2.1611
44	70	-2.1296
45	70	-1.9754
46	70	-1.4193
47	70	-2.0076
48	70	-1.517
49	70	2.2021
50	70	-1.1403
51	70	-1.1673
52	70	-1.9519
53	70	-1.882
54	70	1.7058
55	70	-1.396
56	70	-1.0865
57	70	0.60719
58	70	0.62293
59	70	0.081452
60	70	0.13826
62	70	-1.7813
63	70	1.3798
64	70	1.2521
65	70	-0.11263
66	70	-0.063193
67	70	0.1026
69	70	-0.28056
13	71	2.9314
14	71	2.956
16	71	2.5939
17	71	2.8397
61	71	-1.2442
64	71	2.5762
68	71	-1.7632
70	71	-1.7529
13	72	2.2247
14	72	2.2354
16	72	1.8303
17	72	2.0424
61	72	-1.9047
64	72	3.013
68	72	-1.629
70	72	-1.3572
13	73	2.0176
14	73	2.0178
16	73	1.6016
17	73	1.788
61	73	-1.9296
64	73	3.1717
68	73	-1.5249
70	73	-1.2644
13	74	-0.17623
14	74	-0.21081
16	74	-0.57127
17	74	-0.68363
33	74	-0.94941
37	74	-1.5112
41	74	-1.4787
57	74	-1.9276
58	74	-1.7911
61	74	-0.52996
68	74	-0.35078
70	74	-0.18112
13	75	7.1547
14	75	7.1916
16	75	7.321
17	75	7.2359
33	75	6.9339
37	75	6.9519
41	75	7.4609
57	75	8.1252
58	75	8.125
61	75	8.146
68	75	8.3644
70	75	8.7558
13	76	6.6264
14	76	6.6795
16	76	6.7798
17	76	6.7417
33	76	6.4391
37	76	6.4451
41	76	6.9723
57	76	7.6524
58	76	7.6563
61	76	7.6286
68	76	7.8428
70	76	8.2744
13	77	2.264
14	77	2.2721
16	77	1.8907
17	77	2.0958
61	77	-2.0631
64	77	3.2853
68	77	-1.8986
70	77	-1.4168
13	78	2.0691
14	78	2.0685
16	78	1.6757
17	78	1.8598
61	78	-1.9837
64	78	3.5518
68	78	-1.7347
70	78	-1.3335
13	79	1.0219
14	79	0.97434
16	79	0.51472
17	79	0.50838
19	79	-0.93831
61	79	-0.87956
68	79	-0.53298
70	79	-0.33117
71	79	0.60837
72	79	0.53378
73	79	0.13032
77	79	1.2214
78	79	1.2791
13	80	-0.54775
14	80	-0.59634
16	80	-1.0205
17	80	-1.0969
61	80	-0.13212
64	80	-1.2946
68	80	0.066183
70	80	0.19127
79	80	-1.4277
13	81	0.012475
14	81	-0.2981
16	81	-0.28614
17	81	-0.56248
22	81	1.9339
29	81	1.9275
30	81	1.8128
31	81	1.7701
32	81	1.7222
61	81	-1.4524
68	81	-1.6451
70	81	-1.2302
13	82	0.23145
14	82	0.14794
16	82	0.17521
17	82	0.10136
22	82	2.2204
29	82	2.2272
30	82	2.0785
31	82	2.0096
32	82	1.9392
61	82	-1.6953
68	82	-2.3009
70	82	-1.7767
13	83	0.61478
14	83	0.50335
16	83	0.48373
17	83	0.36979
22	83	2.6844
29	83	2.7168
30	83	2.5363
31	83	2.4422
32	83	2.3502
61	83	-1.2538
68	83	-1.8771
70	83	-1.7382
13	84	2.2414
14	84	2.2496
16	84	1.8879
17	84	2.092
61	84	-1.774
64	84	3.5029
68	84	-1.8331
70	84	-1.2885
79	84	1.8853
13	85	1.0619
14	85	1.0133
16	85	0.57221
17	85	0.55988
19	85	-0.9343
61	85	-1.0863
68	85	-0.72436
70	85	-0.50382
71	85	0.075082
72	85	-0.2319
73	85	-0.85742
77	85	0.35218
78	85	0.02346
80	85	-1.2632
84	85	1.0635
13	86	0.60496
14	86	0.54864
16	86	0.091698
17	86	0.058392
19	86	-1.4989
61	86	-0.7619
68	86	-0.45645
70	86	-0.25321
71	86	0.24703
72	86	0.2469
73	86	-0.011347
77	86	0.56737
78	86	0.49969
80	86	-1.2903
84	86	0.92603
1	87	2.498
2	87	2.3748
13	87	6.41
14	87	6.8288
16	87	6.1914
17	87	5.5679
25	87	0.24592
27	87	0.47618
35	87	0.18273
36	87	0.63254
39	87	0.29441
40	87	0.74533
47	87	0.75078
61	87	3.5303
68	87	3.7305
70	87	3.7602
13	88	1.1334
14	88	1.1609
16	88	1.2913
17	88	1.3301
61	88	-2.0803
68	88	-1.8305
70	88	-1.7736
13	89	1.1725
14	89	1.1874
16	89	1.3231
17	89	1.3308
61	89	-2.1354
68	89	-2.218
70	89	-2.1199
13	90	-0.0814
14	90	-0.39707
16	90	-0.37815
17	90	-0.47605
22	90	2.151
29	90	2.1646
30	90	2.0294
31	90	1.9696
32	90	1.9056
61	90	-1.9565
68	90	-1.9659
70	90	-1.2274
13	91	0.59123
14	91	0.47657
16	91	0.46097
17	91	0.33545
22	91	2.5143
29	91	2.557
30	91	2.3696
31	91	2.2669
32	91	2.1645
61	91	-1.3283
68	91	-1.9045
70	91	-1.9787
13	92	2.2307
14	92	2.2624
16	92	2.2341
17	92	2.5282
18	92	2.4504
21	92	2.7368
23	92	2.2926
24	92	2.6033
26	92	2.7452
28	92	2.888
49	92	2.6783
54	92	2.2662
61	92	-0.39998
63	92	1.9045
68	92	-1.1607
70	92	-1.9853
81	92	-2.3785
82	92	-2.3464
83	92	-0.69642
90	92	-1.7759
91	92	-1.7471
13	93	2.1765
14	93	2.1996
16	93	2.1448
17	93	2.4209
18	93	2.2601
21	93	2.5317
23	93	2.0789
24	93	2.388
26	93	2.5202
28	93	2.6602
49	93	3.0785
54	93	2.6913
61	93	-0.7607
63	93	2.3397
68	93	-1.4496
70	93	-2.1206
81	93	-2.2492
82	93	-2.4571
83	93	-1.9991
90	93	-1.8397
91	93	-1.8723
13	94	2.8784
14	94	2.8921
16	94	2.5879
17	94	2.8006
61	94	-0.75702
64	94	2.9216
68	94	-1.3627
70	94	-1.5984
79	94	1.52
85	94	1.0035
86	94	0.68352
13	95	2.2037
14	95	2.2102
16	95	1.8654
17	95	2.0643
61	95	-1.6292
64	95	3.6364
68	95	-1.6926
70	95	-1.1365
79	95	2.3772
85	95	1.7127
86	95	1.2322
3	96	0.51524
10	96	-0.079066
11	96	0.24947
12	96	6.5377
13	96	2.4308
14	96	2.4001
15	96	-0.39232
16	96	2.0623
17	96	2.0031
34	96	7.0146
48	96	-1.8984
50	96	-1.297
52	96	-1.0274
53	96	-1.4352
55	96	-1.9042
56	96	-1.324
59	96	0.15049
60	96	-0.0040702
61	96	-1.0159
62	96	-1.2262
65	96	0.19683
66	96	0.0034019
67	96	-0.023098
68	96	-1.4498
69	96	0.021609
70	96	-1.4756
74	96	-0.35507
75	96	8.0964
76	96	7.9029
13	97	1.4098
14	97	1.3654
16	97	0.95732
17	97	0.95355
19	97	-0.62864
61	97	-1.5501
68	97	-1.152
70	97	-0.89881
71	97	-0.75581
72	97	-1.5237
73	97	-1.931
77	97	-1.0839
78	97	-2.0649
80	97	-1.0919
84	97	-0.25262
94	97	0.44308
95	97	0.88714
13	98	1.0901
14	98	1.042
16	98	0.61861
17	98	0.60484
19	98	-0.86225
61	98	-1.2711
68	98	-0.90531
70	98	-0.67281
71	98	-0.50082
72	98	-0.92613
73	98	-1.6013
77	98	-0.51899
78	98	-1.0574
80	98	-1.1545
84	98	0.086078
94	98	0.33282
95	98	0.77598
1	99	2.3407
2	99	2.2257
13	99	6.1882
14	99	6.7004
16	99	6.3158
17	99	5.7744
25	99	0.19935
27	99	0.40648
35	99	0.12086
36	99	0.51804
39	99	0.2245
40	99	0.62275
47	99	0.63312
61	99	4.0926
68	99	4.3211
70	99	4.3823
13	100	1.1184
14	100	1.1561
16	100	1.3031
17	100	1.3583
61	100	-1.9152
68	100	-2.2396
70	100	-2.2719
13	101	1.3925
14	101	1.4066
16	101	1.5635
17	101	1.5596
61	101	-1.3821
68	101	-1.6217
70	101	-1.5655
13	102	1.8849
14	102	1.9093
16	102	1.8601
17	102	2.1337
18	102	2.1295
21	102	2.3814
23	102	1.9865
24	102	2.2692
26	102	2.3727
28	102	2.4836
49	102	3.3521
54	102	2.9803
61	102	-0.95518
63	102	2.6627
68	102	-1.5727
70	102	-1.8246
81	102	-2.2823
82	102	-1.9219
83	102	-0.92957
90	102	-2.4976
91	102	-1.4751
13	103	1.7694
14	103	1.777
16	103	1.6845
17	103	1.919
18	103	1.7445
21	103	1.9673
23	103	1.5802
24	103	1.8534
26	103	1.9285
28	103	2.0221
49	103	4.0197
54	103	3.7053
61	103	-1.4151
63	103	3.4246
68	103	-1.9371
70	103	-1.9381
81	103	-2.4577
82	103	-2.4578
83	103	-2.2301
90	103	-2.2884
91	103	-2.3824
3	104	0.87982
10	104	0.31347
11	104	0.60953
12	104	6.3399
13	104	2.832
14	104	2.8005
15	104	0.04105
16	104	2.4942
17	104	2.4325
34	104	6.7355
48	104	-1.1567
50	104	-0.61623
52	104	-1.3728
53	104	-1.6608
55	104	-1.0269
56	104	-0.59624
59	104	0.25886
60	104	0.14466
61	104	-0.38392
62	104	-1.687
65	104	0.30781
66	104	0.13681
67	104	0.14373
68	104	-0.81767
69	104	0.1608
70	104	-1.185
74	104	-0.14622
75	104	7.6577
76	104	7.5409
13	105	0.40955
14	105	0.37752
16	105	-0.0024181
17	105	-0.093311
61	105	-1.089
64	105	0.44154
68	105	-0.8497
70	105	-0.66227
79	105	-1.7664
85	105	-2.0246
86	105	-1.5418
97	105	-2.2496
98	105	-2.2325
13	106	0.21017
14	106	0.16244
16	106	-0.20736
17	106	-0.29928
61	106	-0.95619
64	106	-0.3565
68	106	-0.73933
70	106	-0.56532
79	106	-2.0759
85	106	-2.1301
86	106	-2.1533
97	106	-2.0706
98	106	-2.2337
1	107	1.4408
2	107	1.2431
3	107	2.0736
4	107	1.2349
5	107	1.3883
6	107	2.398
7	107	2.619
8	107	3.0835
9	107	2.4406
10	107	1.9539
11	107	2.1491
12	107	3.0626
15	107	1.9782
18	107	4.1921
19	107	3.0462
20	107	7.0821
21	107	4.0059
22	107	3.822
23	107	4.2766
24	107	4.212
25	107	0.070208
26	107	4.0711
27	107	-0.0025328
28	107	3.8773
29	107	3.9777
30	107	3.9365
31	107	3.8649
32	107	3.8203
33	107	2.38
34	107	3.1688
35	107	0.16025
36	107	-0.17075
37	107	2.0475
38	107	0.84685
39	107	0.32334
40	107	-0.27987
41	107	2.3694
42	107	1.2165
43	107	0.90487
44	107	0.65656
45	107	0.48144
46	107	0.062638
47	107	-0.54921
48	107	0.2789
49	107	3.4161
50	107	0.68459
51	107	0.001418
52	107	-0.2477
53	107	-0.093712
54	107	3.0492
55	107	0.43582
56	107	0.70658
57	107	2.0969
58	107	2.1206
59	107	1.4075
60	107	1.5029
62	107	-0.021586
63	107	2.8955
64	107	2.3519
65	107	1.2856
66	107	1.3326
67	107	1.4971
69	107	1.2147
71	107	0.74855
72	107	1.1614
73	107	1.2172
74	107	1.2711
75	107	1.1704
76	107	0.60046
77	107	1.1664
78	107	1.2064
79	107	1.2864
80	107	1.5175
81	107	2.6706
82	107	2.2243
83	107	1.8474
84	107	1.2014
85	107	1.2656
86	107	1.423
87	107	-2.3534
88	107	8.5587
89	107	8.9054
90	107	2.4629
91	107	1.8127
92	107	1.5503
93	107	1.4357
94	107	0.88594
95	107	1.2576
96	107	0.36143
97	107	1.068
98	107	1.2363
99	107	-1.6877
100	107	8.328
101	107	8.0886
102	107	1.653
103	107	1.5337
104	107	0.075438
105	107	0.94428
106	107	0.93849
4	108	6.9699
5	108	6.6248
6	108	6.2648
7	108	5.6979
8	108	5.9076
9	108	5.2786
13	108	7.577
14	108	7.7641
16	108	8.1127
17	108	8.6158
38	108	4.834
42	108	4.718
43	108	5.5169
44	108	5.9627
45	108	5.9033
46	108	4.4228
51	108	4.2494
61	108	8.2069
68	108	8.099
70	108	8.1002
87	108	-1.9456
99	108	-1.4867
107	108	-1.6754
13	109	1.6828
14	109	1.6978
16	109	1.8728
17	109	1.8623
61	109	-0.61046
68	109	-0.69666
70	109	-0.47114
107	109	7.5436
13	110	6.9305
14	110	6.9966
16	110	6.996
17	110	7.2483
33	110	4.0653
37	110	4.1423
41	110	4.0187
57	110	3.5612
58	110	3.4331
61	110	6.6998
68	110	6.4773
70	110	6.2718
96	110	2.0625
104	110	1.7076
107	110	-1.2574
13	111	1.4172
14	111	1.4392
16	111	1.3709
17	111	1.6354
18	111	1.7683
21	111	1.9937
23	111	1.6446
24	111	1.9042
26	111	1.9749
28	111	2.0578
49	111	3.6979
54	111	3.3589
61	111	-1.5644
63	111	3.0795
68	111	-2.0767
70	111	-1.3854
81	111	-1.8002
82	111	-1.6446
83	111	-1.1405
90	111	-1.9191
91	111	-1.1593
107	111	1.8524
13	112	1.4568
14	112	1.468
16	112	1.3813
17	112	1.6203
18	112	1.6592
21	112	1.8716
23	112	1.529
24	112	1.7839
26	112	1.8404
28	112	1.9137
49	112	3.9988
54	112	3.6855
61	112	-1.6573
63	112	3.4261
68	112	-2.1088
70	112	-1.5042
81	112	-1.9403
82	112	-1.8736
83	112	-1.6239
90	112	-2.0761
91	112	-1.5651
107	112	1.7543
13	113	0.69009
14	113	0.66095
16	113	0.29618
17	113	0.20636
61	113	-1.3833
64	113	0.91778
68	113	-1.1576
70	113	-0.87463
79	113	-1.1413
85	113	-1.3865
86	113	-0.74916
97	113	-1.8528
98	113	-1.6061
107	113	0.78229
13	114	0.61831
14	114	0.58013
16	114	0.21862
17	114	0.11835
61	114	-1.3804
64	114	0.42776
68	114	-1.1337
70	114	-0.89537
79	114	-1.5527
85	114	-1.7567
86	114	-1.3012
97	114	-2.1036
98	114	-1.9192
107	114	0.72759
13	115	0.56478
14	115	0.51579
16	115	0.15675
17	115	0.047698
61	115	-1.3503
64	115	0.056333
68	115	-1.1197
70	115	-0.91638
79	115	-1.764
85	115	-1.9172
86	115	-1.653
97	115	-2.1511
98	115	-2.0367
107	115	0.70194
13	116	0.73267
14	116	0.88716
16	116	1.0987
17	116	1.377
61	116	-0.79869
68	116	-0.62295
70	116	-0.67692
107	116	-2.3771
13	117	2.1684
14	117	2.1163
16	117	1.7803
17	117	1.7495
19	117	-0.10594
61	117	-0.75868
68	117	-1.243
70	117	-1.6946
71	117	-1.8859
72	117	-1.2959
73	117	-0.67824
77	117	-1.0774
78	117	-0.49291
80	117	-0.4697
84	117	-0.90307
94	117	-1.1706
95	117	-0.71021
105	117	-1.3557
106	117	-1.4003
107	117	0.37685
113	117	-1.6825
114	117	-1.7418
115	117	-1.7063
13	118	8.5037
14	118	8.4721
16	118	8.5364
17	118	8.3152
33	118	7.0214
37	118	7.003
41	118	7.4614
57	118	8.0159
58	118	8.0268
61	118	8.1557
68	118	8.1584
70	118	8.2209
96	118	7.9026
104	118	7.9996
107	118	6.2585
13	119	3.0307
14	119	2.8935
16	119	3.0634
17	119	2.8282
22	119	2.2544
29	119	2.2937
30	119	2.2731
31	119	2.3023
32	119	2.3148
61	119	2.1676
68	119	2.3937
70	119	2.7938
92	119	0.022558
93	119	-0.0056645
102	119	-0.048635
103	119	-0.029636
107	119	-2.3606
111	119	-0.055681
112	119	-0.080792
13	120	6.2951
14	120	6.2995
16	120	6.2882
17	120	6.4298
61	120	5.6106
64	120	2.2853
68	120	5.5023
70	120	5.448
79	120	1.2302
85	120	1.0714
86	120	0.88367
97	120	0.92803
98	120	0.8217
107	120	-1.7404
117	120	-0.05819
13	121	6.1538
14	121	6.1598
16	121	6.1312
17	121	6.2801
61	121	5.3234
64	121	2.3528
68	121	5.1624
70	121	5.0355
79	121	1.2884
85	121	1.1223
86	121	0.92383
97	121	0.97696
98	121	0.86435
107	121	-1.6765
117	121	-0.042686
13	122	4.9041
14	122	4.8642
16	122	4.7148
17	122	4.6969
19	122	2.9296
61	122	3.6409
68	122	3.2464
70	122	2.7811
71	122	3.2965
72	122	3.4289
73	122	3.6256
77	122	3.7722
78	122	3.893
80	122	-0.28479
84	122	4.112
94	122	4.4406
95	122	4.5174
105	122	-0.95921
106	122	-0.80948
107	122	-1.8047
113	122	-1.1697
114	122	-1.0922
115	122	-1.0048
120	122	-1.8242
121	122	-1.7066
13	123	1.8358
14	123	1.8531
16	123	1.6854
17	123	1.9146
22	123	-0.27986
29	123	-0.60899
30	123	-0.84985
31	123	-0.68254
32	123	-0.55254
61	123	-0.6428
68	123	-1.1146
70	123	-1.4696
92	123	-1.0748
93	123	-1.2557
102	123	-1.4818
103	123	-0.63662
107	123	1.0345
111	123	-0.85692
112	123	0.04728
13	124	4.4111
14	124	4.3951
16	124	4.4954
17	124	4.666
22	124	1.7255
29	124	1.5113
30	124	1.3144
31	124	1.3976
32	124	0.77813
61	124	4.2156
68	124	4.3127
70	124	4.6098
92	124	2.543
93	124	2.4309
102	124	2.4915
103	124	2.2611
107	124	-0.93602
111	124	2.6525
112	124	2.5743
13	125	2.2029
14	125	2.2225
16	125	2.119
17	125	2.3633
22	125	0.0025022
29	125	-0.27735
30	125	-0.5112
31	125	-0.37793
32	125	-0.99739
61	125	0.39511
68	125	0.011887
70	125	-0.29321
92	125	0.11986
93	125	0.0015499
102	125	0.069686
103	125	0.33414
107	125	0.80208
111	125	0.71561
112	125	0.87055
13	126	1.561
14	126	1.5854
16	126	1.4382
17	126	1.6842
22	126	-0.22408
29	126	-0.539
30	126	-0.78619
31	126	-0.63711
32	126	-0.6918
61	126	-0.68157
68	126	-1.1334
70	126	-1.4762
92	126	-0.59403
93	126	-0.79999
102	126	-0.89297
103	126	-0.31405
107	126	1.2475
111	126	-0.12021
112	126	0.29493
13	127	2.2012
14	127	2.1478
16	127	1.8357
17	127	1.7974
19	127	-0.032932
61	127	-0.50818
68	127	-0.9448
70	127	-1.3114
71	127	-1.466
72	127	-1.0662
73	127	-0.58629
77	127	-0.8266
78	127	-0.41478
80	127	-0.38158
84	127	-0.60208
94	127	-0.77283
95	127	-0.31819
105	127	-1.0838
106	127	-1.313
107	127	0.36111
113	127	-1.3071
114	127	-1.4981
115	127	-1.5764
120	127	-0.24752
121	127	-0.4239
13	128	1.141
14	128	1.1027
16	128	0.77682
17	128	0.67098
61	128	-1.4037
64	128	1.2727
68	128	-1.5519
70	128	-1.2341
79	128	-0.32762
85	128	-0.44999
86	128	0.088187
97	128	-0.80389
98	128	-0.54967
107	128	0.47433
117	128	-1.7843
122	128	-1.0661
127	128	-1.8607
13	129	1.1402
14	129	1.0961
16	129	0.76983
17	129	0.65559
61	129	-1.3891
64	129	1.0701
68	129	-1.6067
70	129	-1.2949
79	129	-0.52603
85	129	-0.64382
86	129	-0.16865
97	129	-0.96586
98	129	-0.73645
107	129	0.43696
117	129	-1.8386
122	129	-1.0122
127	129	-1.8324
13	130	1.6093
14	130	1.6283
16	130	1.4867
17	130	1.7163
22	130	-0.049105
29	130	-0.37113
30	130	-0.63231
31	130	-0.49261
32	130	-0.42806
61	130	-0.56731
68	130	-0.96717
70	130	-1.2529
92	130	-0.60146
93	130	-0.62584
102	130	-0.76437
103	130	-0.3447
107	130	1.1104
111	130	-0.16741
112	130	0.16805
13	131	1.7479
14	131	1.7595
16	131	1.6035
17	131	1.8119
22	131	-0.010258
29	131	-0.3516
30	131	-0.62216
31	131	-0.47587
32	131	-0.12128
61	131	-0.56964
68	131	-0.95603
70	131	-1.2161
92	131	-0.87659
93	131	-0.86225
102	131	-1.1024
103	131	-0.64493
107	131	0.95006
111	131	-0.59637
112	131	-0.17681
13	132	2.1684
14	132	2.1157
16	132	1.814
17	132	1.7755
19	132	0.013402
61	132	-0.43085
68	132	-0.8429
70	132	-1.1767
71	132	-1.2805
72	132	-0.95062
73	132	-0.5196
77	132	-0.70623
78	132	-0.35129
80	132	-0.36687
84	132	-0.47322
94	132	-0.63362
95	132	-0.18017
105	132	-0.99022
106	132	-1.2891
107	132	0.42607
113	132	-1.1699
114	132	-1.4061
115	132	-1.5292
120	132	-0.13057
121	132	-0.29349
128	132	-1.8067
129	132	-1.754
offset
60
