140
detection	body_part	cost
1	5	-0.27009
2	5	0.19263
3	3	-1.6806
4	4	-0.15312
5	9	0.60973
6	9	0.59562
7	2	-1.5818
8	9	-0.41969
9	10	-1.798
10	11	-2.4812
11	2	-1.0765
12	1	-1.2047
13	14	-2.5674
14	6	-0.72291
15	12	-1.1363
16	13	-2.8622
17	6	-1.3134
18	12	1.0592
19	7	0.89107
20	4	-1.9058
21	3	-1.3508
22	11	9.2102
23	9	0.75089
24	9	0.072513
25	3	-3.6809
26	4	-2.9375
27	4	-4.1019
28	11	-3.9067
29	9	-1.6764
30	11	9.2102
31	10	-3.9356
32	5	-4.487
33	1	-0.33422
34	5	-0.027622
35	5	-2.6549
36	14	-4.4697
37	1	-5.8638
38	12	-1.9307
39	13	-3.5458
40	12	-1.4738
41	8	-0.054395
42	2	-4.4794
43	12	0.38123
44	8	-2.8485
45	6	-1.7521
46	7	-3.6531
47	6	-4.4692
48	7	-0.32949
49	9	0.82156
50	9	-1.0081
51	12	-0.41625
52	3	-0.32935
53	3	-1.0265
54	3	-3.2963
55	12	0.86649
56	3	0.051964
57	1	-1.3453
58	1	0.2019
59	1	-3.8153
60	1	-3.0449
61	1	-0.23007
62	2	-2.8891
63	2	-1.7853
64	1	-0.60599
65	10	0.44174
66	10	-0.045364
67	10	1.0934
68	2	-1.9999
69	2	0.033196
70	4	0.48735
71	4	-0.55769
72	11	-0.28155
73	11	0.012303
74	6	-0.14089
75	6	-1.7217
76	11	-0.083923
77	6	-2.4328
78	13	0.62527
79	11	-0.088407
80	13	-1.0263
81	13	-0.41272
82	14	-0.89659
83	11	0.054828
84	11	-0.082095
85	2	-0.54625
86	7	0.20591
87	2	-1.4103
88	2	-2.4828
89	2	-1.053
90	7	-3.0903
91	7	-1.1664
92	3	-0.54955
93	3	-1.968
94	3	-2.3761
95	3	-1.891
96	7	-3.8157
97	5	0.40687
98	5	1.0649
99	5	-0.083208
100	5	-0.61617
101	5	-1.9747
102	5	-0.60796
103	1	-3.2818
104	4	-0.45471
105	1	-0.088262
106	4	0.49763
107	9	-0.036865
108	9	1.0345
109	8	0.99259
110	9	-2.1666
111	8	0.65629
112	8	-0.26737
113	11	-1.4438
114	6	-1.8865
115	8	-0.92173
116	13	0.52797
117	11	0.58903
118	11	-0.22034
119	14	-1.2137
120	6	-2.9044
121	6	-1.8489
122	8	-2.0826
123	14	-1.2244
124	14	-1.5477
125	6	-1.2948
126	8	-0.75438
127	13	-0.03244
128	8	-1.4366
129	13	-1.0578
130	13	-0.36367
131	13	0.027501
132	13	-0.31504
133	8	0.91172
134	12	-1.0293
135	12	-0.94009
136	12	0.61399
137	11	9.2102
138	14	1.199
139	7	-0.57401
140	7	0.1501
detection1	detection2	cost
1	2	-4.8231
5	6	-5.6071
5	8	-4.8231
6	8	-5.6071
7	11	-5.6071
14	17	-4.8231
15	18	-1.5143
4	20	15.9133
3	21	17.7539
10	22	42.7945
5	23	11.523
6	23	11.8034
8	23	9.9513
5	24	11.4286
6	24	11.523
8	24	9.6406
23	24	-5.6071
3	25	20.0604
21	25	-4.8231
4	26	19.269
20	26	-3.2674
4	27	19.6016
20	27	-3.7143
26	27	-5.6071
10	28	11.8034
22	28	36.0768
5	29	15.2143
6	29	15.293
8	29	13.4073
23	29	-3.2674
24	29	-3.7143
10	30	24.7342
22	30	15.5276
28	30	13.4073
9	31	13.3214
1	32	30.8274
2	32	29.785
12	33	13.6628
1	34	31.5222
2	34	30.2149
32	34	-3.2674
1	35	33.2734
2	35	32.295
32	35	-4.8231
34	35	-1.8214
13	36	11.4286
12	37	15.293
33	37	-4.8231
15	38	9.6406
18	38	8.1089
16	39	9.6406
15	40	11.523
18	40	9.9513
38	40	-5.6071
7	42	22.7857
11	42	20.8929
15	43	13.3214
18	43	12.262
38	43	-3.2674
40	43	-4.8231
41	44	-4.8231
14	45	16.443
17	45	14.0819
19	46	10.4572
14	47	18.8644
17	47	16.443
45	47	-4.8231
19	48	14.0819
46	48	-3.7143
5	49	42.1852
6	49	40.9808
8	49	39.5176
23	49	31.4763
24	49	29.833
29	49	28.0636
5	50	41.3489
6	50	40.2736
8	50	38.7105
23	50	29.2526
24	50	27.7092
29	50	25.6115
49	50	-3.2674
15	51	36.6486
18	51	38.3212
38	51	24.7342
40	51	23.5452
43	51	20.8929
3	52	49.5689
21	52	24.6786
25	52	22.8448
3	53	55.1647
21	53	30.8274
25	53	28.2144
52	53	13.3214
3	54	56.1293
21	54	31.4763
25	54	28.9098
52	54	11.523
53	54	-4.8231
15	55	40.8698
18	55	42.4729
38	55	28.663
40	55	27.4026
43	55	24.7342
51	55	-3.2674
3	56	59.6364
21	56	34.8256
25	56	32.295
52	56	12.262
53	56	-1.5143
54	56	-3.7143
12	57	48.7787
33	57	28.0636
37	57	27.2482
12	58	48.9694
33	58	27.8615
37	58	26.624
57	58	-1.5143
12	59	49.9756
33	59	29.0571
37	59	28.0636
57	59	-4.8231
58	59	-3.7143
12	60	50.5648
33	60	29.785
37	60	28.9098
57	60	-5.6071
58	60	-1.8214
59	60	-5.6071
12	61	52.9826
33	61	32.295
37	61	31.4763
57	61	-3.2674
58	61	0.30445
59	61	-3.2674
60	61	-4.8231
7	62	55.6772
11	62	53.8064
42	62	26.0415
7	63	55.9884
11	63	54.127
42	63	26.624
62	63	-5.6071
12	64	54.156
33	64	33.2734
37	64	32.295
57	64	-1.8214
58	64	-0.67521
59	64	-3.2674
60	64	-3.7143
61	64	-4.8231
9	65	55.0789
31	65	34.3146
9	66	54.993
31	66	34.1859
65	66	-5.6071
9	67	54.9643
31	67	34.1429
65	67	-3.7143
66	67	-5.6071
7	68	57.8516
11	68	55.9884
42	68	28.4144
62	68	-4.8231
63	68	-5.6071
7	69	58.207
11	69	56.3541
42	69	29.0571
62	69	-3.2674
63	69	-4.8231
68	69	-5.6071
4	70	67.3816
20	70	43.9913
26	70	41.0177
27	70	40.3859
4	71	67.9298
20	71	44.5794
26	71	41.7143
27	71	41.0177
70	71	-5.6071
10	72	56.9684
22	72	62.151
28	72	38.5552
30	72	44.4761
10	73	57.1072
22	73	63.5515
28	73	38.904
30	73	45.5338
72	73	-5.6071
14	74	53.6601
17	74	51.2091
45	74	29.785
47	74	27.2998
14	75	54.388
17	75	51.9068
45	75	30.593
47	75	28.0636
74	75	-5.6071
10	76	58.8581
22	76	63.4506
28	76	40.4233
30	76	46.0715
72	76	-5.6071
73	76	-4.8231
14	77	56.885
17	77	54.388
45	77	33.1414
47	77	30.593
74	77	-3.2674
75	77	-4.8231
16	78	51.9369
39	78	34.8256
10	79	60.8791
22	79	66.127
28	79	42.6161
30	79	48.6831
72	79	-3.2674
73	79	-3.7143
76	79	-4.8231
16	80	53.1896
39	80	36.0768
78	80	-1.5143
16	81	55.2219
39	81	38.086
78	81	-2.1462
80	81	-4.8231
13	82	58.9929
36	82	40.1609
10	83	64.6524
22	83	68.8035
28	83	46.3384
30	83	51.9068
72	83	0.30445
73	83	0.071429
76	83	-1.5143
79	83	-3.7143
10	84	66.5395
22	84	70.1764
28	84	48.2028
30	84	53.5428
72	84	2.1517
73	84	1.9643
76	84	0.30445
79	84	-1.8214
83	84	-5.6071
7	85	70.1071
11	85	68.2143
42	85	39.8214
62	85	10.3572
63	85	11.4286
68	85	9.9513
69	85	11.2383
19	86	57.7693
46	86	39.8214
48	86	36.2
7	87	72
11	87	70.1071
42	87	41.7143
62	87	11.9882
63	87	12.9744
68	87	11.4286
69	87	12.6213
85	87	-5.6071
7	88	72.0225
11	88	70.1302
42	88	41.7507
62	88	11.1425
63	88	11.9882
68	88	10.3572
69	88	11.4286
85	88	-4.8231
87	88	-5.6071
7	89	73.8929
11	89	72
42	89	43.6071
62	89	13.6628
63	89	14.5743
68	89	12.9744
69	89	14.0819
85	89	-3.7143
87	89	-5.6071
88	89	-4.8231
19	90	61.9449
46	90	43.9913
48	90	40.3859
86	90	-3.2674
19	91	62.5357
46	91	44.5794
48	91	41.0177
86	91	-2.1462
90	91	-5.6071
3	92	83.436
21	92	59.4226
25	92	57.8516
52	92	27.8615
53	92	38.086
54	92	35.414
56	92	32.6536
3	93	83.3769
21	93	59.1812
25	93	57.5493
52	93	27.4026
53	93	36.8511
54	93	34.1859
56	93	31.3382
92	93	-5.6071
3	94	83.3571
21	94	58.9929
25	94	57.301
52	94	27.0414
53	94	35.6638
54	94	33.0089
56	94	30.0721
92	94	-3.7143
93	94	-5.6071
3	95	83.3769
21	95	58.8581
25	95	57.1072
52	95	26.7811
53	95	34.5282
54	95	31.8878
56	95	28.8606
92	95	-1.8214
93	95	-3.7143
94	95	-5.6071
19	96	63.7529
46	96	45.8033
48	96	42.1852
86	96	-1.5143
90	96	-5.6071
91	96	-4.8231
1	97	93.6749
2	97	92.4636
32	97	55.4215
34	97	54.7632
35	97	53.101
1	98	96.055
2	98	94.8719
32	98	57.7693
34	98	57.1903
35	98	55.4215
97	98	-4.8231
1	99	97.8558
2	99	96.6588
32	99	59.583
34	99	58.966
35	99	57.2457
97	99	-3.2674
98	99	-5.6071
1	100	98.0936
2	100	96.7619
32	100	60.062
34	100	59.0737
35	100	57.8516
97	100	-0.67521
98	100	-0.67521
99	100	-1.5143
1	101	98.5845
2	101	97.2932
32	101	60.4586
34	101	59.583
35	101	58.207
97	101	-1.5143
98	101	-2.1462
99	101	-3.2674
100	101	-5.6071
1	102	99.6598
2	102	98.4493
32	102	61.401
34	102	60.7479
35	102	59.0737
97	102	-1.5143
98	102	-3.7143
99	102	-5.6071
100	102	-1.8214
101	102	-3.7143
12	103	79.6537
33	103	59.1812
37	103	57.1072
57	103	33.4488
58	103	28.9098
59	103	30.8274
60	103	31.8878
61	103	31.5222
64	103	28.8606
4	104	90.9468
20	104	68.5919
26	104	64.6524
27	104	64.826
70	104	27.4026
71	104	28.663
12	105	81.4643
33	105	60.7479
37	105	58.777
57	105	33.1414
58	105	29.0571
59	105	30.593
60	105	31.4763
61	105	30.8274
64	105	28.2144
103	105	-3.2674
4	106	92.982
20	106	70.9338
26	106	66.9256
27	106	67.1899
70	106	31.3382
71	106	32.6536
104	106	-3.2674
5	107	89.2026
6	107	89.3322
8	107	87.4452
23	107	70.1994
24	107	70.3146
29	107	66.5395
49	107	62.3308
50	107	58.723
5	108	89.0543
6	108	89.0357
8	108	87.1429
23	108	70.1994
24	108	70.1302
29	108	66.3457
49	108	58.5333
50	108	55.1647
107	108	0.071429
41	109	61.401
44	109	59.0737
5	110	91.0013
6	110	91.0922
8	110	89.2026
23	110	72.0225
24	110	72.0901
29	110	68.3089
49	110	62.9438
50	110	59.4226
107	110	-4.8231
108	110	-1.5143
41	111	62.3051
44	111	60.062
109	111	-3.2674
41	112	63.223
44	112	60.9052
109	112	-5.6071
111	112	-3.7143
10	113	89.0543
22	113	86.0002
28	113	70.3146
30	113	72.7178
72	113	24.7342
73	113	24.9005
76	113	22.8448
79	113	21.1441
83	113	17.3966
84	113	15.5276
14	114	81.4643
17	114	79.592
45	114	59.1812
47	114	57.5493
74	114	31.8878
75	114	33.0089
77	114	32.7427
41	115	64.1541
44	115	61.9191
109	115	-2.1462
111	115	-5.6071
112	115	-3.2674
16	116	81.5448
39	116	64.6524
78	116	25.5573
80	116	21.885
81	116	20.6393
10	117	90.9468
22	117	85.7124
28	117	72.0225
30	117	73.3629
72	117	27.0414
73	117	27.4026
76	117	25.1758
79	117	23.7178
83	117	20.0604
84	117	18.2456
113	117	-3.2674
10	118	91.0013
22	118	88.6079
28	118	72.3597
30	118	75.1379
72	118	26.5714
73	118	26.624
76	118	24.6786
79	118	22.8448
83	118	19.0675
84	118	17.1798
113	118	-4.8231
117	118	-1.8214
13	119	85.5585
36	119	66.7087
82	119	19.0675
14	120	83.3571
17	120	81.4844
45	120	61.0622
47	120	59.4226
74	120	33.4488
75	120	34.5282
77	120	34.1859
114	120	-5.6071
14	121	83.3769
17	121	81.4643
45	121	60.8791
47	121	59.1812
74	121	32.4299
75	121	33.4488
77	121	33.0089
114	121	-4.8231
120	121	-5.6071
41	122	66.4184
44	122	64.1541
109	122	-1.5143
111	122	-3.2674
112	122	-3.2674
115	122	-4.8231
13	123	87.3131
36	123	68.4269
82	123	20.8929
119	123	-4.8231
13	124	87.4452
36	124	68.5919
82	124	20.9559
119	124	-5.6071
123	124	-5.6071
14	125	85.2693
17	125	83.3571
45	125	62.7655
47	125	61.0622
74	125	34.0567
75	125	35.0367
77	125	34.5282
114	125	-3.2674
120	125	-4.8231
121	125	-5.6071
41	126	67.8585
44	126	65.6388
109	126	0.96511
111	126	-1.8214
112	126	-0.67521
115	126	-3.7143
122	126	-4.8231
16	127	85.2693
39	127	68.2143
78	127	27.4026
80	127	24.7342
81	127	23.0214
116	127	-0.67521
41	128	68.2616
44	128	66.0053
109	128	0.30445
111	128	-1.5143
112	128	-1.5143
115	128	-3.2674
122	128	-5.6071
126	128	-5.6071
16	129	85.2693
39	129	68.3089
78	129	28.4144
80	129	25.1758
81	129	23.7178
116	129	-3.2674
127	129	-3.7143
16	130	85.3272
39	130	68.4269
78	130	29.0571
80	130	25.5573
81	130	24.2301
116	130	-3.7143
127	130	-1.8214
129	130	-5.6071
16	131	87.1618
39	131	70.1071
78	131	29.2526
80	131	26.624
81	131	24.9005
116	131	0.53071
127	131	-5.6071
129	131	-3.2674
130	131	-1.5143
16	132	87.1618
39	132	70.1994
78	132	30.2149
80	132	27.0414
81	132	25.5573
116	132	-1.5143
127	132	-3.2674
129	132	-5.6071
130	132	-4.8231
131	132	-3.7143
41	133	71.9549
44	133	70.5445
109	133	30.2149
111	133	26.0415
112	133	29.6887
115	133	25.5573
122	133	27.0414
126	133	24.9005
128	133	26.7811
15	134	89.2026
18	134	87.1429
38	134	72.0901
40	134	70.1994
43	134	68.4269
51	134	57.6869
55	134	55.1933
15	135	91.0922
18	135	89.0357
38	135	73.9808
40	135	72.0901
43	135	70.3146
51	135	59.3958
55	135	56.8571
134	135	-5.6071
15	136	90.9468
18	136	89.1099
38	136	73.8929
40	136	72
43	136	70.1302
51	136	57.879
55	136	55.1647
134	136	-3.2674
135	136	-3.7143
10	137	101.4503
22	137	88.8871
28	137	82.1863
30	137	80.0843
72	137	39.9726
73	137	40.7586
76	137	38.243
79	137	37.3731
83	137	34.0567
84	137	32.4299
113	137	12.9744
117	137	8.783
118	137	13.6628
13	138	97.2248
36	138	78.4324
82	138	34.0136
119	138	14.5743
123	138	11.9882
124	138	13.6628
19	139	91.0922
46	139	74.6814
48	139	70.9338
86	139	36.0768
90	139	34.1859
91	139	35.414
96	139	32.7427
19	140	91.0013
46	140	74.4413
48	140	70.6821
86	140	35.0367
90	140	33.0089
91	140	34.1859
96	140	31.5222
139	140	-5.6071
1	4	-1.5428
2	4	-0.35346
3	4	-1.8244
5	9	-1.8128
6	9	-1.7706
8	9	-2.2035
9	10	-2.2099
1	12	-1.3796
2	12	-1.2069
3	12	-1.9391
4	12	-1.8465
5	12	-1.7135
6	12	-1.7536
7	12	-2.1389
8	12	-1.8201
9	12	-1.9258
10	12	-1.758
11	12	-2.0837
12	13	-1.3708
12	14	-1.668
12	15	-1.5898
12	16	-1.5877
13	16	-1.8841
15	16	-2.0812
12	17	-1.9227
12	18	-1.2639
16	18	-1.7976
12	19	-1.9978
14	19	-2.2661
17	19	-2.1533
1	20	3.7596
2	20	4.2975
3	20	2.2782
12	20	2.8935
4	21	2.4214
12	21	4.7435
20	21	-1.9218
9	22	6.6633
12	22	3.0318
9	23	0.99594
12	23	2.3139
9	24	1.1392
12	24	2.2283
4	25	2.6244
12	25	4.947
20	25	-2.1165
1	26	2.6581
2	26	3.1441
3	26	2.2558
12	26	3.1588
21	26	-1.9822
25	26	-2.2732
1	27	3.0282
2	27	3.5168
3	27	2.1938
12	27	3.0357
21	27	-1.946
25	27	-2.3611
9	28	1.4963
12	28	0.71308
9	29	1.415
12	29	2.3487
9	30	4.0671
12	30	1.9995
5	31	1.7513
6	31	1.8878
8	31	1.8111
10	31	0.89067
12	31	1.4452
22	31	6.7231
23	31	-1.6822
24	31	-1.6386
28	31	-2.1963
29	31	-2.1514
30	31	5.9615
4	32	2.6586
12	32	2.5348
20	32	-1.6395
26	32	-2.3988
27	32	-2.4742
1	33	2.1427
2	33	2.3565
3	33	-0.20573
4	33	1.7255
5	33	1.9933
6	33	1.8347
7	33	3.1285
8	33	1.7239
9	33	1.0088
10	33	0.42391
11	33	3.2973
13	33	0.41591
14	33	4.6032
15	33	2.032
16	33	0.94048
17	33	4.7401
18	33	2.5578
19	33	4.0004
20	33	-1.9379
21	33	-1.5474
22	33	2.284
23	33	-1.7522
24	33	-1.713
25	33	-2.2395
26	33	-1.8494
27	33	-1.994
28	33	-1.6951
29	33	-1.7715
30	33	-0.794
31	33	-1.6426
32	33	-1.9367
4	34	2.2931
12	34	2.7556
20	34	-1.9516
26	34	-1.5999
27	34	-1.8589
33	34	-1.7731
4	35	2.4307
12	35	2.4755
20	35	-1.9108
26	35	-2.0479
27	35	-2.2587
33	35	-1.7628
12	36	0.54381
16	36	1.2849
33	36	-1.5843
1	37	2.021
2	37	2.2231
3	37	-0.18232
4	37	1.5799
5	37	1.9272
6	37	1.7821
7	37	3.3096
8	37	1.6833
9	37	1.084
10	37	0.53987
11	37	3.5033
13	37	0.47681
14	37	4.9098
15	37	2.0214
16	37	0.98983
17	37	4.8707
18	37	2.5198
19	37	3.8285
20	37	-1.9084
21	37	-1.8904
22	37	2.2342
23	37	-1.5868
24	37	-1.8943
25	37	-2.4765
26	37	-1.6528
27	37	-1.8093
28	37	-1.7913
29	37	-1.9778
30	37	-1.0771
31	37	-1.887
32	37	-2.092
34	37	-1.8701
35	37	-1.919
36	37	-1.7667
12	38	2.1078
16	38	1.0181
33	38	-1.5273
37	38	-1.9623
12	39	1.335
13	39	0.84815
15	39	1.2253
18	39	0.69148
33	39	-1.4191
36	39	-2.3666
37	39	-1.6918
38	39	-2.2472
12	40	2.0289
16	40	0.92074
33	40	-1.6051
37	40	-2.123
39	40	-2.2747
12	41	1.2798
19	41	1.0031
33	41	-1.5147
37	41	-1.9225
12	42	3.4975
33	42	-2.186
37	42	-2.3708
12	43	1.8636
16	43	1.0848
33	43	-1.5875
37	43	-2.0015
39	43	-2.2686
12	44	1.183
19	44	0.74839
33	44	-1.7023
37	44	-2.1392
12	45	-0.02343
19	45	2.7109
33	45	-1.6927
37	45	-2.251
12	46	1.3026
14	46	0.56832
17	46	0.5849
33	46	-1.5656
37	46	-2.1109
41	46	-1.5968
44	46	-2.5966
45	46	-2.0985
12	47	0.28204
19	47	2.6955
33	47	-1.9798
37	47	-2.5278
46	47	-2.5129
12	48	0.83109
14	48	0.6124
17	48	0.64369
33	48	-1.9153
37	48	-1.9224
41	48	-1.7246
44	48	-1.9251
45	48	-2.0152
47	48	-1.6594
9	49	6.5011
12	49	4.1645
31	49	5.4045
33	49	2.5337
37	49	2.4268
9	50	6.9547
12	50	4.3128
31	50	5.8143
33	50	2.6528
37	50	2.529
12	51	4.2302
16	51	6.3085
33	51	2.3145
37	51	2.2048
39	51	5.2604
4	52	4.9375
12	52	7.1125
20	52	2.7051
26	52	3.0667
27	52	2.8769
33	52	5.7145
37	52	5.2326
4	53	8.1519
12	53	7.1433
20	53	6.5603
26	53	7.0629
27	53	6.8205
33	53	4.31
37	53	3.922
4	54	7.8466
12	54	7.2928
20	54	6.1707
26	54	6.6425
27	54	6.4123
33	54	4.4956
37	54	4.1044
12	55	4.1491
16	55	6.3494
33	55	2.2735
37	55	2.1662
39	55	5.2822
4	56	8.0726
12	56	7.204
20	56	6.3763
26	56	6.822
27	56	6.6092
33	56	4.4449
37	56	4.0606
1	57	8.5251
2	57	8.6959
3	57	2.9956
4	57	7.0591
5	57	5.2846
6	57	5.1661
7	57	5.2254
8	57	5.155
9	57	5.9972
10	57	4.636
11	57	5.4526
13	57	4.7595
14	57	7.266
15	57	6.1279
16	57	6.469
17	57	7.3154
18	57	6.6619
19	57	9.5955
20	57	5.6622
21	57	2.1506
22	57	6.6626
23	57	4.1698
24	57	3.9477
25	57	2.0096
26	57	6.1207
27	57	5.9185
28	57	3.0653
29	57	4.1716
30	57	3.9622
31	57	4.2543
32	57	6.7568
34	57	7.1921
35	57	6.6122
36	57	3.1883
38	57	4.9553
39	57	4.7824
40	57	5.0765
41	57	7.4792
42	57	3.5038
43	57	4.9091
44	57	7.2506
45	57	5.6636
46	57	7.6167
47	57	5.7115
48	57	7.9287
49	57	-1.4922
50	57	-1.6475
51	57	-1.5249
52	57	1.9645
53	57	-2.2922
54	57	-2.3247
55	57	-1.7511
56	57	-1.6433
1	58	7.6711
2	58	7.8289
3	58	3.0201
4	58	6.1676
5	58	5.1969
6	58	5.0826
7	58	5.456
8	58	5.0683
9	58	5.466
10	58	4.2673
11	58	5.6977
13	58	4.3323
14	58	6.8331
15	58	5.946
16	58	5.7229
17	58	6.8332
18	58	6.4563
19	58	8.6486
20	58	4.6385
21	58	2.0737
22	58	6.1152
23	58	3.9031
24	58	3.6853
25	58	1.9179
26	58	5.0801
27	58	4.8849
28	58	2.6909
29	58	3.8896
30	58	3.4759
31	58	3.6716
32	58	5.8145
34	58	6.1834
35	58	5.6903
36	58	2.7809
38	58	4.5745
39	58	3.9951
40	58	4.6848
41	58	6.531
42	58	3.8896
43	58	4.5263
44	58	6.3281
45	58	5.4135
46	58	6.4184
47	58	5.1992
48	58	6.6554
49	58	-1.1212
50	58	-1.2792
51	58	-1.4305
52	58	1.3623
53	58	-1.8697
54	58	-1.9383
55	58	-1.5842
56	58	-1.6688
1	59	8.3096
2	59	8.4736
3	59	2.965
4	59	6.7241
5	59	5.2441
6	59	5.1283
7	59	5.2045
8	59	5.1171
9	59	5.7379
10	59	4.5046
11	59	5.4375
13	59	4.6482
14	59	7.3557
15	59	6.0997
16	59	6.1848
17	59	7.3542
18	59	6.6198
19	59	9.2978
20	59	5.2842
21	59	2.0793
22	59	6.4398
23	59	4.0753
24	59	3.8581
25	59	1.9336
26	59	5.7299
27	59	5.5359
28	59	2.9564
29	59	4.0781
30	59	3.8097
31	59	4.0057
32	59	6.5351
34	59	6.937
35	59	6.4042
36	59	3.1125
38	59	4.8679
39	59	4.5163
40	59	4.9871
41	59	7.2372
42	59	3.5489
43	59	4.8315
44	59	7.0278
45	59	5.9948
46	59	7.2331
47	59	5.9451
48	59	7.5133
49	59	-1.4868
50	59	-1.6604
51	59	-1.3481
52	59	1.6151
53	59	-2.3438
54	59	-2.5855
55	59	-1.557
56	59	-2.1152
1	60	8.5273
2	60	8.6939
3	60	2.9006
4	60	6.9372
5	60	5.2945
6	60	5.1797
7	60	5.1466
8	60	5.1693
9	60	5.7826
10	60	4.5174
11	60	5.3759
13	60	4.7154
14	60	7.5661
15	60	6.1732
16	60	6.3535
17	60	7.6171
18	60	6.6931
19	60	9.6134
20	60	5.5455
21	60	2.0415
22	60	6.4829
23	60	4.1746
24	60	3.96
25	60	1.9013
26	60	5.9936
27	60	5.8008
28	60	2.9871
29	60	4.1849
30	60	3.8704
31	60	4.0892
32	60	6.8065
34	60	7.2237
35	60	6.6744
36	60	3.1931
38	60	5.0054
39	60	4.7227
40	60	5.1289
41	60	7.5331
42	60	3.4653
43	60	4.9776
44	60	7.3234
45	60	5.9863
46	60	7.6397
47	60	6.0392
48	60	7.9465
49	60	-1.5941
50	60	-1.6871
51	60	-1.2368
52	60	1.6343
53	60	-2.1001
54	60	-2.2005
55	60	-1.4703
56	60	-1.801
1	61	8.9211
2	61	9.087
3	61	2.7534
4	61	7.2868
5	61	5.166
6	61	5.0541
7	61	4.8267
8	61	5.0463
9	61	5.7765
10	61	4.674
11	61	5.0535
13	61	4.845
14	61	7.4488
15	61	6.0735
16	61	6.5239
17	61	7.4945
18	61	6.5796
19	61	10.1886
20	61	5.9398
21	61	1.9039
22	61	6.5735
23	61	4.1089
24	61	3.902
25	61	1.7698
26	61	6.381
27	61	6.1966
28	61	3.1923
29	61	4.1391
30	61	4.0642
31	61	4.1584
32	61	7.2886
34	61	7.7049
35	61	7.166
36	61	3.381
38	61	4.9775
39	61	4.9737
40	61	5.1085
41	61	8.0931
42	61	3.1323
43	61	4.9785
44	61	7.8994
45	61	5.8742
46	61	8.3018
47	61	5.917
48	61	8.63
49	61	-1.5121
50	61	-1.5433
51	61	-1.0188
52	61	1.3479
53	61	-1.5682
54	61	-1.5907
55	61	-1.2515
56	61	-1.0781
12	62	6.0653
33	62	3.5363
37	62	3.7856
57	62	-1.954
58	62	-1.8645
59	62	-1.9553
60	62	-1.8563
61	62	-1.9813
12	63	6.1508
33	63	3.6974
37	63	3.9506
57	63	-2.0342
58	63	-1.9932
59	63	-2.0457
60	63	-1.9358
61	63	-1.9952
1	64	8.5091
2	64	8.668
3	64	2.8695
4	64	6.8625
5	64	5.1339
6	64	5.0246
7	64	4.8586
8	64	5.0163
9	64	5.3766
10	64	4.345
11	64	5.0911
13	64	4.5374
14	64	7.3115
15	64	5.9795
16	64	6.0063
17	64	7.3126
18	64	6.4764
19	64	9.6904
20	64	5.4776
21	64	1.9842
22	64	6.1879
23	64	4.0229
24	64	3.8198
25	64	1.8466
26	64	5.9079
27	64	5.7307
28	64	2.8809
29	64	4.0519
30	64	3.7243
31	64	3.7632
32	64	6.8739
34	64	7.2592
35	64	6.7634
36	64	3.1035
38	64	4.8336
39	64	4.4672
40	64	4.9632
41	64	7.7801
42	64	3.2306
43	64	4.8404
44	64	7.6002
45	64	5.9437
46	64	7.7281
47	64	5.9048
48	64	8.0279
49	64	-1.3932
50	64	-1.4426
51	64	-0.94654
52	64	1.1785
53	64	-1.7993
54	64	-1.8299
55	64	-1.1547
56	64	-1.3499
62	64	-1.7584
63	64	-1.7258
5	65	4.3591
6	65	4.3008
8	65	4.3539
10	65	5.0613
12	65	4.8804
22	65	6.8508
23	65	3.3811
24	65	3.3264
28	65	3.8323
29	65	3.3943
30	65	4.9899
33	65	3.4174
37	65	3.2082
49	65	-1.6202
50	65	-1.6615
57	65	-0.72091
58	65	-1.3229
59	65	-1.2239
60	65	-1.1831
61	65	-1.6507
64	65	-1.0234
5	66	4.414
6	66	4.3562
8	66	4.4092
10	66	5.0013
12	66	4.9582
22	66	6.8336
23	66	3.4327
24	66	3.3783
28	66	3.8029
29	66	3.4434
30	66	4.9903
33	66	3.483
37	66	3.2818
49	66	-1.5484
50	66	-1.5702
57	66	-0.64317
58	66	-1.1667
59	66	-1.1072
60	66	-1.09
61	66	-1.5351
64	66	-1.3332
5	67	4.3648
6	67	4.3053
8	67	4.3591
10	67	4.9009
12	67	5.0011
22	67	6.7697
23	67	3.3973
24	67	3.3405
28	67	3.7367
29	67	3.4074
30	67	4.9508
33	67	3.5136
37	67	3.3188
49	67	-1.619
50	67	-1.6243
57	67	-0.59266
58	67	-1.0735
59	67	-1.0309
60	67	-1.0323
61	67	-1.4618
64	67	-1.5812
12	68	6.0768
33	68	3.634
37	68	3.8787
57	68	-2.4378
58	68	-2.3558
59	68	-2.5285
60	68	-2.3674
61	68	-2.2091
64	68	-2.1816
12	69	6.0776
33	69	3.7053
37	69	3.9515
57	69	-2.4673
58	69	-2.0111
59	69	-2.2813
60	69	-2.3927
61	69	-2.0215
64	69	-2.0159
1	70	8.4587
2	70	8.6927
3	70	3.7934
12	70	5.6896
21	70	1.7643
25	70	1.8201
32	70	7.6729
33	70	3.6621
34	70	8.3489
35	70	7.6228
37	70	3.5046
52	70	0.40584
53	70	-1.6201
54	70	-2.0797
56	70	-1.7738
57	70	-1.5606
58	70	-1.8491
59	70	-2.1589
60	70	-1.9655
61	70	-1.8857
64	70	-1.3841
1	71	8.3193
2	71	8.5539
3	71	3.9923
12	71	5.7016
21	71	1.954
25	71	2.001
32	71	7.9839
33	71	3.6553
34	71	8.1796
35	71	7.9896
37	71	3.502
52	71	0.24882
53	71	-1.7435
54	71	-2.2161
56	71	-1.9128
57	71	-1.7061
58	71	-1.9611
59	71	-2.2666
60	71	-2.0609
61	71	-1.8487
64	71	-1.4665
9	72	4.1288
12	72	3.9447
31	72	2.9126
33	72	2.5592
37	72	2.3791
57	72	-0.78767
58	72	-1.306
59	72	-1.1493
60	72	-1.1305
61	72	-1.1933
64	72	-1.4353
65	72	-1.5044
66	72	-1.6131
67	72	-1.747
9	73	4.1438
12	73	3.8849
31	73	2.9135
33	73	2.4956
37	73	2.3187
57	73	-0.80629
58	73	-1.3627
59	73	-1.1776
60	73	-1.1358
61	73	-1.1906
64	73	-1.4464
65	73	-1.5533
66	73	-1.7434
67	73	-1.8768
12	74	2.6492
19	74	7.4474
33	74	0.53404
37	74	0.5132
46	74	5.6348
48	74	5.9268
57	74	-1.8443
58	74	-1.2622
59	74	-1.9992
60	74	-1.8083
61	74	-1.0733
64	74	-1.3549
12	75	2.8189
19	75	7.6568
33	75	0.49337
37	75	0.201
46	75	5.8819
48	75	6.1922
57	75	-1.7946
58	75	-1.7019
59	75	-2.2956
60	75	-1.9145
61	75	-1.405
64	75	-2.1037
9	76	4.0921
12	76	4.0113
31	76	2.8883
33	76	2.6459
37	76	2.468
57	76	-0.77083
58	76	-1.275
59	76	-1.1432
60	76	-1.0967
61	76	-1.151
64	76	-1.2894
65	76	-1.5911
66	76	-1.7453
67	76	-1.9075
12	77	3.1608
19	77	7.8154
33	77	0.84276
37	77	0.52962
46	77	6.0731
48	77	6.397
57	77	-1.6374
58	77	-1.8878
59	77	-2.1503
60	77	-1.8782
61	77	-1.6588
64	77	-2.1346
12	78	3.0614
13	78	4.5125
15	78	3.8506
18	78	3.9221
33	78	1.5249
36	78	3.6112
37	78	1.3636
38	78	3.1755
40	78	3.3467
43	78	3.3943
51	78	-1.2705
55	78	-1.2158
57	78	-1.2414
58	78	-0.32957
59	78	-0.63215
60	78	-0.88287
61	78	-0.7439
64	78	-0.17662
9	79	4.1505
12	79	3.9904
31	79	2.9494
33	79	2.6374
37	79	2.4637
57	79	-0.78809
58	79	-1.2668
59	79	-1.1676
60	79	-1.0491
61	79	-1.1177
64	79	-1.2017
65	79	-1.7886
66	79	-1.92
67	79	-2.0525
12	80	3.3142
13	80	4.794
15	80	3.9062
18	80	3.9774
33	80	1.7463
36	80	3.9545
37	80	1.6109
38	80	3.2007
40	80	3.3777
43	80	3.4277
51	80	-1.814
55	80	-2.0306
57	80	-1.4258
58	80	-0.79838
59	80	-1.0089
60	80	-1.1736
61	80	-1.0112
64	80	-0.7083
12	81	3.1165
13	81	4.7334
15	81	3.9392
18	81	4.0134
33	81	1.5808
36	81	3.8872
37	81	1.4395
38	81	3.2497
40	81	3.4242
43	81	3.472
51	81	-1.7351
55	81	-2.032
57	81	-1.5285
58	81	-0.74016
59	81	-1.0656
60	81	-1.2782
61	81	-1.2032
64	81	-0.66194
12	82	3.2285
16	82	4.2342
33	82	2.0016
37	82	1.8894
39	82	3.1906
57	82	-0.84274
58	82	-1.4758
59	82	-1.1957
60	82	-1.1141
61	82	-1.1917
64	82	-1.6302
78	82	-0.60174
80	82	-0.4633
81	82	-0.52996
9	83	4.3805
12	83	4.1115
31	83	3.2156
33	83	2.7941
37	83	2.6242
57	83	-0.7055
58	83	-0.98918
59	83	-0.95647
60	83	-0.80766
61	83	-0.88588
64	83	-0.93056
65	83	-1.5803
66	83	-1.6741
67	83	-1.7778
9	84	4.5092
12	84	4.1736
31	84	3.3609
33	84	2.8734
37	84	2.7044
57	84	-0.5922
58	84	-0.8426
59	84	-0.80627
60	84	-0.65669
61	84	-0.73381
64	84	-0.76483
65	84	-1.4425
66	84	-1.5195
67	84	-1.5092
12	85	8.7354
33	85	6.0052
37	85	6.1929
57	85	1.2369
58	85	1.4626
59	85	1.4203
60	85	1.3159
61	85	1.5684
64	85	1.5879
12	86	2.7547
14	86	3.0293
17	86	3.0455
33	86	1.1894
37	86	1.1127
41	86	5.8677
44	86	6.056
45	86	2.3034
47	86	2.7056
57	86	-1.7565
58	86	-1.6694
59	86	-2.1589
60	86	-1.9471
61	86	-1.7283
64	86	-2.0668
74	86	-2.1158
75	86	-2.2221
77	86	-2.1975
12	87	8.8131
33	87	6.1044
37	87	6.2888
57	87	1.5047
58	87	1.7481
59	87	1.6983
60	87	1.5909
61	87	1.8402
64	87	1.8733
12	88	9.5623
33	88	6.8689
37	88	7.0626
57	88	2.1599
58	88	2.4525
59	88	2.3587
60	88	2.2328
61	88	2.4495
64	88	2.4841
12	89	8.6499
33	89	5.9699
37	89	6.1494
57	89	1.5635
58	89	1.8154
59	89	1.7654
60	89	1.6583
61	89	1.9094
64	89	1.9549
12	90	2.9832
14	90	3.1778
17	90	3.1925
33	90	1.4356
37	90	1.372
41	90	6.2076
44	90	6.404
45	90	2.4633
47	90	2.8627
57	90	-1.5972
58	90	-1.7747
59	90	-1.9694
60	90	-1.8027
61	90	-1.7709
64	90	-2.2153
74	90	-2.5628
75	90	-2.621
77	90	-2.5657
12	91	3.0884
14	91	3.214
17	91	3.228
33	91	1.5249
37	91	1.4645
41	91	6.183
44	91	6.4279
45	91	2.4855
47	91	2.8888
57	91	-1.648
58	91	-1.8954
59	91	-2.0279
60	91	-1.8582
61	91	-1.7057
64	91	-2.1889
74	91	-2.3444
75	91	-2.4226
77	91	-2.269
4	92	7.7327
12	92	9.4325
20	92	5.8087
26	92	6.1453
27	92	6.0335
33	92	8.4206
37	92	8.0586
57	92	6.2444
58	92	5.978
59	92	6.2294
60	92	5.9068
61	92	5.3298
64	92	5.3974
70	92	3.3427
71	92	3.2039
4	93	7.8559
12	93	9.4886
20	93	5.9346
26	93	6.2708
27	93	6.1563
33	93	8.3922
37	93	8.0344
57	93	6.2914
58	93	5.9011
59	93	6.2859
60	93	5.9496
61	93	5.3592
64	93	5.4348
70	93	3.3646
71	93	3.2212
4	94	8.2054
12	94	9.4722
20	94	6.2857
26	94	6.6213
27	94	6.5042
33	94	8.3895
37	94	7.9958
57	94	6.4597
58	94	5.9324
59	94	6.4647
60	94	6.1149
61	94	5.5129
64	94	5.5977
70	94	3.6094
71	94	3.4608
4	95	8.2756
12	95	9.3246
20	95	6.3658
26	95	6.7004
27	95	6.5821
33	95	8.1512
37	95	7.759
57	95	6.6313
58	95	5.9575
59	95	6.5248
60	95	6.2833
61	95	5.6686
64	95	5.7642
70	95	3.6294
71	95	3.4772
12	96	3.0049
14	96	3.2589
17	96	3.2732
33	96	1.4725
37	96	1.4126
41	96	6.1732
44	96	6.3698
45	96	2.5566
47	96	2.9527
57	96	-1.4865
58	96	-1.6943
59	96	-1.836
60	96	-1.677
61	96	-1.7856
64	96	-2.1011
74	96	-2.4367
75	96	-2.5542
77	96	-2.3861
4	97	5.3838
12	97	5.898
20	97	1.5095
26	97	1.9782
27	97	1.8852
33	97	3.6401
37	97	3.515
57	97	-0.71649
58	97	-1.3525
59	97	-1.021
60	97	-0.85614
61	97	-0.69348
64	97	-1.1712
70	97	-1.9019
71	97	-1.7584
4	98	5.8302
12	98	6.416
20	98	1.9572
26	98	2.4329
27	98	2.3341
33	98	4.1791
37	98	4.0638
57	98	-0.2008
58	98	-0.71796
59	98	-0.47301
60	98	-0.33374
61	98	-0.21326
64	98	-0.64389
70	98	-1.4475
71	98	-1.3313
4	99	5.8512
12	99	6.2195
20	99	1.982
26	99	2.4608
27	99	2.3615
33	99	3.9857
37	99	3.8689
57	99	-0.49481
58	99	-0.99556
59	99	-0.77509
60	99	-0.62745
61	99	-0.5079
64	99	-0.93425
70	99	-1.4908
71	99	-1.386
4	100	5.3962
12	100	5.7991
20	100	1.5554
26	100	2.0935
27	100	1.948
33	100	3.6041
37	100	3.4828
57	100	-1.2014
58	100	-1.6017
59	100	-1.4965
60	100	-1.3344
61	100	-1.1811
64	100	-1.6412
70	100	-2.1415
71	100	-2.0392
4	101	5.4202
12	101	5.5416
20	101	1.5688
26	101	2.0496
27	101	1.9571
33	101	3.3215
37	101	3.1984
57	101	-1.4442
58	101	-1.9124
59	101	-1.7498
60	101	-1.583
61	101	-1.4333
64	101	-1.8839
70	101	-2.0843
71	101	-1.9796
4	102	5.8326
12	102	6.0977
20	102	1.9669
26	102	2.448
27	102	2.3486
33	102	3.87
37	102	3.7534
57	102	-0.69873
58	102	-1.1716
59	102	-0.98155
60	102	-0.83085
61	102	-0.72199
64	102	-1.1338
70	102	-1.562
71	102	-1.4665
1	103	7.2401
2	103	7.3366
3	103	4.2423
4	103	7.0947
5	103	7.0781
6	103	7.0235
7	103	3.4967
8	103	7.015
9	103	6.445
10	103	5.5272
11	103	3.7869
13	103	5.8123
14	103	9.9108
15	103	8.5926
16	103	6.976
17	103	9.9982
18	103	8.8873
19	103	10.7469
20	103	5.6211
21	103	2.8366
22	103	6.2536
23	103	5.5662
24	103	5.4441
25	103	2.7543
26	103	5.9824
27	103	5.8836
28	103	4.2002
29	103	5.6545
30	103	4.503
31	103	4.8969
32	103	5.9663
34	103	6.1423
35	103	5.9653
36	103	4.6162
38	103	7.0827
39	103	5.5204
40	103	7.2069
41	103	7.3814
42	103	2.687
43	103	7.1944
44	103	7.3374
45	103	8.2892
46	103	8.6035
47	103	8.0593
48	103	8.8773
49	103	2.3742
50	103	2.2969
51	103	3.6517
52	103	0.050722
53	103	0.64134
54	103	0.53245
55	103	3.7033
56	103	1.0145
62	103	2.4108
63	103	2.7457
65	103	2.3712
66	103	2.1316
67	103	1.9312
68	103	2.925
69	103	3.3745
70	103	3.0056
71	103	2.9187
72	103	1.0458
73	103	1.0402
74	103	5.2112
75	103	4.9136
76	103	0.96403
77	103	4.6118
78	103	4.2798
79	103	0.90548
80	103	3.6575
81	103	3.8031
82	103	1.7746
83	103	0.74863
84	103	0.64697
85	103	-1.6322
86	103	4.9645
87	103	-1.4904
88	103	-2.1147
89	103	-1.1894
90	103	4.4944
91	103	4.3959
92	103	-1.6274
93	103	-2.1309
94	103	-2.2691
95	103	-2.0848
96	103	4.3356
97	103	1.8553
98	103	1.3392
99	103	1.4694
100	103	1.7595
101	103	1.9905
102	103	1.536
1	104	6.0001
2	104	6.3431
3	104	7.5739
12	104	9.4044
21	104	6.0237
25	104	6.1532
32	104	5.3582
33	104	7.9372
34	104	5.8213
35	104	5.4043
37	104	7.8614
52	104	3.806
53	104	4.0604
54	104	4.0501
56	104	3.8957
57	104	5.5039
58	104	5.4909
59	104	5.5408
60	104	5.6144
61	104	5.5794
64	104	5.7269
92	104	-2.0615
93	104	-1.9856
94	104	-1.9612
95	104	-1.6307
97	104	1.3374
98	104	0.98316
99	104	0.90812
100	104	1.0159
101	104	1.0367
102	104	0.84924
103	104	-1.8993
1	105	7.0572
2	105	7.1541
3	105	4.1692
4	105	7.0079
5	105	7.5663
6	105	7.5121
7	105	4.2046
8	105	7.5034
9	105	6.634
10	105	5.7294
11	105	4.4885
13	105	5.8283
14	105	9.2364
15	105	9.0932
16	105	6.9975
17	105	9.3146
18	105	9.3882
19	105	11.5212
20	105	5.5688
21	105	3.0496
22	105	6.4585
23	105	6.0958
24	105	5.9756
25	105	3.0088
26	105	5.9244
27	105	5.8277
28	105	4.4206
29	105	6.184
30	105	4.7286
31	105	5.1194
32	105	5.8103
34	105	5.9896
35	105	5.8094
36	105	4.6533
38	105	7.6224
39	105	5.5741
40	105	7.7451
41	105	7.6547
42	105	3.3209
43	105	7.7314
44	105	7.6091
45	105	7.618
46	105	9.3988
47	105	7.4806
48	105	9.6695
49	105	2.9037
50	105	2.8416
51	105	4.2005
52	105	0.21851
53	105	1.0975
54	105	0.99514
55	105	4.2419
56	105	1.45
62	105	2.5972
63	105	2.8992
65	105	2.6483
66	105	2.4099
67	105	2.2099
68	105	3.0281
69	105	3.4497
70	105	2.9875
71	105	2.8936
72	105	1.276
73	105	1.2679
74	105	6.0861
75	105	5.8439
76	105	1.1893
77	105	5.5194
78	105	4.3533
79	105	1.124
80	105	3.7211
81	105	3.864
82	105	1.8102
83	105	0.95651
84	105	0.85197
85	105	-2.3188
86	105	5.6421
87	105	-2.0961
88	105	-2.1559
89	105	-1.7491
90	105	5.1358
91	105	5.0277
92	105	-1.1354
93	105	-1.525
94	105	-1.7121
95	105	-1.616
96	105	4.9627
97	105	1.683
98	105	1.1548
99	105	1.2838
100	105	1.5756
101	105	1.8038
102	105	1.3624
104	105	-1.9777
1	106	5.9901
2	106	6.3353
3	106	7.4945
12	106	9.5494
21	106	5.9904
25	106	6.1315
32	106	5.3721
33	106	8.1259
34	106	5.8304
35	106	5.4232
37	106	8.0586
52	106	3.8921
53	106	4.1344
54	106	4.1369
56	106	3.9931
57	106	5.7764
58	106	5.8209
59	106	5.838
60	106	5.8949
61	106	5.8471
64	106	6.0238
92	106	-1.6845
93	106	-1.4269
94	106	-1.2659
95	106	-0.7892
97	106	1.5557
98	106	1.2157
99	106	1.1504
100	106	1.2742
101	106	1.2904
102	106	1.1003
103	106	-1.2092
105	106	-1.691
9	107	7.0591
12	107	7.2739
31	107	5.8063
33	107	6.5907
37	107	6.5062
57	107	6.6122
58	107	5.7934
59	107	6.3963
60	107	6.6319
61	107	7.1708
64	107	6.9088
65	107	5.5847
66	107	5.5379
67	107	5.506
103	107	-1.9599
105	107	-1.4361
9	108	7.5212
12	108	7.3747
31	108	6.31
33	108	6.6011
37	108	6.5154
57	108	6.157
58	108	5.353
59	108	5.9114
60	108	6.1362
61	108	6.6067
64	108	6.3101
65	108	5.8021
66	108	5.7455
67	108	5.7775
103	108	-1.5508
105	108	-1.4917
12	109	3.6044
19	109	4.4642
33	109	2.2902
37	109	2.2143
46	109	3.8486
48	109	4.3311
57	109	-1.177
58	109	-1.6886
59	109	-1.4615
60	109	-1.2911
61	109	-1.1517
64	109	-1.4337
86	109	-1.1759
90	109	-1.0023
91	109	-0.98825
96	109	-1.1572
103	109	2.5383
105	109	2.6733
9	110	7.0006
12	110	7.2159
31	110	5.7652
33	110	6.5118
37	110	6.4279
57	110	6.4016
58	110	5.5953
59	110	6.176
60	110	6.4103
61	110	6.9226
64	110	6.66
65	110	5.4638
66	110	5.4143
67	110	5.4518
103	110	-1.879
105	110	-1.7535
12	111	3.7427
19	111	4.3779
33	111	2.4802
37	111	2.4065
46	111	3.7835
48	111	4.2599
57	111	-1.0969
58	111	-1.5557
59	111	-1.3866
60	111	-1.2101
61	111	-1.0842
64	111	-1.3677
86	111	-1.8618
90	111	-1.7106
91	111	-1.7206
96	111	-1.9064
103	111	2.2355
105	111	2.3672
12	112	3.9873
19	112	4.7141
33	112	2.6957
37	112	2.6258
46	112	4.1025
48	112	4.5842
57	112	-0.80915
58	112	-1.2683
59	112	-1.082
60	112	-0.92627
61	112	-0.85976
64	112	-1.1201
86	112	-1.093
90	112	-0.95158
91	112	-0.93339
96	112	-1.13
103	112	2.1275
105	112	2.2477
9	113	6.0384
12	113	5.538
31	113	5.0347
33	113	4.456
37	113	4.2967
57	113	1.7906
58	113	1.6026
59	113	1.6975
60	113	1.858
61	113	1.8499
64	113	1.9301
65	113	0.9814
66	113	1.1795
67	113	1.4232
103	113	-1.2719
105	113	-1.1977
12	114	4.6204
19	114	8.8328
33	114	2.7542
37	114	2.9212
46	114	7.0569
48	114	7.2702
57	114	1.6493
58	114	1.8503
59	114	1.8177
60	114	1.7147
61	114	1.6634
64	114	2.0845
86	114	4.7827
90	114	4.4488
91	114	4.3305
96	114	4.3313
103	114	-1.9292
105	114	-1.6333
12	115	3.9072
19	115	4.533
33	115	2.6599
37	115	2.5896
46	115	3.9424
48	115	4.4179
57	115	-0.91716
58	115	-1.3112
59	115	-1.1922
60	115	-1.0281
61	115	-1.0078
64	115	-1.2627
86	115	-1.8451
90	115	-1.7213
91	115	-1.7107
96	115	-1.9381
103	115	1.9793
105	115	2.099
12	116	5.1461
13	116	5.1178
15	116	5.334
18	116	5.2272
33	116	3.8415
36	116	4.4082
37	116	3.7731
38	116	4.3928
40	116	4.5398
43	116	4.6295
51	116	1.2226
55	116	1.4243
57	116	0.94831
58	116	0.7857
59	116	0.85283
60	116	0.96653
61	116	1.0546
64	116	1.1386
82	116	1.5653
103	116	-0.11526
105	116	-0.038925
9	117	6.0575
12	117	5.6445
31	117	5.0758
33	117	4.5942
37	117	4.4317
57	117	2.0553
58	117	1.8647
59	117	1.9731
60	117	2.1366
61	117	2.1388
64	117	2.2282
65	117	1.1243
66	117	1.3357
67	117	1.5939
103	117	-1.2786
105	117	-1.1787
9	118	6.1585
12	118	5.8371
31	118	5.1527
33	118	4.7702
37	118	4.6157
57	118	2.1362
58	118	1.9645
59	118	2.0501
60	118	2.2066
61	118	2.2
64	118	2.2903
65	118	1.1267
66	118	1.3149
67	118	1.5472
103	118	-1.5085
105	118	-1.5746
12	119	4.8885
16	119	5.5225
33	119	3.926
37	119	3.8441
39	119	4.6137
57	119	1.485
58	119	1.2967
59	119	1.3446
60	119	1.471
61	119	1.5036
64	119	1.5334
78	119	-0.082777
80	119	-0.036369
81	119	-0.13635
103	119	-1.2012
105	119	-1.164
116	119	-1.8944
12	120	4.5873
19	120	8.8238
33	120	2.7171
37	120	2.8849
46	120	7.0521
48	120	7.2673
57	120	1.7323
58	120	1.9395
59	120	1.8981
60	120	1.7927
61	120	1.7333
64	120	2.1519
86	120	4.8203
90	120	4.4896
91	120	4.3671
96	120	4.3749
103	120	-2.082
105	120	-1.6872
12	121	4.4594
19	121	9.0198
33	121	2.7668
37	121	2.8438
46	121	7.2544
48	121	7.4747
57	121	1.8564
58	121	2.0632
59	121	2.0162
60	121	1.9101
61	121	1.8427
64	121	2.2562
86	121	5.049
90	121	4.7185
91	121	4.5936
96	121	4.604
103	121	-1.8029
105	121	-1.5236
12	122	4.3544
19	122	4.8689
33	122	3.1111
37	122	3.0472
46	122	4.2733
48	122	4.7509
57	122	-0.44943
58	122	-0.82436
59	122	-0.71335
60	122	-0.56058
61	122	-0.60515
64	122	-0.81476
86	122	-1.3896
90	122	-1.3337
91	122	-1.3012
96	122	-1.5628
103	122	1.5308
105	122	1.6324
12	123	4.9659
16	123	5.5025
33	123	4.0205
37	123	3.9391
39	123	4.609
57	123	1.6256
58	123	1.4479
59	123	1.4964
60	123	1.6213
61	123	1.6589
64	123	1.6986
78	123	0.069943
80	123	0.14715
81	123	0.051081
103	123	-1.3308
105	123	-1.3044
116	123	-1.5065
12	124	5.0533
16	124	5.515
33	124	4.1064
37	124	4.0268
39	124	4.6135
57	124	1.7057
58	124	1.5293
59	124	1.5739
60	124	1.6978
61	124	1.733
64	124	1.772
78	124	0.015139
80	124	0.062929
81	124	-0.026524
103	124	-1.5095
105	124	-1.4395
116	124	-1.5138
12	125	4.5295
19	125	9.0482
33	125	2.8322
37	125	2.9104
46	125	7.2857
48	125	7.5075
57	125	1.8796
58	125	2.0888
59	125	2.0368
60	125	1.9297
61	125	1.8569
64	125	2.2682
86	125	5.1161
90	125	4.7881
91	125	4.6586
96	125	4.6762
103	125	-1.8772
105	125	-1.5623
12	126	4.3524
19	126	4.8702
33	126	3.1346
37	126	3.0728
46	126	4.2852
48	126	4.76
57	126	-0.42158
58	126	-0.73143
59	126	-0.65054
60	126	-0.52347
61	126	-0.66654
64	126	-0.85547
86	126	-1.6723
90	126	-1.7119
91	126	-1.675
96	126	-1.9982
103	126	1.3948
105	126	1.4784
12	127	5.5561
13	127	5.3498
15	127	5.8489
18	127	5.7326
33	127	4.3174
36	127	4.6166
37	127	4.2549
38	127	4.9356
40	127	5.0794
43	127	5.1736
51	127	1.4346
55	127	1.6438
57	127	1.6147
58	127	1.5234
59	127	1.5752
60	127	1.6777
61	127	1.7681
64	127	1.9129
82	127	1.7264
103	127	-0.7113
105	127	-0.73266
119	127	-1.6649
123	127	-1.9231
124	127	-1.9572
12	128	4.2872
19	128	4.8986
33	128	3.0503
37	128	2.9879
46	128	4.3054
48	128	4.783
57	128	-0.53816
58	128	-0.86589
59	128	-0.79186
60	128	-0.64973
61	128	-0.72167
64	128	-0.92052
86	128	-1.4483
90	128	-1.4528
91	128	-1.4068
96	128	-1.6957
103	128	1.5174
105	128	1.6013
12	129	5.3652
13	129	5.1841
15	129	5.6997
18	129	5.5885
33	129	4.0991
36	129	4.4685
37	129	4.0343
38	129	4.7725
40	129	4.9183
43	129	5.0103
51	129	1.4958
55	129	1.7029
57	129	1.3291
58	129	1.206
59	129	1.2651
60	129	1.3725
61	129	1.4658
64	129	1.5858
82	129	1.6549
103	129	-0.59497
105	129	-0.48479
119	129	-1.9884
123	129	-2.2837
124	129	-2.3366
12	130	5.2823
13	130	5.0355
15	130	5.5611
18	130	5.4534
33	130	4.0055
36	130	4.329
37	130	3.9392
38	130	4.6283
40	130	4.7752
43	130	4.8659
51	130	1.4624
55	130	1.6694
57	130	1.2234
58	130	1.0832
59	130	1.1483
60	130	1.2584
61	130	1.3546
64	130	1.4633
82	130	1.557
103	130	-0.51338
105	130	-0.36967
119	130	-2.2611
123	130	-1.9215
124	130	-1.9328
12	131	5.6135
13	131	5.2895
15	131	5.9384
18	131	5.8252
33	131	4.3838
36	131	4.5576
37	131	4.3232
38	131	5.0299
40	131	5.1738
43	131	5.267
51	131	1.5183
55	131	1.7276
57	131	1.7033
58	131	1.6237
59	131	1.6704
60	131	1.7698
61	131	1.8606
64	131	2.014
82	131	1.6977
103	131	-0.86454
105	131	-0.76701
119	131	-1.5953
123	131	-1.7953
124	131	-1.8679
12	132	5.3608
13	132	5.0964
15	132	5.6924
18	132	5.5852
33	132	4.1026
36	132	4.3815
37	132	4.0389
38	132	4.7714
40	132	4.9174
43	132	5.0081
51	132	1.4751
55	132	1.6823
57	132	1.3612
58	132	1.246
59	132	1.3035
60	132	1.4094
61	132	1.5048
64	132	1.6327
82	132	1.5914
103	132	-0.6994
105	132	-0.48078
119	132	-1.9263
123	132	-2.1588
124	132	-2.2711
12	133	5.0952
19	133	8.2539
33	133	4.3086
37	133	4.2767
46	133	7.9496
48	133	8.3992
57	133	2.3339
58	133	2.0795
59	133	2.2578
60	133	2.3478
61	133	2.4203
64	133	2.3294
86	133	4.3631
90	133	4.2005
91	133	4.1364
96	133	4.3143
103	133	-1.2505
105	133	-1.6336
12	134	6.7264
16	134	6.2489
33	134	5.5822
37	134	5.5455
39	134	5.0007
57	134	5.2587
58	134	4.6333
59	134	5.0578
60	134	5.2501
61	134	5.6709
64	134	5.5385
78	134	5.4341
80	134	5.3951
81	134	5.4024
103	134	-1.9039
105	134	-1.7635
116	134	-0.95855
127	134	-1.2563
129	134	-1.0986
130	134	-0.93752
131	134	-1.0543
132	134	-0.84367
12	135	6.7335
16	135	6.2454
33	135	5.5925
37	135	5.557
39	135	4.9992
57	135	5.2564
58	135	4.6415
59	135	5.0584
60	135	5.2473
61	135	5.6642
64	135	5.5358
78	135	5.405
80	135	5.3588
81	135	5.3661
103	135	-1.8753
105	135	-1.9564
116	135	-0.7995
127	135	-1.2557
129	135	-1.0395
130	135	-0.86287
131	135	-1.0531
132	135	-0.79484
12	136	7.0876
16	136	6.3553
33	136	5.9143
37	136	5.8804
39	136	5.1265
57	136	5.3959
58	136	4.7965
59	136	5.1955
60	136	5.3745
61	136	5.7739
64	136	5.6338
78	136	5.3891
80	136	5.3296
81	136	5.3382
103	136	-1.6884
105	136	-1.3682
116	136	-0.64723
127	136	-1.3538
129	136	-1.1751
130	136	-0.9838
131	136	-1.177
132	136	-0.90701
9	137	5.4219
12	137	5.9442
31	137	4.5225
33	137	4.9925
37	137	4.8335
57	137	2.7785
58	137	2.6174
59	137	2.7376
60	137	2.8964
61	137	2.9214
64	137	3.0505
65	137	0.97833
66	137	1.2247
67	137	1.5193
103	137	-0.88492
105	137	-0.95259
12	138	5.3481
16	138	5.2648
33	138	4.5224
37	138	4.4435
39	138	4.4636
57	138	2.5117
58	138	2.3805
59	138	2.447
60	138	2.5608
61	138	2.6312
64	138	2.7219
78	138	0.92069
80	138	1.1453
81	138	1.0866
103	138	-1.3947
105	138	-1.3551
116	138	2.1714
127	138	0.5436
129	138	1.8534
130	138	2.4954
131	138	0.41971
132	138	1.9848
12	139	5.1803
14	139	5.9253
17	139	5.9549
33	139	4.0971
37	139	4.1093
41	139	5.645
44	139	5.8471
45	139	5.4742
47	139	5.821
57	139	2.6656
58	139	2.5764
59	139	2.616
60	139	2.6423
61	139	2.5226
64	139	2.5878
74	139	2.9671
75	139	2.935
77	139	3.0483
103	139	-2.1426
105	139	-1.7621
109	139	1.9637
111	139	2.0541
112	139	1.6587
114	139	-2.1625
115	139	1.7793
120	139	-2.3406
121	139	-2.0181
122	139	1.3326
125	139	-1.9823
126	139	1.2672
128	139	1.2246
133	139	1.0423
12	140	5.2703
14	140	5.9097
17	140	5.9387
33	140	4.163
37	140	4.1745
41	140	5.7975
44	140	6.0587
45	140	5.4472
47	140	5.7961
57	140	2.6454
58	140	2.5524
59	140	2.5902
60	140	2.6173
61	140	2.4907
64	140	2.5518
74	140	2.8572
75	140	2.8235
77	140	2.9363
103	140	-1.9539
105	140	-1.7015
109	140	4.2109
111	140	4.2976
112	140	4.0158
114	140	-1.8597
115	140	4.1482
120	140	-1.8871
121	140	-1.6998
122	140	3.8854
125	140	-1.6112
126	140	3.9085
128	140	3.9144
133	140	0.70705
offset
60
