154
detection	body_part	cost
1	3	-4.5112
2	4	-4.3015
3	4	-3.692
4	2	-4.1464
5	1	-6.1212
6	9	-1.518
7	3	-2.7853
8	10	-1.8762
9	10	-2.6141
10	10	-0.90393
11	12	-1.3441
12	12	-1.2176
13	2	-1.9229
14	4	-1.3901
15	6	-2.44
16	12	-1.3058
17	8	-1.2733
18	2	-1.7382
19	1	-3.1723
20	10	-0.85603
21	6	-4.4144
22	13	-0.55004
23	7	-5.2324
24	8	-3.301
25	5	-1.9661
26	8	-1.1966
27	11	-3.7058
28	5	-1.7188
29	8	-1.6511
30	5	-1.981
31	12	-1.7566
32	11	-2.6635
33	12	-1.5638
34	7	-2.9545
35	14	-1.9327
36	10	-0.84874
37	10	-3.7943
38	14	-0.92897
39	3	-5.3024
40	4	-5.1478
41	3	-3.0016
42	2	-6.018
43	5	-1.3972
44	5	-3.4809
45	1	-6.5241
46	5	-2.1547
47	3	-2.8602
48	3	-2.6805
49	3	-2.155
50	4	-1.1941
51	9	-1.817
52	6	-4.3221
53	4	-1.8996
54	9	-1.4965
55	4	-1.0351
56	10	-0.50054
57	8	-4.851
58	2	-2.6438
59	10	-1.7831
60	10	-1.169
61	10	-2.3699
62	14	-0.83614
63	7	-5.7184
64	7	-3.2446
65	12	-1.5655
66	12	-1.3706
67	6	-4.6959
68	8	-4.5265
69	7	-4.4584
70	8	-2.1745
71	11	-1.0903
72	4	-4.1675
73	5	-2.4069
74	7	-3.0907
75	13	-1.1668
76	11	-0.75684
77	11	-2.0317
78	5	-3.7692
79	5	-2.2246
80	13	-3.3992
81	3	-4.494
82	9	-1.2593
83	13	-2.1468
84	9	-1.414
85	2	-5.6738
86	1	-6.2258
87	8	-1.7647
88	8	-3.5455
89	8	-1.281
90	6	-2.678
91	6	-4.5385
92	7	-4.6788
93	7	-2.8908
94	5	-1.4502
95	5	-2.1324
96	4	-1.005
97	11	-0.83993
98	9	-2.2143
99	9	-1.8664
100	11	-0.69453
101	2	-2.8361
102	3	-2.5176
103	1	-3.4952
104	9	-1.8677
105	9	-1.797
106	2	-4.3836
107	13	-1.6212
108	13	-1.724
109	14	-0.46064
110	6	-2.9664
111	13	-0.81592
112	13	-0.73956
113	14	-0.76394
114	14	-0.74065
115	10	-0.53592
116	1	-3.825
117	1	-3.0865
118	8	-1.5822
119	14	-0.31583
120	1	-5.7271
121	7	-2.8434
122	7	-3.1464
123	3	-3.3809
124	3	-3.9504
125	6	-4.3156
126	6	-2.5306
127	4	-1.4985
128	9	-1.8442
129	4	-0.941
130	9	-1.8764
131	2	-3.4149
132	11	-1.0382
133	11	-1.7904
134	2	-4.7451
135	1	-4.4393
136	11	-1.1596
137	14	-0.49484
138	2	-3.4674
139	1	-4.3468
140	1	-4.9457
141	12	-1.2827
142	12	-2.4283
143	11	-1.1067
144	12	-3.1561
145	14	-0.46532
146	6	-3.0943
147	12	-1.6285
148	14	-0.8411
149	6	-4.8561
150	7	-3.4446
151	14	-0.21885
152	13	-1.5677
153	13	-1.2065
154	13	-0.67363
detection1	detection2	cost
2	3	36.2
1	7	43.0077
8	9	-5.6071
8	10	-3.7143
9	10	-5.6071
11	12	-5.6071
4	13	44.1649
2	14	38.5941
3	14	3.8571
11	16	-5.6071
12	16	-4.8231
4	18	44.4761
13	18	-5.6071
5	19	44.4761
8	20	-3.2674
9	20	-3.7143
10	20	-3.2674
15	21	-4.8231
17	24	-3.7143
17	26	19.269
24	26	19
25	28	-5.6071
17	29	19.6016
24	29	19.0675
26	29	-5.6071
25	30	-4.8231
28	30	-5.6071
11	31	32.9647
12	31	31.1069
16	31	32.6536
27	32	-5.6071
11	33	33.3612
12	33	31.5222
16	33	32.9647
31	33	-5.6071
23	34	34.8256
8	36	17.9658
9	36	19.4026
10	36	20.8929
20	36	17.1798
8	37	17.9658
9	37	19.269
10	37	20.6393
20	37	16.7404
36	37	-4.8231
35	38	-3.2674
1	39	34.0567
7	39	30.0721
2	40	32.4299
3	40	30.3571
14	40	22.0674
1	41	35.7053
7	41	31.3382
39	41	-5.6071
4	42	32.4299
13	42	32.7427
18	42	31.5222
25	43	16.2174
28	43	14.5743
30	43	15.6053
25	44	14.6553
28	44	12.8867
30	44	13.6628
43	44	-3.7143
5	45	33.1414
19	45	34.1859
25	46	16.443
28	46	14.6553
30	46	15.3715
43	46	-3.2674
44	46	-5.6071
1	47	64.7764
7	47	32.295
39	47	26.3605
41	47	25.5573
1	48	66.127
7	48	32.4299
39	48	28.0636
41	48	27.2998
47	48	-5.6071
1	49	66.127
7	49	34.1859
39	49	27.2482
41	49	26.3605
47	49	-5.6071
48	49	-4.8231
2	50	62.151
3	50	39.9726
14	50	28.663
40	50	24.0034
6	51	36.0768
15	52	31.5222
21	52	30.593
2	53	64.826
3	53	42.0408
14	53	30.7807
40	53	26.624
50	53	-4.8231
6	54	37.9286
51	54	-4.8231
2	55	66.127
3	55	42.2933
14	55	31.1069
40	55	28.2144
50	55	-3.2674
53	55	-5.6071
8	56	34.8256
9	56	34.5282
10	56	34.3146
20	56	30.7807
36	56	28.663
37	56	25.9881
17	57	32.295
24	57	28.5141
26	57	36.0768
29	57	34.5282
4	58	64.826
13	58	34.1859
18	58	32.295
42	58	28.0636
8	59	37.0526
9	59	36.6892
10	59	36.4045
20	59	32.9647
36	59	31.3382
37	59	28.663
56	59	-4.8231
8	60	38.2821
9	60	38.086
10	60	37.968
20	60	34.3146
36	60	30.0721
37	60	27.4026
56	60	-3.2674
59	60	-3.2674
8	61	38.5552
9	61	38.2821
10	61	38.086
20	61	34.5282
36	61	31.3382
37	61	28.663
56	61	-3.7143
59	61	-4.8231
60	61	-5.6071
35	62	24.6786
38	62	20.9559
23	63	37.0526
34	63	40.7586
23	64	37.4927
34	64	39.5176
63	64	-5.6071
11	65	54.5903
12	65	53.4547
16	65	53.101
31	65	34.1859
33	65	32.295
11	66	55.7622
12	66	54.5903
16	66	54.3011
31	66	34.1429
33	66	32.25
65	66	-5.6071
15	67	59.4761
21	67	59.4226
52	67	25.5573
17	68	59.6364
24	68	56.8014
26	68	42.7945
29	68	41.0177
57	68	35.6638
23	69	59.4761
34	69	34.3146
63	69	28.9098
64	69	27.0414
17	70	62.3051
24	70	59.4761
26	70	45.2289
29	70	43.4667
57	70	38.0074
68	70	-4.8231
27	71	41.8597
32	71	39.9726
2	72	68.5213
3	72	63.223
14	72	52.3574
40	72	30.546
50	72	23.3135
53	72	23.5452
55	72	25.0659
25	73	43.6422
28	73	41.7507
30	73	41.7143
43	73	25.5573
44	73	24.2301
46	73	22.4287
23	74	60.8791
34	74	36.2
63	74	29.2526
64	74	27.4026
69	74	-5.6071
22	75	54.5037
27	76	43.7472
32	76	41.8597
71	76	-5.6071
27	77	43.6422
32	77	41.7507
71	77	-4.8231
76	77	-5.6071
25	78	45.5
28	78	43.6071
30	78	43.6422
43	78	26.624
44	78	25.5573
46	78	23.7178
73	78	-4.8231
25	79	47.3929
28	79	45.5
30	79	45.5338
43	79	28.4144
44	79	27.4026
46	79	25.5573
73	79	-3.2674
78	79	-5.6071
22	80	57.7693
75	80	-3.7143
1	81	76.3004
7	81	64.3289
39	81	36.4045
41	81	34.5282
47	81	30.0721
48	81	31.3382
49	81	28.663
6	82	65.0485
51	82	26.2014
54	82	23.5452
22	83	59.4226
75	83	-1.8214
80	83	-5.6071
6	84	66.4184
51	84	26.624
54	84	24.0034
82	84	-4.8231
4	85	75.1379
13	85	66.127
18	85	64.3289
42	85	36.6892
58	85	30.0721
5	86	76.3004
19	86	66.7328
45	86	36.6892
17	87	66.127
24	87	62.5357
26	87	58.8581
29	87	56.9684
57	87	29.2526
68	87	20.6393
70	87	20.8929
17	88	68.5213
24	88	64.9497
26	88	60.6691
29	88	58.777
57	88	31.8878
68	88	20.6393
70	88	20.6393
87	88	-4.8231
17	89	69.1549
24	89	65.6143
26	89	60.6429
29	89	58.75
57	89	33.0089
68	89	19.4026
70	89	19.269
87	89	-3.2674
88	89	-5.6071
15	90	71.548
21	90	70.3146
52	90	32.9647
67	90	27.4026
15	91	73.3629
21	91	72.1126
52	91	34.8256
67	91	28.8606
90	91	-5.6071
23	92	75.7212
34	92	66.4184
63	92	31.5222
64	92	30.8274
69	92	29.2526
74	92	27.7092
23	93	77.5312
34	93	68.2616
63	93	33.2734
64	93	32.6089
69	93	30.8274
74	93	29.2526
92	93	-5.6071
25	94	75.9791
28	94	74.0907
30	94	73.9808
43	94	57.2457
44	94	56.3541
46	94	54.5037
73	94	24.9005
78	94	23.3135
79	94	21.4551
25	95	77.8676
28	95	75.9791
30	95	75.8717
43	95	59.0737
44	95	58.207
46	95	56.3541
73	95	26.7811
78	95	25.1758
79	95	23.3135
94	95	-5.6071
2	96	104.5629
3	96	97.4469
14	96	86.1916
40	96	66.9256
50	96	51.786
53	96	50.5648
55	96	51.2091
72	96	28.9098
27	97	82.1863
32	97	80.309
71	97	32.9647
76	97	31.1069
77	97	31.5222
6	98	97.4469
51	98	54.9356
54	98	52.6559
82	98	27.0414
84	98	24.9005
6	99	97.2248
51	99	54.5037
54	99	52.2675
82	99	27.4026
84	99	25.1758
98	99	-5.6071
27	100	84.0642
32	100	82.1863
71	100	34.8256
76	100	32.9647
77	100	33.3612
97	100	-5.6071
4	101	108.5832
13	101	91.0013
18	101	89.1099
42	101	69.1549
58	101	49.5689
85	101	26.624
1	102	112.3643
7	102	97.9918
39	102	72.8071
41	102	70.9338
47	102	59.583
48	102	60.1415
49	102	57.7693
81	102	28.9098
5	103	107.8246
19	103	89.2026
45	103	67.3816
86	103	25.0659
6	104	99.3249
51	104	56.7736
54	104	54.5037
82	104	28.9098
84	104	26.7811
98	104	-5.6071
99	104	-4.8231
6	105	99.1067
51	105	56.3541
54	105	54.127
82	105	29.2526
84	105	27.0414
98	105	-4.8231
99	105	-5.6071
104	105	-5.6071
4	106	107.4511
13	106	96.1242
18	106	94.2576
42	106	69.3649
58	106	55.9601
85	106	25.1758
101	106	6.2802
22	107	93.5155
75	107	38.904
80	107	35.2048
83	107	33.3612
22	108	93.9578
75	108	38.5552
80	108	34.8256
83	108	32.9647
107	108	-5.6071
35	109	81.7859
38	109	77.8676
62	109	49.7883
15	110	102.8716
21	110	101.8606
52	110	63.8534
67	110	45.635
90	110	25.0659
91	110	23.5452
22	111	94.9594
75	111	41.1652
80	111	37.4927
83	111	35.6638
107	111	-4.8231
108	111	-3.2674
22	112	96.2624
75	112	40.1609
80	112	36.4045
83	112	34.5282
107	112	-3.2674
108	112	-4.8231
111	112	-1.8214
35	113	83.6721
38	113	79.7564
62	113	51.665
109	113	-5.6071
35	114	83.5344
38	114	79.6537
62	114	51.4527
109	114	-4.8231
113	114	-5.6071
8	115	99.3249
9	115	99.1067
10	115	98.9217
20	115	95.3433
36	115	87.105
37	115	84.6882
56	115	57.1072
59	115	55.0789
60	115	53.5428
61	115	53.337
5	116	110.5421
19	116	98.3139
45	116	71.2301
86	116	27.0414
103	116	7.7607
5	117	111.6298
19	117	97.7027
45	117	71.9549
86	117	27.8615
103	117	4.6202
116	117	-3.7143
17	118	102.6441
24	118	99.0731
26	118	93.2669
29	118	91.3825
57	118	65.3197
68	118	46.0381
70	118	44.4761
87	118	29.0571
88	118	26.624
89	118	26.0415
35	119	85.3272
38	119	81.4844
62	119	53.1896
109	119	-2.1462
113	119	-3.2674
114	119	-4.8231
5	120	112.8863
19	120	99.8602
45	120	73.4293
86	120	29.2526
103	120	7.2837
116	120	-4.8231
117	120	-4.8231
23	121	104.4349
34	121	91.0922
63	121	60.3531
64	121	59.6364
69	121	50.069
74	121	48.2028
92	121	21.3311
93	121	19.6016
23	122	106.2291
34	122	92.982
63	122	62.0995
64	122	61.401
69	122	51.9369
74	122	50.069
92	122	23.08
93	122	21.3311
121	122	-5.6071
1	123	137.2757
7	123	112.4839
39	123	95.8992
41	123	94.1695
47	123	72.8071
48	123	72.5614
49	123	70.9338
81	123	54.993
102	123	26.3605
1	124	138.9856
7	124	114.3653
39	124	97.6345
41	124	95.8992
47	124	74.6814
48	124	74.4413
49	124	72.8071
81	124	56.5502
102	124	27.2482
123	124	-5.6071
15	125	112.3643
21	125	111.0721
52	125	73.8048
67	125	60.062
90	125	33.3612
91	125	31.5222
110	125	8.783
15	126	112.8863
21	126	111.6298
52	126	74.2223
67	126	59.7164
90	126	33.8406
91	126	32.024
110	126	7.7607
125	126	-5.6071
2	127	137.4118
3	127	122.102
14	127	110.8301
40	127	97.9578
50	127	74.6814
53	127	72.5614
55	127	72.3597
72	127	61.9965
96	127	30.0721
6	128	117.7866
51	128	74.2443
54	128	72.5614
82	128	54.3011
84	128	51.7558
98	128	23.3135
99	128	21.9459
104	128	22.0674
105	128	20.6393
2	129	138.1885
3	129	122.3368
14	129	111.0872
40	129	98.652
50	129	74.9643
53	129	72.8071
55	129	72.5614
72	129	62.9438
96	129	31.5222
127	129	-5.6071
6	130	117.9437
51	130	74.4413
54	130	72.8071
82	130	55.1933
84	130	52.6262
98	130	24.7342
99	130	23.3135
104	130	23.5452
105	130	22.0674
128	130	-5.6071
4	131	133.0438
13	131	112.125
18	131	110.2381
42	131	93.409
58	131	70.4756
85	131	51.3006
101	131	17.1798
106	131	24.0034
27	132	106.2133
32	132	104.3228
71	132	57.5493
76	132	55.6772
77	132	55.4215
97	132	22.4287
100	132	20.8929
27	133	106.3235
32	133	104.4349
71	133	57.8516
76	133	55.9884
77	133	55.6772
97	133	23.5452
100	133	22.0674
132	133	-5.6071
4	134	134.7542
13	134	114.012
18	134	112.125
42	134	95.1515
58	134	72.3597
85	134	52.8937
101	134	18.7964
106	134	25.0659
131	134	-5.6071
5	135	136.4069
19	135	112.4839
45	135	95.7779
86	135	54.5903
103	135	22.0674
116	135	28.0636
117	135	24.6786
120	135	25.5573
27	136	108.2123
32	136	106.3235
71	136	59.7164
76	136	57.8516
77	136	57.5493
97	136	25.0659
100	136	23.5452
132	136	-4.8231
133	136	-5.6071
35	137	100.8072
38	137	97.2248
62	137	68.8035
109	137	17.9658
113	137	16.5921
114	137	15.293
119	137	12.6213
4	138	137.2757
13	138	116.0588
18	138	114.1741
42	138	97.6345
58	138	74.4413
85	138	55.5068
101	138	21.3932
106	138	27.7092
131	138	-3.2674
134	138	-4.8231
5	139	137.2757
19	139	114.1741
45	139	96.676
86	139	54.993
103	139	22.4287
116	139	27.2482
117	139	24.0034
120	139	24.6786
135	139	-4.8231
5	140	138.1024
19	140	114.3653
45	140	97.4811
86	140	56.1011
103	140	23.5452
116	140	28.9098
117	140	25.6115
120	140	26.3605
135	140	-5.6071
139	140	-5.6071
11	141	125.0135
12	141	124.3222
16	141	123.2579
31	141	108.3515
33	141	106.4651
65	141	67.1899
66	141	66.9256
11	142	126.4656
12	142	125.7281
16	142	124.7293
31	142	108.722
33	142	106.8417
65	142	67.8585
66	142	67.5011
141	142	-3.7143
27	143	110.4054
32	143	108.5215
71	143	62.3051
76	143	60.4586
77	143	60.062
97	143	28.8606
100	143	27.4026
132	143	-0.67521
133	143	-2.1462
136	143	-3.2674
11	144	128.2061
12	144	127.4781
16	144	126.4656
31	144	110.6028
33	144	108.722
65	144	69.7137
66	144	69.3649
141	144	-3.2674
142	144	-5.6071
35	145	104.7546
38	145	101.2034
62	145	72.8071
109	145	22.0674
113	145	20.6393
114	145	19.4026
119	145	16.7404
137	145	-3.2674
15	146	131.3382
21	146	130.484
52	146	92.3919
67	146	69.7137
90	146	54.5903
91	146	53.101
110	146	22.0674
125	146	22.4287
126	146	20.6393
11	147	129.9506
12	147	129.2319
16	147	128.2061
31	147	112.4839
33	147	110.6028
65	147	71.5707
66	147	71.2301
141	147	-2.1462
142	147	-3.7143
144	147	-5.6071
35	148	106.8417
38	148	103.3251
62	148	74.9643
109	148	24.7342
113	148	23.3135
114	148	22.0674
119	148	19.4026
137	148	-0.67521
145	148	-4.8231
15	149	133.0438
21	149	132.1744
52	149	94.0814
67	149	71.5707
90	149	56.1011
91	149	54.5903
110	149	23.5452
125	149	23.08
126	149	21.3311
146	149	-5.6071
23	150	130.484
34	150	109.8266
63	150	88.0471
64	150	87.0103
69	150	68.2616
74	150	66.4184
92	150	50.1933
93	150	48.7787
121	150	24.0034
122	150	23.0214
35	151	108.5215
38	151	104.9618
62	151	76.5565
109	151	25.0659
113	151	23.5452
114	151	22.4287
119	151	19.7992
137	151	0.30445
145	151	-3.7143
148	151	-4.8231
22	152	128.3776
75	152	69.0613
80	152	65.3197
83	152	63.4506
107	152	29.2526
108	152	28.2144
111	152	28.8606
112	152	25.6115
22	153	130.172
75	153	70.9338
80	153	67.1899
83	153	65.3197
107	153	30.8274
108	153	29.833
111	153	30.3571
112	153	27.2482
152	153	-5.6071
22	154	130.7823
75	154	71.2301
80	154	67.5011
83	154	65.6388
107	154	31.8878
108	154	30.8274
111	154	31.5222
112	154	28.2144
152	154	-4.8231
153	154	-5.6071
1	2	-2.471
1	3	0.42548
1	5	-2.4755
2	5	-2.3164
3	5	1.382
4	5	-2.4811
5	6	0.7197
2	7	9.0503
3	7	0.0084039
5	7	3.9708
5	8	0.018007
6	8	-0.53761
5	9	-0.027958
6	9	-0.17037
5	10	0.11749
6	10	-0.33261
5	11	-1.8134
5	12	-1.8342
5	13	9.7893
1	14	1.4162
5	14	1.6778
7	14	-2.0448
5	15	-2.2571
5	16	-1.862
5	17	-1.7317
5	18	9.2786
1	19	4.5885
2	19	7.8741
3	19	0.32669
4	19	0.35131
6	19	-0.37782
7	19	-2.4226
8	19	-0.68495
9	19	-0.80577
10	19	-1.0701
11	19	9.9838
12	19	9.9306
13	19	-2.1259
14	19	-1.6463
15	19	4.7995
16	19	9.6411
17	19	7.634
18	19	-2.1479
5	20	-0.25143
6	20	-0.92604
19	20	-1.1801
5	21	-2.4853
19	21	4.6037
5	22	-1.4324
11	22	-1.5298
12	22	-1.5187
16	22	-1.3732
19	22	7.7595
5	23	-2.1266
15	23	-2.5856
17	23	-2.2555
19	23	7.615
21	23	-2.5851
5	24	-2.0587
19	24	7.0556
23	24	-2.132
2	25	2.636
3	25	-0.47373
5	25	1.1944
14	25	-1.9404
19	25	-0.71656
5	26	1.1619
19	26	-1.3304
23	26	2.3767
5	27	-0.091465
8	27	-1.8118
9	27	-1.5507
10	27	-1.5623
19	27	-1.3657
20	27	-2.171
2	28	2.5347
3	28	-0.52404
5	28	1.618
14	28	-2.0122
19	28	-0.41022
5	29	1.3864
19	29	-1.1825
23	29	2.618
2	30	2.3343
3	30	-1.0734
5	30	1.9568
14	30	-2.3924
19	30	-1.2243
5	31	0.73039
19	31	-1.894
22	31	4.6239
5	32	-0.25674
8	32	-2.1827
9	32	-1.9351
10	32	-1.7892
19	32	-1.3756
20	32	-1.8135
5	33	1.0052
19	33	-1.8321
22	33	4.4057
5	34	2.5032
15	34	0.55731
17	34	2.9852
19	34	-1.8677
21	34	0.16161
24	34	4.0236
26	34	-2.0987
29	34	-1.8129
5	35	-0.45984
19	35	-0.82521
22	35	0.060688
5	36	3.0996
6	36	3.8971
19	36	6.9565
27	36	1.0984
32	36	1.2947
5	37	3.1022
6	37	3.897
19	37	6.4731
27	37	1.5175
32	37	1.7005
5	38	0.24992
19	38	0.22144
22	38	0.52756
2	39	5.3592
3	39	2.4214
5	39	4.4614
14	39	2.2357
19	39	5.5813
1	40	2.5369
5	40	3.7873
7	40	5.3042
19	40	7.762
25	40	4.5095
28	40	4.4526
30	40	4.2308
39	40	-2.3734
2	41	5.1481
3	41	2.363
5	41	4.4388
14	41	2.1928
19	41	5.8237
40	41	-2.1185
5	42	5.7667
19	42	1.9025
2	43	0.16608
3	43	1.7214
5	43	2.7487
14	43	0.92585
19	43	5.4833
40	43	-1.8883
2	44	0.27055
3	44	1.5809
5	44	2.5732
14	44	0.97425
19	44	4.9317
40	44	-1.9223
1	45	2.1778
2	45	4.1905
3	45	1.7986
4	45	2.1629
6	45	1.7042
7	45	1.3731
8	45	1.7594
9	45	1.8186
10	45	1.73
11	45	5.426
12	45	5.1972
13	45	6.6049
14	45	1.5164
15	45	6.1
16	45	5.414
17	45	6.2533
18	45	6.941
20	45	1.8981
21	45	5.8488
22	45	4.1077
23	45	8.146
24	45	6.2307
25	45	2.769
26	45	4.9835
27	45	1.1781
28	45	2.9107
29	45	5.0315
30	45	3.1144
31	45	2.978
32	45	1.3004
33	45	3.0934
34	45	5.1278
35	45	1.2371
36	45	-0.92126
37	45	-0.93926
38	45	0.5472
39	45	-2.5778
40	45	-2.196
41	45	-2.3627
42	45	-2.3521
43	45	-2.186
44	45	-2.0675
2	46	0.037694
3	46	1.3747
5	46	2.477
14	46	0.82076
19	46	4.7891
40	46	-2.2509
45	46	-1.8022
2	47	8.3995
3	47	4.7282
5	47	6.7538
14	47	4.4745
19	47	5.929
40	47	6.1754
45	47	3.1599
2	48	8.8585
3	48	5.1408
5	48	6.62
14	48	4.9005
19	48	5.6867
40	48	6.7531
45	48	3.0278
2	49	8.1409
3	49	4.5898
5	49	6.7171
14	49	4.3488
19	49	5.9012
40	49	5.7832
45	49	3.1507
1	50	3.8983
5	50	5.3458
7	50	3.3462
19	50	4.9286
25	50	5.8465
28	50	5.775
30	50	6.2632
39	50	0.31022
41	50	0.34039
43	50	4.6999
44	50	4.8581
45	50	1.6875
46	50	4.5052
47	50	-2.2268
48	50	-2.4217
49	50	-1.7774
5	51	4.2552
8	51	8.3664
9	51	8.9758
10	51	8.8455
19	51	4.4606
20	51	8.7591
36	51	4.4355
37	51	4.4024
45	51	1.156
5	52	1.2175
19	52	2.1086
23	52	6.1936
34	52	4.6592
45	52	-2.1027
1	53	3.9062
5	53	5.5107
7	53	3.2672
19	53	4.9764
25	53	5.3647
28	53	5.2986
30	53	5.761
39	53	0.35253
41	53	0.38802
43	53	4.5172
44	53	4.6674
45	53	1.9256
46	53	4.3442
47	53	-2.3431
48	53	-2.2415
49	53	-1.7602
5	54	4.2303
8	54	7.6768
9	54	8.0484
10	54	7.6288
19	54	4.6025
20	54	7.9161
36	54	5.4145
37	54	5.3857
45	54	1.1175
1	55	4.2003
5	55	5.6193
7	55	3.4141
19	55	4.9718
25	55	5.4473
28	55	5.3763
30	55	5.8349
39	55	0.69697
41	55	0.74142
43	55	4.703
44	55	4.8342
45	55	2.0665
46	55	4.5178
47	55	-1.9053
48	55	-1.9927
49	55	-2.146
5	56	4.0242
6	56	4.0236
19	56	4.5157
27	56	4.8736
32	56	5.0144
45	56	0.87808
51	56	1.6838
54	56	0.83869
5	57	1.6219
19	57	4.6269
23	57	4.378
34	57	6.006
45	57	-1.2482
5	58	8.6258
19	58	4.3203
45	58	8.0918
5	59	3.8044
6	59	3.3291
19	59	4.2787
27	59	5.2224
32	59	5.3668
45	59	0.66775
51	59	0.6028
54	59	-0.26907
5	60	3.5419
6	60	0.91888
19	60	4.2546
27	60	4.327
32	60	4.4748
45	60	0.33043
51	60	-0.79299
54	60	-1.1511
5	61	3.4588
6	61	1.0813
19	61	4.103
27	61	4.8278
32	61	4.9746
45	61	0.25425
51	61	-1.4573
54	61	-1.9277
5	62	2.205
19	62	2.9272
22	62	3.1979
45	62	-0.43485
5	63	0.95975
15	63	2.0144
17	63	1.8884
19	63	3.7472
21	63	2.2002
24	63	2.2316
26	63	1.5491
29	63	1.4337
45	63	-2.0108
52	63	-2.547
57	63	-2.0873
5	64	0.6118
15	64	2.0636
17	64	1.3728
19	64	3.8967
21	64	2.2517
24	64	1.7299
26	64	1.8233
29	64	1.8126
45	64	-2.1599
52	64	-2.2783
57	64	-2.1416
5	65	2.4605
19	65	3.2196
22	65	8.1595
45	65	0.1982
5	66	2.5669
19	66	3.1748
22	66	8.2737
45	66	0.17609
5	67	4.2851
19	67	0.81355
23	67	8.1245
34	67	5.4572
45	67	2.2642
63	67	6.2157
64	67	6.3838
5	68	2.7975
19	68	2.6673
23	68	3.9086
34	68	5.4208
45	68	0.70824
63	68	1.8859
64	68	2.3038
5	69	2.3819
15	69	2.5628
17	69	5.6769
19	69	1.5386
21	69	2.8965
24	69	6.2081
26	69	3.5709
29	69	3.4473
45	69	1.6399
52	69	1.4101
57	69	4.7922
67	69	-2.3275
68	69	-2.4832
5	70	2.4937
19	70	2.3792
23	70	3.6564
34	70	5.1066
45	70	0.96272
63	70	1.7504
64	70	2.1621
69	70	-2.1895
5	71	2.9421
8	71	1.152
9	71	1.0624
10	71	1.297
19	71	3.5012
20	71	1.5782
36	71	0.046251
37	71	-0.13359
45	71	0.17228
56	71	-1.6896
59	71	-1.4603
60	71	-1.3828
61	71	-1.8239
1	72	6.3615
5	72	7.802
7	72	6.9582
19	72	8.8687
25	72	5.4144
28	72	5.396
30	72	5.6708
39	72	3.7687
41	72	3.8694
43	72	4.5691
44	72	4.1854
45	72	5.0661
46	72	4.272
47	72	5.7039
48	72	5.5856
49	72	6.0182
2	73	3.6174
3	73	3.3794
5	73	6.354
14	73	3.4185
19	73	6.6107
40	73	1.1932
45	73	3.6294
50	73	1.6853
53	73	1.6091
55	73	1.9059
72	73	-1.8771
5	74	2.5295
15	74	2.5983
17	74	5.3717
19	74	1.5091
21	74	2.9294
24	74	5.9006
26	74	3.2539
29	74	3.1311
45	74	1.6535
52	74	1.3765
57	74	4.4526
67	74	-2.0952
68	74	-2.5102
70	74	-1.6945
5	75	2.2692
11	75	2.7833
12	75	2.7961
16	75	2.9659
19	75	2.9393
31	75	1.8741
33	75	2.3983
35	75	2.1873
38	75	2.022
45	75	-0.2645
62	75	-0.60307
65	75	-1.907
66	75	-1.7246
5	76	2.6926
8	76	0.79294
9	76	0.70793
10	76	0.94679
19	76	3.3137
20	76	1.2237
36	76	0.50063
37	76	0.27553
45	76	-0.072127
56	76	-1.6689
59	76	-1.8848
60	76	-0.99427
61	76	-1.4455
5	77	2.4573
8	77	0.7433
9	77	0.6556
10	77	0.88864
19	77	3.0588
20	77	1.1608
36	77	0.40416
37	77	0.23771
45	77	0.045373
56	77	-1.7108
59	77	-1.8642
60	77	-0.97148
61	77	-1.3853
2	78	3.6523
3	78	3.5089
5	78	6.5304
14	78	3.491
19	78	6.905
40	78	1.3141
45	78	3.8982
50	78	1.9001
53	78	1.8085
55	78	2.0913
72	78	-1.9985
2	79	3.3923
3	79	3.3012
5	79	6.3671
14	79	3.2936
19	79	6.8027
40	79	1.0845
45	79	3.7711
50	79	1.6676
53	79	1.571
55	79	1.8479
72	79	-2.3587
5	80	1.7829
11	80	2.7739
12	80	2.7492
16	80	2.9823
19	80	2.6102
31	80	1.4917
33	80	2.0175
35	80	0.69873
38	80	0.5598
45	80	0.15514
62	80	-1.9077
65	80	-1.42
66	80	-1.8834
2	81	7.3358
3	81	5.5252
5	81	8.3414
14	81	5.3785
19	81	8.9873
40	81	3.7452
45	81	5.5652
50	81	1.7324
53	81	1.7116
55	81	1.4519
72	81	-2.2948
5	82	6.3131
8	82	6.7943
9	82	6.6822
10	82	6.3499
19	82	7.6589
20	82	6.5456
36	82	1.792
37	82	1.73
45	82	4.1384
56	82	0.015812
59	82	1.2751
60	82	3.0824
61	82	2.969
5	83	1.91
11	83	2.8282
12	83	2.8034
16	83	3.0353
19	83	2.7491
31	83	1.5242
33	83	2.0507
35	83	0.66971
38	83	0.53047
45	83	0.047249
62	83	-1.9282
65	83	-1.1724
66	83	-1.665
5	84	6.1638
8	84	6.3235
9	84	6.2702
10	84	5.9418
19	84	7.4549
20	84	6.1386
36	84	1.4325
37	84	1.3825
45	84	3.9826
56	84	-0.15122
59	84	1.2022
60	84	2.8641
61	84	2.8427
5	85	7.7849
19	85	5.4277
45	85	5.3834
1	86	4.8755
2	86	6.7734
3	86	5.201
4	86	5.5068
6	86	5.0924
7	86	2.762
8	86	5.2569
9	86	5.2844
10	86	5.1933
11	86	8.5807
12	86	8.4636
13	86	7.144
14	86	4.9586
15	86	9.4849
16	86	8.6128
17	86	8.208
18	86	7.3419
20	86	5.3828
21	86	9.54
22	86	7.5278
23	86	9.8822
24	86	8.3176
25	86	6.0091
26	86	7.3627
27	86	4.5143
28	86	6.1585
29	86	7.4365
30	86	6.2916
31	86	6.7747
32	86	4.6203
33	86	6.8862
34	86	8.2257
35	86	4.6402
36	86	3.4889
37	86	3.4062
38	86	4.1589
39	86	1.8031
40	86	3.0643
41	86	1.9759
42	86	3.7706
43	86	3.5394
44	86	3.4226
46	86	3.5063
47	86	1.3883
48	86	1.1985
49	86	1.2204
50	86	1.1811
51	86	1.5783
52	86	6.6868
53	86	1.045
54	86	1.6542
55	86	0.91809
56	86	1.4587
57	86	6.3027
58	86	6.1336
59	86	1.646
60	86	2.0265
61	86	2.0342
62	86	1.9535
63	86	7.7583
64	86	7.3594
65	86	3.6449
66	86	3.5584
67	86	4.7653
68	86	2.6926
69	86	4.3603
70	86	2.7862
71	86	1.4867
72	86	-2.2901
73	86	-1.8601
74	86	4.2559
75	86	2.6292
76	86	1.6252
77	86	1.77
78	86	-1.9068
79	86	-2.0699
80	86	2.7136
81	86	-2.2642
82	86	-1.7811
83	86	2.5007
84	86	-1.8127
85	86	-2.299
5	87	5.3505
19	87	5.9065
23	87	5.7701
34	87	7.3375
45	87	2.6221
63	87	3.5124
64	87	3.9105
69	87	5.6549
74	87	6.0218
86	87	-1.5288
5	88	5.1753
19	88	5.7184
23	88	5.6758
34	88	7.1944
45	88	2.459
63	88	3.4686
64	88	3.8599
69	88	5.1108
74	88	5.4442
86	88	-1.7781
5	89	5.0907
19	89	5.605
23	89	5.4859
34	89	6.9952
45	89	2.4141
63	89	3.2821
64	89	3.6721
69	89	4.672
74	89	4.9933
86	89	-1.7155
5	90	3.9742
19	90	3.4843
23	90	7.8516
34	90	6.6776
45	90	0.88515
63	90	6.3239
64	90	5.8913
69	90	2.9509
74	90	2.8781
86	90	-1.7169
5	91	4.0182
19	91	3.5519
23	91	7.8047
34	91	6.6496
45	91	0.93211
63	91	6.2716
64	91	5.8479
69	91	2.9531
74	91	2.8842
86	91	-1.9939
5	92	3.6145
15	92	4.8259
17	92	4.5365
19	92	4.7974
21	92	5.0547
24	92	4.936
26	92	3.6475
29	92	3.5263
45	92	0.89802
52	92	0.35494
57	92	2.0427
67	92	3.8936
68	92	-0.41147
70	92	0.043622
86	92	-1.5014
87	92	-2.3014
88	92	-2.2788
89	92	-1.963
90	92	-2.3638
91	92	-2.3699
5	93	3.4052
15	93	4.7755
17	93	4.4969
19	93	4.6187
21	93	5.0056
24	93	4.8953
26	93	3.6041
29	93	3.4825
45	93	0.70682
52	93	0.34008
57	93	1.9861
67	93	3.7579
68	93	-0.24999
70	93	0.19918
86	93	-1.255
87	93	-2.1874
88	93	-2.235
89	93	-1.9056
90	93	-1.9495
91	93	-1.865
2	94	5.8645
3	94	5.3146
5	94	8.8124
14	94	5.5065
19	94	8.6947
40	94	3.5459
45	94	6.5727
50	94	2.9424
53	94	2.8108
55	94	2.8557
72	94	2.0657
86	94	3.1187
2	95	5.7945
3	95	5.259
5	95	8.8584
14	95	5.4519
19	95	8.7387
40	95	3.4867
45	95	6.6347
50	95	2.8856
53	95	2.7642
55	95	2.7966
72	95	2.0332
86	95	3.2551
1	96	8.7884
5	96	10.3986
7	96	8.6684
19	96	10.5501
25	96	7.2559
28	96	7.2409
30	96	7.5328
39	96	6.2837
41	96	6.4211
43	96	6.5749
44	96	6.3494
45	96	8.0059
46	96	6.4506
47	96	6.4587
48	96	6.2474
49	96	6.6452
73	96	3.1324
78	96	3.1981
79	96	3.395
81	96	3.5273
86	96	4.614
94	96	-1.7186
95	96	-1.9764
5	97	7.4793
8	97	5.1022
9	97	4.9583
10	97	5.1469
19	97	7.7917
20	97	5.5351
36	97	3.4
37	97	3.1964
45	97	5.5927
56	97	2.8077
59	97	2.7662
60	97	3.0715
61	97	2.8618
86	97	2.5669
5	98	8.4653
8	98	7.7078
9	98	7.8613
10	98	7.5861
19	98	9.0802
20	98	7.7502
36	98	2.4949
37	98	2.4989
45	98	6.6591
56	98	2.6429
59	98	3.71
60	98	5.155
61	98	5.1081
86	98	3.5263
5	99	8.4254
8	99	7.8001
9	99	7.9857
10	99	7.7111
19	99	8.9947
20	99	7.8745
36	99	2.533
37	99	2.5739
45	99	6.592
56	99	2.7912
59	99	3.8394
60	99	5.2706
61	99	5.2229
86	99	3.4279
5	100	7.5469
8	100	5.0533
9	100	4.9092
10	100	5.0976
19	100	7.8549
20	100	5.486
36	100	3.3523
37	100	3.1488
45	100	5.6737
56	100	2.7514
59	100	2.7078
60	100	3.0168
61	100	2.8049
86	100	2.7047
5	101	10.625
19	101	8.3194
45	101	8.6641
86	101	6.559
2	102	9.8552
3	102	8.3625
5	102	11.1082
14	102	8.2247
19	102	11.118
40	102	6.6827
45	102	8.3553
50	102	5.0414
53	102	4.9919
55	102	4.7451
72	102	3.2102
86	102	5.2679
96	102	-1.7025
1	103	7.4602
2	103	9.7057
3	103	8.0842
4	103	7.0568
6	103	7.5137
7	103	4.9057
8	103	7.4658
9	103	7.4827
10	103	7.3934
11	103	10.9933
12	103	10.8928
13	103	7.6479
14	103	7.8307
15	103	11.6516
16	103	11.0325
17	103	9.8814
18	103	7.8128
20	103	7.5769
21	103	11.6092
22	103	9.3585
23	103	11.7455
24	103	10.0041
25	103	8.8881
26	103	9.0265
27	103	6.606
28	103	9.0371
29	103	9.1051
30	103	9.1494
31	103	9.2107
32	103	6.703
33	103	9.3234
34	103	10.1644
35	103	6.5227
36	103	6.0546
37	103	6.01
38	103	6.1269
39	103	4.5952
40	103	6.476
41	103	4.7543
42	103	5.1111
43	103	6.9692
44	103	6.8839
46	103	6.9732
47	103	1.7815
48	103	1.9235
49	103	1.7812
50	103	4.5447
51	103	4.7237
52	103	8.629
53	103	4.3485
54	103	4.8402
55	103	4.1604
56	103	4.4226
57	103	8.4209
58	103	5.5061
59	103	4.5303
60	103	4.8953
61	103	4.8657
62	103	4.4899
63	103	10.0874
64	103	9.9242
65	103	6.7702
66	103	6.6404
67	103	7.2452
68	103	5.073
69	103	7.1067
70	103	5.118
71	103	4.2474
72	103	3.3332
73	103	3.1078
74	103	7.0545
75	103	5.372
76	103	4.3554
77	103	4.4231
78	103	3.0957
79	103	3.3185
80	103	5.5069
81	103	1.5075
82	103	4.1904
83	103	5.3699
84	103	4.1372
85	103	1.8775
87	103	4.1038
88	103	3.9849
89	103	3.823
90	103	5.0479
91	103	4.901
92	103	7.2918
93	103	7.4685
94	103	-1.3722
95	103	-1.6821
96	103	-0.70648
97	103	-0.86101
98	103	-0.83305
99	103	-0.89742
100	103	-0.58122
101	103	-1.6768
102	103	2.2201
5	104	8.3181
8	104	7.6458
9	104	7.79
10	104	7.5139
19	104	8.9486
20	104	7.6787
36	104	2.7013
37	104	2.7061
45	104	6.524
56	104	2.5695
59	104	3.63
60	104	5.0739
61	104	5.025
86	104	3.4332
103	104	-0.72355
5	105	8.2588
8	105	7.7378
9	105	7.9243
10	105	7.6487
19	105	8.8522
20	105	7.8128
36	105	2.6328
37	105	2.6371
45	105	6.4382
56	105	2.7267
59	105	3.7688
60	105	5.1998
61	105	5.1498
86	105	3.3082
103	105	-0.85672
5	106	10.0752
19	106	8.1065
45	106	8.0025
86	106	4.9635
103	106	-0.49334
5	107	7.3734
11	107	8.298
12	107	8.3217
16	107	8.4631
19	107	7.6355
31	107	6.9341
33	107	7.5046
35	107	5.2642
38	107	5.0535
45	107	5.5057
62	107	3.3009
65	107	5.693
66	107	5.0932
86	107	2.4201
103	107	-0.36042
5	108	7.364
11	108	8.0641
12	108	8.0857
16	108	8.2303
19	108	7.5909
31	108	6.7112
33	108	7.2739
35	108	5.2707
38	108	5.0616
45	108	5.4756
62	108	3.3212
65	108	5.3195
66	108	4.6996
86	108	2.3752
103	108	-0.48154
5	109	6.3339
19	109	6.8764
22	109	5.67
45	109	4.7825
75	109	4.515
80	109	5.2008
83	109	5.1999
86	109	1.9743
103	109	-0.64115
107	109	-1.2439
108	109	-1.2608
5	110	5.7572
19	110	5.2627
23	110	9.7166
34	110	8.5661
45	110	3.001
63	110	8.6631
64	110	8.2764
69	110	5.5047
74	110	5.5173
86	110	0.16623
92	110	5.3411
93	110	5.5569
103	110	-2.1647
5	111	7.2227
11	111	8.3438
12	111	8.3671
16	111	8.5084
19	111	7.5307
31	111	6.917
33	111	7.4947
35	111	4.7583
38	111	4.5489
45	111	5.3835
62	111	2.7671
65	111	5.8125
66	111	5.2219
86	111	2.3411
103	111	-0.11111
109	111	-1.9234
5	112	7.186
11	112	7.6809
12	112	7.6993
16	112	7.8485
19	112	7.4053
31	112	6.3096
33	112	6.8647
35	112	4.8253
38	112	4.6208
45	112	5.2868
62	112	2.8822
65	112	4.7748
66	112	4.1272
86	112	2.1881
103	112	-0.52221
109	112	-1.3818
5	113	6.2527
19	113	6.8059
22	113	5.5359
45	113	4.7099
75	113	4.3566
80	113	5.0424
83	113	5.0415
86	113	1.9277
103	113	-0.5561
107	113	-1.8492
108	113	-1.9802
111	113	-2.1856
112	113	-1.9498
5	114	6.3888
19	114	6.8719
22	114	5.5955
45	114	4.8287
75	114	4.3714
80	114	5.057
83	114	5.0525
86	114	2.069
103	114	-0.47899
107	114	-1.7218
108	114	-1.8295
111	114	-2.2498
112	114	-2.0264
5	115	9.3036
6	115	8.5502
19	115	9.393
27	115	8.2411
32	115	8.403
45	115	7.2648
51	115	5.6103
54	115	6.0455
71	115	6.9148
76	115	6.9873
77	115	6.9219
82	115	5.6805
84	115	6.2858
86	115	4.449
97	115	6.422
98	115	4.0081
99	115	4.2895
100	115	6.7754
103	115	1.7856
104	115	3.5094
105	115	3.7444
1	116	7.5347
2	116	9.4723
3	116	8.176
4	116	6.7496
6	116	7.4913
7	116	5.3239
8	116	7.2948
9	116	7.3206
10	116	7.2359
11	116	10.9184
12	116	10.827
13	116	7.7969
14	116	7.9442
15	116	11.8695
16	116	10.9517
17	116	9.5512
18	116	7.9775
20	116	7.4225
21	116	12.0172
22	116	9.1764
23	116	11.5575
24	116	9.6653
25	116	8.6271
26	116	8.9215
27	116	6.4656
28	116	8.7787
29	116	9.0018
30	116	8.9111
31	116	9.432
32	116	6.569
33	116	9.5471
34	116	10.3264
35	116	6.5629
36	116	5.6657
37	116	5.6298
38	116	6.153
39	116	4.6514
40	116	6.1855
41	116	4.8192
42	116	5.0828
43	116	6.3708
44	116	6.3287
46	116	6.4243
47	116	2.7809
48	116	2.435
49	116	2.5115
50	116	4.6139
51	116	4.6549
52	116	9.0264
53	116	4.446
54	116	4.7578
55	116	4.2737
56	116	4.1963
57	116	7.8817
58	116	6
59	116	4.3315
60	116	4.6985
61	116	4.6796
62	116	4.5053
63	116	9.7012
64	116	9.443
65	116	6.9514
66	116	6.8454
67	116	7.5633
68	116	5.0291
69	116	7.224
70	116	5.0987
71	116	4.1407
72	116	2.5414
73	116	2.4116
74	116	7.1713
75	116	5.3453
76	116	4.2615
77	116	4.3404
78	116	2.2769
79	116	2.4925
80	116	5.4851
81	116	0.99808
82	116	3.4462
83	116	5.3445
84	116	3.4457
85	116	2.4031
87	116	3.2514
88	116	3.2074
89	116	3.1294
90	116	5.9176
91	116	5.8549
92	116	5.6439
93	116	5.6217
94	116	-1.8145
95	116	-1.9619
96	116	-1.5899
97	116	-1.3918
98	116	-1.4623
99	116	-1.4004
100	116	-1.2758
101	116	3.1104
102	116	-1.9336
104	116	-1.5918
105	116	-1.5872
106	116	-2.0888
107	116	-1.5984
108	116	-1.6404
109	116	-1.4275
110	116	1.335
111	116	-1.3714
112	116	-1.5639
113	116	-1.389
114	116	-1.4744
115	116	1.0353
1	117	7.2474
2	117	9.5216
3	117	8.1796
4	117	6.7296
6	117	7.5432
7	117	5.1756
8	117	7.5073
9	117	7.5297
10	117	7.4429
11	117	11.1309
12	117	11.0388
13	117	7.696
14	117	7.9428
15	117	11.991
16	117	11.1652
17	117	9.6613
18	117	7.8723
20	117	7.6293
21	117	12.0759
22	117	9.4917
23	117	11.724
24	117	9.777
25	117	8.8307
26	117	8.9916
27	117	6.5745
28	117	8.9815
29	117	9.0714
30	117	9.1099
31	117	9.5999
32	117	6.6761
33	117	9.7144
34	117	10.4408
35	117	6.7925
36	117	5.9464
37	117	5.9083
38	117	6.3901
39	117	4.3838
40	117	6.2655
41	117	4.5484
42	117	4.9995
43	117	6.652
44	117	6.6036
46	117	6.6974
47	117	2.6404
48	117	2.3945
49	117	2.3741
50	117	4.6437
51	117	4.7466
52	117	9.2833
53	117	4.4723
54	117	4.8507
55	117	4.2991
56	117	4.4325
57	117	8.0341
58	117	5.8108
59	117	4.558
60	117	4.9264
61	117	4.9029
62	117	4.7595
63	117	9.9261
64	117	9.6701
65	117	7.1431
66	117	7.0341
67	117	7.9905
68	117	5.12
69	117	7.371
70	117	5.1865
71	117	4.2716
72	117	2.7472
73	117	2.7489
74	117	7.3202
75	117	5.6238
76	117	4.3899
77	117	4.4612
78	117	2.6401
79	117	2.8571
80	117	5.7651
81	117	0.85043
82	117	3.6785
83	117	5.6281
84	117	3.6738
85	117	2.1733
87	117	3.5289
88	117	3.4769
89	117	3.3872
90	117	6.1092
91	117	6.004
92	117	6.0931
93	117	6.0927
94	117	-1.4711
95	117	-1.6492
96	117	-1.8239
97	117	-1.482
98	117	-1.4804
99	117	-1.5536
100	117	-1.363
101	117	1.5345
102	117	-2.1606
104	117	-1.4337
105	117	-1.4602
106	117	-1.7975
107	117	-1.404
108	117	-1.472
109	117	-1.2771
110	117	1.5821
111	117	-1.2177
112	117	-1.4226
113	117	-1.2668
114	117	-1.4019
115	117	0.82677
5	118	7.8408
19	118	7.6605
23	118	7.8481
34	118	9.0513
45	118	4.9953
63	118	5.9899
64	118	6.3285
69	118	5.5312
74	118	5.7929
86	118	2.53
92	118	3.3306
93	118	3.2363
103	118	0.25825
116	118	-1.3061
117	118	-1.3726
5	119	6.3069
19	119	6.7852
22	119	5.623
45	119	4.7424
75	119	4.305
80	119	4.9899
83	119	4.9817
86	119	1.9992
103	119	-0.43292
107	119	-2.0002
108	119	-2.1127
111	119	-1.698
112	119	-1.4208
116	119	-1.5711
117	119	-1.5109
1	120	7.4142
2	120	9.4939
3	120	8.2089
4	120	6.481
6	120	7.4231
7	120	5.2206
8	120	7.5148
9	120	7.5379
10	120	7.4514
11	120	10.9134
12	120	10.8238
13	120	7.5365
14	120	7.9761
15	120	12.1294
16	120	10.9469
17	120	9.5526
18	120	7.715
20	120	7.6389
21	120	12.2778
22	120	9.3962
23	120	11.4979
24	120	9.6672
25	120	8.7322
26	120	8.9244
27	120	6.6336
28	120	8.8835
29	120	9.0046
30	120	9.0154
31	120	9.4488
32	120	6.736
33	120	9.564
34	120	10.29
35	120	6.8026
36	120	5.9311
37	120	5.8946
38	120	6.3996
39	120	4.5495
40	120	6.2404
41	120	4.7156
42	120	4.8012
43	120	6.5048
44	120	6.4651
46	120	6.56
47	120	2.6898
48	120	2.3743
49	120	2.4265
50	120	4.6827
51	120	4.6359
52	120	9.2655
53	120	4.5163
54	120	4.7382
55	120	4.346
56	120	4.4416
57	120	7.9013
58	120	5.6951
59	120	4.5697
60	120	4.9397
61	120	4.9167
62	120	4.7787
63	120	9.6707
64	120	9.4183
65	120	7.0059
66	120	6.9013
67	120	7.8029
68	120	5.0845
69	120	7.2382
70	120	5.1559
71	120	4.3506
72	120	2.6778
73	120	2.6233
74	120	7.189
75	120	5.5716
76	120	4.4709
77	120	4.5422
78	120	2.4991
79	120	2.7157
80	120	5.7153
81	120	0.95249
82	120	3.4964
83	120	5.5794
84	120	3.5023
85	120	2.0681
87	120	3.4076
88	120	3.3691
89	120	3.2901
90	120	6.1766
91	120	6.117
92	120	5.821
93	120	5.8202
94	120	-1.4367
95	120	-1.5854
96	120	-1.739
97	120	-1.3775
98	120	-1.3527
99	120	-1.4189
100	120	-1.4089
101	120	2.108
102	120	-2.4654
104	120	-1.2691
105	120	-1.291
106	120	-2.1126
107	120	-1.1168
108	120	-1.2043
109	120	-0.99721
110	120	1.7164
111	120	-0.88673
112	120	-1.1513
113	120	-0.97469
114	120	-1.1849
115	120	0.64559
118	120	-1.5497
119	120	-1.2497
5	121	7.0111
15	121	7.2823
17	121	6.7024
19	121	7.2127
21	121	7.5252
24	121	7.1089
26	121	5.688
29	121	5.5634
45	121	4.2335
52	121	2.8269
57	121	4.1615
67	121	5.1789
68	121	2.3584
70	121	2.5651
86	121	1.6042
87	121	1.7113
88	121	1.6319
89	121	1.634
90	121	1.7163
91	121	1.7823
103	121	0.68582
110	121	0.60271
116	121	-1.7425
117	121	-2.0132
118	121	-1.6907
120	121	-1.5632
5	122	6.9231
15	122	7.2422
17	122	6.5901
19	122	7.142
21	122	7.4855
24	122	6.996
26	122	5.5668
29	122	5.4421
45	122	4.1533
52	122	2.8079
57	122	4.045
67	122	5.1129
68	122	2.2292
70	122	2.4357
86	122	1.5502
87	122	1.5858
88	122	1.507
89	122	1.5108
90	122	1.7474
91	122	1.8171
103	122	0.74015
110	122	0.8619
116	122	-1.8884
117	122	-2.2315
118	122	-1.8803
120	122	-1.7644
2	123	12.5338
3	123	10.5506
5	123	12.5491
14	123	10.3894
19	123	11.5443
40	123	9.5155
45	123	9.5238
50	123	7.5214
53	123	7.4302
55	123	7.1779
72	123	6.9067
86	123	6.3538
96	123	5.7818
103	123	3.6484
116	123	3.0702
117	123	3.4416
120	123	3.1854
2	124	12.5099
3	124	10.5582
5	124	12.5468
14	124	10.3969
19	124	11.5497
40	124	9.4948
45	124	9.5272
50	124	7.5302
53	124	7.4415
55	124	7.1916
72	124	6.8553
86	124	6.3681
96	124	5.611
103	124	3.7162
116	124	3.0949
117	124	3.4828
120	124	3.2171
5	125	6.2448
19	125	6.2094
23	125	9.285
34	125	8.2696
45	125	3.5958
63	125	7.9507
64	125	7.595
69	125	5.1522
74	125	5.1594
86	125	0.29002
92	125	4.0844
93	125	4.184
103	125	0.12997
116	125	-2.242
117	125	-2.1239
120	125	-2.3805
121	125	-1.8742
122	125	-2.3074
5	126	6.5088
19	126	6.3586
23	126	9.3233
34	126	8.2898
45	126	3.8348
63	126	8.0235
64	126	7.6652
69	126	5.191
74	126	5.2007
86	126	0.51929
92	126	4.231
93	126	4.3428
103	126	0.057959
116	126	-2.0588
117	126	-2.0081
120	126	-2.1337
121	126	-1.7082
122	126	-2.1914
1	127	9.8611
5	127	11.3353
7	127	8.9986
19	127	10.6452
25	127	8.9083
28	127	8.8999
30	127	9.1966
39	127	7.1284
41	127	7.2612
43	127	8.9861
44	127	8.7722
45	127	8.7585
46	127	8.8802
47	127	6.3653
48	127	6.1301
49	127	6.5026
73	127	6.1533
78	127	6.2799
79	127	6.5055
81	127	4.4593
86	127	5.7421
94	127	4.8469
95	127	5.0066
102	127	0.95214
103	127	2.5851
116	127	1.9759
117	127	1.9952
120	127	1.8953
123	127	-1.9829
124	127	-1.9442
5	128	9.0195
8	128	8.8747
9	128	9.3175
10	128	9.0101
19	128	9.0214
20	128	9.1555
36	128	4.8576
37	128	4.86
45	128	7.1031
56	128	4.285
59	128	5.0953
60	128	6.5583
61	128	6.4228
86	128	4.3574
103	128	1.9017
115	128	-0.21972
116	128	0.98863
117	128	1.0645
120	128	0.98997
1	129	9.8732
5	129	11.2134
7	129	8.9694
19	129	10.4944
25	129	8.9447
28	129	8.9366
30	129	9.2342
39	129	7.1267
41	129	7.259
43	129	9.0669
44	129	8.8536
45	129	8.6218
46	129	8.9617
47	129	6.3205
48	129	6.0849
49	129	6.4556
73	129	6.2614
78	129	6.3912
79	129	6.6175
81	129	4.4564
86	129	5.5924
94	129	5.0236
95	129	5.1867
102	129	0.98576
103	129	2.4092
116	129	1.8448
117	129	1.8588
120	129	1.7652
123	129	-2.1982
124	129	-1.8923
5	130	8.9744
8	130	8.6391
9	130	9.0834
10	130	8.8027
19	130	8.9516
20	130	8.9213
36	130	4.6804
37	130	4.6828
45	130	7.045
56	130	4.1116
59	130	4.9136
60	130	6.3673
61	130	6.2324
86	130	4.2896
103	130	1.8147
115	130	-0.036911
116	130	0.9529
117	130	1.0238
120	130	0.95603
5	131	11.5149
19	131	9.3607
45	131	9.6814
86	131	7.7441
103	131	5.0795
116	131	8.0546
117	131	7.4982
120	131	8.1558
5	132	7.9073
8	132	4.8236
9	132	4.6746
10	132	4.8416
19	132	7.8856
20	132	5.2182
36	132	3.2882
37	132	3.0796
45	132	6.0236
56	132	2.1999
59	132	2.1166
60	132	2.4501
61	132	2.22
86	132	3.4703
103	132	1.3417
115	132	-1.8449
116	132	0.64789
117	132	0.57691
120	132	0.37942
5	133	7.7513
8	133	4.8753
9	133	4.7257
10	133	4.8904
19	133	7.7349
20	133	5.2659
36	133	3.3647
37	133	3.1553
45	133	5.8563
56	133	2.2294
59	133	2.1436
60	133	2.478
61	133	2.2471
86	133	3.2812
103	133	1.1255
115	133	-2.0331
116	133	0.44196
117	133	0.36259
120	133	0.16542
5	134	11.3909
19	134	9.2628
45	134	9.5591
86	134	7.5926
103	134	4.9699
116	134	7.705
117	134	7.1745
120	134	7.7768
1	135	9.339
2	135	11.8248
3	135	10.1049
4	135	8.6322
6	135	8.9316
7	135	6.7041
8	135	9.2306
9	135	9.2378
10	135	9.1462
11	135	12.9198
12	135	12.8264
13	135	8.6465
14	135	9.8488
15	135	13.6761
16	135	12.961
17	135	12.0497
18	135	8.7995
20	135	9.3284
21	135	13.5673
22	135	11.3875
23	135	13.6482
24	135	12.1777
25	135	11.0031
26	135	11.1143
27	135	8.1383
28	135	11.1516
29	135	11.195
30	135	11.2489
31	135	11.1469
32	135	8.23
33	135	11.2607
34	135	12.0594
35	135	8.2025
36	135	8.0211
37	135	7.9857
38	135	7.8518
39	135	6.542
40	135	8.7702
41	135	6.6925
42	135	6.6121
43	135	9.3592
44	135	9.2828
46	135	9.3711
47	135	3.6456
48	135	3.9294
49	135	3.8269
50	135	6.8959
51	135	6.5584
52	135	10.4982
53	135	6.7106
54	135	6.6801
55	135	6.5341
56	135	6.5797
57	135	10.7021
58	135	6.2951
59	135	6.6705
60	135	7.011
61	135	6.9778
62	135	6.5714
63	135	11.8535
64	135	11.9162
65	135	9.1231
66	135	8.9971
67	135	9.3073
68	135	7.6531
69	135	9.491
70	135	7.7082
71	135	6.2655
72	135	6.0559
73	135	6.1356
74	135	9.4774
75	135	7.9395
76	135	6.3801
77	135	6.4325
78	135	6.1596
79	135	6.3886
80	135	8.1413
81	135	3.5783
82	135	6.4533
83	135	8.0674
84	135	6.4877
85	135	3.8215
87	135	7.337
88	135	7.3506
89	135	7.2581
90	135	7.1841
91	135	7.0871
92	135	9.816
93	135	9.866
94	135	4.3349
95	135	4.3626
96	135	4.5307
97	135	3.1618
98	135	5.0987
99	135	4.8359
100	135	3.1026
101	135	0.99587
102	135	2.1553
104	135	5.3344
105	135	5.082
106	135	0.57012
107	135	5.3807
108	135	5.0307
109	135	3.5308
110	135	4.9982
111	135	5.9006
112	135	4.8126
113	135	3.5244
114	135	3.0522
115	135	0.38928
118	135	4.5144
119	135	2.7112
121	135	8.5213
122	135	8.9329
123	135	-2.253
124	135	-2.1546
125	135	3.8325
126	135	3.8573
127	135	-1.9692
128	135	-1.5753
129	135	-1.7457
130	135	-1.5312
131	135	-1.8791
132	135	-1.3237
133	135	-1.1075
134	135	-2.3657
5	136	7.8167
8	136	4.5994
9	136	4.4517
10	136	4.6183
19	136	7.7944
20	136	4.9916
36	136	3.059
37	136	2.851
45	136	5.9297
56	136	1.9552
59	136	1.8713
60	136	2.201
61	136	1.9724
86	136	3.3799
103	136	1.28
115	136	-1.7896
116	136	0.58691
117	136	0.51804
120	136	0.31911
135	136	-1.2935
5	137	6.7068
19	137	6.9264
22	137	6.5547
45	137	5.1335
75	137	4.9361
80	137	5.6323
83	137	5.6139
86	137	2.6702
103	137	0.83463
107	137	0.04816
108	137	0.18339
111	137	0.70961
112	137	0.97665
116	137	-0.11956
117	137	-0.2785
120	137	-0.44765
135	137	-1.1578
5	138	11.2753
19	138	9.1783
45	138	9.4581
86	138	7.5049
103	138	5.047
116	138	7.536
117	138	7.069
120	138	7.6083
135	138	-2.1904
1	139	9.5047
2	139	11.729
3	139	10.0455
4	139	8.2956
6	139	8.778
7	139	6.8948
8	139	8.9778
9	139	8.9874
10	139	8.8975
11	139	12.6829
12	139	12.5916
13	139	8.3915
14	139	9.7905
15	139	13.9645
16	139	12.723
17	139	11.809
18	139	8.5458
20	139	9.0785
21	139	13.933
22	139	11.0628
23	139	13.342
24	139	11.9359
25	139	10.872
26	139	10.9052
27	139	8.0151
28	139	11.0206
29	139	10.9859
30	139	11.1208
31	139	10.9655
32	139	8.1076
33	139	11.0795
34	139	11.8106
35	139	8.0899
36	139	7.7273
37	139	7.6936
38	139	7.7363
39	139	6.6991
40	139	8.662
41	139	6.8509
42	139	6.2978
43	139	9.18
44	139	9.1087
46	139	9.1975
47	139	3.8127
48	139	4.1026
49	139	3.9958
50	139	6.8173
51	139	6.3874
52	139	10.8756
53	139	6.6337
54	139	6.5064
55	139	6.458
56	139	6.3142
57	139	10.4351
58	139	6.0583
59	139	6.4093
60	139	6.7467
61	139	6.7164
62	139	6.446
63	139	11.5687
64	139	11.6084
65	139	8.9178
66	139	8.796
67	139	8.9159
68	139	7.4351
69	139	9.2178
70	139	7.4927
71	139	6.1299
72	139	5.8867
73	139	5.9237
74	139	9.2024
75	139	7.6396
76	139	6.2452
77	139	6.3
78	139	5.9347
79	139	6.1621
80	139	7.8393
81	139	3.6833
82	139	6.1929
83	139	7.7627
84	139	6.2287
85	139	3.4983
87	139	7.0184
88	139	7.0325
89	139	6.9442
90	139	7.7253
91	139	7.6269
92	139	9.3691
93	139	9.482
94	139	3.9927
95	139	4.0091
96	139	4.2129
97	139	2.9049
98	139	4.657
99	139	4.4053
100	139	2.8399
101	139	0.74391
102	139	2.1494
104	139	4.8781
105	139	4.6374
106	139	0.1745
107	139	4.8077
108	139	4.4879
109	139	3.3063
110	139	5.6422
111	139	5.2787
112	139	4.2948
113	139	3.3068
114	139	2.8655
115	139	0.080027
118	139	3.9972
119	139	2.5715
121	139	7.6026
122	139	7.9263
123	139	-2.0313
124	139	-2.0378
125	139	4.2939
126	139	4.331
127	139	-1.66
128	139	-1.2114
129	139	-1.436
130	139	-1.1684
131	139	-2.1953
132	139	-0.9852
133	139	-0.79978
134	139	-2.4469
136	139	-0.94659
137	139	-0.92397
138	139	-1.9551
1	140	9.3665
2	140	11.6608
3	140	9.9669
4	140	8.3831
6	140	8.8
7	140	6.7478
8	140	9.1018
9	140	9.1105
10	140	9.0203
11	140	12.7446
12	140	12.653
13	140	8.4381
14	140	9.711
15	140	13.8231
16	140	12.7851
17	140	11.8965
18	140	8.5912
20	140	9.201
21	140	13.7219
22	140	11.2485
23	140	13.4325
24	140	12.0237
25	140	10.87
26	140	10.9815
27	140	8.1035
28	140	11.0184
29	140	11.0622
30	140	11.1174
31	140	11.0109
32	140	8.1954
33	140	11.1248
34	140	11.8886
35	140	8.1426
36	140	7.8711
37	140	7.8373
38	140	7.7915
39	140	6.5683
40	140	8.609
41	140	6.7189
42	140	6.3712
43	140	9.2051
44	140	9.1331
46	140	9.2212
47	140	3.6862
48	140	3.9718
49	140	3.8676
50	140	6.7609
51	140	6.4326
52	140	10.6591
53	140	6.5779
54	140	6.5523
55	140	6.4033
56	140	6.4598
57	140	10.5348
58	140	6.0866
59	140	6.5533
60	140	6.8888
61	140	6.8582
62	140	6.5189
63	140	11.6365
64	140	11.7013
65	140	8.9877
66	140	8.865
67	140	9.282
68	140	7.5384
69	140	9.3225
70	140	7.5965
71	140	6.2387
72	140	5.8734
73	140	5.9846
74	140	9.3089
75	140	7.8383
76	140	6.3537
77	140	6.4079
78	140	6.0013
79	140	6.229
80	140	8.0409
81	140	3.5808
82	140	6.2834
83	140	7.9674
84	140	6.3209
85	140	3.5698
87	140	7.169
88	140	7.186
89	140	7.0987
90	140	7.3543
91	140	7.2587
92	140	9.5318
93	140	9.6215
94	140	4.153
95	140	4.1774
96	140	4.2832
97	140	3.1477
98	140	4.8757
99	140	4.6306
100	140	3.0933
101	140	0.78217
102	140	2.0832
104	140	5.1039
105	140	4.8707
106	140	0.28567
107	140	5.2135
108	140	4.8948
109	140	3.5519
110	140	5.2203
111	140	5.695
112	140	4.7141
113	140	3.5626
114	140	3.1142
115	140	0.44528
118	140	4.3739
119	140	2.8142
121	140	7.9575
122	140	8.2901
123	140	-2.2323
124	140	-2.0781
125	140	4.0438
126	140	4.0756
127	140	-1.477
128	140	-1.12
129	140	-1.2942
130	140	-1.0966
131	140	-2.1095
132	140	-0.96854
133	140	-0.78172
134	140	-2.5906
136	140	-0.95014
137	140	-0.87266
138	140	-2.1443
5	141	8.4789
19	141	8.3957
22	141	11.2067
45	141	6.2903
75	141	7.6881
80	141	8.3221
83	141	8.3094
86	141	3.2078
103	141	0.86407
107	141	4.1861
108	141	4.166
111	141	4.4082
112	141	4.3834
116	141	-0.37553
117	141	-0.35451
120	141	-0.45131
135	141	-1.2583
139	141	-0.72715
140	141	-0.71409
5	142	8.4192
19	142	8.2778
22	142	11.4821
45	142	6.2041
75	142	8.3772
80	142	9.0198
83	142	9.005
86	142	3.1054
103	142	0.69646
107	142	3.8876
108	142	3.9868
111	142	3.9067
112	142	4.2628
116	142	-0.40785
117	142	-0.37482
120	142	-0.48267
135	142	-1.0535
139	142	-0.6453
140	142	-0.65978
5	143	7.5868
8	143	5.2092
9	143	5.0566
10	143	5.2153
19	143	7.5743
20	143	5.5923
36	143	3.7621
37	143	3.5505
45	143	5.6868
56	143	2.5339
59	143	2.4407
60	143	2.7869
61	143	2.5503
86	143	3.1209
103	143	1.026
115	143	-1.6646
116	143	0.34487
117	143	0.27054
120	143	0.072404
135	143	-1.0185
139	143	-0.70497
140	143	-0.71427
5	144	8.3208
19	144	8.2012
22	144	11.7233
45	144	6.1121
75	144	8.5989
80	144	9.2543
83	144	9.2401
86	144	3.0158
103	144	0.65298
107	144	4.1268
108	144	4.2222
111	144	4.1558
112	144	4.4929
116	144	-0.50985
117	144	-0.49282
120	144	-0.41849
135	144	-1.3249
139	144	-0.86526
140	144	-0.93578
5	145	6.7715
19	145	6.9835
22	145	6.5611
45	145	5.2064
75	145	4.9154
80	145	5.6144
83	145	5.5966
86	145	2.7819
103	145	1.042
107	145	0.24973
108	145	0.37574
111	145	0.90683
112	145	1.1562
116	145	0.092813
117	145	-0.054791
120	145	-0.22305
135	145	-1.6246
139	145	-1.3193
140	145	-1.3008
5	146	8.0431
19	146	6.9867
23	146	11.3079
34	146	10.0947
45	146	5.2388
63	146	10.3967
64	146	10.0292
69	146	7.3901
74	146	7.4474
86	146	2.431
92	146	7.3983
93	146	7.6196
103	146	0.11029
116	146	1.1618
117	146	1.1892
120	146	1.2124
121	146	5.4028
122	146	5.6553
135	146	-1.9801
139	146	-1.698
140	146	-2.1909
5	147	8.2238
19	147	8.1292
22	147	11.9331
45	147	6.0218
75	147	8.4899
80	147	9.1433
83	147	9.1351
86	147	2.928
103	147	0.61213
107	147	4.3256
108	147	4.4189
111	147	4.361
112	147	4.685
116	147	-0.30229
117	147	-0.50953
120	147	-0.20522
135	147	-1.5656
139	147	-1.0757
140	147	-1.1906
5	148	6.4072
19	148	6.6371
22	148	6.4562
45	148	4.8318
75	148	4.7854
80	148	5.4871
83	148	5.469
86	148	2.3797
103	148	0.62841
107	148	0.20473
108	148	0.32229
111	148	0.87272
112	148	1.1012
116	148	-0.33657
117	148	-0.48008
120	148	-0.6546
135	148	-1.1451
139	148	-0.82035
140	148	-0.83733
5	149	8.1304
19	149	6.8307
23	149	11.1496
34	149	9.9254
45	149	5.2828
63	149	10.2429
64	149	9.8615
69	149	7.2184
74	149	7.2756
86	149	2.6708
92	149	7.209
93	149	7.4265
103	149	0.3109
116	149	1.275
117	149	1.3028
120	149	1.3174
121	149	5.1256
122	149	5.359
135	149	-2.2266
139	149	-2.0362
140	149	-2.3478
5	150	7.9254
15	150	8.2207
17	150	8.5117
19	150	7.4216
21	150	8.5075
24	150	8.9524
26	150	6.9562
29	150	6.8284
45	150	5.2194
52	150	3.9762
57	150	6.1423
67	150	5.0838
68	150	4.4433
70	150	4.7134
86	150	2.4041
87	150	4.2058
88	150	4.221
89	150	4.2748
90	150	2.5803
91	150	2.7106
103	150	0.46225
110	150	0.72541
116	150	-0.53935
117	150	-0.52384
118	150	2.6479
120	150	-0.44354
125	150	0.63202
126	150	0.65946
135	150	-2.4244
139	150	-1.8847
140	150	-2.0003
146	150	-2.2899
149	150	-2.3604
5	151	6.6968
19	151	6.934
22	151	6.4618
45	151	5.1443
75	151	4.812
80	151	5.5119
83	151	5.4959
86	151	2.7392
103	151	1.0818
107	151	0.37476
108	151	0.49687
111	151	1.0115
112	151	1.2561
116	151	0.094423
117	151	-0.033499
120	151	-0.20655
135	151	-1.3481
139	151	-1.3503
140	151	-1.3629
5	152	7.0957
11	152	7.1502
12	152	7.1259
16	152	7.335
19	152	7.0763
31	152	5.2411
33	152	5.7492
35	152	5.0389
38	152	4.8512
45	152	5.1858
62	152	3.2823
65	152	3.0557
66	152	2.1948
86	152	2.4079
103	152	0.76871
109	152	2.7152
113	152	2.9601
114	152	2.6805
116	152	0.43443
117	152	0.069464
119	152	2.4909
120	152	0.28947
135	152	-1.3508
137	152	-0.78807
139	152	-0.75265
140	152	-0.95995
141	152	-0.82523
142	152	-1.4456
144	152	-1.8097
145	152	-1.5879
147	152	-1.9913
148	152	-0.89455
151	152	-0.65251
5	153	7.1169
11	153	7.1942
12	153	7.1697
16	153	7.3788
19	153	7.1092
31	153	5.2708
33	153	5.7822
35	153	5.2122
38	153	5.0233
45	153	5.2154
62	153	3.455
65	153	3.1022
66	153	2.2427
86	153	2.4559
103	153	0.86824
109	153	2.8265
113	153	3.0636
114	153	2.7937
116	153	0.40743
117	153	0.03874
119	153	2.6104
120	153	0.25958
135	153	-1.3363
137	153	-0.37759
139	153	-0.86562
140	153	-1.0747
141	153	-0.63835
142	153	-1.4867
144	153	-1.9196
145	153	-1.2956
147	153	-1.7379
148	153	-1.3173
151	153	-1.1394
5	154	7.0742
11	154	7.0307
12	154	7.0066
16	154	7.216
19	154	7.0451
31	154	5.4029
33	154	5.9069
35	154	5.0901
38	154	4.9038
45	154	5.1607
62	154	3.3494
65	154	3.022
66	154	2.185
86	154	2.3926
103	154	0.76692
109	154	2.8406
113	154	3.0886
114	154	2.8201
116	154	0.51895
117	154	0.15597
119	154	2.6465
120	154	0.36881
135	154	-1.2793
137	154	-0.16926
139	154	-0.71746
140	154	-0.91563
141	154	-0.98575
142	154	-1.062
144	154	-1.3489
145	154	-1.0353
147	154	-1.5025
148	154	-1.2905
151	154	-1.1838
offset
60
