130
detection	body_part	cost
1	6	-2.9587
2	6	-1.6053
3	7	-0.61295
4	12	0.54135
5	12	-1.672
6	12	0.77632
7	13	-2.1115
8	1	-0.42212
9	12	0.75221
10	11	9.2102
11	1	-4.4099
12	1	-1.5752
13	8	0.81238
14	1	-2.713
15	3	1.3035
16	8	0.27844
17	9	-1.9731
18	2	-3.6502
19	5	0.49345
20	9	-2.6713
21	11	9.2102
22	10	-1.7001
23	10	-1.9412
24	3	0.99576
25	3	-3.5496
26	5	0.43845
27	9	0.015347
28	10	-0.49055
29	3	-0.45487
30	3	-1.0646
31	10	0.83141
32	5	-0.27543
33	4	-2.5769
34	11	9.2102
35	4	-0.86471
36	7	0.59527
37	7	-0.095172
38	6	-1.0552
39	7	-3.1923
40	8	-0.16707
41	6	0.69466
42	6	-1.1126
43	7	0.068876
44	7	-2.9198
45	8	-2.4834
46	6	-4.0791
47	7	-0.018456
48	8	-0.15299
49	11	9.2102
50	6	-0.61861
51	11	9.2102
52	1	-0.00044608
53	12	-1.2483
54	12	0.46538
55	2	1.1519
56	11	9.2102
57	11	9.2102
58	1	-0.25318
59	1	-0.7922
60	12	0.52858
61	12	0.45046
62	2	-0.54684
63	11	9.2102
64	1	1.1106
65	1	-2.6047
66	1	-2.3367
67	11	9.2102
68	7	-0.39285
69	11	9.2102
70	11	9.2102
71	2	-1.6886
72	2	-1.5466
73	7	-1.5098
74	9	1.1521
75	11	9.2102
76	11	9.2102
77	2	-0.53723
78	11	9.2102
79	3	0.67876
80	7	-0.66505
81	7	-1.0591
82	7	-0.44818
83	11	9.2102
84	12	0.99711
85	6	0.57778
86	3	1.1828
87	11	9.2102
88	6	0.3953
89	6	0.30478
90	11	9.2102
91	12	-1.1356
92	12	-1.1566
93	11	9.2102
94	6	0.91533
95	8	1.3587
96	11	9.2102
97	12	0.085297
98	11	9.2102
99	11	9.2102
100	9	0.95202
101	1	-5.7268
102	9	-0.19878
103	2	-4.1344
104	9	0.91843
105	11	9.2102
106	11	9.2102
107	11	9.2102
108	5	1.3728
109	9	-1.4919
110	9	0.36429
111	2	0.79767
112	3	-0.5478
113	3	-1.9819
114	9	-0.55159
115	11	9.2102
116	11	9.2102
117	3	-3.3155
118	5	0.54578
119	11	9.2102
120	5	0.38628
121	4	0.66369
122	3	-1.1019
123	5	0.17498
124	4	-0.69814
125	4	-3.7897
126	5	-1.9021
127	4	-1.4704
128	4	0.52188
129	5	-0.15866
130	11	9.2102
detection1	detection2	cost
1	2	-5.6071
4	5	-3.7143
4	6	-5.6071
5	6	-3.2674
4	9	-0.67521
5	9	-3.2674
6	9	-1.5143
8	11	-4.8231
8	12	-5.6071
11	12	-5.6071
8	14	-3.2674
11	14	-5.6071
12	14	-4.8231
13	16	-3.2674
17	20	-5.6071
10	21	-1.5143
22	23	-5.6071
15	24	-0.67521
15	25	-3.2674
24	25	-3.7143
19	26	-5.6071
17	27	-2.1462
20	27	-3.2674
22	28	-5.6071
23	28	-4.8231
15	29	-0.67521
24	29	-4.8231
25	29	-4.8231
15	30	-1.8214
24	30	-1.5143
25	30	-4.8231
29	30	-3.7143
22	31	-3.2674
23	31	-3.7143
28	31	-4.8231
19	32	-1.5143
26	32	-3.2674
10	34	4.4715
21	34	0.53071
33	35	-4.8231
3	36	10.4572
3	37	11.1425
36	37	-5.6071
1	38	14.0819
2	38	12.262
3	39	13.6628
36	39	-3.2674
37	39	-4.8231
13	40	18.7964
16	40	21.3311
1	41	15.293
2	41	13.4073
38	41	-3.2674
1	42	17.1071
2	42	15.3715
38	42	-3.2674
41	42	0.071429
3	43	14.0819
36	43	-3.7143
37	43	-3.2674
39	43	-3.2674
3	44	15.3715
36	44	-2.1462
37	44	-3.2674
39	44	-5.6071
43	44	-3.7143
13	45	16.7404
16	45	18.7964
40	45	-3.2674
1	46	17.7539
2	46	15.9133
38	46	-3.7143
41	46	-3.2674
42	46	-3.2674
3	47	17.8953
36	47	0.53071
37	47	-0.67521
39	47	-3.2674
43	47	-1.5143
44	47	-4.8231
13	48	20.8929
16	48	23.0214
40	48	-3.7143
45	48	-3.2674
10	49	11.4286
21	49	5.8845
34	49	0.96511
1	50	19.269
2	50	17.3966
38	50	-1.5143
41	50	-3.2674
42	50	-0.67521
46	50	-4.8231
10	51	13.6628
21	51	8.6726
34	51	1.9643
49	51	-3.2674
8	52	15.5276
11	52	14.0819
12	52	13.6628
14	52	12.262
4	53	21.3311
5	53	20.0604
6	53	19.6016
9	53	15.9133
4	54	24.0034
5	54	22.1279
6	54	22.4287
9	54	17.8953
53	54	-1.8214
18	55	12.262
10	56	44.1649
21	56	39.9726
34	56	43.4667
49	56	38.2821
51	56	41.8597
10	57	42.5087
21	57	38.243
34	57	41.6414
49	57	36.4045
51	57	39.9726
56	57	-5.6071
8	58	17.1071
11	58	15.293
12	58	15.2143
14	58	13.4073
52	58	-3.2674
8	59	17.7539
11	59	16.443
12	59	15.9133
14	59	14.6553
52	59	-4.8231
58	59	-1.8214
4	60	22.4287
5	60	21.4551
6	60	20.6393
9	60	17.3966
53	60	-4.8231
54	60	0.30445
4	61	24.6786
5	61	23.08
6	61	23.0214
9	61	18.8644
53	61	-3.2674
54	61	-4.8231
60	61	-1.8214
18	62	14.0819
55	62	-5.6071
10	63	41.8597
21	63	37.3731
34	63	40.3859
49	63	34.8256
51	63	38.2821
56	63	-3.2674
57	63	-4.8231
8	64	19.0675
11	64	17.1071
12	64	17.1798
14	64	15.2143
52	64	-0.67521
58	64	-4.8231
59	64	0.30445
8	65	19.0675
11	65	17.3966
12	65	17.1798
14	65	15.5276
52	65	-3.2674
58	65	-4.8231
59	65	-3.2674
64	65	-3.7143
8	66	19.269
11	66	17.7539
12	66	17.3966
14	66	15.9133
52	66	-3.7143
58	66	-3.2674
59	66	-4.8231
64	66	-1.8214
65	66	-5.6071
10	67	29.9767
21	67	24.7342
34	67	26.3605
49	67	20.0604
51	67	23.3135
56	67	11.523
57	67	9.6406
63	67	7.6429
3	68	23.0214
36	68	5.8845
37	68	6.2802
39	68	5.1977
43	68	2.1517
44	68	3.5372
47	68	3.2076
10	69	19.269
21	69	14.0819
34	69	7.6429
49	69	0.96511
51	69	-1.8214
56	69	41.7507
57	69	39.8593
63	69	37.9286
67	69	22.7857
10	70	19.6016
21	70	14.6553
34	70	7.7607
49	70	1.9643
51	70	-1.5143
56	70	43.6422
57	70	41.7507
63	70	39.8214
67	70	24.6786
69	70	-5.6071
18	71	15.293
55	71	-2.1462
62	71	-3.2674
18	72	15.9133
55	72	-3.7143
62	72	-5.6071
71	72	-3.7143
3	73	25.1758
36	73	7.6429
37	73	7.7607
39	73	6.2802
43	73	3.8571
44	73	4.4715
47	73	3.5372
68	73	-4.8231
17	74	18.2456
20	74	16.443
27	74	13.6628
10	75	21.1441
21	75	15.9133
34	75	9.5357
49	75	2.6933
51	75	0.071429
56	75	41.8597
57	75	39.9726
63	75	37.968
67	75	22.8448
69	75	-5.6071
70	75	-4.8231
10	76	21.4551
21	76	16.443
34	76	9.6406
49	76	3.5372
51	76	0.30445
56	76	43.7472
57	76	41.8597
63	76	39.8593
67	76	24.7342
69	76	-4.8231
70	76	-5.6071
75	76	-5.6071
18	77	18.2456
55	77	-1.5143
62	77	-3.2674
71	77	-1.5143
72	77	-4.8231
10	78	40.9808
21	78	36.0768
34	78	38.243
49	78	32.024
51	78	35.2048
56	78	1.9643
57	78	0.53071
63	78	-2.1462
67	78	4.4715
69	78	34.3146
70	78	36.2
75	78	34.1859
76	78	36.0768
15	79	19.0675
24	79	16.443
25	79	15.5276
29	79	14.0819
30	79	13.4073
3	80	26.7811
36	80	9.6406
37	80	9.9513
39	80	8.6726
43	80	5.8845
44	80	6.9156
47	80	6.1496
68	80	-3.7143
73	80	-4.8231
3	81	27.0414
36	81	9.5357
37	81	9.6406
39	81	8.1089
43	81	5.75
44	81	6.2802
47	81	5.1977
68	81	-3.2674
73	81	-5.6071
80	81	-5.6071
3	82	27.4026
36	82	9.6406
37	82	9.5357
39	82	7.7607
43	82	5.8845
44	82	5.8845
47	82	4.4715
68	82	-2.1462
73	82	-4.8231
80	82	-3.7143
81	82	-5.6071
10	83	26.3605
21	83	20.4477
34	83	19.269
49	83	11.4286
51	83	13.6628
56	83	23.3135
57	83	21.4551
63	83	19.269
67	83	4.4715
69	83	11.8034
70	83	13.6628
75	83	11.523
76	83	13.4073
78	83	15.2143
4	84	28.4144
5	84	27.4026
6	84	26.624
9	84	23.3135
53	84	0.071429
54	84	1.9643
60	84	-1.5143
61	84	-0.67521
1	85	30.4044
2	85	28.5141
38	85	11.1425
41	85	8.1089
42	85	11.4286
46	85	7.7607
50	85	5.1977
15	86	20.8929
24	86	17.7539
25	86	17.1798
29	86	15.5276
30	86	15.2143
79	86	-4.8231
10	87	24.9005
21	87	19.6016
34	87	13.3214
49	87	6.2802
51	87	3.8571
56	87	42.2933
57	87	40.4233
63	87	38.2821
67	87	23.3135
69	87	-1.8214
70	87	-1.5143
75	87	-3.7143
76	87	-3.2674
78	87	34.1859
83	87	11.523
1	88	32.4299
2	88	30.546
38	88	13.6628
41	88	10.4572
42	88	14.0819
46	88	10.3572
50	88	7.7607
85	88	-4.8231
1	89	32.295
2	89	30.4044
38	89	12.8867
41	89	9.9513
42	89	12.9744
46	89	9.4302
50	89	6.9156
85	89	-5.6071
88	89	-5.6071
10	90	31.4763
21	90	25.6115
34	90	24.6229
49	90	16.7404
51	90	18.7964
56	90	20.6393
57	90	18.8644
63	90	16.443
67	90	3.2076
69	90	16.443
70	90	18.2456
75	90	15.9133
76	90	17.7539
78	90	11.8034
83	90	-2.1462
87	90	15.293
4	91	32.024
5	91	31.1069
6	91	30.2149
9	91	27.0414
53	91	3.8571
54	91	5.1977
60	91	2.1517
61	91	2.6933
84	91	-3.7143
4	92	32.6089
5	92	31.5222
6	92	30.8274
9	92	27.4026
53	92	4.0138
54	92	4.4715
60	92	2.6933
61	92	2.1517
84	92	-3.2674
91	92	-5.6071
10	93	26.7811
21	93	21.4551
34	93	15.2143
49	93	8.1089
51	93	5.75
56	93	42.6161
57	93	40.7586
63	93	38.5552
67	93	23.7178
69	93	0.071429
70	93	0.30445
75	93	-1.8214
76	93	-1.5143
78	93	34.3146
83	93	11.8034
87	93	-5.6071
90	93	15.2143
1	94	34.3146
2	94	32.4299
38	94	15.3715
41	94	12.262
42	94	15.6053
46	94	11.9882
50	94	9.4302
85	94	-3.2674
88	94	-5.6071
89	94	-4.8231
13	95	26.5714
16	95	24.9005
40	95	23.3135
45	95	19.269
48	95	20.8929
10	96	33.1414
21	96	27.2482
34	96	25.9881
49	96	17.9658
51	96	19.7992
56	96	21.3311
57	96	19.6016
63	96	17.1071
67	96	4.6202
69	96	17.1071
70	96	18.8644
75	96	16.443
76	96	18.2456
78	96	12.262
83	96	-0.67521
87	96	15.5276
90	96	-5.6071
93	96	15.293
4	97	35.0367
5	97	33.8406
6	97	33.2734
9	97	29.6887
53	97	6.2802
54	97	5.8845
60	97	5.1977
61	97	3.8571
84	97	-0.67521
91	97	-3.2674
92	97	-4.8231
10	98	28.663
21	98	23.3135
34	98	17.1071
49	98	9.9513
51	98	7.6429
56	98	43.0077
57	98	41.1652
63	98	38.904
67	98	24.2301
69	98	1.9643
70	98	2.1517
75	98	0.071429
76	98	0.30445
78	98	34.5282
83	98	12.262
87	98	-3.7143
90	98	15.293
93	98	-5.6071
96	98	15.2143
10	99	30.546
21	99	25.1758
34	99	19
49	99	11.8034
51	99	9.5357
56	99	43.4667
57	99	41.6414
63	99	39.3267
67	99	24.8452
69	99	3.8571
70	99	4.0138
75	99	1.9643
76	99	2.1517
78	99	34.8256
83	99	12.8867
87	99	-1.8214
90	99	15.5276
93	99	-3.7143
96	99	15.293
98	99	-5.6071
17	100	31.1069
20	100	29.2526
27	100	26.7811
74	100	5.75
8	101	36.6892
11	101	34.5282
12	101	34.8256
14	101	32.6536
52	101	16.2174
58	101	12.8867
59	101	15.6053
64	101	10.4572
65	101	11.9882
66	101	12.9744
17	102	33.3612
20	102	31.5222
27	102	28.9098
74	102	7.7607
100	102	-4.8231
18	103	32.9647
55	103	17.1798
62	103	15.6053
71	103	11.9882
72	103	14.0819
77	103	13.9152
17	104	34.1859
20	104	32.295
27	104	30.4044
74	104	10.4572
100	104	-0.67521
102	104	0.30445
10	105	37.9286
21	105	32.295
34	105	26.7811
49	105	19
51	105	17.3966
56	105	42.4729
57	105	40.7586
63	105	38.243
67	105	25.0659
69	105	11.8034
70	105	12.262
75	105	9.9513
76	105	10.4572
78	105	33.2734
83	105	13.9152
87	105	6.2802
90	105	14.5743
93	105	4.4715
96	105	13.6628
98	105	2.6933
99	105	0.96511
10	106	38.086
21	106	32.6536
34	106	26.5714
49	106	19.269
51	106	17.1071
56	106	45.9376
57	106	44.1996
63	106	41.7143
67	106	28.2144
69	106	11.4286
70	106	11.523
75	106	9.5357
76	106	9.6406
78	106	36.8106
83	106	16.7404
87	106	5.75
90	106	17.8953
93	106	3.8571
96	106	17.1071
98	106	1.9643
99	106	0.071429
105	106	-3.7143
10	107	38.2821
21	107	32.9647
34	107	26.624
49	107	19.6016
51	107	17.1798
56	107	47.6858
57	107	45.9376
63	107	43.4667
67	107	29.833
69	107	11.523
70	107	11.4286
75	107	9.6406
76	107	9.5357
78	107	38.5941
83	107	18.2456
87	107	5.8845
90	107	19.6016
93	107	4.0138
96	107	18.8644
98	107	2.1517
99	107	0.30445
105	107	-1.8214
106	107	-5.6071
19	108	34.1859
26	108	32.295
32	108	28.4643
17	109	36.6892
20	109	34.8256
27	109	32.4299
74	109	11.4286
100	109	-1.8214
102	109	-3.2674
104	109	-1.5143
17	110	37.4927
20	110	35.6638
27	110	32.9647
74	110	11.8034
100	110	-0.67521
102	110	-3.2674
104	110	2.1517
109	110	-3.7143
18	111	36.2
55	111	18.8644
62	111	17.1071
71	111	14.0819
72	111	15.3715
77	111	14.5743
103	111	-2.1462
15	112	38.5552
24	112	34.1859
25	112	34.5282
29	112	32.4299
30	112	32.9647
79	112	13.6628
86	112	11.1425
15	113	38.086
24	113	34.1859
25	113	34.1859
29	113	32.25
30	113	32.4299
79	113	12.262
86	113	9.9513
112	113	-3.7143
17	114	38.2821
20	114	36.4045
27	114	34.1859
74	114	13.4073
100	114	0.30445
102	114	-0.67521
104	114	-2.1462
109	114	-4.8231
110	114	-1.5143
10	115	41.7143
21	115	36.0768
34	115	30.546
49	115	22.7857
51	115	21.1441
56	115	44.1649
57	115	42.5087
63	115	39.9349
67	115	27.4026
69	115	15.5276
70	115	15.9133
75	115	13.6628
76	115	14.0819
78	115	34.8256
83	115	16.7404
87	115	9.9513
90	115	16.7404
93	115	8.1089
96	115	15.6053
98	115	6.2802
99	115	4.4715
105	115	-3.7143
106	115	-2.1462
107	115	-0.67521
10	116	41.8597
21	116	36.4045
34	116	30.3571
49	116	23.0214
51	116	20.8929
56	116	47.5232
57	116	45.8369
63	116	43.2907
67	116	30.3571
69	116	15.2143
70	116	15.293
75	116	13.3214
76	116	13.4073
78	116	38.243
83	116	19.269
87	116	9.5357
90	116	19.7992
93	116	7.6429
96	116	18.7964
98	116	5.75
99	116	3.8571
105	116	-2.1462
106	116	-3.7143
107	116	-3.2674
115	116	-3.7143
15	117	39.9726
24	117	36.0768
25	117	36.0768
29	117	34.1429
30	117	34.3146
79	117	14.0819
86	117	11.8034
112	117	-3.2674
113	117	-5.6071
19	118	38.2821
26	118	36.4045
32	118	32.4299
108	118	-2.1462
10	119	43.7472
21	119	38.2821
34	119	32.25
49	119	24.9005
51	119	22.7857
56	119	48.3954
57	119	46.7362
63	119	44.1649
67	119	31.5222
69	119	17.1071
70	119	17.1798
75	119	15.2143
76	119	15.293
78	119	39.0581
83	119	20.6393
87	119	11.4286
90	119	20.8929
93	119	9.5357
96	119	19.7992
98	119	7.6429
99	119	5.75
105	119	-0.67521
106	119	-1.8214
107	119	-1.5143
115	119	-3.2674
116	119	-5.6071
19	120	39.9726
26	120	38.086
32	120	34.1859
108	120	-1.5143
118	120	-4.8231
33	121	34.1429
35	121	32.295
15	122	43.7472
24	122	39.8593
25	122	39.8593
29	122	37.9286
30	122	38.086
79	122	17.7539
86	122	15.5276
112	122	-0.67521
113	122	-1.8214
117	122	-3.7143
19	123	44.4761
26	123	42.6161
32	123	38.5552
108	123	4.6202
118	123	-0.67521
120	123	-0.67521
33	124	38.2821
35	124	36.6892
121	124	-0.67521
33	125	37.968
35	125	36.2
121	125	-3.2674
124	125	-3.7143
19	126	45.8033
26	126	43.9217
32	126	39.9726
108	126	4.4715
118	126	0.071429
120	126	-1.5143
123	126	-3.2674
33	127	39.8214
35	127	37.968
121	127	-1.8214
124	127	-1.5143
125	127	-4.8231
33	128	41.7507
35	128	39.9726
121	128	0.30445
124	128	-2.1462
125	128	-3.7143
127	128	-4.8231
19	129	49.5689
26	129	47.6858
32	129	43.7472
108	129	8.1089
118	129	3.8571
120	129	2.1517
123	129	-0.67521
126	129	-3.7143
10	130	82.2861
21	130	76.5565
34	130	75.6566
49	130	67.5011
51	130	68.8035
56	130	42.0408
57	130	42.2933
63	130	40.7586
67	130	45.8369
69	130	64.9744
70	130	66.4184
75	130	63.7529
76	130	65.2212
78	130	38.0074
83	130	48.9694
87	130	61.401
90	130	43.6422
93	130	60.2738
96	130	42.1852
98	130	59.1812
99	130	58.1251
105	130	50.9645
106	130	54.3011
107	130	55.9884
115	130	49.2226
116	130	52.6559
119	130	51.9068
1	3	-2.3204
2	3	-2.1313
4	7	-2.1754
5	7	-2.1101
6	7	-2.1627
1	8	-1.8682
2	8	-1.7901
3	8	-1.8987
4	8	-1.901
5	8	-2.0221
6	8	-1.68
7	8	-1.5344
7	9	-2.1713
8	9	-1.5219
8	10	-1.1959
1	11	-2.3192
2	11	-2.2231
3	11	-2.1903
4	11	-1.6513
5	11	-1.8673
6	11	-1.7786
7	11	-1.7643
9	11	-1.9484
10	11	-1.1442
1	12	-1.8283
2	12	-1.6822
3	12	-2.2262
4	12	-1.5329
5	12	-1.746
6	12	-1.6434
7	12	-1.7705
9	12	-1.8141
10	12	-1.0948
3	13	-2.4286
8	13	-1.2718
11	13	-1.7194
12	13	-1.7392
1	14	-2.1455
2	14	-2.0111
3	14	-2.0316
4	14	-1.266
5	14	-1.5365
6	14	-1.4481
7	14	-1.9069
9	14	-1.6463
10	14	-0.92336
13	14	-1.8974
8	15	-0.96959
11	15	-1.8337
12	15	-1.3828
14	15	-1.3732
3	16	-0.90361
8	16	-0.56903
11	16	-1.3423
12	16	-1.1741
14	16	-1.9039
8	17	-1.6923
11	17	-1.9708
12	17	-1.9323
14	17	-1.622
8	18	-2.507
11	18	-2.4959
12	18	-2.489
14	18	-2.3696
8	19	-0.81569
11	19	-1.2432
12	19	-1.1681
14	19	-1.5284
8	20	-1.6345
11	20	-1.7838
12	20	-1.7832
14	20	-1.4576
8	21	-0.61561
11	21	-0.90071
12	21	-0.87149
14	21	-1.1987
8	22	-1.752
10	22	3.164
11	22	-1.7562
12	22	-1.7363
14	22	-1.53
17	22	-2.1807
20	22	-2.2523
21	22	5.6937
8	23	-1.707
10	23	3.4639
11	23	-1.7903
12	23	-1.7658
14	23	-1.5617
17	23	-2.1916
20	23	-2.4035
21	23	5.4549
8	24	-1.1351
11	24	-1.4746
12	24	-0.84284
14	24	-1.2421
8	25	-1.6187
11	25	-2.2645
12	25	-1.7291
14	25	-2.2091
8	26	-1.331
11	26	-1.8568
12	26	-1.6677
14	26	-1.3483
8	27	-1.4055
11	27	-1.7946
12	27	-1.6715
14	27	-1.6416
22	27	-1.6907
23	27	-1.7771
8	28	-1.6946
10	28	2.881
11	28	-1.8989
12	28	-1.8719
14	28	-1.7038
17	28	-1.9035
20	28	-2.1731
21	28	4.7677
27	28	-2.0478
8	29	-1.6011
11	29	-1.9821
12	29	-1.4833
14	29	-1.853
8	30	-1.6807
11	30	-2.3802
12	30	-1.915
14	30	-2.1049
8	31	-1.5793
10	31	2.7544
11	31	-1.8286
12	31	-1.7634
14	31	-1.8309
17	31	-1.7874
20	31	-2.0225
21	31	4.0045
27	31	-2.0747
8	32	-1.6527
11	32	-1.6265
12	32	-1.7719
14	32	-1.2599
8	33	-2.1161
11	33	-1.6152
12	33	-1.7923
14	33	-1.2959
15	33	-2.0392
19	33	-1.8188
24	33	-1.7103
25	33	-1.8858
26	33	-2.1996
29	33	-1.4333
30	33	-1.5222
32	33	-0.85419
8	34	-0.34836
11	34	-0.59266
12	34	-0.56282
14	34	-0.85852
22	34	2.7761
23	34	3.731
28	34	2.7728
31	34	5.2044
8	35	-1.8813
11	35	-2.1048
12	35	-2.2469
14	35	-1.8209
15	35	-1.6543
19	35	-0.84139
24	35	-1.9568
25	35	-2.2385
26	35	-0.59625
29	35	-1.7352
30	35	-1.9419
32	35	1.2274
1	36	0.87981
2	36	1.0081
8	36	2.4922
11	36	2.1822
12	36	2.3993
13	36	4.6817
14	36	2.0748
16	36	3.6413
1	37	0.90387
2	37	1.0405
8	37	2.6821
11	37	2.4051
12	37	2.6002
13	37	4.7961
14	37	2.3166
16	37	3.8447
3	38	2.4618
8	38	4.0567
11	38	3.4501
12	38	3.8981
14	38	3.2836
36	38	-2.3006
37	38	-2.3182
1	39	1.0783
2	39	1.2322
8	39	3.0054
11	39	2.7597
12	39	2.9496
13	39	4.8571
14	39	2.6999
16	39	3.9625
38	39	-1.5083
3	40	0.46942
8	40	1.5072
11	40	1.358
12	40	1.4382
14	40	1.3183
36	40	-1.6743
37	40	-1.5225
39	40	-1.8518
3	41	2.1746
8	41	4.7629
11	41	4.1563
12	41	4.6601
14	41	4.0433
36	41	-2.2104
37	41	-2.5436
39	41	-2.1366
3	42	2.9255
8	42	3.8448
11	42	3.2911
12	42	3.6841
14	42	3.1354
36	42	-1.2163
37	42	-1.9467
39	42	-1.9335
1	43	1.3211
2	43	1.4683
8	43	3.2598
11	43	2.9997
12	43	3.2223
13	43	4.6613
14	43	2.9459
16	43	3.6302
38	43	-0.90762
40	43	-2.2612
41	43	-1.8566
42	43	-1.2224
1	44	1.1997
2	44	1.3602
8	44	3.237
11	44	3.0031
12	44	3.1988
13	44	4.7688
14	44	2.9592
16	44	3.8618
38	44	-0.98441
40	44	-2.014
41	44	-1.7014
42	44	-1.1806
3	45	0.11308
8	45	1.9656
11	45	1.8043
12	45	1.9014
14	45	1.7707
36	45	-2.194
37	45	-2.0549
39	45	-2.3725
43	45	-2.3201
44	45	-2.4337
3	46	2.5234
8	46	4.3693
11	46	3.8043
12	46	4.2435
14	46	3.6787
36	46	-1.4441
37	46	-2.0064
39	46	-2.4066
43	46	-1.8476
44	46	-1.8772
1	47	1.1085
2	47	1.2823
8	47	3.0896
11	47	2.8689
12	47	3.0617
13	47	4.6062
14	47	2.837
16	47	3.7393
38	47	-0.68343
40	47	-1.9795
41	47	-1.3679
42	47	-0.65311
45	47	-2.2621
46	47	-1.3774
3	48	0.1702
8	48	1.8502
11	48	1.701
12	48	1.7956
14	48	1.677
36	48	-2.1062
37	48	-2.1316
39	48	-2.7781
43	48	-1.8573
44	48	-2.3039
47	48	-1.9182
8	49	1.3739
11	49	1.1576
12	49	1.2005
14	49	0.92774
22	49	3.9554
23	49	4.4552
28	49	4.0397
31	49	4.9889
3	50	2.2334
8	50	4.7137
11	50	4.157
12	50	4.6123
14	50	4.0578
36	50	-1.5026
37	50	-2.0312
39	50	-2.3606
43	50	-1.9172
44	50	-1.9193
47	50	-1.3927
8	51	1.1157
11	51	0.91533
12	51	0.95051
14	51	0.69338
22	51	3.4237
23	51	3.8791
28	51	3.3882
31	51	4.0977
1	52	0.54419
2	52	0.63695
3	52	1.9799
4	52	2.8862
5	52	2.554
6	52	2.8203
7	52	1.092
9	52	2.1726
10	52	2.0102
13	52	2.5256
15	52	4.5186
16	52	2.9404
17	52	3.0632
18	52	2.6713
19	52	4.3709
20	52	3.0369
21	52	1.5368
22	52	1.7959
23	52	1.7003
24	52	5.4076
25	52	5.159
26	52	4.5551
27	52	2.4217
28	52	1.6299
29	52	5.5904
30	52	4.826
31	52	1.3783
32	52	5.1106
33	52	4.5062
34	52	0.68794
35	52	3.654
36	52	-1.536
37	52	-2.0207
38	52	-2.2813
39	52	-1.4625
40	52	-1.2473
41	52	-1.4205
42	52	-1.4912
43	52	-1.5742
44	52	-1.0143
45	52	-0.89884
46	52	-1.6687
47	52	-0.87941
48	52	-0.79555
49	52	-0.97367
50	52	-1.4394
51	52	-1.1202
7	53	2.5322
8	53	2.6127
11	53	2.3988
12	53	2.5427
14	53	2.2512
52	53	-1.3956
7	54	3.2915
8	54	2.3169
11	54	2.1214
12	54	2.2505
14	54	1.9785
52	54	-1.295
8	55	3.0278
11	55	3.2416
12	55	3.1245
14	55	3.4106
52	55	-0.99996
8	56	6.2778
11	56	6.1368
12	56	6.3157
14	56	6.1171
22	56	8.2808
23	56	8.5882
28	56	8.4199
31	56	8.0617
52	56	8.3569
8	57	5.7785
11	57	5.6141
12	57	5.802
14	57	5.5766
22	57	7.887
23	57	8.229
28	57	8.0295
31	57	7.7269
52	57	7.953
1	58	0.42261
2	58	0.50913
3	58	1.7025
4	58	2.6178
5	58	2.3303
6	58	2.5496
7	58	0.95529
9	58	1.9931
10	58	1.962
13	58	2.2143
15	58	4.0587
16	58	2.5294
17	58	2.967
18	58	2.8254
19	58	4.0944
20	58	2.9625
21	58	1.5184
22	58	1.8417
23	58	1.7493
24	58	5.3781
25	58	4.5796
26	58	4.2904
27	58	2.4227
28	58	1.6864
29	58	5.043
30	58	4.2579
31	58	1.4557
32	58	4.7798
33	58	4.3961
34	58	0.74037
35	58	3.6507
36	58	-1.6608
37	58	-1.9869
38	58	-1.9425
39	58	-1.5553
40	58	-1.3658
41	58	-1.6785
42	58	-1.4806
43	58	-1.7128
44	58	-1.1952
45	58	-1.031
46	58	-1.5018
47	58	-1.1384
48	58	-0.96618
49	58	-0.89524
50	58	-1.1851
51	58	-0.99171
53	58	-1.692
54	58	-1.5654
55	58	-1.3625
56	58	8.6403
57	58	8.4706
1	59	0.49994
2	59	0.59499
3	59	2.2574
4	59	3.1381
5	59	2.802
6	59	3.0906
7	59	1.2896
9	59	2.4434
10	59	2.3603
13	59	2.9046
15	59	4.9481
16	59	3.3339
17	59	3.4868
18	59	2.1348
19	59	4.887
20	59	3.4725
21	59	1.9263
22	59	2.0961
23	59	1.9888
24	59	5.0852
25	59	5.1975
26	59	5.0915
27	59	2.8483
28	59	1.935
29	59	5.2429
30	59	5.216
31	59	1.6714
32	59	5.7195
33	59	5.1909
34	59	1.0598
35	59	4.3677
36	59	-0.81537
37	59	-1.6309
38	59	-1.8885
39	59	-1.8761
40	59	-1.5148
41	59	-1.0288
42	59	-2.0066
43	59	-1.9434
44	59	-1.536
45	59	-1.2478
46	59	-1.897
47	59	-1.3637
48	59	-1.1153
49	59	-0.53342
50	59	-1.1683
51	59	-0.7184
53	59	-1.6746
54	59	-1.5284
55	59	-1.6734
56	59	8.8011
57	59	8.6316
7	60	2.2934
8	60	2.7928
11	60	2.5731
12	60	2.7305
14	60	2.4319
52	60	-1.1502
58	60	-1.5519
59	60	-1.3961
7	61	2.9029
8	61	2.5395
11	61	2.3407
12	61	2.4793
14	61	2.2032
52	61	-1.1057
58	61	-1.4197
59	61	-1.3293
8	62	2.8903
11	62	3.0955
12	62	2.9979
14	62	3.2755
52	62	-1.611
58	62	-1.9929
59	62	-1.9838
8	63	5.7696
11	63	5.5984
12	63	5.7746
14	63	5.5401
22	63	7.7247
23	63	8.0633
28	63	7.8606
31	63	7.7768
52	63	7.4033
58	63	7.3723
59	63	8.202
1	64	0.34301
2	64	0.42768
3	64	1.5957
4	64	2.6143
5	64	2.3505
6	64	2.5501
7	64	1.0481
9	64	2.0436
10	64	2.0414
13	64	2.101
15	64	3.9414
16	64	2.3711
17	64	2.9837
18	64	3.0668
19	64	4.0771
20	64	2.9935
21	64	1.6211
22	64	1.9461
23	64	1.854
24	64	5.1529
25	64	4.4205
26	64	4.2867
27	64	2.4899
28	64	1.798
29	64	4.8309
30	64	4.1301
31	64	1.5776
32	64	4.7717
33	64	4.4752
34	64	0.88138
35	64	3.7856
36	64	-1.5686
37	64	-2.033
38	64	-1.8456
39	64	-1.6297
40	64	-1.4647
41	64	-1.6668
42	64	-1.4474
43	64	-1.8878
44	64	-1.3516
45	64	-1.1471
46	64	-1.5199
47	64	-1.3193
48	64	-1.0946
49	64	-0.70169
50	64	-1.3162
51	64	-0.7654
53	64	-1.935
54	64	-1.8321
55	64	-1.0715
56	64	8.3257
57	64	7.8775
60	64	-1.8913
61	64	-1.7132
62	64	-1.8945
63	64	8.4696
1	65	0.45598
2	65	0.54571
3	65	1.9418
4	65	2.9304
5	65	2.6338
6	65	2.8769
7	65	1.2119
9	65	2.3092
10	65	2.3363
13	65	2.5047
15	65	4.525
16	65	2.8441
17	65	3.3549
18	65	2.3405
19	65	4.5545
20	65	3.3574
21	65	1.9141
22	65	2.202
23	65	2.1042
24	65	5.8296
25	65	5.0715
26	65	4.7613
27	65	2.8045
28	65	2.0504
29	65	5.5431
30	65	4.7839
31	65	1.8131
32	65	5.3025
33	65	4.9572
34	65	1.1237
35	65	4.2228
36	65	-1.1094
37	65	-1.9076
38	65	-2.4276
39	65	-1.9481
40	65	-1.6455
41	65	-2.1536
42	65	-1.9274
43	65	-2.1751
44	65	-1.6239
45	65	-1.3365
46	65	-2.12
47	65	-1.5559
48	65	-1.2284
49	65	-0.45581
50	65	-2.0301
51	65	-0.59163
53	65	-2.1287
54	65	-1.8578
55	65	-1.8273
56	65	8.8219
57	65	8.7557
60	65	-1.871
61	65	-1.7248
62	65	-2.1237
63	65	8.4846
1	66	0.52522
2	66	0.61678
3	66	2.1068
4	66	3.1467
5	66	2.8395
6	66	3.0986
7	66	1.375
9	66	2.5099
10	66	2.4466
13	66	2.6829
15	66	4.8466
16	66	3.049
17	66	3.5725
18	66	2.2015
19	66	4.8071
20	66	3.5721
21	66	2.024
22	66	2.3009
23	66	2.2018
24	66	5.6825
25	66	5.4326
26	66	5.0163
27	66	2.9966
28	66	2.1475
29	66	5.7735
30	66	5.1534
31	66	1.9038
32	66	5.5965
33	66	5.2565
34	66	1.2085
35	66	4.5022
36	66	-0.86701
37	66	-1.6685
38	66	-2.156
39	66	-2.0732
40	66	-1.6676
41	66	-1.6459
42	66	-2.1601
43	66	-1.9305
44	66	-1.777
45	66	-1.3713
46	66	-2.271
47	66	-1.6531
48	66	-1.2316
49	66	-0.36503
50	66	-2.0112
51	66	-0.52937
53	66	-2.0598
54	66	-1.8605
55	66	-1.8215
56	66	8.7734
57	66	8.7504
60	66	-1.8939
61	66	-1.7269
62	66	-2.1555
63	66	8.4727
8	67	4.5719
11	67	4.324
12	67	4.4819
14	67	4.1636
22	67	7.0966
23	67	7.4397
28	67	7.2318
31	67	7.8425
52	67	2.0858
58	67	0.99541
59	67	1.7411
64	67	0.46226
65	67	0.63281
66	67	0.66808
1	68	2.6576
2	68	2.8235
8	68	4.7723
11	68	4.5997
12	68	4.825
13	68	5.3132
14	68	4.6365
16	68	4.378
38	68	2.1226
40	68	0.12814
41	68	1.1536
42	68	2.7571
45	68	0.14328
46	68	1.6613
48	68	-0.084969
50	68	1.0771
52	68	1.8672
58	68	1.1692
59	68	1.5511
64	68	0.7359
65	68	0.83771
66	68	0.86783
8	69	1.5173
11	69	1.3266
12	69	1.3709
14	69	1.122
22	69	3.7242
23	69	4.0954
28	69	3.6817
31	69	4.2467
52	69	-0.97727
58	69	-1.2795
59	69	-1.0157
64	69	-1.344
65	69	-1.1982
66	69	-1.1537
8	70	1.3168
11	70	1.1294
12	70	1.17
14	70	0.92515
22	70	3.3949
23	70	3.767
28	70	3.3287
31	70	3.8588
52	70	-1.1627
58	70	-1.4803
59	70	-1.1901
64	70	-1.2396
65	70	-1.1193
66	70	-1.0787
8	71	2.1878
11	71	2.3499
12	71	2.2985
14	71	2.5338
52	71	-2.0067
58	71	-1.8977
59	71	-1.8177
64	71	-2.2116
65	71	-1.7786
66	71	-1.8415
8	72	2.6026
11	72	2.8004
12	72	2.7195
14	72	2.9897
52	72	-1.974
58	72	-1.4309
59	72	-1.72
64	72	-1.7347
65	72	-1.6612
66	72	-1.8053
1	73	2.6752
2	73	2.847
8	73	4.7248
11	73	4.5638
12	73	4.7788
13	73	5.8429
14	73	4.6056
16	73	4.6908
38	73	2.1087
40	73	0.82638
41	73	1.2731
42	73	2.6158
45	73	0.90597
46	73	1.7192
48	73	0.66211
50	73	1.2711
52	73	2.053
58	73	1.3935
59	73	1.8511
64	73	0.98726
65	73	1.1523
66	73	1.2383
8	74	1.913
11	74	1.7159
12	74	1.8372
14	74	1.6085
22	74	2.7183
23	74	2.5322
28	74	2.5938
31	74	2.3266
52	74	-1.3301
58	74	-1.601
59	74	-1.4317
64	74	-1.5361
65	74	-1.4728
66	74	-1.4147
8	75	1.6061
11	75	1.4187
12	75	1.4649
14	75	1.2192
22	75	3.7899
23	75	4.1431
28	75	3.7459
31	75	4.2831
52	75	-0.93081
58	75	-1.2364
59	75	-0.96246
64	75	-1.4349
65	75	-1.2835
66	75	-1.2319
8	76	1.4186
11	76	1.2335
12	76	1.277
14	76	1.0343
22	76	3.3816
23	76	3.74
28	76	3.3177
31	76	3.8308
52	76	-1.1003
58	76	-1.4078
59	76	-1.121
64	76	-1.3912
65	76	-1.2757
66	76	-1.2426
8	77	2.4824
11	77	2.684
12	77	2.6106
14	77	2.8837
52	77	-1.4456
58	77	-0.62696
59	77	-1.3306
64	77	-0.55839
65	77	-1.0211
66	77	-1.1876
8	78	5.6814
11	78	5.5036
12	78	5.6606
14	78	5.4182
22	78	7.7402
23	78	8.0698
28	78	7.8563
31	78	8.2306
52	78	6.0957
58	78	5.0215
59	78	6.9307
64	78	3.8666
65	78	6.06
66	78	6.762
8	79	0.19736
11	79	0.2736
12	79	0.20571
14	79	0.37665
33	79	3.8239
35	79	3.2657
52	79	-1.4036
58	79	-1.9499
59	79	-0.98072
64	79	-0.9925
65	79	-1.7735
66	79	-1.4352
1	80	2.7535
2	80	2.9247
8	80	4.7395
11	80	4.5863
12	80	4.8087
13	80	5.6008
14	80	4.6415
16	80	4.6904
38	80	2.4111
40	80	0.81442
41	80	1.6027
42	80	2.9575
45	80	0.89439
46	80	2.132
48	80	0.68068
50	80	1.7017
52	80	2.3842
58	80	1.5871
59	80	2.3023
64	80	1.1049
65	80	1.3987
66	80	1.5726
1	81	2.6452
2	81	2.8195
8	81	4.6058
11	81	4.4513
12	81	4.6668
13	81	5.7754
14	81	4.5005
16	81	4.6601
38	81	2.1785
40	81	0.85686
41	81	1.4051
42	81	2.6636
45	81	0.96789
46	81	1.8653
48	81	0.71373
50	81	1.4709
52	81	2.1394
58	81	1.432
59	81	2.0198
64	81	1.0004
65	81	1.2425
66	81	1.3836
1	82	2.4278
2	82	2.606
8	82	4.2574
11	82	4.0965
12	82	4.3091
13	82	5.6418
14	82	4.1382
16	82	4.5339
38	82	1.8651
40	82	0.74066
41	82	1.1264
42	82	2.2991
45	82	0.89463
46	82	1.5353
48	82	0.57633
50	82	1.1778
52	82	1.669
58	82	1.0069
59	82	1.5234
64	82	0.59956
65	82	0.81059
66	82	0.93672
8	83	3.2228
11	83	3.0001
12	83	3.1027
14	83	2.8148
22	83	6.0087
23	83	6.3508
28	83	6.0958
31	83	6.8061
52	83	0.69205
58	83	0.098605
59	83	0.59007
64	83	-0.32414
65	83	-0.080672
66	83	0.0042155
7	84	2.9315
8	84	3.09
11	84	2.8939
12	84	3.0528
14	84	2.7778
52	84	-0.30021
58	84	-0.74932
59	84	-0.43609
64	84	-1.1297
65	84	-0.99408
66	84	-0.95953
3	85	3.2622
8	85	6.1874
11	85	5.6754
12	85	6.138
14	85	5.6435
36	85	0.90177
37	85	0.5688
39	85	0.096528
43	85	0.38715
44	85	-0.080244
47	85	-0.33845
52	85	4.7153
58	85	3.7363
59	85	4.3351
64	85	3.0968
65	85	4.5787
66	85	4.4564
68	85	-1.6915
73	85	-2.3166
80	85	-2.4462
81	85	-2.3665
82	85	-2.2086
8	86	0.46164
11	86	0.5563
12	86	0.48323
14	86	0.67497
33	86	3.794
35	86	3.2723
52	86	-0.82055
58	86	-1.7435
59	86	-0.45859
64	86	-2.0188
65	86	-1.4674
66	86	-0.84798
8	87	1.9844
11	87	1.8072
12	87	1.8563
14	87	1.621
22	87	4.0848
23	87	4.4072
28	87	4.0389
31	87	4.531
52	87	-0.54088
58	87	-0.8586
59	87	-0.57625
64	87	-1.0852
65	87	-0.9192
66	87	-0.86857
3	88	3.1491
8	88	6.3676
11	88	5.8607
12	88	6.3259
14	88	5.8387
36	88	0.84877
37	88	0.536
39	88	0.093728
43	88	0.36497
44	88	-0.065807
47	88	-0.29354
52	88	4.9396
58	88	4.1841
59	88	4.44
64	88	3.7453
65	88	4.8769
66	88	4.5083
68	88	-1.5343
73	88	-2.0745
80	88	-2.3597
81	88	-2.2577
82	88	-2.0742
3	89	3.1743
8	89	6.1257
11	89	5.6179
12	89	6.0765
14	89	5.587
36	89	0.87043
37	89	0.53427
39	89	0.068323
43	89	0.38347
44	89	-0.096173
47	89	-0.34888
52	89	4.5928
58	89	3.6736
59	89	4.7312
64	89	3.1579
65	89	4.3732
66	89	4.8106
68	89	-1.5576
73	89	-2.1912
80	89	-2.397
81	89	-2.251
82	89	-2.0512
8	90	3.879
11	90	3.6719
12	90	3.7856
14	90	3.5133
22	90	6.2832
23	90	6.6103
28	90	6.3589
31	90	7.0361
52	90	1.9067
58	90	1.2303
59	90	1.951
64	90	0.75114
65	90	1.0853
66	90	1.2553
7	91	3.1769
8	91	3.6355
11	91	3.4593
12	91	3.6164
14	91	3.3619
52	91	0.59576
58	91	0.15091
59	91	0.52247
64	91	-0.21827
65	91	-0.038945
66	91	0.016501
7	92	3.3479
8	92	3.5877
11	92	3.4164
12	92	3.5677
14	92	3.3184
52	92	0.5601
58	92	0.1494
59	92	0.48023
64	92	-0.19808
65	92	-0.04466
66	92	0.0023299
8	93	2.2181
11	93	2.0472
12	93	2.0968
14	93	1.8679
22	93	4.1979
23	93	4.5095
28	93	4.1514
31	93	4.6283
52	93	-0.2365
58	93	-0.56109
59	93	-0.28106
64	93	-0.82669
65	93	-0.6681
66	93	-0.61942
3	94	3.1514
8	94	6.469
11	94	5.9673
12	94	6.4267
14	94	5.9453
36	94	0.91033
37	94	0.5936
39	94	0.15719
43	94	0.45315
44	94	0.009621
47	94	-0.21207
52	94	5.0187
58	94	4.228
59	94	4.7904
64	94	3.848
65	94	4.9044
66	94	4.899
68	94	-1.3196
73	94	-1.8705
80	94	-2.0857
81	94	-2.174
82	94	-2.0694
3	95	0.02016
8	95	3.954
11	95	3.8194
12	95	3.9959
14	95	3.903
36	95	1.0854
37	95	1.1196
39	95	1.5024
43	95	1.4448
44	95	1.7332
47	95	2.1587
52	95	2.9174
58	95	2.0967
59	95	3.0639
64	95	1.6135
65	95	2.1298
66	95	2.4589
68	95	0.49514
73	95	0.76668
80	95	0.59592
81	95	1.1592
82	95	1.7137
8	96	3.9075
11	96	3.7088
12	96	3.819
14	96	3.5556
22	96	6.2535
23	96	6.5748
28	96	6.3193
31	96	6.9745
52	96	2.0586
58	96	1.4003
59	96	2.1421
64	96	0.93333
65	96	1.2946
66	96	1.4793
7	97	3.4346
8	97	3.6232
11	97	3.4593
12	97	3.6078
14	97	3.3662
52	97	0.72234
58	97	0.32712
59	97	0.66415
64	97	-0.0073079
65	97	0.15599
66	97	0.21031
8	98	2.3028
11	98	2.1331
12	98	2.1859
14	98	1.9584
22	98	4.3209
23	98	4.6232
28	98	4.274
31	98	4.738
52	98	-0.099264
58	98	-0.4366
59	98	-0.12914
64	98	-0.7116
65	98	-0.58706
66	98	-0.53701
8	99	2.4545
11	99	2.2887
12	99	2.3428
14	99	2.1193
22	99	4.362
23	99	4.658
28	99	4.3148
31	99	4.7701
52	99	0.11277
58	99	-0.22687
59	99	0.092237
64	99	-0.50348
65	99	-0.37462
66	99	-0.32594
8	100	3.158
11	100	3.0195
12	100	3.1348
14	100	2.9681
22	100	4.1233
23	100	3.9838
28	100	4.0448
31	100	3.8852
52	100	0.51982
58	100	-0.019161
59	100	0.42003
64	100	-0.34485
65	100	-0.17457
66	100	-0.074426
1	101	1.1638
2	101	1.2559
3	101	2.4155
4	101	3.5802
5	101	3.405
6	101	3.5503
7	101	2.5233
9	101	3.2286
10	101	3.2363
13	101	3.173
15	101	4.7329
16	101	3.2851
17	101	4.0327
18	101	5.2551
19	101	5.7304
20	101	4.0953
21	101	2.9513
22	101	3.3578
23	101	3.2577
24	101	5.6759
25	101	5.1557
26	101	5.9851
27	101	3.7226
28	101	3.2483
29	101	5.4667
30	101	4.9959
31	101	3.0589
32	101	6.4971
33	101	6.0425
34	101	2.3679
35	101	5.5298
36	101	0.28652
37	101	-0.26646
38	101	-1.0508
39	101	-0.81062
40	101	-0.050019
41	101	-0.87293
42	101	-1.0101
43	101	-0.47486
44	101	-1.0025
45	101	-0.48587
46	101	-1.2718
47	101	-0.83513
48	101	-0.37911
49	101	1.2004
50	101	-1.3236
51	101	1.1167
53	101	0.16879
54	101	0.077457
55	101	3.5199
56	101	5.2966
57	101	5.174
60	101	0.16424
61	101	-0.035875
62	101	3.6932
63	101	4.6283
67	101	2.2091
68	101	-1.9868
69	101	0.70131
70	101	0.74591
71	101	3.26
72	101	4.0351
73	101	-1.8851
74	101	0.91437
75	101	0.60257
76	101	0.63174
77	101	4.8968
78	101	3.5142
79	101	2.5671
80	101	-1.8995
81	101	-1.8708
82	101	-1.4401
83	101	1.0924
84	101	-0.39969
85	101	-1.8636
86	101	2.4101
87	101	0.14473
88	101	-2.0581
89	101	-1.9703
90	101	0.89492
91	101	-1.14
92	101	-1.1702
93	101	-0.15706
94	101	-1.8924
95	101	-1.4307
96	101	0.71837
97	101	-1.1863
98	101	-0.28607
99	101	-0.50082
100	101	-1.0562
8	102	3.2337
11	102	3.1028
12	102	3.214
14	102	3.055
22	102	4.3642
23	102	4.2287
28	102	4.2936
31	102	4.1425
52	102	0.68307
58	102	0.17989
59	102	0.59243
64	102	-0.12292
65	102	0.036146
66	102	0.13182
101	102	-1.3495
8	103	2.8478
11	103	2.9577
12	103	2.9958
14	103	3.1816
52	103	0.30066
58	103	0.88886
59	103	0.80516
64	103	1.0011
65	103	1.1478
66	103	1.0123
101	103	-2.4661
8	104	3.4904
11	104	3.356
12	104	3.4838
14	104	3.3226
22	104	3.7347
23	104	3.6093
28	104	3.6544
31	104	3.5228
52	104	1.1857
58	104	0.56818
59	104	1.1712
64	104	0.20489
65	104	0.50973
66	104	0.66059
101	104	-1.2579
8	105	3.2144
11	105	3.0617
12	105	3.1221
14	105	2.9114
22	105	4.5617
23	105	4.8479
28	105	4.5283
31	105	4.9896
52	105	1.1569
58	105	0.80099
59	105	1.1713
64	105	0.51868
65	105	0.67032
66	105	0.74208
101	105	-1.2443
8	106	2.8849
11	106	2.7328
12	106	2.7893
14	106	2.5805
22	106	4.4319
23	106	4.7077
28	106	4.3835
31	106	4.8114
52	106	0.74556
58	106	0.40591
59	106	0.7436
64	106	0.13134
65	106	0.25988
66	106	0.3231
101	106	-1.1455
8	107	2.7763
11	107	2.6261
12	107	2.6797
14	107	2.4737
22	107	4.2788
23	107	4.5569
28	107	4.2235
31	107	4.643
52	107	0.60277
58	107	0.27485
59	107	0.59072
64	107	0.0064236
65	107	0.11891
66	107	0.1765
101	107	-1.1625
8	108	3.151
11	108	2.8861
12	108	3.0828
14	108	2.8418
33	108	5.734
35	108	6.1773
52	108	1.8848
58	108	1.1252
59	108	1.9175
64	108	0.64447
65	108	1.2052
66	108	1.4887
101	108	-0.4905
8	109	3.3543
11	109	3.2291
12	109	3.3438
14	109	3.1913
22	109	4.0582
23	109	3.9342
28	109	3.99
31	109	3.8595
52	109	0.97428
58	109	0.44731
59	109	0.92279
64	109	0.1368
65	109	0.34811
66	109	0.46222
101	109	-1.5248
8	110	3.2259
11	110	3.1034
12	110	3.2115
14	110	3.0613
22	110	4.2023
23	110	4.0799
28	110	4.1413
31	110	4.012
52	110	0.7991
58	110	0.319
59	110	0.72839
64	110	0.033443
65	110	0.199
66	110	0.29632
101	110	-1.4759
8	111	2.8283
11	111	2.9425
12	111	2.9779
14	111	3.1649
52	111	0.53968
58	111	1.1429
59	111	0.99224
64	111	1.2919
65	111	1.3688
66	111	1.2186
101	111	-1.449
8	112	1.703
11	112	1.8694
12	112	1.7542
14	112	2.0262
33	112	5.0771
35	112	4.6998
52	112	0.52436
58	112	0.12885
59	112	0.4854
64	112	-0.1232
65	112	0.1908
66	112	0.34504
101	112	-2.0415
8	113	1.7892
11	113	1.9464
12	113	1.831
14	113	2.0934
33	113	5.5557
35	113	5.1716
52	113	0.40796
58	113	-0.0073826
59	113	0.35968
64	113	-0.27907
65	113	0.021887
66	113	0.1804
101	113	-1.7369
8	114	3.4181
11	114	3.2949
12	114	3.413
14	114	3.2631
22	114	3.8887
23	114	3.7702
28	114	3.8199
31	114	3.6993
52	114	1.1413
58	114	0.59599
59	114	1.1147
64	114	0.27823
65	114	0.52525
66	114	0.6526
101	114	-1.436
8	115	3.6309
11	115	3.4928
12	115	3.5465
14	115	3.3513
22	115	4.6161
23	115	4.8936
28	115	4.58
31	115	5.027
52	115	1.666
58	115	1.3412
59	115	1.6783
64	115	1.0798
65	115	1.2064
66	115	1.2717
101	115	-0.79858
8	116	3.3339
11	116	3.1954
12	116	3.2467
14	116	3.0524
22	116	4.52
23	116	4.7877
28	116	4.4711
31	116	4.8885
52	116	1.2973
58	116	0.98445
59	116	1.2918
64	116	0.72859
65	116	0.8337
66	116	0.89221
101	116	-1.112
8	117	1.8627
11	117	2.022
12	117	1.9045
14	117	2.1694
33	117	5.4874
35	117	5.1131
52	117	0.46164
58	117	0.065118
59	117	0.4024
64	117	-0.1924
65	117	0.081314
66	117	0.22732
101	117	-2.1834
8	118	3.07
11	118	2.8083
12	118	3.0104
14	118	2.7766
33	118	5.3003
35	118	6.0439
52	118	2.0465
58	118	1.3429
59	118	2.0998
64	118	0.90866
65	118	1.4615
66	118	1.7293
101	118	-0.9522
8	119	3.4384
11	119	3.3022
12	119	3.3543
14	119	3.1626
22	119	4.4159
23	119	4.6826
28	119	4.367
31	119	4.7828
52	119	1.4515
58	119	1.14
59	119	1.4496
64	119	0.88654
65	119	0.99375
66	119	1.056
101	119	-0.94348
8	120	3.052
11	120	2.7941
12	120	2.9905
14	120	2.7587
33	120	5.4732
35	120	6.0175
52	120	1.8991
58	120	1.2165
59	120	1.9311
64	120	0.79797
65	120	1.3054
66	120	1.5577
101	120	-1.2749
8	121	3.0632
11	121	2.9623
12	121	3.0438
14	121	2.9663
15	121	3.49
19	121	2.1935
24	121	3.5528
25	121	3.7044
26	121	2.2249
29	121	3.754
30	121	3.9131
32	121	3.6677
52	121	1.1642
58	121	0.50615
59	121	1.1367
64	121	0.11327
65	121	0.47733
66	121	0.66734
79	121	1.7477
86	121	1.3402
101	121	-1.466
108	121	-1.0266
112	121	-1.8785
113	121	-1.6191
117	121	-1.9667
118	121	-1.5682
120	121	-1.0292
8	122	1.7795
11	122	1.9404
12	122	1.821
14	122	2.0878
33	122	5.1571
35	122	4.802
52	122	0.34395
58	122	-0.02918
59	122	0.26978
64	122	-0.26964
65	122	-0.031534
66	122	0.098406
101	122	-2.227
121	122	-1.2906
8	123	2.8321
11	123	2.5732
12	123	2.7813
14	123	2.5535
33	123	4.8618
35	123	5.8016
52	123	1.9908
58	123	1.3483
59	123	2.0457
64	123	0.96798
65	123	1.4872
66	123	1.727
101	123	-1.2779
121	123	-0.87504
8	124	2.9799
11	124	2.8906
12	124	2.9755
14	124	2.9091
15	124	3.3475
19	124	2.6494
24	124	3.4236
25	124	3.5944
26	124	2.6855
29	124	3.6522
30	124	3.8275
32	124	4.0776
52	124	1.3883
58	124	0.74633
59	124	1.3944
64	124	0.36343
65	124	0.77813
66	124	0.97672
79	124	1.9948
86	124	1.6226
101	124	-1.6496
108	124	0.55708
112	124	-2.2143
113	124	-1.6484
117	124	-2.0232
118	124	-0.24193
120	124	0.54077
122	124	-1.3299
123	124	-1.8191
8	125	3.1409
11	125	3.0489
12	125	3.1286
14	125	3.0603
15	125	3.4774
19	125	2.4761
24	125	3.5535
25	125	3.7079
26	125	2.5098
29	125	3.7646
30	125	3.9243
32	125	3.937
52	125	1.369
58	125	0.74445
59	125	1.3483
64	125	0.37507
65	125	0.73449
66	125	0.91426
79	125	1.8999
86	125	1.5257
101	125	-2.0031
108	125	-0.62159
112	125	-2.3505
113	125	-1.8612
117	125	-2.1609
118	125	-1.6058
120	125	-1.6306
122	125	-1.8672
123	125	-1.9654
8	126	2.7514
11	126	2.4965
12	126	2.6945
14	126	2.4674
33	126	4.8965
35	126	5.5074
52	126	1.6676
58	126	1.0355
59	126	1.6989
64	126	0.65803
65	126	1.1241
66	126	1.354
101	126	-1.3121
121	126	-0.35891
124	126	0.043624
125	126	-1.336
8	127	3.3319
11	127	3.2446
12	127	3.3171
14	127	3.2545
15	127	3.5763
19	127	2.2863
24	127	3.6639
25	127	3.8042
26	127	2.3185
29	127	3.8657
30	127	4.0108
32	127	3.7719
52	127	1.4811
58	127	0.89896
59	127	1.437
64	127	0.55915
65	127	0.86059
66	127	1.0143
79	127	1.9154
86	127	1.5632
101	127	-2.2853
108	127	-1.1407
112	127	-1.8527
113	127	-1.775
117	127	-2.012
118	127	-1.7464
120	127	-1.7697
122	127	-2.2121
123	127	-2.1401
126	127	-1.8592
8	128	3.4669
11	128	3.3877
12	128	3.4568
14	128	3.4024
15	128	3.696
19	128	2.3656
24	128	3.8012
25	128	3.9386
26	128	2.3991
29	128	4.0075
30	128	4.1482
32	128	3.8358
52	128	1.6859
58	128	1.1247
59	128	1.6396
64	128	0.79722
65	128	1.0919
66	128	1.2376
79	128	2.1372
86	128	1.8029
101	128	-1.9365
108	128	-0.59507
112	128	-1.447
113	128	-1.2323
117	128	-1.4378
118	128	-1.0377
120	128	-0.85309
122	128	-1.9398
123	128	-1.8504
126	128	-1.4836
8	129	3.0848
11	129	2.8419
12	129	3.0296
14	129	2.8148
33	129	4.5789
35	129	5.1339
52	129	1.9596
58	129	1.386
59	129	1.9658
64	129	1.0471
65	129	1.4476
66	129	1.6462
101	129	-1.4277
121	129	-0.19563
124	129	0.81633
125	129	-0.59058
127	129	-1.3102
128	129	-1.0464
8	130	3.6698
11	130	3.5632
12	130	3.6663
14	130	3.4999
22	130	5.4539
23	130	5.7451
28	130	5.4932
31	130	6.0733
52	130	3.2182
58	130	2.9321
59	130	3.4564
64	130	2.7523
65	130	3.0424
66	130	3.1691
101	130	2.2075
offset
60
