124
detection	body_part	cost
1	4	-4.8607
2	3	-5.0963
3	5	-2.2074
4	5	-5.3166
5	3	-2.6452
6	5	-3.6419
7	11	0.35965
8	14	-0.17039
9	3	0.87691
10	9	-0.98602
11	14	-1.5271
12	9	-2.2368
13	2	-4.7512
14	1	-6.6653
15	9	1.3652
16	9	-0.8694
17	10	-0.35119
18	10	-1.3523
19	14	-0.40495
20	14	-0.36483
21	1	1.3699
22	12	0.68777
23	14	-0.024513
24	11	9.2102
25	6	-0.10736
26	6	-1.7591
27	4	0.17241
28	4	0.21917
29	4	0.66103
30	5	1.2376
31	10	0.13062
32	10	-4.8547
33	6	-3.3586
34	12	0.28345
35	12	-1.7967
36	10	-2.351
37	10	-2.0336
38	11	-3.3582
39	11	9.2102
40	4	0.28961
41	7	-0.10764
42	4	-0.42933
43	7	-1.1805
44	12	-0.72854
45	12	-1.3382
46	14	-1.8257
47	11	9.2102
48	2	-3.4184
49	1	-0.71405
50	4	-0.74548
51	7	-1.2327
52	4	-0.68135
53	7	-1.4739
54	9	0.1253
55	1	-0.43856
56	1	-2.9405
57	1	-3.1289
58	1	-0.70283
59	3	1.3676
60	9	-0.47345
61	12	0.30123
62	11	9.2102
63	6	0.44574
64	7	-0.18785
65	9	-0.36164
66	12	0.062249
67	13	0.88218
68	13	-2.146
69	11	9.2102
70	11	9.2102
71	6	-1.0833
72	4	0.053986
73	7	-0.016665
74	5	0.98279
75	12	-0.52502
76	13	-1.3782
77	3	-1.0042
78	6	-1.3639
79	5	0.13293
80	12	-0.58083
81	10	1.0486
82	2	0.91535
83	1	-2.5765
84	3	0.055253
85	1	-0.26241
86	3	-0.59223
87	6	0.091412
88	6	0.77618
89	7	-0.6666
90	5	-0.35575
91	5	0.31802
92	10	-1.5362
93	13	0.159
94	13	0.25051
95	2	-3.2479
96	1	-4.4256
97	7	-1.4007
98	7	-1.1176
99	5	-0.43237
100	10	1.0122
101	7	-0.08373
102	10	0.36668
103	11	1.3024
104	14	-1.1581
105	6	-2.4692
106	6	0.49382
107	12	0.23042
108	8	0.23981
109	8	-3.2833
110	8	1.0316
111	14	-0.10292
112	14	-0.61649
113	11	0.084133
114	14	-0.56395
115	7	-0.32244
116	12	0.32742
117	8	0.39164
118	13	1.1804
119	13	-0.84822
120	13	-1.8413
121	14	-1.1023
122	8	-0.078824
123	8	0.52329
124	8	0.39104
detection1	detection2	cost
3	4	-3.7143
2	5	-5.6071
3	6	-3.2674
4	6	-5.6071
2	9	-3.7143
5	9	-5.6071
8	11	-4.8231
10	12	-4.8231
10	15	-2.1462
12	15	-1.5143
10	16	-1.5143
12	16	-3.7143
15	16	-1.5143
17	18	-3.7143
8	19	0.30445
11	19	-0.67521
8	20	0.071429
11	20	-1.5143
19	20	-5.6071
14	21	-3.2674
8	23	1.9643
11	23	0.30445
19	23	-4.8231
20	23	-5.6071
7	24	63.4506
25	26	-5.6071
1	27	11.9882
1	28	11.1425
27	28	-5.6071
1	29	10.4572
27	29	-3.7143
28	29	-5.6071
3	30	9.9513
4	30	12.6213
6	30	11.4286
17	31	-3.2674
18	31	-0.67521
17	32	-2.1462
18	32	-3.7143
31	32	-1.8214
25	33	-3.2674
26	33	-4.8231
22	34	-2.1462
22	35	-3.7143
34	35	-3.7143
17	36	-1.5143
18	36	-1.5143
31	36	-3.2674
32	36	-4.8231
17	37	0.53071
18	37	-1.5143
31	37	0.30445
32	37	-4.8231
36	37	-3.7143
7	38	14.0819
24	38	79.592
7	39	58.6147
24	39	-0.67521
38	39	73.9149
1	40	15.3715
27	40	-3.7143
28	40	-3.2674
29	40	-2.1462
1	42	14.6553
27	42	-3.2674
28	42	-3.7143
29	42	-3.2674
40	42	-5.6071
41	43	-5.6071
22	44	-1.5143
34	44	-4.8231
35	44	-4.8231
22	45	-1.5143
34	45	-1.5143
35	45	-4.8231
44	45	-3.7143
8	46	7.7607
11	46	5.75
19	46	0.96511
20	46	0.30445
23	46	-1.5143
7	47	11.4286
24	47	73.9808
38	47	-1.5143
39	47	68.2143
13	48	4.0138
14	49	4.0138
21	49	0.071429
1	50	16.443
27	50	-1.5143
28	50	-1.8214
29	50	-1.5143
40	50	-4.8231
42	50	-5.6071
41	51	-4.8231
43	51	-5.6071
1	52	15.9133
27	52	-0.67521
28	52	-1.5143
29	52	-1.8214
40	52	-3.2674
42	52	-4.8231
50	52	-5.6071
41	53	-3.2674
43	53	-4.8231
51	53	-5.6071
10	54	9.4302
12	54	6.9156
15	54	8.5614
16	54	3.5372
14	55	5.8845
21	55	1.9643
49	55	-5.6071
14	56	5.75
21	56	2.1517
49	56	-4.8231
55	56	-5.6071
14	57	5.8845
21	57	2.6933
49	57	-3.2674
55	57	-3.7143
56	57	-5.6071
14	58	6.2802
21	58	3.5372
49	58	-1.5143
55	58	-1.8214
56	58	-3.7143
57	58	-5.6071
2	59	13.4073
5	59	11.523
9	59	9.6406
10	60	10.4572
12	60	8.1089
15	60	8.783
16	60	4.4715
54	60	-4.8231
22	61	2.1517
34	61	-1.5143
35	61	-1.5143
44	61	-3.7143
45	61	-2.1462
7	62	12.262
24	62	57.301
38	62	15.9133
39	62	51.3006
47	62	9.9513
25	63	3.5372
26	63	2.6933
33	63	0.30445
41	64	-1.5143
43	64	-1.8214
51	64	-3.7143
53	64	-3.2674
10	65	12.262
12	65	9.9513
15	65	10.3572
16	65	6.2802
54	65	-3.2674
60	65	-5.6071
22	66	4.0138
34	66	0.30445
35	66	0.30445
44	66	-1.8214
45	66	-0.67521
61	66	-5.6071
67	68	-3.7143
7	69	67.9298
24	69	4.0138
38	69	81.9663
39	69	3.2076
47	69	76.1292
62	69	58.8581
7	70	64.3289
24	70	4.0138
38	70	78.2028
39	70	0.96511
47	70	72.3597
62	70	55.0789
69	70	-3.7143
25	71	4.4715
26	71	4.0138
33	71	1.9643
63	71	-4.8231
1	72	23.8324
27	72	4.4715
28	72	5.1977
29	72	6.1496
40	72	0.96511
42	72	1.9643
50	72	0.53071
52	72	1.9643
41	73	0.071429
43	73	0.30445
51	73	-1.5143
53	73	-0.67521
64	73	-4.8231
3	74	20.4477
4	74	22.4287
6	74	20.8929
30	74	4.0138
22	75	5.8845
34	75	2.1517
35	75	2.1517
44	75	0.071429
45	75	0.96511
61	75	-3.7143
66	75	-5.6071
67	76	-1.5143
68	76	-4.8231
2	77	20.0604
5	77	18.2456
9	77	16.443
59	77	3.5372
25	78	6.2802
26	78	5.8845
33	78	3.8571
63	78	-3.2674
71	78	-5.6071
3	79	23.0214
4	79	25.0659
6	79	23.5452
30	79	6.2802
74	79	-4.8231
22	80	7.7607
34	80	4.0138
35	80	4.0138
44	80	1.9643
45	80	2.6933
61	80	-1.8214
66	80	-3.7143
75	80	-5.6071
17	81	14.0819
18	81	16.5921
31	81	9.9513
32	81	14.0819
36	81	11.4286
37	81	14.5743
13	82	13.3214
48	82	2.1517
14	83	13.6628
21	83	9.6406
49	83	2.1517
55	83	0.30445
56	83	0.96511
57	83	1.9643
58	83	3.2076
2	84	22.4287
5	84	20.6393
9	84	18.8644
59	84	6.1496
77	84	-4.8231
14	85	13.4073
21	85	9.5357
49	85	1.9643
55	85	0.071429
56	85	0.30445
57	85	0.96511
58	85	1.9643
83	85	-5.6071
2	86	21.885
5	86	20.0604
9	86	18.2456
59	86	4.6202
77	86	-5.6071
84	86	-5.6071
25	87	8.6726
26	87	8.1089
33	87	5.8845
63	87	-1.8214
71	87	-3.2674
78	87	-4.8231
25	88	9.4302
26	88	8.6726
33	88	6.2802
63	88	-1.5143
71	88	-2.1462
78	88	-3.2674
87	88	-5.6071
41	89	3.8571
43	89	4.0138
51	89	2.1517
53	89	2.6933
64	89	-1.5143
73	89	-3.7143
3	90	24.6786
4	90	26.624
6	90	25.0659
30	90	8.1089
74	90	-3.2674
79	90	-5.6071
3	91	23.08
4	91	24.6786
6	91	23.0214
30	91	7.6429
74	91	-3.2674
79	91	-3.2674
90	91	-3.7143
17	92	12.8867
18	92	14.5743
31	92	8.6726
32	92	11.4286
36	92	8.783
37	92	11.2383
81	92	-1.5143
67	93	-0.67521
68	93	-1.8214
76	93	-3.2674
67	94	0.53071
68	94	-1.5143
76	94	-3.7143
93	94	-5.6071
13	95	15.293
48	95	4.4715
82	95	-4.8231
14	96	15.9133
21	96	11.8034
49	96	4.4715
55	96	2.6933
56	96	3.5372
57	96	4.6202
58	96	5.8845
83	96	-4.8231
85	96	-3.2674
41	97	5.8845
43	97	6.2802
51	97	4.4715
53	97	5.1977
64	97	0.96511
73	97	-1.5143
89	97	-4.8231
41	98	5.75
43	98	5.8845
51	98	4.0138
53	98	4.4715
64	98	0.30445
73	98	-1.8214
89	98	-5.6071
97	98	-5.6071
3	99	26.3605
4	99	28.2144
6	99	26.624
30	99	9.9513
74	99	-1.5143
79	99	-3.7143
90	99	-5.6071
91	99	-3.2674
17	100	17.1798
18	100	19.4026
31	100	12.9744
32	100	16.5921
36	100	13.9152
37	100	16.7404
81	100	-3.7143
92	100	-1.5143
41	101	8.1089
43	101	7.7607
51	101	5.8845
53	101	5.75
64	101	2.1517
73	101	0.96511
89	101	-2.1462
97	101	-1.5143
98	101	-3.2674
17	102	17.1071
18	102	18.7964
31	102	12.8867
32	102	15.6053
36	102	12.9744
37	102	15.293
81	102	-0.67521
92	102	-3.2674
100	102	-3.2674
7	103	23.3135
24	103	59.583
38	103	20.8929
39	103	53.101
47	103	15.293
62	103	3.8571
69	103	59.1812
70	103	55.4215
8	104	23.0214
11	104	20.9559
19	104	15.9133
20	104	15.5276
23	104	13.6628
46	104	7.7607
25	105	13.4073
26	105	13.6628
33	105	12.262
63	105	6.1496
71	105	3.5372
78	105	1.9643
87	105	1.9643
88	105	3.5372
25	106	13.4073
26	106	13.3214
33	106	11.523
63	106	4.4715
71	106	2.1517
78	106	0.30445
87	106	-0.67521
88	106	0.53071
105	106	-3.7143
22	107	16.443
34	107	11.8034
35	107	12.8867
44	107	10.4572
45	107	11.9882
61	107	6.9156
66	107	5.1977
75	107	3.5372
80	107	1.9643
108	109	-1.8214
108	110	1.9643
109	110	-3.7143
8	111	25.5573
11	111	24.2301
19	111	17.7539
20	111	18.2456
23	111	16.443
46	111	11.9882
104	111	4.0138
8	112	25.1758
11	112	23.7178
19	112	17.3966
20	112	17.7539
23	112	15.9133
46	112	11.1425
104	112	2.1517
111	112	-5.6071
7	113	24.7342
24	113	67.3816
38	113	16.7404
39	113	60.9052
47	113	11.9882
62	113	7.7607
69	113	66.9256
70	113	63.1723
103	113	0.30445
8	114	24.7342
11	114	22.7857
19	114	17.3966
20	114	17.1798
23	114	15.293
46	114	9.5357
104	114	-4.8231
111	114	1.9643
112	114	0.071429
41	115	11.8034
43	115	12.262
51	115	10.4572
53	115	11.1425
64	115	6.9156
73	115	4.4715
89	115	0.96511
97	115	-1.5143
98	115	-0.67521
101	115	0.96511
22	116	18.2456
34	116	13.6628
35	116	14.6553
44	116	12.262
45	116	13.6628
61	116	8.6726
66	116	6.9156
75	116	5.1977
80	116	3.5372
107	116	-5.6071
108	117	-5.6071
109	117	-1.5143
110	117	2.1517
67	118	9.9513
68	118	12.6213
76	118	12.9744
93	118	9.4302
94	118	11.1425
67	119	8.783
68	119	11.2383
76	119	11.4286
93	119	7.7607
94	119	9.4302
118	119	-5.6071
67	120	7.7607
68	120	9.9513
76	120	9.9513
93	120	6.1496
94	120	7.7607
118	120	-3.7143
119	120	-5.6071
8	121	27.0414
11	121	25.5573
19	121	19.269
20	121	19.6016
23	121	17.7539
46	121	12.8867
104	121	2.6933
111	121	-4.8231
112	121	-5.6071
114	121	0.30445
108	122	-3.2674
109	122	0.96511
110	122	4.4715
117	122	-4.8231
108	123	-3.7143
109	123	-0.67521
110	123	2.6933
117	123	-5.6071
122	123	-5.6071
108	124	-1.8214
109	124	0.53071
110	124	3.5372
117	124	-3.7143
122	124	-4.8231
123	124	-5.6071
1	2	-2.3583
1	3	-2.216
1	4	-2.522
1	5	-1.9863
1	6	-2.3327
1	9	-1.6524
1	14	-2.1144
2	14	-2.4816
3	14	-2.1337
4	14	-2.1043
5	14	-2.1123
6	14	-2.0838
7	14	-1.1878
8	14	-1.1746
9	14	-1.9099
10	14	-1.8576
11	14	-1.1727
12	14	-1.7579
13	14	-2.4812
14	15	-1.7188
14	16	-1.5373
7	17	0.0044451
10	17	-1.8107
12	17	-2.1297
14	17	-1.5915
15	17	-1.8063
16	17	-1.4105
7	18	-0.34249
10	18	-1.9886
12	18	-2.1439
14	18	-1.6139
15	18	-1.8662
16	18	-1.5149
14	19	-1.3964
14	20	-1.455
1	21	-1.8933
2	21	-2.23
3	21	-1.7632
4	21	-1.6469
5	21	-2.2388
6	21	-1.7533
7	21	-1.4524
8	21	-0.95133
9	21	-1.98
10	21	-1.6612
11	21	-1.1093
12	21	-1.8746
13	21	-1.5211
15	21	-1.2395
16	21	-1.6699
17	21	-1.8311
18	21	-1.6904
19	21	-1.2411
20	21	-1.1663
14	22	-1.977
21	22	-1.3885
14	23	-1.4467
21	23	-1.3235
14	24	8.5277
17	24	9.0603
18	24	9.2854
21	24	9.1146
14	25	-2.2176
21	25	-0.88903
14	26	-2.4528
21	26	-0.92208
2	27	2.3242
3	27	0.7592
4	27	0.62396
5	27	2.2018
6	27	0.58834
9	27	2.0096
14	27	1.7144
21	27	0.71202
2	28	1.9297
3	28	0.82929
4	28	0.66765
5	28	1.7837
6	28	0.6218
9	28	1.5737
14	28	1.5054
21	28	0.57391
2	29	1.6477
3	29	1.0823
4	29	0.88658
5	29	1.4883
6	29	0.82825
9	29	1.2743
14	29	1.2688
21	29	0.392
1	30	1.6905
14	30	0.59016
21	30	-0.19074
27	30	-1.2972
28	30	-1.2995
29	30	-1.1157
7	31	-0.30826
10	31	-1.5559
12	31	-2.0456
14	31	-1.2874
15	31	-1.5805
16	31	-1.4489
21	31	-1.6846
24	31	8.8238
7	32	-0.75241
10	32	-2.1291
12	32	-1.7744
14	32	-1.5175
15	32	-1.6324
16	32	-1.2676
21	32	-1.4291
24	32	8.9741
14	33	-2.4231
21	33	-1.4941
14	34	-1.6007
21	34	-1.7299
14	35	-1.9643
21	35	-1.6957
7	36	-0.92978
10	36	-1.9595
12	36	-1.9176
14	36	-1.279
15	36	-1.8131
16	36	-1.3998
21	36	-1.5443
24	36	8.478
7	37	-0.80505
10	37	-2.1816
12	37	-1.811
14	37	-1.3081
15	37	-1.7134
16	37	-1.3096
21	37	-1.4355
24	37	8.7255
14	38	-1.2702
17	38	-1.5457
18	38	-1.4013
21	38	-1.3398
31	38	-1.8194
32	38	-2.085
36	38	-1.5738
37	38	-1.6905
14	39	6.9919
17	39	8.6817
18	39	8.9169
21	39	6.9408
31	39	8.7803
32	39	8.9172
36	39	8.4021
37	39	8.6462
2	40	2.6902
3	40	1.5333
4	40	1.3712
5	40	2.6263
6	40	1.3409
9	40	2.5179
14	40	2.3286
21	40	1.389
30	40	0.14874
14	41	-1.8383
21	41	-1.6835
25	41	-2.5559
26	41	-2.5013
33	41	-2.13
2	42	2.3423
3	42	1.7428
4	42	1.5501
5	42	2.2567
6	42	1.5105
9	42	2.1288
14	42	2.1
21	42	1.2114
30	42	0.47946
14	43	-1.9611
21	43	-1.7346
25	43	-2.4645
26	43	-2.3843
33	43	-2.0777
14	44	-1.3486
21	44	-1.951
14	45	-1.6946
21	45	-1.738
14	46	-1.3412
21	46	-1.6968
14	47	-1.1726
17	47	-1.327
18	47	-1.038
21	47	-1.3942
31	47	-1.7976
32	47	-1.7039
36	47	-1.5259
37	47	-1.6127
14	48	1.1504
21	48	1.0753
1	49	-0.49686
2	49	-0.82914
3	49	-0.44319
4	49	-0.40318
5	49	-0.88718
6	49	-0.50787
7	49	-0.64034
8	49	-0.084891
9	49	-0.77761
10	49	-0.23024
11	49	-0.2484
12	49	-0.377
13	49	1.3766
15	49	-0.13472
16	49	-0.51126
17	49	-0.74599
18	49	-0.71638
19	49	-0.34508
20	49	-0.28734
22	49	0.18457
23	49	-0.43914
24	49	7.6237
25	49	2.2247
26	49	1.719
27	49	-1.4456
28	49	-1.4631
29	49	-1.5186
30	49	-1.7571
31	49	-0.95096
32	49	-0.70968
33	49	0.96072
34	49	-0.20735
35	49	-0.17935
36	49	-0.95231
37	49	-0.84423
38	49	-0.88185
39	49	7.6639
40	49	-0.70696
41	49	0.23467
42	49	-0.76726
43	49	0.087708
44	49	-0.63778
45	49	-0.48248
46	49	-0.84586
47	49	-1.0778
48	49	-2.5121
2	50	2.549
3	50	1.9935
4	50	1.7948
5	50	2.4847
6	50	1.7611
9	50	2.3855
14	50	2.3709
21	50	1.5202
30	50	1.0362
49	50	-0.38809
14	51	-1.8614
21	51	-1.9169
25	51	-2.2244
26	51	-2.2553
33	51	-2.6509
49	51	-0.14906
2	52	2.3027
3	52	2.4756
4	52	2.245
5	52	2.2233
6	52	2.2028
9	52	2.1123
14	52	2.0522
21	52	1.2337
30	52	1.7396
49	52	-0.59502
14	53	-1.9395
21	53	-1.9326
25	53	-2.3442
26	53	-2.4387
33	53	-2.4928
49	53	-0.2628
14	54	1.0575
17	54	0.66962
18	54	0.52803
21	54	0.4524
31	54	0.61645
32	54	0.72197
36	54	0.43098
37	54	0.45749
49	54	-1.2475
1	55	-0.23454
2	55	-0.68235
3	55	-0.20078
4	55	-0.16125
5	55	-0.7253
6	55	-0.25778
7	55	-0.46066
8	55	0.11393
9	55	-0.60152
10	55	0.032713
11	55	-0.048289
12	55	-0.099672
13	55	1.1622
15	55	0.12318
16	55	-0.2184
17	55	-0.52805
18	55	-0.5015
19	55	-0.1357
20	55	-0.08148
22	55	0.48914
23	55	-0.22978
24	55	7.2368
25	55	2.5291
26	55	2.0649
27	55	-1.869
28	55	-1.8933
29	55	-1.8668
30	55	-2.0504
31	55	-0.72356
32	55	-0.4915
33	55	1.3913
34	55	0.13001
35	55	0.14201
36	55	-0.7244
37	55	-0.62644
38	55	-0.70048
39	55	6.8047
40	55	-1.2185
41	55	0.66242
42	55	-1.2328
43	55	0.49172
44	55	-0.29186
45	55	-0.16031
46	55	-0.63045
47	55	-0.89024
48	55	-2.3132
50	55	-0.84866
51	55	0.26331
52	55	-1.0171
53	55	0.12535
54	55	-1.6233
1	56	-0.21807
2	56	-0.62918
3	56	-0.13938
4	56	-0.12376
5	56	-0.66391
6	56	-0.22646
7	56	-0.45579
8	56	0.08144
9	56	-0.53791
10	56	0.053118
11	56	-0.089422
12	56	-0.076461
13	56	0.91461
15	56	0.1012
16	56	-0.21851
17	56	-0.51514
18	56	-0.51673
19	56	-0.16846
20	56	-0.1241
22	56	0.4989
23	56	-0.27322
24	56	7.5288
25	56	2.9068
26	56	2.3747
27	56	-2.0186
28	56	-1.9881
29	56	-1.9755
30	56	-2.054
31	56	-0.73428
32	56	-0.53693
33	56	1.6364
34	56	0.14348
35	56	0.12267
36	56	-0.77659
37	56	-0.6887
38	56	-0.76944
39	56	7.3667
40	56	-1.2187
41	56	0.75888
42	56	-1.2226
43	56	0.56786
44	56	-0.31253
45	56	-0.21112
46	56	-0.68904
47	56	-0.96124
48	56	-2.3512
50	56	-0.80095
51	56	0.30133
52	56	-0.97988
53	56	0.14947
54	56	-1.5921
1	57	-0.14826
2	57	-0.63447
3	57	-0.056169
4	57	-0.056599
5	57	-0.65698
6	57	-0.16155
7	57	-0.45574
8	57	0.077867
9	57	-0.52415
10	57	0.11645
11	57	-0.10186
12	57	-0.012245
13	57	0.85526
15	57	0.13371
16	57	-0.17144
17	57	-0.53315
18	57	-0.54801
19	57	-0.1702
20	57	-0.13694
22	57	0.54405
23	57	-0.28595
24	57	7.7494
25	57	3.5082
26	57	2.9158
27	57	-2.1494
28	57	-2.0844
29	57	-2.056
30	57	-1.9822
31	57	-0.7723
32	57	-0.58401
33	57	2.1325
34	57	0.17837
35	57	0.14244
36	57	-0.82492
37	57	-0.73799
38	57	-0.82096
39	57	7.7288
40	57	-1.2567
41	57	0.93461
42	57	-1.2368
43	57	0.72039
44	57	-0.29993
45	57	-0.21078
46	57	-0.71519
47	57	-1.0107
48	57	-2.3265
50	57	-0.77263
51	57	0.40885
52	57	-0.95122
53	57	0.24352
54	57	-1.5715
1	58	-0.030756
2	58	-0.53699
3	58	0.022868
4	58	-0.00059817
5	58	-0.54603
6	58	-0.10921
7	58	-0.41145
8	58	0.089372
9	58	-0.40513
10	58	0.21911
11	58	-0.097385
12	58	0.094324
13	58	0.67425
15	58	0.19496
16	58	-0.085704
17	58	-0.46536
18	58	-0.49458
19	58	-0.15944
20	58	-0.13557
22	58	0.63327
23	58	-0.28428
24	58	7.9466
25	58	4.2323
26	58	3.6004
27	58	-2.0522
28	58	-2.2223
29	58	-2.1779
30	58	-1.7686
31	58	-0.72426
32	58	-0.55234
33	58	2.8232
34	58	0.26369
35	58	0.20309
36	58	-0.79522
37	58	-0.71554
38	58	-0.8299
39	58	7.9998
40	58	-1.3477
41	58	1.1277
42	58	-1.2993
43	58	0.88086
44	58	-0.2422
45	58	-0.17611
46	58	-0.72339
47	58	-1.0238
48	58	-2.3639
50	58	-0.77937
51	58	0.51534
52	58	-0.95556
53	58	0.33313
54	58	-1.5577
1	59	1.7254
14	59	2.3757
21	59	1.6515
27	59	0.2031
28	59	-0.10799
29	59	-0.41835
40	59	-0.81941
42	59	-1.136
49	59	-0.2395
50	59	-1.9385
52	59	-2.1079
55	59	-0.61905
56	59	-0.55971
57	59	-0.36144
58	59	-0.23604
14	60	1.026
17	60	0.97708
18	60	0.78224
21	60	0.46008
31	60	0.93626
32	60	0.9468
36	60	0.67766
37	60	0.65373
49	60	-1.16
55	60	-1.4871
56	60	-1.4737
57	60	-1.4175
58	60	-1.3808
14	61	-0.46903
21	61	-1.0475
49	61	-1.5971
55	61	-1.2181
56	61	-1.2807
57	61	-1.2949
58	61	-1.2665
14	62	-0.14498
17	62	1.6499
18	62	2.5628
21	62	-0.63485
31	62	0.89177
32	62	2.6873
36	62	2.0565
37	62	3.6933
49	62	-1.6233
55	62	-1.5897
56	62	-1.5441
57	62	-1.4727
58	62	-1.4323
14	63	-1.1254
21	63	-1.5515
41	63	1.0504
43	63	0.7292
49	63	-1.4829
51	63	0.24972
53	63	0.05527
55	63	-0.97074
56	63	-1.1446
57	63	-1.2172
58	63	-1.4015
14	64	-1.3373
21	64	-1.9886
25	64	-1.3072
26	64	-1.2699
33	64	-1.4834
49	64	-0.86459
55	64	-0.44321
56	64	-0.49163
57	64	-0.48561
58	64	-0.50404
63	64	-1.1303
14	65	1.2659
17	65	1.1111
18	65	0.90996
21	65	0.71982
31	65	1.102
32	65	1.0848
36	65	0.83956
37	65	0.79763
49	65	-0.85465
55	65	-1.1823
56	65	-1.1364
57	65	-1.0609
58	65	-1.003
14	66	-0.093176
21	66	-0.63763
49	66	-2.0421
55	66	-1.6606
56	66	-1.7533
57	66	-1.7762
58	66	-1.7661
8	67	0.50519
11	67	0.17876
14	67	-1.1719
19	67	-0.27554
20	67	-0.42595
21	67	-1.6743
22	67	-0.89233
23	67	-0.58093
34	67	-1.9837
35	67	-1.7253
44	67	-2.3448
45	67	-1.9843
46	67	-1.394
49	67	-1.0607
55	67	-0.78829
56	67	-0.86491
57	67	-0.87288
58	67	-0.91567
61	67	-1.5192
66	67	-1.0744
8	68	0.2239
11	68	-0.11862
14	68	-1.5921
19	68	-0.19342
20	68	-0.4346
21	68	-1.4883
22	68	-1.5116
23	68	-0.72977
34	68	-2.1937
35	68	-2.2655
44	68	-1.9191
45	68	-2.116
46	68	-1.7175
49	68	-0.75562
55	68	-0.4906
56	68	-0.59433
57	68	-0.62854
58	68	-0.66734
61	68	-1.2983
66	68	-0.93137
14	69	7.4417
17	69	7.6922
18	69	7.9361
21	69	7.3918
31	69	8.172
32	69	8.4107
36	69	7.8816
37	69	8.1221
49	69	8.1796
55	69	8.5194
56	69	8.7398
57	69	8.9295
58	69	9.0449
14	70	6.9366
17	70	7.9959
18	70	8.2415
21	70	6.797
31	70	8.4715
32	70	8.7414
36	70	8.2274
37	70	8.4655
49	70	7.5791
55	70	7.9976
56	70	8.3176
57	70	8.5723
58	70	8.7339
14	71	-1.1183
21	71	-1.4966
41	71	0.86037
43	71	0.58209
49	71	-1.803
51	71	0.19092
53	71	-0.00064521
55	71	-1.3186
56	71	-1.6794
57	71	-2.0737
58	71	-2.1993
64	71	-0.93742
2	72	3.6734
3	72	1.8911
4	72	1.7548
5	72	3.6988
6	72	1.7535
9	72	3.7019
14	72	3.7764
21	72	2.993
30	72	1.0324
49	72	1.2153
55	72	0.70366
56	72	0.96207
57	72	1.245
58	72	1.5814
59	72	1.5815
14	73	-0.43626
21	73	-1.1826
25	73	-0.52638
26	73	-0.41604
33	73	-0.49235
49	73	-1.7726
55	73	-1.3065
56	73	-1.4027
57	73	-1.4635
58	73	-1.569
63	73	-2.2081
71	73	-1.7916
1	74	2.0403
14	74	1.8527
21	74	1.14
27	74	-0.89006
28	74	-0.54477
29	74	-0.30781
40	74	-1.9653
42	74	-1.6801
49	74	-0.45761
50	74	-2.1882
52	74	-1.8324
55	74	-0.82558
56	74	-0.79403
57	74	-0.73356
58	74	-0.61605
72	74	-0.7941
14	75	0.17877
21	75	-0.33741
49	75	-1.9099
55	75	-1.9797
56	75	-2.1137
57	75	-2.0824
58	75	-1.995
67	75	-0.68374
68	75	-0.61398
8	76	0.15006
11	76	-0.13817
14	76	-1.5884
19	76	0.058577
20	76	-0.19336
21	76	-1.3521
22	76	-1.4268
23	76	-0.44976
34	76	-1.9865
35	76	-2.0749
44	76	-2.0892
45	76	-2.1941
46	76	-1.5393
49	76	-0.74433
55	76	-0.49056
56	76	-0.60771
57	76	-0.65977
58	76	-0.69241
61	76	-1.5601
66	76	-1.2261
75	76	-0.93272
1	77	1.7295
14	77	4.2917
21	77	3.795
27	77	-0.22941
28	77	-0.20837
29	77	-0.27925
40	77	-0.79301
42	77	-0.76002
49	77	2.7325
50	77	-1.1117
52	77	-1.1257
55	77	2.5589
56	77	3.3651
57	77	4.3974
58	77	4.2645
72	77	-2.2476
14	78	-0.88409
21	78	-1.1919
41	78	1.1065
43	78	0.82351
49	78	-2.06
51	78	0.49331
53	78	0.27627
55	78	-1.8232
56	78	-2.1643
57	78	-2.2987
58	78	-1.7098
64	78	-0.4924
73	78	-1.1792
1	79	2.2172
14	79	2.1313
21	79	1.4157
27	79	-0.40432
28	79	-0.04283
29	79	0.1828
40	79	-1.309
42	79	-0.93609
49	79	-0.17323
50	79	-1.2606
52	79	-0.89627
55	79	-0.55647
56	79	-0.47067
57	79	-0.35464
58	79	-0.17799
72	79	-1.2661
14	80	0.35442
21	80	-0.1394
49	80	-1.6774
55	80	-1.986
56	80	-1.9575
57	80	-1.816
58	80	-1.696
67	80	-0.16237
68	80	-0.152
76	80	-0.47845
7	81	0.48645
10	81	2.5141
12	81	2.3051
14	81	1.2644
15	81	3.1232
16	81	2.2447
21	81	0.70091
24	81	8.0778
38	81	-0.12299
39	81	7.8767
47	81	-0.13241
49	81	-0.58753
54	81	-0.55087
55	81	-0.86683
56	81	-0.80563
57	81	-0.70435
58	81	-0.66084
60	81	-0.59051
62	81	-0.46264
65	81	-1.1451
69	81	7.722
70	81	8.0402
14	82	2.6289
21	82	2.7832
49	82	0.93521
55	82	1.0411
56	82	0.77406
57	82	0.40061
58	82	0.2253
1	83	0.80353
2	83	0.20485
3	83	0.93523
4	83	0.94577
5	83	0.19045
6	83	0.86157
7	83	0.26368
8	83	0.71694
9	83	0.34206
10	83	1.1141
11	83	0.56493
12	83	1.0296
13	83	3.4011
15	83	1.1985
16	83	0.96765
17	83	0.42354
18	83	0.40814
19	83	0.51896
20	83	0.56253
22	83	1.6753
23	83	0.42974
24	83	6.1479
25	83	3.4703
26	83	3.1429
27	83	-1.1644
28	83	-1.2027
29	83	-1.1486
30	83	-0.7266
31	83	0.26809
32	83	0.40531
33	83	2.699
34	83	1.4554
35	83	1.4039
36	83	0.20203
37	83	0.24391
38	83	-0.044628
39	83	5.2531
40	83	-1.6317
41	83	2.1423
42	83	-1.658
43	83	1.9465
44	83	1.0707
45	83	1.1112
46	83	0.061564
47	83	-0.20037
48	83	1.9429
50	83	-1.9094
51	83	1.7998
52	83	-1.7216
53	83	1.6194
54	83	-0.91804
59	83	-1.7499
60	83	-1.0265
61	83	0.28536
62	83	-0.89554
63	83	1.1032
64	83	1.2653
65	83	-1.2967
66	83	-0.098952
67	83	0.17404
68	83	0.39512
69	83	8.1157
70	83	7.4964
71	83	1.0776
72	83	-1.7992
73	83	0.66906
74	83	-1.7815
75	83	-0.40229
76	83	0.35951
77	83	-1.6867
78	83	0.59716
79	83	-1.7918
80	83	-0.61657
81	83	-1.6055
82	83	-1.6867
1	84	1.769
14	84	4.6345
21	84	4.2034
27	84	-0.14219
28	84	-0.099042
29	84	-0.15286
40	84	-0.62944
42	84	-0.58138
49	84	3.3597
50	84	-0.88684
52	84	-0.89727
55	84	3.3351
56	84	4.0247
57	84	4.737
58	84	4.3957
72	84	-1.8191
83	84	-0.38951
1	85	0.80939
2	85	0.10058
3	85	0.90696
4	85	0.90609
5	85	0.090219
6	85	0.82074
7	85	0.25546
8	85	0.75327
9	85	0.24177
10	85	1.1618
11	85	0.59636
12	85	1.0801
13	85	3.1527
15	85	1.2234
16	85	1.0085
17	85	0.45077
18	85	0.427
19	85	0.55222
20	85	0.59056
22	85	1.7259
23	85	0.45689
24	85	6.3848
25	85	3.8295
26	85	3.483
27	85	-1.0795
28	85	-1.1471
29	85	-1.1159
30	85	-0.71662
31	85	0.28404
32	85	0.41357
33	85	3.0279
34	85	1.5085
35	85	1.4412
36	85	0.20949
37	85	0.24753
38	85	-0.068421
39	85	5.6437
40	85	-1.5713
41	85	2.2785
42	85	-1.6265
43	85	2.0676
44	85	1.1087
45	85	1.1339
46	85	0.079311
47	85	-0.22518
48	85	1.5439
50	85	-1.9006
51	85	1.9065
52	85	-1.7335
53	85	1.7133
54	85	-0.88959
59	85	-1.4988
60	85	-1.0202
61	85	0.30578
62	85	-0.91718
63	85	1.3699
64	85	1.3356
65	85	-1.3077
66	85	-0.09102
67	85	0.20505
68	85	0.42129
69	85	8.2777
70	85	7.8156
71	85	1.3465
72	85	-1.8867
73	85	0.73004
74	85	-1.8041
75	85	-0.41033
76	85	0.37673
77	85	-2.3019
78	85	0.80193
79	85	-1.721
80	85	-0.64269
81	85	-1.6311
82	85	-1.7192
84	85	-0.62538
1	86	1.8142
14	86	4.1858
21	86	3.7114
27	86	-0.01744
28	86	-0.0041942
29	86	-0.081276
40	86	-0.51923
42	86	-0.50544
49	86	2.7026
50	86	-0.83033
52	86	-0.86703
55	86	2.582
56	86	3.2544
57	86	4.1236
58	86	4.2585
72	86	-1.712
83	86	-0.87093
85	86	-0.60661
14	87	-0.71311
21	87	-0.97237
41	87	1.5982
43	87	1.2757
49	87	-2.1228
51	87	1.007
53	87	0.72861
55	87	-1.9808
56	87	-2.2662
57	87	-2.167
58	87	-1.8114
64	87	0.14243
73	87	-0.33049
83	87	0.040556
85	87	0.14974
14	88	-0.77985
21	88	-1.0364
41	88	1.9044
43	88	1.54
49	88	-1.9493
51	88	1.2919
53	88	0.96115
55	88	-1.694
56	88	-1.9972
57	88	-2.2124
58	88	-1.9287
64	88	0.43693
73	88	0.063204
83	88	0.076106
85	88	0.17486
14	89	0.31227
21	89	-0.28667
25	89	0.28395
26	89	0.38812
33	89	0.3864
49	89	-1.7457
55	89	-2.195
56	89	-2.0065
57	89	-1.769
58	89	-1.4561
63	89	-1.0582
71	89	-1.7041
78	89	-2.2786
83	89	-0.40823
85	89	-0.41752
87	89	-2.3697
88	89	-2.3816
1	90	2.3956
14	90	2.2963
21	90	1.6086
27	90	-0.045245
28	90	0.27017
29	90	0.44084
40	90	-0.85186
42	90	-0.55791
49	90	0.089872
50	90	-0.82225
52	90	-0.60704
55	90	-0.27123
56	90	-0.16316
57	90	-0.022179
58	90	0.17652
72	90	-1.4403
83	90	-1.8436
85	90	-1.7887
1	91	2.3423
14	91	2.0971
21	91	1.4571
27	91	-0.19217
28	91	0.04172
29	91	0.14571
40	91	-1.0725
42	91	-0.92841
49	91	0.018314
50	91	-1.2956
52	91	-1.2517
55	91	-0.28936
56	91	-0.2441
57	91	-0.15811
58	91	-0.028184
72	91	-1.6392
83	91	-1.9643
85	91	-1.937
7	92	0.32241
10	92	1.5882
12	92	1.3533
14	92	0.71454
15	92	2.0489
16	92	1.191
21	92	0.20848
24	92	8.4533
38	92	0.082597
39	92	8.2323
47	92	0.12929
49	92	-1.0321
54	92	-1.4844
55	92	-1.2572
56	92	-1.2576
57	92	-1.1726
58	92	-1.1374
60	92	-1.6186
62	92	0.43598
65	92	-1.9983
69	92	7.9677
70	92	8.2887
83	92	-1.3173
85	92	-1.3336
8	93	0.96693
11	93	0.73908
14	93	-0.53508
19	93	0.8534
20	93	0.69377
21	93	-0.94231
22	93	-0.28633
23	93	0.48508
34	93	-1.0744
35	93	-0.88505
44	93	-1.4292
45	93	-1.0848
46	93	-0.23503
49	93	-1.6231
55	93	-1.4318
56	93	-1.5477
57	93	-1.6207
58	93	-1.6087
61	93	-1.9169
66	93	-2.2374
75	93	-2.194
80	93	-1.6912
83	93	-0.54126
85	93	-0.54615
8	94	0.9645
11	94	0.82253
14	94	-0.64637
19	94	1.0188
20	94	0.84452
21	94	-1.0207
22	94	-0.46927
23	94	0.64935
34	94	-1.1988
35	94	-1.06
44	94	-1.5659
45	94	-1.2818
46	94	-0.046306
49	94	-1.4979
55	94	-1.2977
56	94	-1.4232
57	94	-1.4998
58	94	-1.501
61	94	-2.0035
66	94	-2.2672
75	94	-2.067
80	94	-1.6066
83	94	-0.44447
85	94	-0.45155
14	95	2.5052
21	95	2.6586
49	95	0.94556
55	95	1.1118
56	95	0.88115
57	95	0.53026
58	95	0.37086
83	95	-2.3116
85	95	-2.2627
1	96	0.9589
2	96	0.30985
3	96	1.1639
4	96	1.1824
5	96	0.29783
6	96	1.1037
7	96	0.40396
8	96	0.78904
9	96	0.45434
10	96	1.173
11	96	0.64205
12	96	1.0948
13	96	3.4404
15	96	1.2801
16	96	1.0533
17	96	0.55303
18	96	0.53881
19	96	0.6063
20	96	0.64988
22	96	1.7327
23	96	0.52132
24	96	5.7935
25	96	3.1614
26	96	2.8664
27	96	-0.94142
28	96	-0.96355
29	96	-0.90001
30	96	-0.44479
31	96	0.41469
32	96	0.54588
33	96	2.4652
34	96	1.5356
35	96	1.4886
36	96	0.35073
37	96	0.38844
38	96	0.099514
39	96	4.8283
40	96	-1.3416
41	96	2.1672
42	96	-1.3602
43	96	1.9806
44	96	1.1733
45	96	1.2147
46	96	0.16589
47	96	-0.047382
48	96	2.302
50	96	-1.5799
51	96	1.8604
52	96	-1.3977
53	96	1.6849
54	96	-0.72543
59	96	-1.6402
60	96	-0.81608
61	96	0.4338
62	96	-0.7027
63	96	1.0452
64	96	1.389
65	96	-1.0614
66	96	0.075219
67	96	0.30467
68	96	0.5158
69	96	7.4186
70	96	6.5275
71	96	1.0662
72	96	-2.222
73	96	0.84865
74	96	-1.3698
75	96	-0.20294
76	96	0.48409
77	96	-2.128
78	96	0.67294
79	96	-1.5189
80	96	-0.39439
81	96	-1.37
82	96	-1.5777
84	96	-1.5514
86	96	-1.7738
87	96	0.17699
88	96	0.18273
89	96	-0.12328
90	96	-1.7375
91	96	-1.7659
92	96	-1.1318
93	96	-0.38083
94	96	-0.28905
95	96	-2.592
14	97	0.58181
21	97	0.02035
25	97	0.70946
26	97	0.83162
33	97	0.88877
49	97	-1.3184
55	97	-1.7475
56	97	-1.4686
57	97	-1.1687
58	97	-0.7872
63	97	-0.027725
71	97	-0.68237
78	97	-1.1816
83	97	-0.7214
85	97	-0.78183
87	97	-1.4266
88	97	-0.77989
96	97	-0.35834
14	98	0.44899
21	98	-0.10633
25	98	0.48345
26	98	0.57686
33	98	0.59061
49	98	-1.4409
55	98	-1.8548
56	98	-1.6327
57	98	-1.3901
58	98	-1.0716
63	98	-0.55149
71	98	-1.0897
78	98	-1.5446
83	98	-0.76092
85	98	-0.80782
87	98	-1.7912
88	98	-1.358
96	98	-0.43606
1	99	2.3909
14	99	2.2302
21	99	1.5549
27	99	0.05481
28	99	0.34529
29	99	0.48591
40	99	-0.69407
42	99	-0.4437
49	99	0.073897
50	99	-0.67215
52	99	-0.5366
55	99	-0.27488
56	99	-0.1464
57	99	0.020891
58	99	0.24549
72	99	-1.4217
83	99	-1.5871
85	99	-1.5387
96	99	-1.4684
7	100	0.42403
10	100	2.9113
12	100	2.7473
14	100	1.8151
15	100	3.4374
16	100	2.723
21	100	1.2932
24	100	7.7447
38	100	0.13388
39	100	7.493
47	100	0.16012
49	100	0.079311
54	100	0.44908
55	100	-0.17198
56	100	-0.097247
57	100	0.029191
58	100	0.090999
60	100	0.55182
62	100	0.095972
65	100	0.28073
69	100	7.5314
70	100	7.8171
83	100	-1.4496
85	100	-1.4443
96	100	-1.666
14	101	0.36055
21	101	-0.13386
25	101	0.29445
26	101	0.32986
33	101	0.29115
49	101	-1.3144
55	101	-1.6535
56	101	-1.5124
57	101	-1.3581
58	101	-1.1382
63	101	-0.89233
71	101	-1.152
78	101	-1.4372
83	101	-1.0465
85	101	-1.1086
87	101	-1.5357
88	101	-1.1951
96	101	-0.75495
7	102	0.22677
10	102	2.4256
12	102	2.2506
14	102	1.6
15	102	2.8755
16	102	2.1787
21	102	1.1181
24	102	7.7784
38	102	0.28105
39	102	7.5105
47	102	0.34438
49	102	-0.055517
54	102	-0.061692
55	102	-0.27658
56	102	-0.22856
57	102	-0.10624
58	102	-0.049081
60	102	-0.035795
62	102	0.62768
65	102	-0.26759
69	102	7.5339
70	102	7.8161
83	102	-1.5
85	102	-1.4905
96	102	-1.7055
14	103	0.98511
17	103	2.5112
18	103	3.0243
21	103	0.56225
31	103	2.2843
32	103	3.1054
36	103	3.0264
37	103	3.5518
49	103	-0.35985
55	103	-0.58261
56	103	-0.52273
57	103	-0.44683
58	103	-0.40554
81	103	-1.5281
83	103	-1.4711
85	103	-1.4661
92	103	-1.5764
96	103	-1.5194
100	103	-1.953
102	103	-1.7482
14	104	-0.21096
21	104	-0.6203
49	104	-1.4885
55	104	-1.6549
56	104	-1.6426
57	104	-1.6001
58	104	-1.5196
67	104	-0.35417
68	104	0.31657
76	104	0.39436
83	104	-1.1095
85	104	-1.1324
93	104	-1.3965
94	104	-1.1821
96	104	-0.95968
14	105	0.63698
21	105	0.56397
41	105	1.2744
43	105	1.0935
49	105	-0.12164
51	105	0.90791
53	105	0.75234
55	105	-0.27421
56	105	0.060467
57	105	0.25192
58	105	0.4076
64	105	0.35994
73	105	-0.013321
83	105	-2.05
85	105	-1.5082
89	105	-1.0623
96	105	-2.1042
97	105	-1.408
98	105	-1.5178
101	105	-2.034
14	106	0.53567
21	106	0.42739
41	106	1.5623
43	106	1.3396
49	106	-0.42394
51	106	1.1611
53	106	0.96173
55	106	-0.63075
56	106	-0.34109
57	106	-0.15321
58	106	0.015281
64	106	0.60919
73	106	0.2952
83	106	-2.1835
85	106	-1.8121
89	106	-0.84099
96	106	-1.8479
97	106	-1.1692
98	106	-1.4005
101	106	-2.1677
14	107	1.8756
21	107	1.4603
49	107	0.12928
55	107	-0.19368
56	107	0.017966
57	107	0.22617
58	107	0.43591
67	107	0.426
68	107	0.39804
76	107	0.1299
83	107	-1.9707
85	107	-1.868
93	107	-0.8095
94	107	-0.81676
96	107	-1.8918
14	108	0.39058
21	108	-0.10318
41	108	0.15708
43	108	0.23775
49	108	-1.2425
51	108	0.14639
53	108	0.083125
55	108	-1.5401
56	108	-1.3929
57	108	-1.2314
58	108	-1.0155
64	108	-0.10049
73	108	-0.71933
83	108	-1.278
85	108	-1.3721
89	108	-1.5798
96	108	-1.0207
97	108	-1.8611
98	108	-1.7472
101	108	-1.1997
14	109	0.25853
21	109	-0.17868
41	109	-0.12267
43	109	-0.12159
49	109	-1.2267
51	109	-0.2696
53	109	-0.46251
55	109	-1.4531
56	109	-1.3957
57	109	-1.3139
58	109	-1.1369
64	109	-0.60452
73	109	-1.1177
83	109	-1.404
85	109	-1.4403
89	109	-1.9698
96	109	-1.1709
97	109	-2.3381
98	109	-2.3016
101	109	-2.0084
14	110	0.16699
21	110	-0.22416
41	110	-0.42472
43	110	-0.48728
49	110	-1.1968
51	110	-0.64544
53	110	-0.93506
55	110	-1.389
56	110	-1.3988
57	110	-1.3645
58	110	-1.2136
64	110	-0.96756
73	110	-1.3741
83	110	-1.3602
85	110	-1.4091
89	110	-2.1217
96	110	-1.1433
97	110	-2.3179
98	110	-2.3446
101	110	-2.0996
14	111	0.56192
21	111	0.09291
49	111	-0.83424
55	111	-1.073
56	111	-0.96617
57	111	-0.85932
58	111	-0.77084
67	111	1.2268
68	111	2.1673
76	111	2.5395
83	111	-1.5615
85	111	-1.6017
93	111	1.0589
94	111	1.7484
96	111	-1.3454
14	112	0.39435
21	112	-0.068039
49	112	-0.99752
55	112	-1.2356
56	112	-1.133
57	112	-1.029
58	112	-0.94103
67	112	0.90616
68	112	1.8041
76	112	2.1103
83	112	-1.4934
85	112	-1.5312
93	112	0.49324
94	112	1.0687
96	112	-1.283
14	113	0.35878
17	113	1.6074
18	113	2.0587
21	113	-0.018519
31	113	1.3228
32	113	1.9788
36	113	1.8611
37	113	2.2783
49	113	-0.90157
55	113	-1.0926
56	113	-1.0693
57	113	-1.0083
58	113	-0.96625
81	113	-1.7346
83	113	-1.1649
85	113	-1.169
92	113	-2.0674
96	113	-1.0247
100	113	-1.5833
102	113	-1.5621
14	114	-0.18888
21	114	-0.61006
49	114	-1.5001
55	114	-1.6645
56	114	-1.6502
57	114	-1.6011
58	114	-1.5051
67	114	-0.13496
68	114	0.57948
76	114	0.72052
83	114	-1.0903
85	114	-1.1176
93	114	-0.94326
94	114	-0.66203
96	114	-0.92099
14	115	1.4782
21	115	1.0624
25	115	1.4949
26	115	1.5943
33	115	1.6782
49	115	0.13051
55	115	-0.149
56	115	0.14763
57	115	0.42387
58	115	0.75372
63	115	1.2737
71	115	0.96942
78	115	0.82646
83	115	-2.2299
85	115	-1.9369
87	115	1.1787
88	115	1.8204
96	115	-1.71
105	115	-1.6677
106	115	-1.262
108	115	-1.2781
109	115	-1.7212
110	115	-1.6353
14	116	1.928
21	116	1.5329
49	116	0.25174
55	116	-0.053762
56	116	0.16441
57	116	0.38152
58	116	0.59749
67	116	0.44371
68	116	0.39334
76	116	0.11938
83	116	-1.783
85	116	-1.6568
93	116	-0.80059
94	116	-0.82633
96	116	-1.8156
14	117	0.71485
21	117	0.26087
41	117	0.3863
43	117	0.45038
49	117	-0.79089
51	117	0.37396
53	117	0.286
55	117	-1.057
56	117	-0.92643
57	117	-0.78313
58	117	-0.57381
64	117	0.18038
73	117	-0.35732
83	117	-1.5938
85	117	-1.6287
89	117	-1.0378
96	117	-1.253
97	117	-1.621
98	117	-1.339
101	117	-0.48031
115	117	-1.9749
8	118	1.1784
11	118	0.91948
14	118	1.3719
19	118	0.5321
20	118	0.4842
21	118	0.8823
22	118	2.2059
23	118	0.31107
34	118	1.5651
35	118	1.9946
44	118	1.5949
45	118	2.1394
46	118	-0.14742
49	118	-0.21545
55	118	-0.51348
56	118	-0.31263
57	118	-0.15493
58	118	0.012418
61	118	1.4785
66	118	1.3682
75	118	1.2626
80	118	1.0124
83	118	-1.7006
85	118	-1.6652
96	118	-1.3769
104	118	-1.5037
107	118	-1.379
111	118	-1.9728
112	118	-1.9716
114	118	-1.6555
116	118	-1.4314
8	119	1.1797
11	119	0.92131
14	119	1.3486
19	119	0.60055
20	119	0.5453
21	119	0.87558
22	119	2.0868
23	119	0.37065
34	119	1.4218
35	119	1.8364
44	119	1.4146
45	119	1.953
46	119	-0.098668
49	119	-0.20731
55	119	-0.49677
56	119	-0.30956
57	119	-0.16569
58	119	-0.0099378
61	119	1.2434
66	119	1.0939
75	119	0.94228
80	119	0.62504
83	119	-1.6962
85	119	-1.6289
96	119	-1.5517
104	119	-1.5326
107	119	-1.6043
111	119	-1.9595
112	119	-1.9812
114	119	-1.6939
116	119	-1.5912
8	120	1.1543
11	120	0.89635
14	120	1.2336
19	120	0.64699
20	120	0.5839
21	120	0.77271
22	120	1.918
23	120	0.40765
34	120	1.2338
35	120	1.6324
44	120	1.1926
45	120	1.7212
46	120	-0.072978
49	120	-0.30391
55	120	-0.58694
56	120	-0.41159
57	120	-0.27804
58	120	-0.12907
61	120	0.97852
66	120	0.79993
75	120	0.61735
80	120	0.25632
83	120	-1.7579
85	120	-1.703
96	120	-1.5979
104	120	-1.5966
107	120	-1.7405
111	120	-1.9818
112	120	-2.0227
114	120	-1.7691
116	120	-1.6793
14	121	0.54706
21	121	0.094735
49	121	-0.82122
55	121	-1.0558
56	121	-0.9496
57	121	-0.84643
58	121	-0.75813
67	121	1.1013
68	121	1.9459
76	121	2.2466
83	121	-1.5754
85	121	-1.63
93	121	0.86021
94	121	1.3666
96	121	-1.3596
118	121	-2.0842
119	121	-2.1149
120	121	-2.0715
14	122	1.032
21	122	0.59874
41	122	0.75419
43	122	0.82408
49	122	-0.38371
51	122	0.77943
53	122	0.69978
55	122	-0.63489
56	122	-0.47543
57	122	-0.31222
58	122	-0.088393
64	122	0.66897
73	122	0.19612
83	122	-1.6694
85	122	-1.7161
89	122	-0.27191
96	122	-1.3026
97	122	-0.85172
98	122	-0.44126
101	122	0.69868
115	122	-1.8704
14	123	0.90353
21	123	0.47725
41	123	0.55741
43	123	0.61004
49	123	-0.50892
51	123	0.54573
53	123	0.44082
55	123	-0.75154
56	123	-0.62097
57	123	-0.48177
58	123	-0.27328
64	123	0.39309
73	123	-0.085153
83	123	-1.7034
85	123	-1.7402
89	123	-0.6384
96	123	-1.3439
97	123	-1.1788
98	123	-0.84531
101	123	0.072484
115	123	-1.9872
14	124	1.1642
21	124	0.76795
41	124	0.74058
43	124	0.77995
49	124	-0.1519
51	124	0.72394
53	124	0.60129
55	124	-0.37131
56	124	-0.24657
57	124	-0.1167
58	124	0.08418
64	124	0.59843
73	124	0.17055
83	124	-1.9057
85	124	-1.7613
89	124	-0.29936
96	124	-1.5275
97	124	-0.76419
98	124	-0.4515
101	124	0.432
115	124	-1.7214
offset
60
