134
detection	body_part	cost
1	11	-2.767
2	11	1.0064
3	11	9.2102
4	11	-2.4233
5	14	0.87726
6	4	-4.7043
7	10	-2.494
8	3	-4.8913
9	5	-4.0102
10	11	-0.77016
11	11	-2.0167
12	4	-1.6766
13	9	-1.6579
14	9	-2.1571
15	5	0.1402
16	9	-2.0891
17	10	0.27152
18	13	-0.83633
19	10	0.79968
20	1	-4.6427
21	1	-0.7636
22	4	-2.3897
23	13	-0.52082
24	10	-0.007253
25	13	0.229
26	11	0.87497
27	1	-4.3163
28	1	-0.65079
29	4	-1.1474
30	12	0.36164
31	9	0.3083
32	12	-0.43883
33	9	0.39901
34	12	-0.27459
35	13	0.047565
36	11	1.2208
37	11	0.26893
38	2	-4.8881
39	12	-1.5744
40	12	-1.1008
41	13	1.1268
42	13	0.37341
43	11	9.2102
44	3	0.42206
45	3	-1.1142
46	6	-0.51875
47	7	0.56235
48	12	-1.3985
49	12	-0.11708
50	13	0.83255
51	10	0.94391
52	11	9.2102
53	6	-1.7369
54	8	0.36486
55	5	0.10453
56	11	9.2102
57	11	9.2102
58	11	9.2102
59	6	0.82409
60	6	-1.3684
61	7	0.78417
62	8	0.30326
63	5	0.33441
64	4	-1.2728
65	4	-1.4642
66	10	-1.7225
67	14	-1.1811
68	1	-1.1448
69	6	0.74231
70	7	-0.20194
71	4	-3.3013
72	4	-4.2187
73	4	-2.9904
74	10	0.94949
75	10	0.021703
76	10	0.25231
77	2	-1.0824
78	1	-0.49659
79	1	-1.9842
80	6	0.94768
81	6	0.6722
82	3	-1.5356
83	7	-0.03038
84	7	0.099792
85	8	-0.27569
86	4	-0.3236
87	8	0.01153
88	4	-2.6484
89	11	1.3862
90	14	-0.053297
91	1	-0.67109
92	3	-3.4062
93	8	0.067405
94	9	-1.3059
95	9	0.15578
96	10	0.26091
97	7	-0.018299
98	8	0.32534
99	8	0.23854
100	9	-1.9039
101	11	9.2102
102	11	9.2102
103	3	0.60725
104	7	0.31392
105	7	0.26552
106	2	0.20346
107	5	-0.89714
108	5	-3.844
109	5	-1.9586
110	14	1.2321
111	14	-1.4011
112	2	-4.8139
113	5	-2.0246
114	5	-0.38983
115	13	0.6309
116	14	-3.9294
117	1	-6.2448
118	1	-0.91867
119	13	1.3082
120	1	-1.8214
121	13	-1.3436
122	13	-3.6578
123	12	-2.001
124	12	-2.5209
125	12	-2.6878
126	12	-1.8271
127	6	-2.3472
128	8	0.26464
129	12	0.096397
130	6	-4.7606
131	8	-0.091806
132	7	-0.34221
133	8	-5.2049
134	7	-6.1555
detection1	detection2	cost
1	2	3.8571
1	3	-2.1462
2	3	8.1089
1	4	2.6933
2	4	-3.2674
3	4	5.75
1	10	19.6016
2	10	9.9513
3	10	21.885
4	10	9.4302
1	11	20.4477
2	11	11.2383
3	11	22.4287
4	11	10.3572
10	11	-5.6071
6	12	0.30445
13	14	-5.6071
9	15	-3.7143
13	16	-3.7143
14	16	-5.6071
7	17	-1.5143
7	19	1.9643
17	19	-1.8214
20	21	-3.7143
6	22	2.1517
12	22	-5.6071
18	23	-5.6071
7	24	0.96511
17	24	-4.8231
19	24	-3.2674
18	25	-4.8231
23	25	-5.6071
1	26	14.0819
2	26	9.6406
3	26	14.0819
4	26	6.2802
10	26	5.1977
11	26	4.4715
20	27	-5.6071
21	27	-3.2674
20	28	-3.2674
21	28	-5.6071
27	28	-3.7143
6	29	4.4715
12	29	-3.2674
22	29	-4.8231
13	31	-3.2674
14	31	-3.7143
16	31	-3.2674
30	32	-5.6071
13	33	-2.1462
14	33	-3.2674
16	33	-3.7143
31	33	-5.6071
30	34	-3.7143
32	34	-5.6071
18	35	-2.1462
23	35	-3.2674
25	35	-1.5143
1	36	13.6628
2	36	11.523
3	36	12.6213
4	36	7.6429
10	36	9.4302
11	36	8.6726
26	36	-3.2674
1	37	15.6053
2	37	11.523
3	37	15.293
4	37	8.1089
10	37	6.1496
11	37	5.1977
26	37	-5.6071
36	37	-3.7143
30	39	-4.8231
32	39	-5.6071
34	39	-4.8231
30	40	-3.2674
32	40	-4.8231
34	40	-5.6071
39	40	-5.6071
18	41	0.53071
23	41	-0.67521
25	41	0.96511
35	41	-4.8231
18	42	-1.5143
23	42	-3.2674
25	42	-2.1462
35	42	-4.8231
41	42	-3.7143
1	43	14.6553
2	43	13.6628
3	43	12.9744
4	43	9.6406
10	43	11.9882
11	43	11.1425
26	43	-0.67521
36	43	-4.8231
37	43	-1.5143
8	44	6.1496
8	45	4.4715
44	45	-3.7143
30	48	-3.2674
32	48	-3.7143
34	48	-3.2674
39	48	-5.6071
40	48	-4.8231
30	49	-0.67521
32	49	-2.1462
34	49	-3.2674
39	49	-3.2674
40	49	-4.8231
48	49	-3.7143
18	50	0.96511
23	50	-0.67521
25	50	0.53071
35	50	-3.7143
41	50	-4.8231
42	50	-4.8231
7	51	17.1798
17	51	12.8867
19	51	7.7607
24	51	10.4572
1	52	59.6364
2	52	70.3146
3	52	54.7632
4	52	67.3816
10	52	80.5738
11	52	80.309
26	52	68.5919
36	52	64.6524
37	52	68.4269
43	52	62.638
46	53	-4.8231
9	55	6.2802
15	55	2.6933
1	56	69.1549
2	56	79.9
3	56	64.3289
4	56	77.0029
10	56	90.2162
11	56	89.9408
26	56	78.2028
36	56	74.2443
37	56	78.0144
43	56	72.2025
52	56	2.1517
1	57	65.6143
2	57	76.3004
3	57	60.7479
4	57	73.3629
10	57	86.478
11	57	86.1916
26	57	74.4413
36	57	70.4756
37	57	74.2443
43	57	68.4269
52	57	-1.5143
56	57	-3.7143
1	58	63.8534
2	58	74.5068
3	58	58.966
4	58	71.548
10	58	84.6104
11	58	84.3182
26	58	72.5614
36	58	68.5919
37	58	72.3597
43	58	66.5395
52	58	-3.2674
56	58	-1.8214
57	58	-5.6071
46	59	-3.2674
53	59	-3.2674
46	60	-3.2674
53	60	-5.6071
59	60	-3.7143
47	61	-3.7143
54	62	-5.6071
9	63	7.7607
15	63	4.0138
55	63	-4.8231
6	64	13.6628
12	64	6.1496
22	64	4.6202
29	64	1.9643
6	65	15.6053
12	65	8.5614
22	65	7.2837
29	65	4.6202
64	65	-3.7143
7	66	15.293
17	66	9.9513
19	66	6.1496
24	66	7.2837
51	66	-0.67521
5	67	15.3715
20	68	4.4715
21	68	6.1496
27	68	2.6933
28	68	4.6202
46	69	-0.67521
53	69	-3.2674
59	69	-1.5143
60	69	-4.8231
47	70	-1.5143
61	70	-4.8231
6	71	15.3715
12	71	7.7607
22	71	6.1496
29	71	3.5372
64	71	-5.6071
65	71	-3.2674
6	72	16.2174
12	72	8.783
22	72	7.2837
29	72	4.6202
64	72	-4.8231
65	72	-4.8231
71	72	-5.6071
6	73	17.1798
12	73	9.9513
22	73	8.5614
29	73	5.8845
64	73	-3.2674
65	73	-5.6071
71	73	-3.7143
72	73	-5.6071
7	74	12.8867
17	74	6.9156
19	74	5.75
24	74	4.4715
51	74	6.9156
66	74	0.30445
7	75	13.6628
17	75	7.7607
19	75	5.8845
24	75	5.1977
51	75	5.1977
66	75	-1.5143
74	75	-5.6071
7	76	19.269
17	76	14.0819
19	76	9.9513
24	76	11.4286
51	76	-1.5143
66	76	-3.2674
74	76	3.8571
75	76	1.9643
38	77	3.5372
20	78	7.7607
21	78	9.9513
27	78	6.1496
28	78	8.5614
68	78	-3.2674
20	79	6.9156
21	79	8.783
27	79	5.1977
28	79	7.2837
68	79	-4.8231
78	79	-5.6071
46	80	0.30445
53	80	-0.67521
59	80	-3.7143
60	80	-2.1462
69	80	-1.5143
46	81	0.071429
53	81	-1.5143
59	81	-3.2674
60	81	-3.2674
69	81	-3.2674
80	81	-5.6071
8	82	11.4286
44	82	3.2076
45	82	0.96511
47	83	0.30445
61	83	-3.2674
70	83	-5.6071
47	84	0.071429
61	84	-3.7143
70	84	-4.8231
83	84	-5.6071
54	85	-1.5143
62	85	-3.2674
6	86	16.443
12	86	8.6726
22	86	6.9156
29	86	4.4715
64	86	-3.2674
65	86	-0.67521
71	86	-4.8231
72	86	-3.2674
73	86	-1.5143
54	87	-0.67521
62	87	-2.1462
85	87	-5.6071
6	88	18.7964
12	88	11.4286
22	88	9.9513
29	88	7.2837
64	88	-2.1462
65	88	-3.7143
71	88	-3.2674
72	88	-4.8231
73	88	-5.6071
86	88	-1.8214
1	89	23.7178
2	89	23.0214
3	89	21.3311
4	89	19.0675
10	89	17.9658
11	89	16.5921
26	89	6.9156
36	89	4.0138
37	89	5.1977
43	89	1.9643
52	89	62.7655
56	89	72.0901
57	89	68.3089
58	89	66.4184
5	90	18.8644
67	90	-3.7143
20	91	8.6726
21	91	10.3572
27	91	6.9156
28	91	8.783
68	91	-3.2674
78	91	-4.8231
79	91	-5.6071
8	92	13.4073
44	92	5.8845
45	92	3.5372
82	92	-4.8231
54	93	0.30445
62	93	-1.5143
85	93	-5.6071
87	93	-4.8231
13	94	14.0819
14	94	12.9744
16	94	11.9882
31	94	9.9513
33	94	8.783
13	95	16.5921
14	95	15.293
16	95	14.0819
31	95	12.6213
33	95	11.2383
94	95	-3.7143
7	96	18.7964
17	96	12.9744
19	96	10.4572
24	96	10.3572
51	96	4.6202
66	96	-1.5143
74	96	-0.67521
75	96	-2.1462
76	96	-0.67521
47	97	3.8571
61	97	0.071429
70	97	-1.5143
83	97	-3.2674
84	97	-3.7143
54	98	1.9643
62	98	0.071429
85	98	-3.2674
87	98	-2.1462
93	98	-4.8231
54	99	2.1517
62	99	0.30445
85	99	-3.7143
87	99	-3.2674
93	99	-5.6071
98	99	-5.6071
13	100	15.6053
14	100	14.5743
16	100	13.6628
31	100	11.4286
33	100	10.3572
94	100	-5.6071
95	100	-3.2674
1	101	71.2301
2	101	81.4844
3	101	66.1514
4	101	78.2654
10	101	90.2895
11	101	89.8304
26	101	77.9096
36	101	73.8048
37	101	77.5102
43	101	71.5707
52	101	6.1496
56	101	2.1517
57	101	2.1517
58	101	2.6933
89	101	70.3146
1	102	59.7164
2	102	69.5511
3	102	54.5037
4	102	66.1514
10	102	77.5312
11	102	77.0029
26	102	65.0485
36	102	60.9052
37	102	64.5779
43	102	58.6147
52	102	5.1977
56	102	10.3572
57	102	7.2837
58	102	5.8845
89	102	57.1072
101	102	5.75
8	103	17.1798
44	103	6.9156
45	103	5.8845
82	103	-1.5143
92	103	-2.1462
47	104	5.8845
61	104	2.1517
70	104	0.071429
83	104	-1.8214
84	104	-1.5143
97	104	-4.8231
47	105	5.75
61	105	1.9643
70	105	0.30445
83	105	-1.5143
84	105	-1.8214
97	105	-5.6071
104	105	-5.6071
38	106	9.9513
77	106	0.30445
9	107	20.0604
15	107	16.443
55	107	9.9513
63	107	7.2837
9	108	23.08
15	108	19.6016
55	108	13.9152
63	108	11.2383
107	108	-3.2674
9	109	23.8324
15	109	20.4477
55	109	15.293
63	109	12.6213
107	109	-1.5143
108	109	-5.6071
5	110	31.4763
67	110	8.783
90	110	5.8845
5	111	36.8511
67	111	15.6053
90	111	13.6628
110	111	1.9643
38	112	13.4073
77	112	4.4715
106	112	-3.2674
9	113	24.2301
15	113	20.6393
55	113	14.0819
63	113	11.4286
107	113	-3.2674
108	113	-4.8231
109	113	-3.2674
9	114	25.5573
15	114	22.1279
55	114	16.5921
63	114	13.9152
107	114	-0.67521
108	114	-4.8231
109	114	-5.6071
113	114	-3.7143
18	115	26.2014
23	115	24.7342
25	115	23.5452
35	115	25.9881
41	115	26.2014
42	115	23.3135
50	115	23.5452
5	116	36.0768
67	116	13.9152
90	116	11.4286
110	116	-1.5143
111	116	-3.2674
20	117	19
21	117	19.269
27	117	17.1071
28	117	17.3966
68	117	8.1089
78	117	7.7607
79	117	6.9156
91	117	5.1977
20	118	19.269
21	118	19
27	118	17.3966
28	118	17.1071
68	118	9.4302
78	118	9.9513
79	118	8.783
91	118	7.2837
117	118	-3.7143
18	119	21.885
23	119	20.0604
25	119	19.6016
35	119	19.6016
41	119	18.7964
42	119	17.1071
50	119	16.2174
115	119	5.8845
20	120	20.9559
21	120	21.4551
27	120	19.0675
28	120	19.6016
68	120	9.6406
78	120	8.6726
79	120	8.1089
91	120	6.2802
117	120	-4.8231
118	120	-1.5143
18	121	24.8452
23	121	23.08
25	121	22.4287
35	121	23.0214
41	121	22.4287
42	121	20.4477
50	121	19.7992
115	121	2.6933
119	121	-3.2674
18	122	26.3605
23	122	24.6786
25	122	23.8324
35	122	25.0659
41	122	24.7342
42	122	22.4287
50	122	22.0674
115	122	-0.67521
119	122	0.30445
121	122	-3.7143
30	123	23.08
32	123	22.4287
34	123	21.885
39	123	20.6393
40	123	20.0604
48	123	18.8644
49	123	17.7539
30	124	24.6786
32	124	23.8324
34	124	23.08
39	124	22.1279
40	124	21.3311
48	124	20.4477
49	124	18.8644
123	124	-3.7143
30	125	26.3605
32	125	25.5573
34	125	24.8452
39	125	23.8324
40	125	23.08
48	125	22.1279
49	125	20.6393
123	125	-3.2674
124	125	-5.6071
30	126	27.2482
32	126	26.3605
34	126	25.5573
39	126	24.6786
40	126	23.8324
48	126	23.0214
49	126	21.3311
123	126	-1.5143
124	126	-4.8231
125	126	-5.6071
46	127	22.8448
53	127	20.8929
59	127	19.269
60	127	19
69	127	17.1798
80	127	15.5276
81	127	15.293
54	128	23.8324
62	128	22.1279
85	128	17.8953
87	128	17.1071
93	128	16.2174
98	128	15.6053
99	128	14.5743
30	129	29.785
32	129	29.0571
34	129	28.4144
39	129	27.2998
40	129	26.624
48	129	25.5573
49	129	24.2301
123	129	-0.67521
124	129	-1.8214
125	129	-3.7143
126	129	-3.2674
46	130	24.9005
53	130	22.8448
59	130	21.4551
60	130	20.9559
69	130	19
80	130	17.7539
81	130	17.3966
127	130	-4.8231
54	131	26.3605
62	131	24.6786
85	131	20.4477
87	131	19.6016
93	131	18.7964
98	131	18.2456
99	131	17.1798
128	131	-4.8231
47	132	27.0414
61	132	23.3135
70	132	21.885
83	132	20.0604
84	132	19.6016
97	132	15.9133
104	132	14.6553
105	132	14.0819
54	133	26.624
62	133	24.8452
85	133	20.6393
87	133	20.0604
93	133	18.8644
98	133	17.8953
99	133	17.1071
128	133	-3.2674
131	133	-3.2674
47	134	30.7807
61	134	27.0414
70	134	25.5573
83	134	23.7178
84	134	23.3135
97	134	19.6016
104	134	18.2456
105	134	17.7539
132	134	-3.7143
1	7	-2.2199
2	7	-1.6316
3	7	-2.041
4	7	-1.5342
6	8	-2.0607
6	9	-1.9521
7	10	0.42901
7	11	0.38121
8	12	-0.04488
9	12	0.6099
7	13	-2.2573
7	14	-2.3596
6	15	-1.7765
12	15	-0.44944
7	16	-2.0923
1	17	-0.92808
2	17	-1.8825
3	17	-0.66442
4	17	-2.0421
10	17	-0.31758
11	17	-0.37318
13	17	-1.1201
14	17	-0.90986
16	17	-0.80192
5	18	-1.8242
1	19	-0.12904
2	19	-1.5266
3	19	0.42492
4	19	-1.6537
10	19	-0.42152
11	19	-0.44815
13	19	-1.1366
14	19	-0.96807
16	19	-0.89305
1	20	-1.0057
2	20	-0.95912
3	20	-1.2739
4	20	-0.92925
5	20	-1.1087
6	20	-1.7984
7	20	-1.6782
8	20	-2.1175
9	20	-1.9019
10	20	0.24232
11	20	0.35684
12	20	0.020272
13	20	-1.2235
14	20	-1.3192
15	20	-1.5387
16	20	-1.3227
17	20	-0.6233
18	20	-0.99155
19	20	-0.60333
1	21	-1.072
2	21	-1.0158
3	21	-1.3203
4	21	-0.98359
5	21	-1.0697
6	21	-1.7854
7	21	-1.7114
8	21	-1.7389
9	21	-1.8129
10	21	0.14748
11	21	0.27689
12	21	0.01156
13	21	-1.1581
14	21	-1.2382
15	21	-1.6739
16	21	-1.24
17	21	-0.66404
18	21	-0.97767
19	21	-0.65826
8	22	0.40076
9	22	1.1598
15	22	0.28461
20	22	0.47566
21	22	0.5645
5	23	-1.5987
20	23	-1.2713
21	23	-1.2353
1	24	-0.46678
2	24	-1.5627
3	24	-0.097311
4	24	-1.6565
10	24	-0.54883
11	24	-0.60376
13	24	-0.95417
14	24	-0.72534
16	24	-0.59595
20	24	-0.59354
21	24	-0.61138
5	25	-1.4512
20	25	-1.293
21	25	-1.2658
7	26	0.95109
17	26	0.12441
19	26	0.20433
20	26	0.22426
21	26	0.20436
24	26	-0.12789
1	27	-1.1138
2	27	-1.0815
3	27	-1.3717
4	27	-1.0611
5	27	-1.2408
6	27	-2.2215
7	27	-1.8345
8	27	-2.4073
9	27	-2.2646
10	27	0.08441
11	27	0.19594
12	27	-0.36084
13	27	-1.6292
14	27	-1.7096
15	27	-1.7966
16	27	-1.6893
17	27	-0.84434
18	27	-1.1458
19	27	-0.79016
22	27	0.102
23	27	-1.4344
24	27	-0.81024
25	27	-1.454
26	27	0.041052
1	28	-1.1612
2	28	-1.1133
3	28	-1.4284
4	28	-1.0937
5	28	-1.1829
6	28	-1.5255
7	28	-1.8183
8	28	-1.6165
9	28	-1.8425
10	28	-0.017071
11	28	0.10921
12	28	-0.40595
13	28	-1.6158
14	28	-1.6662
15	28	-1.974
16	28	-1.6396
17	28	-0.94725
18	28	-1.1423
19	28	-0.91
22	28	0.15507
23	28	-1.4021
24	28	-0.88683
25	28	-1.4338
26	28	0.010072
8	29	0.36698
9	29	1.8628
15	29	1.1351
20	29	0.69713
21	29	0.86397
27	29	0.36021
28	29	0.51746
18	30	-1.1059
20	30	-1.3869
21	30	-1.2843
23	30	-1.4054
25	30	-1.4438
27	30	-1.6694
28	30	-1.6435
7	31	-1.5815
17	31	-1.8462
19	31	-1.7069
20	31	-0.42273
21	31	-0.23864
24	31	-1.6071
27	31	-0.79025
28	31	-0.64521
18	32	-1.2905
20	32	-1.5012
21	32	-1.4243
23	32	-1.6085
25	32	-1.6536
27	32	-1.7585
28	32	-1.7452
7	33	-1.462
17	33	-1.8814
19	33	-1.777
20	33	-0.4306
21	33	-0.26362
24	33	-1.6138
27	33	-0.77536
28	33	-0.64219
18	34	-1.3396
20	34	-1.4851
21	34	-1.4371
23	34	-1.6755
25	34	-1.739
27	34	-1.7487
28	34	-1.7496
5	35	-1.3318
20	35	-1.4962
21	35	-1.384
27	35	-1.6717
28	35	-1.5493
30	35	-1.6442
32	35	-1.8415
34	35	-1.8606
7	36	1.0419
17	36	0.20641
19	36	0.42193
20	36	0.11929
21	36	0.11942
24	36	-0.039947
27	36	-0.074073
28	36	-0.088228
7	37	0.89019
17	37	0.076291
19	37	0.21249
20	37	0.1679
21	37	0.15845
24	37	-0.16393
27	37	-0.018169
28	37	-0.039434
20	38	-2.1897
21	38	-2.1814
27	38	-2.6148
28	38	-2.2083
18	39	-1.1043
20	39	-1.5151
21	39	-1.2915
23	39	-1.4063
25	39	-1.4623
27	39	-1.8878
28	39	-1.672
35	39	-1.5823
18	40	-1.2389
20	40	-1.4601
21	40	-1.2853
23	40	-1.5569
25	40	-1.6446
27	40	-1.8214
28	40	-1.6392
35	40	-1.6675
5	41	-1.1401
20	41	-1.5925
21	41	-1.4766
27	41	-1.8517
28	41	-1.6843
30	41	-2.0385
32	41	-1.8405
34	41	-1.6723
39	41	-1.9546
40	41	-2.0386
5	42	-1.0097
20	42	-1.5095
21	42	-1.4702
27	42	-1.7229
28	42	-1.6523
30	42	-2.0344
32	42	-2.007
34	42	-1.9019
39	42	-2.0277
40	42	-2.1672
7	43	1.0981
17	43	0.28365
19	43	0.62943
20	43	0.040991
21	43	0.055521
24	43	0.059667
27	43	-0.1585
28	43	-0.1595
6	44	-0.33667
12	44	-2.0222
20	44	4.1099
21	44	3.5734
22	44	-1.9972
27	44	4.2183
28	44	3.0493
29	44	-2.0508
6	45	0.012819
12	45	-2.0072
20	45	2.7578
21	45	4.3691
22	45	-2.2583
27	45	2.4745
28	45	4.0951
29	45	-2.3583
20	46	-1.7585
21	46	-0.64372
27	46	-2.119
28	46	-0.43085
20	47	-1.6578
21	47	-1.2763
27	47	-1.9266
28	47	-1.6565
46	47	-2.3882
18	48	-1.0201
20	48	-1.3707
21	48	-1.0921
23	48	-1.3062
25	48	-1.3251
27	48	-1.7447
28	48	-1.458
35	48	-1.4599
41	48	-1.7756
42	48	-1.9105
18	49	-1.3195
20	49	-1.261
21	49	-1.0706
23	49	-1.595
25	49	-1.659
27	49	-1.5966
28	49	-1.3877
35	49	-1.6467
41	49	-1.9019
42	49	-2.1765
5	50	-0.7829
20	50	-1.1595
21	50	-1.0932
27	50	-1.4079
28	50	-1.3509
30	50	-1.6758
32	50	-1.4135
34	50	-1.2428
39	50	-1.9417
40	50	-1.6995
48	50	-2.0456
49	50	-1.763
1	51	2.4517
2	51	1.03
3	51	3.068
4	51	1.2907
10	51	-2.1255
11	51	-2.021
13	51	0.62398
14	51	0.82152
16	51	0.91751
20	51	0.84465
21	51	0.83459
26	51	-1.4192
27	51	0.70119
28	51	0.63508
31	51	0.29143
33	51	0.2963
36	51	-0.55149
37	51	-1.5594
43	51	-0.20324
7	52	8.1826
17	52	8.1901
19	52	8.1261
20	52	6.5135
21	52	7.4408
24	52	8.1043
27	52	6.806
28	52	7.7803
51	52	8.5051
20	53	-1.8836
21	53	-1.1441
27	53	-2.2416
28	53	-1.2885
47	53	-2.0153
20	54	-1.4048
21	54	-1.0346
27	54	-1.7587
28	54	-1.4215
47	54	-1.1313
6	55	-0.70339
12	55	-1.7662
20	55	1.0232
21	55	1.1467
22	55	-2.0113
27	55	0.84123
28	55	0.90471
29	55	-1.5691
7	56	5.9438
17	56	6.0927
19	56	6.0491
20	56	8.0334
21	56	8.4847
24	56	6.0525
27	56	8.2972
28	56	8.7066
51	56	6.6622
7	57	6.4243
17	57	6.5276
19	57	6.4752
20	57	7.3514
21	57	7.9261
24	57	6.4716
27	57	7.6298
28	57	8.1744
51	57	7.0401
7	58	6.5507
17	58	6.6379
19	58	6.5818
20	58	7.1246
21	58	7.7784
24	58	6.5763
27	58	7.3948
28	58	8.0347
51	58	7.1304
20	59	-0.81897
21	59	-0.36231
27	59	-0.8686
28	59	-0.3105
47	59	-1.3519
20	60	-1.4661
21	60	-0.96346
27	60	-1.739
28	60	-1.0697
47	60	-1.1287
20	61	-1.4125
21	61	-0.9552
27	61	-1.8687
28	61	-1.3054
46	61	-1.4954
53	61	-2.1138
54	61	-1.0698
59	61	-2.359
60	61	-2.3955
20	62	-1.3444
21	62	-0.90605
27	62	-1.691
28	62	-1.2597
47	62	-0.34071
61	62	-2.2656
6	63	-0.33178
12	63	-1.4856
20	63	1.0316
21	63	1.1522
22	63	-1.7572
27	63	0.86991
28	63	0.94635
29	63	-1.536
8	64	1.5143
9	64	3.8102
15	64	3.8595
20	64	1.9912
21	64	2.2392
27	64	1.7741
28	64	2.0663
44	64	-0.27364
45	64	-0.33
55	64	5.1703
63	64	3.9507
8	65	1.4345
9	65	5.0778
15	65	5.3412
20	65	2.0859
21	65	2.2852
27	65	1.893
28	65	2.1379
44	65	-0.12501
45	65	-0.20022
55	65	4.0845
63	65	3.5526
1	66	1.7479
2	66	0.55344
3	66	2.2455
4	66	0.71113
10	66	-1.9458
11	66	-1.8629
13	66	0.99975
14	66	1.2433
16	66	1.3791
20	66	1.1065
21	66	1.1129
26	66	-1.7732
27	66	0.94855
28	66	0.90106
31	66	0.66237
33	66	0.70779
36	66	-1.1678
37	66	-1.7063
43	66	-0.8896
52	66	8.0999
56	66	6.3902
57	66	6.7523
58	66	6.8377
18	67	1.2024
20	67	-0.16607
21	67	-0.19104
23	67	1.0621
25	67	1.191
27	67	-0.33535
28	67	-0.35997
35	67	0.45865
41	67	0.14464
42	67	0.33231
50	67	-0.081439
1	68	-1.0456
2	68	-1.0514
3	68	-0.8667
4	68	-1.2635
5	68	-0.48914
6	68	-0.91655
7	68	-0.69873
8	68	-1.4881
9	68	-0.89785
10	68	-0.54134
11	68	-0.50602
12	68	-1.7856
13	68	-0.53493
14	68	-0.57385
15	68	-1.2392
16	68	-0.65026
17	68	-1.6066
18	68	-0.82375
19	68	-1.5563
22	68	-1.577
23	68	-0.70683
24	68	-1.7154
25	68	-0.67366
26	68	-0.88532
29	68	-1.3252
30	68	-0.043482
31	68	-1.2962
32	68	-0.10999
33	68	-1.3997
34	68	-0.20331
35	68	-0.61142
36	68	-1.0883
37	68	-0.98826
38	68	1.6913
39	68	-0.13422
40	68	-0.29333
41	68	-0.47495
42	68	-0.68554
43	68	-1.2314
44	68	-1.7536
45	68	-1.9811
46	68	2.0377
47	68	0.6404
48	68	-0.23355
49	68	-0.52669
50	68	-0.98268
51	68	-0.31346
52	68	4.7228
53	68	1.2345
54	68	-0.030844
55	68	-1.0498
56	68	8.3098
57	68	7.953
58	68	7.5466
59	68	1.2417
60	68	0.62881
61	68	0.13581
62	68	-0.12617
63	68	-0.94775
64	68	0.3314
65	68	0.64869
66	68	-0.17228
67	68	-1.1622
20	69	-1.2495
21	69	-0.85791
27	69	-1.5027
28	69	-0.88684
47	69	-0.3781
61	69	-1.642
68	69	-0.19977
20	70	-1.0528
21	70	-0.49879
27	70	-1.4672
28	70	-0.77576
46	70	-0.75767
53	70	-1.1998
54	70	-0.64401
59	70	-2.3163
60	70	-2.0815
62	70	-1.2544
68	70	-0.012604
69	70	-2.3903
8	71	1.6314
9	71	3.9184
15	71	3.9669
20	71	2.2293
21	71	2.4979
27	71	2.0248
28	71	2.3442
44	71	-0.15819
45	71	-0.176
55	71	5.7542
63	71	5.7797
68	71	0.57923
8	72	1.4977
9	72	4.6671
15	72	4.7934
20	72	2.177
21	72	2.4256
27	72	1.9802
28	72	2.2796
44	72	-0.21694
45	72	-0.24587
55	72	5.1719
63	72	4.8653
68	72	0.6089
8	73	1.3837
9	73	5.133
15	73	5.3442
20	73	2.1526
21	73	2.3776
27	73	1.9645
28	73	2.2399
44	73	-0.23323
45	73	-0.27832
55	73	4.697
63	73	4.3762
68	73	0.67925
1	74	1.3071
2	74	0.35216
3	74	1.6697
4	74	0.4264
10	74	-1.6514
11	74	-1.6289
13	74	1.2428
14	74	1.5449
16	74	1.7382
20	74	1.3939
21	74	1.4327
26	74	-1.9639
27	74	1.2156
28	74	1.208
31	74	0.89359
33	74	1.0019
36	74	-1.7799
37	74	-2.0427
43	74	-1.528
52	74	8.1828
56	74	6.5687
57	74	6.9208
58	74	7.0028
68	74	-0.046315
1	75	1.4558
2	75	0.45202
3	75	1.8467
4	75	0.54323
10	75	-1.654
11	75	-1.6385
13	75	1.2682
14	75	1.5558
16	75	1.7338
20	75	1.3597
21	75	1.3927
26	75	-2.1008
27	75	1.1871
28	75	1.1717
31	75	0.92692
33	75	1.0186
36	75	-1.5767
37	75	-1.9398
43	75	-1.3173
52	75	8.1769
56	75	6.5556
57	75	6.9081
58	75	6.9904
68	75	-0.044554
1	76	2.0914
2	76	0.96793
3	76	2.5649
4	76	1.1615
10	76	-1.5196
11	76	-1.5054
13	76	1.0706
14	76	1.3094
16	76	1.4405
20	76	1.2067
21	76	1.2202
26	76	-0.95349
27	76	1.0571
28	76	1.0175
31	76	0.76108
33	76	0.8051
36	76	-0.12827
37	76	-0.90794
43	76	0.38422
52	76	7.9539
56	76	6.3009
57	76	6.6553
58	76	6.7383
68	76	-0.044114
20	77	0.27429
21	77	0.2031
27	77	0.17175
28	77	0.27769
68	77	-2.1831
1	78	-0.8881
2	78	-0.88376
3	78	-0.71717
4	78	-1.0991
5	78	-0.33267
6	78	-0.90955
7	78	-0.59944
8	78	-1.532
9	78	-0.76902
10	78	-0.46327
11	78	-0.45105
12	78	-1.5424
13	78	-0.46736
14	78	-0.48431
15	78	-1.0423
16	78	-0.53995
17	78	-1.531
18	78	-0.6261
19	78	-1.3554
22	78	-1.447
23	78	-0.50394
24	78	-1.5073
25	78	-0.46545
26	78	-0.92411
29	78	-1.2905
30	78	0.10046
31	78	-1.1268
32	78	0.049556
33	78	-1.2077
34	78	-0.026543
35	78	-0.42041
36	78	-1.1582
37	78	-1.0639
38	78	2.8995
39	78	0.049573
40	78	-0.088764
41	78	-0.29082
42	78	-0.48001
43	78	-1.3311
44	78	-1.3625
45	78	-1.5933
46	78	1.8581
47	78	0.87093
48	78	-0.016506
49	78	-0.27744
50	78	-0.76119
51	78	-0.33813
52	78	3.0326
53	78	1.2634
54	78	0.25672
55	78	-1.2023
56	78	7.2033
57	78	5.9818
58	78	4.8311
59	78	1.2408
60	78	0.81378
61	78	0.48928
62	78	0.19878
63	78	-1.1269
64	78	0.14911
65	78	0.4989
66	78	-0.21898
67	78	-1.1668
69	78	0.1741
70	78	0.41735
71	78	0.35716
72	78	0.3991
73	78	0.49144
74	78	-0.14597
75	78	-0.13435
76	78	-0.10456
77	78	-2.0814
1	79	-0.86286
2	79	-0.89747
3	79	-0.67263
4	79	-1.1106
5	79	-0.31541
6	79	-0.80291
7	79	-0.55025
8	79	-1.4392
9	79	-0.73127
10	79	-0.58879
11	79	-0.57222
12	79	-1.7344
13	79	-0.35866
14	79	-0.39128
15	79	-1.0381
16	79	-0.46185
17	79	-1.5262
18	79	-0.62923
19	79	-1.3924
22	79	-1.6517
23	79	-0.5081
24	79	-1.5324
25	79	-0.47747
26	79	-1.0105
29	79	-1.4689
30	79	0.20371
31	79	-1.0554
32	79	0.1398
33	79	-1.1547
34	79	0.050154
35	79	-0.40714
36	79	-1.2458
37	79	-1.1539
38	79	2.3543
39	79	0.13123
40	79	-0.022099
41	79	-0.26825
42	79	-0.47795
43	79	-1.4341
44	79	-1.573
45	79	-1.9478
46	79	2.083
47	79	0.95235
48	79	0.052366
49	79	-0.23558
50	79	-0.75766
51	79	-0.43611
52	79	3.9017
53	79	1.429
54	79	0.30506
55	79	-1.3014
56	79	7.6275
57	79	6.8376
58	79	6.0359
59	79	1.4973
60	79	0.94543
61	79	0.53008
62	79	0.23381
63	79	-1.2222
64	79	0.084476
65	79	0.43509
66	79	-0.31082
67	79	-1.2507
69	79	0.22267
70	79	0.4453
71	79	0.31174
72	79	0.35355
73	79	0.44261
74	79	-0.21642
75	79	-0.20916
76	79	-0.18765
77	79	-2.1596
20	80	-0.43701
21	80	-0.22795
27	80	-0.5075
28	80	-0.27094
47	80	-0.36469
61	80	-1.2336
68	80	-0.98023
70	80	-1.6633
78	80	0.015786
79	80	0.040768
20	81	-0.65353
21	81	-0.42572
27	81	-0.78009
28	81	-0.50674
47	81	-0.50893
61	81	-1.4859
68	81	-0.81312
70	81	-1.9384
78	81	-0.078564
79	81	-0.065477
6	82	1.3531
12	82	-0.065952
20	82	3.2821
21	82	4.5607
22	82	-0.31964
27	82	3.1489
28	82	4.4937
29	82	-0.55338
64	82	-1.9751
65	82	-1.6341
68	82	0.88212
71	82	-1.7815
72	82	-1.7735
73	82	-1.7221
78	82	0.44971
79	82	0.42892
20	83	-1.0511
21	83	-0.48114
27	83	-1.423
28	83	-0.69822
46	83	-0.38068
53	83	-0.67588
54	83	-0.425
59	83	-1.7979
60	83	-1.407
62	83	-0.84346
68	83	-0.15527
69	83	-1.7375
78	83	0.33656
79	83	0.33592
80	83	-2.2138
81	83	-2.4464
20	84	-1.3535
21	84	-0.84561
27	84	-1.7374
28	84	-1.0836
46	84	-0.63919
53	84	-0.98045
54	84	-0.14726
59	84	-1.9236
60	84	-1.6846
62	84	-0.53666
68	84	-0.10829
69	84	-2.004
78	84	0.35905
79	84	0.34756
80	84	-2.1743
81	84	-2.4834
20	85	-1.2797
21	85	-0.82191
27	85	-1.5731
28	85	-1.096
47	85	-0.10986
61	85	-1.1875
68	85	-0.45123
70	85	-2.3848
78	85	-0.06264
79	85	-0.068881
83	85	-2.3256
84	85	-1.9044
8	86	1.7876
9	86	3.2554
15	86	3.25
20	86	2.4923
21	86	2.8048
27	86	2.2938
28	86	2.6645
44	86	-0.11637
45	86	-0.070293
55	86	4.3559
63	86	3.2815
68	86	0.76694
78	86	0.48655
79	86	0.463
82	86	-1.7077
20	87	-0.98515
21	87	-0.62377
27	87	-1.2804
28	87	-0.89539
47	87	-0.15886
61	87	-1.261
68	87	-0.8729
70	87	-2.222
78	87	-0.46292
79	87	-0.49225
83	87	-2.4248
84	87	-2.1351
8	88	1.3934
9	88	4.8227
15	88	4.9914
20	88	2.2342
21	88	2.4795
27	88	2.0525
28	88	2.3528
44	88	-0.2534
45	88	-0.2686
55	88	5.6045
63	88	5.4748
68	88	0.74426
78	88	0.52307
79	88	0.48873
82	88	-1.6893
7	89	1.9534
17	89	1.3803
19	89	1.8708
20	89	0.90836
21	89	0.95216
24	89	1.3032
27	89	0.71968
28	89	0.74696
51	89	3.1398
66	89	0.70834
68	89	-0.32731
74	89	-0.84069
75	89	-0.69956
76	89	0.82754
78	89	-0.50781
79	89	-0.53903
18	90	1.4743
20	90	-0.058963
21	90	-0.078271
23	90	1.3556
25	90	1.4908
27	90	-0.22761
28	90	-0.24911
35	90	0.76767
41	90	0.46217
42	90	0.67533
50	90	0.27404
68	90	-1.1928
78	90	-1.1938
79	90	-1.2901
1	91	-0.69507
2	91	-0.75835
3	91	-0.4877
4	91	-0.96089
5	91	-0.15544
6	91	-0.53589
7	91	-0.33345
8	91	-1.2746
9	91	-0.44018
10	91	-0.71744
11	91	-0.7117
12	91	-1.799
13	91	-0.11464
14	91	-0.15795
15	91	-0.73658
16	91	-0.23883
17	91	-1.3114
18	91	-0.446
19	91	-1.2447
22	91	-1.7486
23	91	-0.32101
24	91	-1.341
25	91	-0.30407
26	91	-1.1707
29	91	-1.7601
30	91	0.47536
31	91	-0.78891
32	91	0.39813
33	91	-0.90407
34	91	0.29539
35	91	-0.18914
36	91	-1.406
37	91	-1.3254
38	91	2.5673
39	91	0.39693
40	91	0.23032
41	91	-0.03358
42	91	-0.26852
43	91	-1.6076
44	91	-1.6501
45	91	-2.1811
46	91	2.3303
47	91	1.352
48	91	0.32545
49	91	0.0078247
50	91	-0.52397
51	91	-0.65278
52	91	4.1629
53	91	1.7259
54	91	0.71565
55	91	-1.6652
56	91	7.2347
57	91	6.4362
58	91	5.7593
59	91	1.8997
60	91	1.297
61	91	0.96285
62	91	0.65147
63	91	-1.5985
64	91	-0.2342
65	91	0.14884
66	91	-0.54063
67	91	-1.3907
69	91	0.58483
70	91	0.9181
71	91	-0.01157
72	91	0.042094
73	91	0.14639
74	91	-0.45564
75	91	-0.44888
76	91	-0.41469
77	91	-1.867
80	91	0.71244
81	91	0.47438
82	91	0.047157
83	91	0.81272
84	91	0.78715
85	91	0.33944
86	91	0.12273
87	91	-0.091748
88	91	0.1862
89	91	-0.70964
90	91	-1.4376
6	92	1.6665
12	92	0.40441
20	92	3.3671
21	92	4.5269
22	92	0.1982
27	92	3.2399
28	92	4.4367
29	92	-0.037328
64	92	-2.3248
65	92	-2.0771
68	92	1.3308
71	92	-2.2565
72	92	-2.1837
73	92	-2.067
78	92	0.90576
79	92	0.92122
86	92	-2.1234
88	92	-1.8853
91	92	0.59633
20	93	-1.1191
21	93	-0.64386
27	93	-1.3823
28	93	-0.88298
47	93	0.26604
61	93	-0.52748
68	93	-0.63922
70	93	-1.5912
78	93	-0.22314
79	93	-0.24072
83	93	-2.0419
84	93	-1.2694
91	93	0.17054
7	94	2.0188
17	94	1.1411
19	94	0.50258
20	94	1.7552
21	94	2.0077
24	94	0.79455
27	94	1.5603
28	94	1.8135
51	94	-1.9818
66	94	-1.9413
68	94	0.0071372
74	94	-1.6653
75	94	-1.6536
76	94	-1.6804
78	94	-0.17966
79	94	-0.21572
91	94	-0.43834
7	95	2.476
17	95	1.7147
19	95	0.94661
20	95	1.7246
21	95	1.9478
24	95	1.3614
27	95	1.5415
28	95	1.7647
51	95	-1.9439
66	95	-2.0078
68	95	0.10601
74	95	-1.6953
75	95	-1.6535
76	95	-1.7138
78	95	-0.051743
79	95	-0.09119
91	95	-0.2961
1	96	1.7003
2	96	0.76111
3	96	2.0796
4	96	0.89082
10	96	-1.3071
11	96	-1.2806
13	96	1.3836
14	96	1.6663
16	96	1.8376
20	96	1.4145
21	96	1.4546
26	96	-1.3011
27	96	1.2514
28	96	1.2437
31	96	1.0865
33	96	1.1753
36	96	-0.70846
37	96	-1.1847
43	96	-0.33696
52	96	7.7265
56	96	6.2239
57	96	6.5618
58	96	6.6397
68	96	0.04613
78	96	-0.053204
79	96	-0.11954
89	96	-1.3997
91	96	-0.35271
94	96	-1.2459
95	96	-1.1043
20	97	-0.96866
21	97	-0.48417
27	97	-1.2723
28	97	-0.63491
46	97	0.0027763
53	97	-0.18057
54	97	0.72166
59	97	-1.0822
60	97	-0.69285
62	97	0.64624
68	97	-0.71791
69	97	-0.75544
78	97	-0.14513
79	97	-0.20745
80	97	-1.9243
81	97	-1.5279
85	97	-0.58676
87	97	-1.2726
91	97	0.23984
93	97	-1.4961
20	98	-0.90316
21	98	-0.37927
27	98	-1.1513
28	98	-0.58825
47	98	0.83805
61	98	0.33163
68	98	-0.77238
70	98	-0.60943
78	98	-0.31828
79	98	-0.33537
83	98	-0.82148
84	98	-0.066199
91	98	0.088882
97	98	-2.1495
20	99	-0.94242
21	99	-0.46888
27	99	-1.1901
28	99	-0.68204
47	99	0.69712
61	99	0.072031
68	99	-0.88579
70	99	-0.81107
78	99	-0.43452
79	99	-0.46749
83	99	-0.9806
84	99	-0.38297
91	99	-0.055163
97	99	-2.3946
7	100	2.0576
17	100	1.2399
19	100	0.6362
20	100	1.7953
21	100	2.062
24	100	0.92988
27	100	1.605
28	100	1.8747
51	100	-1.9707
66	100	-2.1961
68	100	0.039197
74	100	-1.9551
75	100	-1.9313
76	100	-1.9269
78	100	-0.1687
79	100	-0.19528
91	100	-0.41803
96	100	-1.5465
7	101	8.2361
17	101	8.242
19	101	8.139
20	101	7.2596
21	101	7.7142
24	101	8.1385
27	101	7.3526
28	101	7.8045
51	101	8.5496
66	101	8.2305
68	101	7.6698
74	101	8.4212
75	101	8.3973
76	101	8.0896
78	101	7.0324
79	101	7.6208
91	101	8.1607
96	101	7.9664
7	102	7.6154
17	102	7.9579
19	102	7.8126
20	102	5.1561
21	102	5.7746
24	102	7.8205
27	102	5.1057
28	102	5.7644
51	102	8.1364
66	102	7.8073
68	102	3.5355
74	102	8.0035
75	102	7.9753
76	102	7.6513
78	102	2.1634
79	102	2.6244
91	102	2.0514
96	102	7.5172
6	103	1.6423
12	103	0.40836
20	103	4.0828
21	103	5.2944
22	103	0.22137
27	103	4.0215
28	103	5.2824
29	103	0.10391
64	103	-1.7841
65	103	-1.9317
68	103	2.3696
71	103	-1.8625
72	103	-1.7855
73	103	-1.6798
78	103	1.6982
79	103	1.8407
86	103	-1.7653
88	103	-1.5082
91	103	1.4999
20	104	-0.63274
21	104	-0.12022
27	104	-0.88648
28	104	-0.215
46	104	0.47453
53	104	0.38652
54	104	0.51555
59	104	-0.55908
60	104	-0.034907
62	104	0.44125
68	104	-1.0298
69	104	0.056995
78	104	-0.39414
79	104	-0.47209
80	104	-1.4376
81	104	-1.0428
85	104	-0.47001
87	104	-1.0622
91	104	0.0065856
93	104	-1.1242
98	104	-1.6488
99	104	-2.0685
20	105	-0.73711
21	105	-0.28177
27	105	-1.0106
28	105	-0.40296
46	105	0.31852
53	105	0.18011
54	105	0.94493
59	105	-0.67874
60	105	-0.26335
62	105	0.92815
68	105	-1.0804
69	105	-0.26359
78	105	-0.45962
79	105	-0.54842
80	105	-1.5687
81	105	-1.1687
85	105	0.043364
87	105	-0.66384
91	105	-0.10094
93	105	-0.61072
98	105	-0.99837
99	105	-1.6736
20	106	1.8385
21	106	1.6807
27	106	1.8219
28	106	1.7884
68	106	0.59898
78	106	1.2004
79	106	0.77633
91	106	0.33864
6	107	-0.074811
12	107	-1.1689
20	107	1.8597
21	107	1.9206
22	107	-1.3799
27	107	1.7823
28	107	1.8322
29	107	-1.3433
64	107	-1.67
65	107	-1.1947
68	107	0.49099
71	107	-2.0039
72	107	-1.8695
73	107	-1.4395
78	107	0.24759
79	107	0.21666
86	107	-1.9073
88	107	-1.4767
91	107	-0.10338
6	108	-0.035167
12	108	-1.1228
20	108	1.514
21	108	1.5613
22	108	-1.3257
27	108	1.4357
28	108	1.4759
29	108	-1.3184
64	108	-1.8268
65	108	-1.5459
68	108	0.21182
71	108	-2.1697
72	108	-2.0313
73	108	-1.7993
78	108	-0.0027061
79	108	-0.043667
86	108	-1.9135
88	108	-1.9231
91	108	-0.34706
6	109	0.1929
12	109	-0.85379
20	109	1.6733
21	109	1.7045
22	109	-1.03
27	109	1.5978
28	109	1.6233
29	109	-1.0943
64	109	-1.669
65	109	-1.4157
68	109	0.43636
71	109	-2.0033
72	109	-1.7217
73	109	-1.5214
78	109	0.23465
79	109	0.19063
86	109	-2.1742
88	109	-1.8016
91	109	-0.10449
18	110	2.0893
20	110	0.5642
21	110	0.54202
23	110	2.0203
25	110	2.1237
27	110	0.4154
28	110	0.39135
35	110	1.5561
41	110	1.3298
42	110	1.5041
50	110	1.1991
68	110	-0.53904
78	110	-0.63448
79	110	-0.70478
91	110	-0.87475
18	111	1.7526
20	111	0.58196
21	111	0.54544
23	111	1.6939
25	111	1.7827
27	111	0.44063
28	111	0.40416
35	111	1.2767
41	111	1.0846
42	111	1.221
50	111	0.95388
68	111	-0.43567
78	111	-0.50595
79	111	-0.58241
91	111	-0.74196
20	112	2.2659
21	112	2.1064
27	112	2.2828
28	112	2.2315
68	112	1.5046
78	112	2.2442
79	112	1.8196
91	112	1.5749
6	113	-0.17068
12	113	-1.2385
20	113	1.6645
21	113	1.729
22	113	-1.4339
27	113	1.5954
28	113	1.6517
29	113	-1.3975
64	113	-1.7366
65	113	-1.4293
68	113	0.34324
71	113	-2.0625
72	113	-1.9787
73	113	-1.6564
78	113	0.094061
79	113	0.071762
86	113	-1.6044
88	113	-1.6616
91	113	-0.2374
6	114	0.23605
12	114	-0.83039
20	114	1.763
21	114	1.795
22	114	-1.0225
27	114	1.6945
28	114	1.7206
29	114	-1.019
64	114	-1.5319
65	114	-1.3751
68	114	0.54988
71	114	-1.843
72	114	-1.7495
73	114	-1.5527
78	114	0.34091
79	114	0.30438
86	114	-1.9706
88	114	-1.7331
91	114	0.01271
5	115	3.3516
20	115	1.0523
21	115	1.0718
27	115	0.92519
28	115	0.91607
30	115	0.83186
32	115	1.0135
34	115	1.0758
39	115	0.785
40	115	0.92151
48	115	0.64248
49	115	1.0349
67	115	1.7237
68	115	-0.17415
78	115	-0.26957
79	115	-0.31708
90	115	1.6146
91	115	-0.52158
110	115	-1.7014
111	115	-2.1112
18	116	1.958
20	116	0.72266
21	116	0.69081
23	116	1.8984
25	116	1.9921
27	116	0.58055
28	116	0.54757
35	116	1.4684
41	116	1.2659
42	116	1.4183
50	116	1.1404
68	116	-0.32285
78	116	-0.40881
79	116	-0.47902
91	116	-0.64129
115	116	-2.0531
1	117	0.66437
2	117	0.50468
3	117	0.90347
4	117	0.36277
5	117	1.1231
6	117	1.0637
7	117	1.3432
8	117	0.075105
9	117	1.2261
10	117	-0.82276
11	117	-1.0035
12	117	-0.2032
13	117	1.8928
14	117	1.7985
15	117	1.0292
16	117	1.668
17	117	0.42913
18	117	1.2742
19	117	0.28405
22	117	-0.41433
23	117	1.4056
24	117	0.36767
25	117	1.3754
26	117	-0.89228
29	117	-0.58676
30	117	2.7179
31	117	1.3422
32	117	2.5847
33	117	1.1634
34	117	2.4253
35	117	1.6258
36	117	-0.76272
37	117	-0.86077
38	117	2.7548
39	117	2.6159
40	117	2.3947
41	117	1.8142
42	117	1.5219
43	117	-0.67573
44	117	-0.69949
45	117	-0.50682
46	117	4.5021
47	117	3.9807
48	117	2.5763
49	117	2.1395
50	117	1.341
51	117	-1.2671
52	117	5.7859
53	117	4.0973
54	117	3.2173
55	117	-0.19934
56	117	7.1115
57	117	6.7698
58	117	6.4866
59	117	4.4555
60	117	3.8818
61	117	3.7803
62	117	3.1966
63	117	-0.38593
64	117	-2.0142
65	117	-1.7158
66	117	-1.586
67	117	-0.52901
69	117	3.331
70	117	3.928
71	117	-2.0763
72	117	-2.0187
73	117	-1.7999
74	117	-1.4292
75	117	-1.4876
76	117	-1.6519
77	117	0.26057
80	117	4.1069
81	117	3.7637
82	117	-2.0687
83	117	3.8814
84	117	3.6868
85	117	2.858
86	117	-2.0498
87	117	2.3979
88	117	-1.8107
89	117	-1.5103
90	117	-0.67954
92	117	-2.3295
93	117	2.7131
94	117	-1.6432
95	117	-1.7536
96	117	-1.7972
97	117	3.2416
98	117	2.7269
99	117	2.4958
100	117	-1.6822
101	117	7.6454
102	117	4.6518
103	117	-2.3564
104	117	3.2165
105	117	2.9233
106	117	-1.474
107	117	-1.3824
108	117	-0.89204
109	117	-1.1282
110	117	-1.4724
111	117	-1.3174
112	117	-2.4338
113	117	-0.81251
114	117	-1.0307
115	117	-1.4887
116	117	-1.518
1	118	0.8147
2	118	0.65331
3	118	1.0454
4	118	0.51693
5	118	1.3319
6	118	1.3961
7	118	1.4757
8	118	0.16593
9	118	1.4945
10	118	-0.77249
11	118	-0.94845
12	118	0.2115
13	118	2.1386
14	118	2.0252
15	118	1.3035
16	118	1.8777
17	118	0.55091
18	118	1.5116
19	118	0.37973
22	118	0.017787
23	118	1.6377
24	118	0.47892
25	118	1.5997
26	118	-0.71113
29	118	-0.17358
30	118	3.042
31	118	1.5858
32	118	2.8886
33	118	1.3858
34	118	2.7094
35	118	1.8676
36	118	-0.59295
37	118	-0.6931
38	118	2.3524
39	118	2.9178
40	118	2.6762
41	118	2.0553
42	118	1.7512
43	118	-0.52609
44	118	-0.39685
45	118	-0.24533
46	118	5.2832
47	118	4.4715
48	118	2.8732
49	118	2.3967
50	118	1.5738
51	118	-1.1593
52	118	6.2756
53	118	4.8935
54	118	3.545
55	118	0.17377
56	118	7.4688
57	118	7.1829
58	118	6.9412
59	118	5.3512
60	118	4.7224
61	118	4.2947
62	118	3.524
63	118	-0.047618
64	118	-1.8378
65	118	-2.0953
66	118	-1.5801
67	118	-0.35453
69	118	4.1821
70	118	4.4977
71	118	-1.9606
72	118	-1.9608
73	118	-1.9805
74	118	-1.5179
75	118	-1.5691
76	118	-1.6017
77	118	-0.041732
80	118	5.0086
81	118	4.7684
82	118	-1.5146
83	118	4.455
84	118	4.1947
85	118	3.1377
86	118	-1.916
87	118	2.6551
88	118	-1.8648
89	118	-1.3711
90	118	-0.53163
92	118	-2.0156
93	118	2.98
94	118	-1.5384
95	118	-1.6927
96	118	-1.8416
97	118	3.7317
98	118	3.008
99	118	2.7408
100	118	-1.6033
101	118	8.03
102	118	5.8924
103	118	-1.2565
104	118	3.7637
105	118	3.3851
106	118	-1.7306
107	118	-1.3101
108	118	-0.86155
109	118	-1.0945
110	118	-1.3824
111	118	-1.2615
112	118	-2.5015
113	118	-0.79777
114	118	-1.0384
115	118	-1.399
116	118	-1.5113
5	119	2.4046
20	119	0.95368
21	119	1.029
27	119	0.80235
28	119	0.85516
30	119	1.3332
32	119	1.5511
34	119	1.6667
39	119	1.3113
40	119	1.4994
48	119	1.1493
49	119	1.6465
67	119	0.091066
68	119	-0.50955
78	119	-0.69842
79	119	-0.7131
90	119	-0.21989
91	119	-0.9234
110	119	-1.9192
111	119	-1.9926
116	119	-2.0407
117	119	-1.3692
118	119	-1.2596
1	120	0.74351
2	120	0.57815
3	120	0.98898
4	120	0.43891
5	120	1.2197
6	120	1.0766
7	120	1.3778
8	120	0.10958
9	120	1.243
10	120	-0.70739
11	120	-0.88509
12	120	-0.17667
13	120	1.8992
14	120	1.8148
15	120	1.0563
16	120	1.6933
17	120	0.49228
18	120	1.3422
19	120	0.35204
22	120	-0.38153
23	120	1.4768
24	120	0.43646
25	120	1.4473
26	120	-0.82802
29	120	-0.52593
30	120	2.7172
31	120	1.3786
32	120	2.5941
33	120	1.2103
34	120	2.4444
35	120	1.6986
36	120	-0.67976
37	120	-0.78059
38	120	2.6781
39	120	2.6342
40	120	2.4235
41	120	1.8908
42	120	1.6016
43	120	-0.57204
44	120	-0.82693
45	120	-0.55799
46	120	4.2114
47	120	3.9042
48	120	2.6069
49	120	2.1881
50	120	1.4301
51	120	-1.1698
52	120	5.5384
53	120	3.8229
54	120	3.2151
55	120	-0.15932
56	120	6.8271
57	120	6.4845
58	120	6.194
59	120	4.1062
60	120	3.6001
61	120	3.7293
62	120	3.208
63	120	-0.3216
64	120	-1.8866
65	120	-1.7131
66	120	-1.5046
67	120	-0.38925
69	120	3.0816
70	120	3.8716
71	120	-1.9534
72	120	-1.9287
73	120	-1.8231
74	120	-1.5207
75	120	-1.5771
76	120	-1.6054
77	120	0.19441
80	120	3.7097
81	120	3.4186
82	120	-2.0873
83	120	3.8486
84	120	3.6795
85	120	2.9172
86	120	-1.9441
87	120	2.47
88	120	-1.7706
89	120	-1.425
90	120	-0.52055
92	120	-2.18
93	120	2.7929
94	120	-1.4497
95	120	-1.5753
96	120	-1.8462
97	120	3.2968
98	120	2.8255
99	120	2.6016
100	120	-1.4767
101	120	7.1407
102	120	4.2887
103	120	-2.1936
104	120	3.2961
105	120	3.0205
106	120	-1.4052
107	120	-1.2063
108	120	-0.71907
109	120	-0.94456
110	120	-1.3081
111	120	-1.1958
112	120	-2.2786
113	120	-0.6324
114	120	-0.83948
115	120	-1.3499
116	120	-1.3922
119	120	-1.1769
5	121	2.7077
20	121	1.0926
21	121	1.1495
27	121	0.95135
28	121	0.98407
30	121	1.2996
32	121	1.5032
34	121	1.6009
39	121	1.2747
40	121	1.4443
48	121	1.1255
49	121	1.583
67	121	0.62487
68	121	-0.28667
78	121	-0.44824
79	121	-0.46965
90	121	0.38808
91	121	-0.67384
110	121	-1.7683
111	121	-2.0216
116	121	-2.2587
117	121	-1.662
118	121	-1.5718
120	121	-1.4662
5	122	2.8697
20	122	1.2047
21	122	1.2439
27	122	1.0713
28	122	1.0846
30	122	1.234
32	122	1.4284
34	122	1.5126
39	122	1.203
40	122	1.3594
48	122	1.0586
49	122	1.4892
67	122	0.95609
68	122	-0.10302
78	122	-0.23837
79	122	-0.26848
90	122	0.77163
91	122	-0.47047
110	122	-1.879
111	122	-2.2179
116	122	-2.3239
117	122	-1.7492
118	122	-1.7081
120	122	-1.5915
18	123	2.4036
20	123	1.8539
21	123	2.1008
23	123	2.4216
25	123	2.3494
27	123	1.6992
28	123	1.9943
35	123	2.643
41	123	2.9126
42	123	2.5484
50	123	2.5556
68	123	0.063719
78	123	-0.23473
79	123	-0.2293
91	123	-0.45273
115	123	-1.6945
117	123	-1.8912
118	123	-1.9108
119	123	-1.7813
120	123	-1.5741
121	123	-2.2066
122	123	-2.1509
18	124	2.5397
20	124	1.7972
21	124	2.0169
23	124	2.5759
25	124	2.4878
27	124	1.6441
28	124	1.9099
35	124	2.8498
41	124	3.1582
42	124	2.7646
50	124	2.8156
68	124	0.083464
78	124	-0.16959
79	124	-0.17827
91	124	-0.39415
115	124	-2.1001
117	124	-1.9108
118	124	-1.9233
119	124	-1.8128
120	124	-1.6562
121	124	-2.0761
122	124	-2.0755
18	125	2.3814
20	125	1.8373
21	125	2.0595
23	125	2.4203
25	125	2.3337
27	125	1.6888
28	125	1.958
35	125	2.6913
41	125	2.9984
42	125	2.613
50	125	2.6628
68	125	0.14064
78	125	-0.1211
79	125	-0.12392
91	125	-0.33405
115	125	-2.1145
117	125	-1.9316
118	125	-1.9642
119	125	-1.7967
120	125	-1.6893
121	125	-1.9686
122	125	-1.9828
18	126	2.5068
20	126	1.8043
21	126	2.0134
23	126	2.555
25	126	2.4644
27	126	1.6565
28	126	1.9117
35	126	2.8437
41	126	3.1623
42	126	2.7747
50	126	2.8407
68	126	0.14366
78	126	-0.096821
79	126	-0.10643
91	126	-0.31268
115	126	-2.0992
117	126	-1.8833
118	126	-1.9391
119	126	-1.6149
120	126	-1.6493
121	126	-1.8818
122	126	-1.8955
20	127	0.21227
21	127	0.067861
27	127	0.11799
28	127	-0.069391
47	127	3.5745
61	127	3.3862
68	127	-1.1875
70	127	3.4633
78	127	-0.94941
79	127	-1.1245
83	127	3.461
84	127	3.3044
91	127	-1.156
97	127	3.1193
104	127	3.2251
105	127	2.9256
117	127	-2.1679
118	127	-1.5972
120	127	-1.6612
20	128	1.2484
21	128	1.4425
27	128	1.1167
28	128	1.3393
47	128	2.4903
61	128	2.1559
68	128	-0.32479
70	128	1.8464
78	128	-0.64992
79	128	-0.63136
83	128	1.9997
84	128	2.3047
91	128	-0.93485
97	128	1.7097
104	128	1.5224
105	128	1.4965
117	128	-1.6236
118	128	-1.8024
120	128	-1.3057
18	129	2.4142
20	129	1.8492
21	129	2.0772
23	129	2.4584
25	129	2.3823
27	129	1.7088
28	129	1.9852
35	129	2.7082
41	129	3.004
42	129	2.6498
50	129	2.6878
68	129	0.18301
78	129	-0.094123
79	129	-0.086033
91	129	-0.28538
115	129	-1.9716
117	129	-1.6817
118	129	-1.7602
119	129	-1.2583
120	129	-1.4308
121	129	-1.9979
122	129	-2.002
20	130	0.32875
21	130	0.16374
27	130	0.2304
28	130	0.049008
47	130	3.791
61	130	3.6306
68	130	-1.0504
70	130	3.7204
78	130	-0.99038
79	130	-1.1655
83	130	3.7384
84	130	3.5841
91	130	-1.1963
97	130	3.4463
104	130	3.5843
105	130	3.281
117	130	-2.3016
118	130	-1.9346
120	130	-1.8415
20	131	1.2192
21	131	1.4073
27	131	1.0906
28	131	1.3074
47	131	2.2927
61	131	1.9682
68	131	-0.3158
70	131	1.6785
78	131	-0.63098
79	131	-0.61422
83	131	1.8413
84	131	2.1338
91	131	-0.90965
97	131	1.561
104	131	1.4019
105	131	1.3629
117	131	-1.6766
118	131	-1.8366
120	131	-1.3799
20	132	1.2774
21	132	1.4228
27	132	1.1368
28	132	1.3999
46	132	2.5046
53	132	2.4196
54	132	3.1217
59	132	1.9836
60	132	2.1951
62	132	3.2645
68	132	-0.41228
69	132	2.2315
78	132	-0.86742
79	132	-0.77465
80	132	1.5628
81	132	1.9106
85	132	3.2803
87	132	2.7315
91	132	-1.0701
93	132	3.1679
98	132	3.334
99	132	2.885
117	132	-1.9088
118	132	-2.2076
120	132	-1.475
127	132	-2.1791
128	132	-1.5544
130	132	-1.8352
131	132	-2.0513
20	133	1.5235
21	133	1.7269
27	133	1.4058
28	133	1.6385
47	133	2.7322
61	133	2.4321
68	133	-0.0053318
70	133	2.1408
78	133	-0.36506
79	133	-0.31745
83	133	2.2973
84	133	2.5982
91	133	-0.61167
97	133	2.0602
104	133	1.8774
105	133	1.8748
117	133	-2.1768
118	133	-2.0032
120	133	-1.8137
132	133	-2.26
20	134	1.3019
21	134	1.4346
27	134	1.1697
28	134	1.4195
46	134	2.5603
53	134	2.4752
54	134	2.6286
59	134	2.0767
60	134	2.2645
62	134	2.7701
68	134	-0.31038
69	134	2.299
78	134	-0.75297
79	134	-0.65548
80	134	1.69
81	134	2.0194
85	134	2.7852
87	134	2.2393
91	134	-0.93018
93	134	2.6716
98	134	2.83
99	134	2.3893
117	134	-1.9198
118	134	-2.0898
120	134	-1.5814
127	134	-2.3425
128	134	-2.206
130	134	-2.5253
131	134	-2.418
133	134	-2.4589
offset
60
