132
detection	body_part	cost
1	11	-3.9665
2	11	-1.4826
3	10	-2.5902
4	5	-5.5671
5	5	-0.075592
6	10	-3.0837
7	4	-5.0481
8	5	-2.2251
9	3	-5.3041
10	4	1.229
11	9	-0.5977
12	9	-2.6043
13	11	9.2102
14	3	-1.9535
15	9	0.80927
16	9	-1.7051
17	11	9.2102
18	9	-0.17384
19	14	0.97001
20	11	9.2102
21	11	0.53829
22	2	-5.6105
23	1	-7.0964
24	12	-0.18929
25	13	-0.8213
26	11	1.3378
27	11	9.2102
28	12	-0.17784
29	13	-3.0531
30	14	-0.36085
31	14	-3.6879
32	11	9.2102
33	12	-0.80619
34	12	-0.97324
35	11	9.2102
36	13	-2.5175
37	13	0.6372
38	11	9.2102
39	12	-1.1968
40	12	-1.7955
41	13	-0.017861
42	6	-0.32243
43	11	9.2102
44	4	1.0177
45	12	-0.7977
46	4	1.1838
47	4	0.0226
48	11	9.2102
49	3	0.041952
50	6	-2.6059
51	3	-0.76899
52	6	-0.14508
53	3	0.89073
54	4	-0.24975
55	5	1.3096
56	5	1.2306
57	8	0.76417
58	3	-3.0919
59	6	-0.28663
60	11	9.2102
61	7	-0.54911
62	7	0.57905
63	5	0.6564
64	8	0.84098
65	2	-0.19748
66	3	0.8519
67	11	9.2102
68	11	9.2102
69	4	0.34563
70	7	-0.6994
71	7	0.9295
72	9	0.96627
73	9	0.012444
74	8	-3.9913
75	11	9.2102
76	2	-4.4759
77	7	-3.0652
78	9	-0.92451
79	8	-2.3655
80	11	9.2102
81	10	-0.13229
82	10	-2.795
83	2	1.3319
84	1	-2.7646
85	7	-0.50257
86	7	-2.4337
87	9	0.31711
88	9	-0.53581
89	9	0.97611
90	11	9.2102
91	10	1.2896
92	10	-2.3423
93	11	-0.94905
94	14	-0.070836
95	11	-1.1893
96	14	0.095201
97	1	-6.3765
98	1	-0.26809
99	11	9.2102
100	7	0.85791
101	12	0.21472
102	10	-0.588
103	11	9.2102
104	11	9.2102
105	1	-3.4384
106	12	0.10685
107	13	0.86363
108	14	0.16172
109	11	9.2102
110	11	9.2102
111	1	0.24356
112	12	-0.6277
113	12	-2.2415
114	11	9.2102
115	14	-3.1541
116	11	9.2102
117	11	9.2102
118	11	9.2102
119	11	9.2102
120	12	-0.44185
121	8	-0.0712
122	8	-3.3086
123	13	-1.4499
124	6	-2.3013
125	8	-5.2567
126	11	9.2102
127	13	0.18097
128	6	-3.9754
129	7	-1.0517
130	7	-4.573
131	7	-3.1755
132	7	-0.26656
detection1	detection2	cost
1	2	-3.2674
4	5	-3.7143
3	6	-5.6071
4	8	-4.8231
5	8	-1.5143
7	10	-3.2674
11	12	-3.2674
1	13	91.2556
2	13	87.1618
9	14	-3.7143
11	15	-3.2674
12	15	-1.5143
11	16	-0.67521
12	16	-4.8231
15	16	0.071429
1	17	91.672
2	17	87.5584
13	17	-5.6071
11	18	-1.5143
12	18	-3.2674
15	18	-3.2674
16	18	-3.2674
1	20	74.5068
2	20	70.3146
13	20	12.262
17	20	11.8034
1	21	24.0034
2	21	20.4477
13	21	72.2025
17	21	72.0901
20	21	53.0714
1	26	24.6786
2	26	21.3311
13	26	74.2443
17	26	74.0907
20	26	54.993
21	26	-4.8231
1	27	23.8324
2	27	20.6393
13	27	76.1292
17	27	75.9791
20	27	56.885
21	27	-3.2674
26	27	-5.6071
24	28	-3.2674
25	29	-3.2674
19	30	6.1496
19	31	9.4302
30	31	-3.7143
1	32	85.3272
2	32	81.1213
13	32	7.2837
17	32	5.8845
20	32	3.5372
21	32	62.7655
26	32	64.5281
27	32	66.4184
24	33	-2.1462
28	33	0.30445
24	34	-2.1462
28	34	-5.6071
33	34	0.071429
1	35	36.6892
2	35	32.7427
13	35	59.7164
17	35	59.4226
20	35	40.1609
21	35	6.9156
26	35	8.1089
27	35	9.9513
32	35	49.2857
25	36	-2.1462
29	36	-5.6071
25	37	-3.2674
29	37	-1.5143
36	37	-1.8214
1	38	78.9934
2	38	74.7685
13	38	14.0819
17	38	12.9744
20	38	0.30445
21	38	55.4215
26	38	57.1072
27	38	58.9929
32	38	0.30445
35	38	41.7507
24	39	-1.5143
28	39	-0.67521
33	39	-4.8231
34	39	-1.5143
24	40	-1.5143
28	40	-3.2674
33	40	-1.5143
34	40	-4.8231
39	40	-3.7143
25	41	0.53071
29	41	-3.2674
36	41	-4.8231
37	41	0.30445
1	43	67.8823
2	43	63.6523
13	43	26.3605
17	43	25.5573
20	43	7.2837
21	43	42.6161
26	43	44.1649
27	43	46.0381
32	43	13.6628
35	43	28.663
38	43	5.8845
7	44	15.2143
10	44	11.523
24	45	0.96511
28	45	-1.8214
33	45	0.96511
34	45	-3.7143
39	45	-1.5143
40	45	-4.8231
7	46	18.8644
10	46	14.6553
44	46	2.1517
7	47	17.1798
10	47	13.3214
44	47	-4.8231
46	47	0.071429
1	48	57.6319
2	48	53.4547
13	48	39.2501
17	48	38.5941
20	48	19.6016
21	48	30.2149
26	48	31.5222
27	48	33.3612
32	48	27.0414
35	48	15.9133
38	48	19.269
43	48	5.8845
9	49	15.2143
14	49	11.4286
42	50	-3.2674
9	51	15.5276
14	51	11.8034
49	51	-3.7143
42	52	-3.2674
50	52	-3.7143
9	53	15.9133
14	53	12.262
49	53	-1.8214
51	53	-5.6071
7	54	19.269
10	54	15.293
44	54	-2.1462
46	54	-1.5143
47	54	-4.8231
4	55	22.4287
5	55	23.8324
8	55	20.0604
4	56	21.1441
5	56	21.885
8	56	19.0675
55	56	-1.8214
9	58	17.1798
14	58	13.4073
49	58	-4.8231
51	58	-4.8231
53	58	-3.2674
42	59	-1.8214
50	59	-4.8231
52	59	-4.8231
1	60	72.3597
2	60	68.1433
13	60	27.7092
17	60	26.624
20	60	10.3572
21	60	45.8033
26	60	47.1311
27	60	48.9694
32	60	13.6628
35	60	31.5222
38	60	6.1496
43	60	-1.5143
48	60	8.1089
61	62	-3.7143
4	63	23.0214
5	63	23.7178
8	63	20.9559
55	63	-1.5143
56	63	-5.6071
57	64	-1.5143
22	65	11.4286
9	66	19.0675
14	66	15.293
49	66	-3.2674
51	66	-0.67521
53	66	0.96511
58	66	-3.2674
1	67	74.9643
2	67	70.7508
13	67	27.4026
17	67	26.2014
20	67	11.1425
21	67	48.1706
26	67	49.4432
27	67	51.2701
32	67	12.9744
35	67	33.8406
38	67	5.8845
43	67	0.96511
48	67	10.4572
60	67	-4.8231
1	68	71.7743
2	68	67.5727
13	68	30.3571
17	68	29.2526
20	68	12.9744
21	68	44.5794
26	68	45.8033
27	68	47.6208
32	68	16.2174
35	68	30.2149
38	68	8.783
43	68	0.071429
48	68	6.9156
60	68	-4.8231
67	68	-3.7143
7	69	23.0214
10	69	19.0675
44	69	0.96511
46	69	0.53071
47	69	-1.5143
54	69	-3.7143
61	70	-4.8231
62	70	-1.5143
61	71	-1.5143
62	71	-4.8231
70	71	0.071429
11	72	19.0675
12	72	17.7539
15	72	15.2143
16	72	16.443
18	72	13.6628
11	73	19
12	73	17.3966
15	73	15.293
16	73	15.9133
18	73	13.4073
72	73	-5.6071
57	74	-3.2674
64	74	-3.2674
1	75	50.1933
2	75	46.3051
13	75	55.4215
17	75	54.7632
20	75	35.7467
21	75	19.4026
26	75	19.7992
27	75	21.3932
32	75	43.0077
35	75	6.1496
38	75	35.2048
43	75	21.885
48	75	8.6726
60	75	22.8448
67	75	24.6786
68	75	20.8929
22	76	11.9882
65	76	-4.8231
61	77	-3.2674
62	77	-3.2674
70	77	-3.2674
71	77	-3.2674
11	78	20.9559
12	78	19.0675
15	78	17.3966
16	78	17.3966
18	78	15.2143
72	78	-3.2674
73	78	-4.8231
57	79	-1.5143
64	79	-2.1462
74	79	-5.6071
1	80	51.6347
2	80	47.7831
13	80	56.1293
17	80	55.4215
20	80	36.5267
21	80	20.6393
26	80	20.8929
27	80	22.4287
32	80	43.4667
35	80	7.7607
38	80	35.6638
43	80	22.4287
48	80	9.4302
60	80	23.0214
67	80	24.7342
68	80	20.9559
75	80	-5.6071
3	81	30.2149
6	81	28.4144
3	82	29.2526
6	82	27.4026
81	82	-3.7143
22	83	15.6053
65	83	-3.2674
76	83	-3.2674
23	84	12.262
61	85	-1.5143
62	85	0.53071
70	85	-3.7143
71	85	0.96511
77	85	-3.2674
61	86	-1.5143
62	86	-1.5143
70	86	-2.1462
71	86	-2.1462
77	86	-5.6071
85	86	-3.7143
11	87	22.7857
12	87	21.1441
15	87	19.0675
16	87	19.6016
18	87	17.1798
72	87	-3.2674
73	87	-3.7143
78	87	-4.8231
11	88	23.0214
12	88	20.8929
15	88	19.6016
16	88	19.0675
18	88	17.1798
72	88	-0.67521
73	88	-2.1462
78	88	-4.8231
87	88	-3.7143
11	89	23.7178
12	89	21.1441
15	89	20.6393
16	89	19.0675
18	89	17.7539
72	89	2.6933
73	89	0.96511
78	89	-1.5143
87	89	0.071429
88	89	-3.7143
1	90	54.3011
2	90	50.4412
13	90	55.1647
17	90	54.388
20	90	35.7053
21	90	23.3135
26	90	23.5452
27	90	25.0659
32	90	42.1852
35	90	10.3572
38	90	34.4002
43	90	21.3311
48	90	8.783
60	90	21.4551
67	90	23.0214
68	90	19.269
75	90	-3.2674
80	90	-4.8231
3	91	32.6089
6	91	30.8274
81	91	-4.8231
82	91	-1.5143
3	92	30.7807
6	92	28.9098
81	92	-1.5143
82	92	-4.8231
91	92	0.071429
1	93	41.6414
2	93	38.904
13	93	79.9
17	93	79.3448
20	93	60.1415
21	93	13.6628
26	93	11.523
27	93	11.4286
32	93	67.8585
35	93	15.293
38	93	60.062
43	93	46.7032
48	93	33.3612
60	93	47.6858
67	93	49.4118
68	93	45.635
75	93	17.3966
80	93	17.1798
90	93	19
19	94	17.1798
30	94	11.9882
31	94	14.0819
1	95	41.1652
2	95	38.5552
13	95	81.7056
17	95	81.1617
20	95	61.9449
21	95	14.0819
26	95	11.8034
27	95	11.523
32	95	69.7137
35	95	16.7404
38	95	61.9191
43	95	48.5554
48	95	35.2048
60	95	49.5689
67	95	51.3006
68	95	47.5232
75	95	19.269
80	95	19.0675
90	95	20.8929
93	95	-5.6071
19	96	17.3966
30	96	11.1425
31	96	12.9744
94	96	-5.6071
23	97	13.6628
84	97	-4.8231
23	98	14.6553
84	98	-4.8231
97	98	-3.7143
1	99	81.2223
2	99	77.0241
13	99	28.8606
17	99	27.4026
20	99	15.5276
21	99	53.6601
26	99	54.7632
27	99	56.5502
32	99	14.0819
35	99	39.2501
38	99	8.6726
43	99	7.7607
48	99	16.2174
60	99	1.9643
67	99	-0.67521
68	99	1.9643
75	99	28.9098
80	99	28.663
90	99	26.624
93	99	53.101
95	99	54.993
61	100	0.071429
62	100	0.96511
70	100	-1.5143
71	100	0.53071
77	100	-3.2674
85	100	-4.8231
86	100	-4.8231
24	101	13.3214
28	101	11.8034
33	101	9.9513
34	101	9.9513
39	101	7.7607
40	101	7.7607
45	101	6.2802
3	102	32.9647
6	102	31.1069
81	102	-2.1462
82	102	-3.7143
91	102	-1.5143
92	102	-4.8231
1	103	45.2289
2	103	42.1852
13	103	75.1379
17	103	74.5068
20	103	55.4215
21	103	15.293
26	103	13.6628
27	103	14.0819
32	103	62.74
35	103	12.9744
38	103	54.9356
43	103	41.6414
48	103	28.4144
60	103	42.2933
67	103	43.9217
68	103	40.1609
75	103	12.262
80	103	11.8034
90	103	13.4073
93	103	-1.5143
95	103	0.30445
99	103	47.3929
1	104	93.4622
2	104	89.2396
13	104	24.2301
17	104	22.4287
20	104	18.8644
21	104	66.7328
26	104	67.9298
27	104	69.7369
32	104	11.4286
35	104	52.3574
38	104	11.1425
43	104	18.2456
48	104	29.0571
60	104	13.6628
67	104	11.1425
68	104	14.6553
75	104	42.2933
80	104	42.0408
90	104	39.9726
93	104	66.4184
95	104	68.3089
99	104	5.8845
103	104	60.6691
23	105	15.293
84	105	-2.1462
97	105	-4.8231
98	105	-1.5143
24	106	16.443
28	106	16.2174
33	106	11.8034
34	106	14.5743
39	106	10.4572
40	106	11.9882
45	106	11.4286
101	106	0.30445
25	107	20.8929
29	107	17.1798
36	107	15.6053
37	107	19.269
41	107	12.9744
19	108	21.885
30	108	20.6393
31	108	23.3135
94	108	2.6933
96	108	4.4715
1	109	99.3249
2	109	95.0991
13	109	24.9005
17	109	23.0214
20	109	23.0214
21	109	72.7178
26	109	73.9149
27	109	75.7212
32	109	14.0819
35	109	58.3431
38	109	15.6053
43	109	24.0034
48	109	35.0367
60	109	19.6016
67	109	17.1071
68	109	20.6393
75	109	48.2028
80	109	47.9126
90	109	45.8033
93	109	72.2025
95	109	74.0907
99	109	11.8034
103	109	66.4184
104	109	-1.5143
1	110	97.6856
2	110	93.4622
13	110	25.1758
17	110	23.3135
20	110	22.1279
21	110	70.9338
26	110	72.1126
27	110	73.9149
32	110	13.6628
35	110	56.5502
38	110	14.5743
43	110	22.4287
48	110	33.2734
60	110	17.8953
67	110	15.3715
68	110	18.8644
75	110	46.3384
80	110	46.0381
90	110	43.9217
93	110	70.3146
95	110	72.2025
99	110	9.9513
103	110	64.5281
104	110	-3.2674
109	110	-5.6071
23	111	17.1798
84	111	-0.67521
97	111	-3.2674
98	111	-0.67521
105	111	-5.6071
24	112	18.2456
28	112	17.8953
33	112	13.6628
34	112	16.2174
39	112	12.262
40	112	13.6628
45	112	12.9744
101	112	0.96511
106	112	-5.6071
24	113	17.1798
28	113	15.9133
33	113	13.4073
34	113	14.0819
39	113	11.4286
40	113	11.8034
45	113	10.4572
101	113	-3.2674
106	113	-1.5143
112	113	-1.8214
1	114	53.5428
2	114	50.069
13	114	66.1514
17	114	65.3443
20	114	46.7362
21	114	22.1279
26	114	21.3932
27	114	22.4287
32	114	52.9826
35	114	13.3214
38	114	45.2289
43	114	32.295
48	114	19.7992
60	114	32.024
67	114	33.3612
68	114	29.6887
75	114	4.6202
80	114	3.2076
90	114	3.5372
93	114	10.4572
95	114	12.262
99	114	36.2
103	114	4.4715
104	114	49.3173
109	114	54.9643
110	114	53.0714
19	115	24.8452
30	115	24.6229
31	115	27.4026
94	115	6.9156
96	115	8.6726
108	115	-3.2674
1	116	98.652
2	116	94.4335
13	116	27.0414
17	116	25.1758
20	116	23.8324
21	116	71.5933
26	116	72.7178
27	116	74.5068
32	116	15.5276
35	116	57.1903
38	116	16.2174
43	116	23.5452
48	116	34.0136
60	116	18.7964
67	116	16.2174
68	116	19.6016
75	116	46.7032
80	116	46.3384
90	116	44.1649
93	116	70.4756
95	116	72.3597
99	116	10.4572
103	116	64.6524
104	116	-2.1462
109	116	-4.8231
110	116	-5.6071
114	116	53.101
1	117	95.4304
2	117	91.2194
13	117	27.8615
17	117	26.0415
20	117	22.4287
21	117	68.0722
26	117	69.1549
27	117	70.9338
32	117	15.2143
35	117	53.6601
38	117	14.6553
43	117	20.6393
48	117	30.593
60	117	15.6053
67	117	12.9744
68	117	16.2174
75	117	43.0077
80	117	42.6161
90	117	40.4233
93	117	66.7087
95	117	68.5919
99	117	6.9156
103	117	60.8791
104	117	-3.7143
109	117	-1.5143
110	117	-3.2674
114	117	49.3173
116	117	-3.7143
1	118	89.1099
2	118	84.9211
13	118	30.593
17	118	28.9098
20	118	20.9559
21	118	61.1144
26	118	62.0995
27	118	63.8534
32	118	16.443
35	118	46.7032
38	118	13.3214
43	118	15.6053
48	118	24.0034
60	118	9.9513
67	118	7.2837
68	118	9.9513
75	118	35.6638
80	118	35.2048
90	118	32.9647
93	118	59.1812
95	118	61.0622
99	118	0.53071
103	118	53.337
104	118	0.96511
109	118	5.8845
110	118	4.0138
114	118	41.7507
116	118	3.8571
117	118	0.071429
1	119	82.9817
2	119	78.8276
13	119	34.5282
17	119	33.0089
20	119	21.4551
21	119	54.3011
26	119	55.1647
27	119	56.885
32	119	19.7992
35	119	39.9349
38	119	14.6553
43	119	12.262
48	119	17.9658
60	119	6.2802
67	119	4.0138
68	119	5.1977
75	119	28.4144
80	119	27.8615
90	119	25.5573
93	119	51.665
95	119	53.5428
99	119	-1.5143
103	119	45.8033
104	119	8.1089
109	119	13.4073
110	119	11.523
114	119	34.1859
116	119	11.4286
117	119	7.6429
118	119	0.071429
24	120	19.269
28	120	18.2456
33	120	15.2143
34	120	16.443
39	120	13.4073
40	120	14.0819
45	120	12.8867
101	120	-0.67521
106	120	-2.1462
112	120	-3.2674
113	120	-4.8231
57	121	8.1089
64	121	8.783
74	121	5.1977
79	121	3.5372
57	122	7.6429
64	122	6.9156
74	122	4.0138
79	122	2.1517
121	122	-3.7143
25	123	24.0034
29	123	20.4477
36	123	18.7964
37	123	22.0674
41	123	16.2174
107	123	-3.7143
42	124	13.3214
50	124	9.6406
52	124	9.6406
59	124	7.6429
57	125	9.5357
64	125	8.6726
74	125	5.8845
79	125	4.0138
121	125	-3.2674
122	125	-5.6071
1	126	62.9184
2	126	59.1812
13	126	58.1251
17	126	57.1072
20	126	39.5176
21	126	31.5222
26	126	31.3382
27	126	32.6536
32	126	44.1649
35	126	19.6016
38	126	36.6486
43	126	24.7342
48	126	14.5743
60	126	23.0214
67	126	23.8324
68	126	20.4477
75	126	6.2802
80	126	4.4715
90	126	2.1517
93	126	22.4287
95	126	24.2301
99	126	25.5573
103	126	16.443
104	126	38.2821
109	126	43.7472
110	126	41.8597
114	126	4.4715
116	126	41.7507
117	126	37.968
118	126	30.4044
119	126	22.8448
25	127	24.6786
29	127	21.3311
36	127	19.6016
37	127	22.4287
41	127	17.1071
107	127	-1.5143
123	127	-4.8231
42	128	15.293
50	128	11.4286
52	128	11.8034
59	128	9.6406
124	128	-4.8231
61	129	9.6406
62	129	10.4572
70	129	7.6429
71	129	9.4302
77	129	6.2802
85	129	3.8571
86	129	4.4715
100	129	2.1517
61	130	9.6406
62	130	9.6406
70	130	8.1089
71	130	8.1089
77	130	5.75
85	130	4.4715
86	130	3.8571
100	130	2.1517
129	130	-3.7143
61	131	11.8034
62	131	11.4286
70	131	10.4572
71	131	9.6406
77	131	7.7607
85	131	6.9156
86	131	5.8845
100	131	4.4715
129	131	-1.5143
130	131	-4.8231
61	132	13.3214
62	132	13.6628
70	132	11.523
71	132	12.262
77	132	9.6406
85	132	7.7607
86	132	7.7607
100	132	5.75
129	132	-3.2674
130	132	-3.2674
131	132	-3.2674
1	3	-2.2886
2	3	-2.1159
1	6	-2.0239
2	6	-2.1354
4	7	-2.2951
5	7	-2.3739
7	8	-2.1055
7	9	-2.584
4	10	-1.8669
5	10	-2.0023
8	10	-1.8902
9	10	-1.8873
3	11	-2.0226
6	11	-2.0218
3	12	-2.2793
6	12	-2.3104
3	13	6.4358
6	13	6.1463
7	14	-1.9147
10	14	-1.7787
3	15	-1.9842
6	15	-2.0639
3	16	-1.9014
6	16	-1.935
3	17	7.3153
6	17	7.0348
3	18	-1.6806
6	18	-1.8104
3	20	8.2033
6	20	7.9538
3	21	2.8641
6	21	2.8224
1	23	-1.2443
2	23	-1.2571
3	23	-1.5111
4	23	-2.2368
5	23	-1.9717
6	23	-1.5559
7	23	-2.2569
8	23	-2.0543
9	23	-2.4155
10	23	-1.8482
11	23	-1.7706
12	23	-1.9451
13	23	7.1393
14	23	-2.238
15	23	-1.7775
16	23	-2.0858
17	23	8.0917
18	23	-1.9178
19	23	-1.0503
20	23	1.0184
21	23	-0.91937
22	23	-2.6063
23	24	-1.6528
19	25	0.63341
23	25	-1.6491
24	25	-2.0065
3	26	2.3828
6	26	2.3329
23	26	-0.93202
3	27	2.1591
6	27	2.0899
23	27	-0.94038
23	28	-1.8309
25	28	-2.0732
19	29	0.041033
23	29	-1.7715
24	29	-1.8056
28	29	-1.7709
23	30	-1.6005
25	30	-1.6463
29	30	-2.1085
23	31	-1.6874
25	31	-1.8207
29	31	-2.1873
3	32	8.9544
6	32	8.7004
23	32	7.8785
23	33	-1.9364
25	33	-1.881
29	33	-2.1738
23	34	-1.9128
25	34	-2.1532
29	34	-1.9178
3	35	4.6151
6	35	4.7715
23	35	0.067587
19	36	0.23552
23	36	-1.8472
24	36	-1.5452
28	36	-1.4279
30	36	-2.1924
31	36	-2.159
33	36	-2.1621
34	36	-1.5678
19	37	1.5054
23	37	-1.7881
24	37	-1.6659
28	37	-1.5694
30	37	-2.0513
31	37	-2.2017
33	37	-1.9735
34	37	-1.5693
3	38	8.6031
6	38	8.3354
23	38	4.3676
23	39	-2.0404
25	39	-2.1619
29	39	-2.1633
36	39	-1.8794
37	39	-1.6129
23	40	-2.0953
25	40	-2.045
29	40	-1.9335
36	40	-1.6138
37	40	-1.4599
19	41	-0.083567
23	41	-1.7074
24	41	-1.1615
28	41	-0.98176
30	41	-2.0447
31	41	-1.9557
33	41	-1.8651
34	41	-1.1537
39	41	-1.7876
40	41	-1.3739
23	42	-2.1359
3	43	8.7722
6	43	8.876
23	43	2.6052
4	44	1.7812
5	44	1.5004
8	44	1.9052
9	44	2.1113
14	44	1.892
23	44	1.914
23	45	-1.9526
25	45	-1.8312
29	45	-1.7575
36	45	-1.4263
37	45	-1.2257
41	45	-1.1993
4	46	1.1981
5	46	1.0518
8	46	1.2663
9	46	3.5982
14	46	3.4943
23	46	3.3601
4	47	1.7354
5	47	1.4907
8	47	1.846
9	47	2.505
14	47	2.3241
23	47	2.4159
3	48	7.3531
6	48	7.585
23	48	1.6202
7	49	1.7817
10	49	1.728
23	49	3.3653
44	49	-2.0905
46	49	-1.1231
47	49	-1.9763
23	50	-2.6543
7	51	2.1573
10	51	2.1384
23	51	2.9375
44	51	-1.9015
46	51	-1.1101
47	51	-1.9059
23	52	-2.1967
7	53	2.3019
10	53	2.3065
23	53	2.6383
44	53	-1.7362
46	53	-1.2266
47	53	-1.8871
4	54	1.7378
5	54	1.5246
8	54	1.8377
9	54	2.8698
14	54	2.7295
23	54	2.8498
49	54	-1.8017
51	54	-1.6799
53	54	-1.6172
7	55	3.0621
10	55	2.6937
23	55	2.3286
44	55	-0.19773
46	55	-1.9907
47	55	-1.4375
54	55	-2.2902
7	56	2.5055
10	56	2.0925
23	56	1.7396
44	56	-1.4652
46	56	-1.9722
47	56	-2.1419
54	56	-2.3502
23	57	-1.8841
7	58	2.0243
10	58	1.9981
23	58	3.529
44	58	-1.7501
46	58	-1.5056
47	58	-2.1652
54	58	-2.0696
23	59	-2.3261
3	60	8.4407
6	60	8.6771
23	60	3.4612
23	61	-1.6759
42	61	-2.4513
50	61	-2.2719
52	61	-1.9681
57	61	-2.2567
59	61	-1.9059
23	62	-1.6258
42	62	-2.0973
50	62	-2.1636
52	62	-1.887
57	62	-1.751
59	62	-1.9365
7	63	2.6225
10	63	2.2329
23	63	2.0203
44	63	-1.0061
46	63	-1.6965
47	63	-1.6491
54	63	-2.213
23	64	-1.8618
61	64	-2.4152
62	64	-2.1678
23	65	3.5768
7	66	1.828
10	66	1.7811
23	66	4.3577
44	66	-1.6158
46	66	-1.7694
47	66	-1.9756
54	66	-2.3248
3	67	8.4823
6	67	8.713
23	67	3.8535
3	68	8.1345
6	68	8.3613
23	68	3.4409
4	69	1.9516
5	69	1.7423
8	69	2.0572
9	69	3.105
14	69	3.0117
23	69	3.17
49	69	-1.1966
51	69	-0.9899
53	69	-0.73365
55	69	-0.89267
56	69	-1.4761
58	69	-1.5391
63	69	-1.9062
66	69	-2.018
23	70	-1.8364
42	70	-2.1022
50	70	-2.3498
52	70	-2.477
57	70	-2.1835
59	70	-2.4296
64	70	-2.4554
23	71	-1.7241
42	71	-2.18
50	71	-2.4175
52	71	-2.2715
57	71	-1.4135
59	71	-2.3095
64	71	-2.1703
3	72	1.433
6	72	1.3829
23	72	1.7513
3	73	1.5894
6	73	1.538
23	73	1.7497
23	74	-2.1
61	74	-2.1358
62	74	-2.3639
70	74	-2.4167
71	74	-2.5154
3	75	5.4685
6	75	5.6177
23	75	1.339
23	76	3.0065
23	77	-1.9725
42	77	-2.1194
50	77	-2.1577
52	77	-2.4223
57	77	-1.7346
59	77	-2.2161
64	77	-2.3389
74	77	-2.5421
3	78	1.8206
6	78	1.7736
23	78	1.6886
23	79	-1.9933
61	79	-1.8118
62	79	-1.9396
70	79	-2.0883
71	79	-1.993
77	79	-2.168
3	80	5.559
6	80	5.6989
23	80	1.5418
1	81	1.9085
2	81	1.8432
11	81	3.334
12	81	3.6305
13	81	4.9271
15	81	2.9362
16	81	3.7607
17	81	5.971
18	81	3.0804
20	81	7.8821
21	81	1.203
23	81	1.4676
26	81	1.2741
27	81	1.1313
32	81	8.5801
35	81	2.6127
38	81	8.0899
43	81	6.9235
48	81	6.4125
60	81	7.8477
67	81	8.0331
68	81	7.965
72	81	-1.3397
73	81	-1.3619
75	81	5.8216
78	81	-1.7429
80	81	6.26
1	82	2.3233
2	82	2.2804
11	82	3.0965
12	82	3.351
13	82	5.4789
15	82	2.7132
16	82	3.4484
17	82	6.6172
18	82	2.8029
20	82	8.4775
21	82	1.8007
23	82	1.3659
26	82	1.8256
27	82	1.6512
32	82	8.9892
35	82	3.5677
38	82	8.4902
43	82	7.5309
48	82	7.1539
60	82	7.6533
67	82	7.7167
68	82	7.6445
72	82	-1.3129
73	82	-1.4106
75	82	6.7242
78	82	-1.8104
80	82	5.9675
23	83	3.6049
1	84	0.74835
2	84	0.76451
3	84	0.91592
4	84	0.78867
5	84	0.55675
6	84	0.78672
7	84	1.1955
8	84	0.74806
9	84	0.20869
10	84	1.0903
11	84	1.6462
12	84	1.4458
13	84	6.1414
14	84	0.25935
15	84	1.7267
16	84	1.2408
17	84	6.9632
18	84	1.4132
19	84	0.78446
20	84	5.0663
21	84	-0.20968
22	84	1.1792
24	84	1.8513
25	84	0.48384
26	84	-0.29583
27	84	-0.36192
28	84	1.5183
29	84	0.49988
30	84	0.24826
31	84	0.16541
32	84	6.6693
33	84	1.779
34	84	1.4058
35	84	-0.42456
36	84	0.42557
37	84	0.49331
38	84	5.4552
39	84	1.5406
40	84	1.2903
41	84	0.26898
42	84	4.0648
43	84	2.2243
44	84	-1.6673
45	84	1.0743
46	84	-1.3327
47	84	-2.0188
48	84	0.32354
49	84	-0.81691
50	84	4.4663
51	84	-1.616
52	84	3.379
53	84	-1.572
54	84	-2.2049
55	84	-1.6128
56	84	-1.958
57	84	0.845
58	84	-1.875
59	84	3.602
60	84	1.5194
61	84	2.3377
62	84	1.9982
63	84	-1.583
64	84	0.49223
65	84	-1.2906
66	84	-0.34359
67	84	1.3641
68	84	0.62971
69	84	-1.6186
70	84	2.1552
71	84	1.5616
72	84	-1.8719
73	84	-1.7569
74	84	0.39902
75	84	-1.2062
76	84	-2.1291
77	84	1.5222
78	84	-1.7262
79	84	0.24352
80	84	-1.0808
81	84	-1.3744
82	84	-1.3987
83	84	-2.2365
23	85	-1.9339
42	85	-1.2605
50	85	-1.567
52	85	-1.4358
57	85	-2.0274
59	85	-1.6334
64	85	-2.1807
74	85	-2.1978
79	85	-1.885
84	85	1.248
23	86	-2.0921
42	86	-1.6952
50	86	-1.8522
52	86	-1.941
57	86	-1.7018
59	86	-1.9131
64	86	-2.3559
74	86	-2.3233
79	86	-1.9619
84	86	1.0442
3	87	1.8056
6	87	1.7625
23	87	1.8667
81	87	-2.1701
82	87	-2.1489
84	87	-1.5602
3	88	2.0128
6	88	1.9706
23	88	1.5875
81	88	-2.0703
82	88	-2.1292
84	88	-1.6466
3	89	2.1658
6	89	2.1269
23	89	1.3201
81	89	-1.8912
82	89	-2.0989
84	89	-1.6979
3	90	5.4771
6	90	5.6211
23	90	1.6014
81	90	5.2208
82	90	5.3242
84	90	-1.0392
1	91	1.8528
2	91	1.7777
11	91	3.3153
12	91	3.6419
13	91	4.6912
15	91	2.9227
16	91	3.7963
17	91	5.5551
18	91	3.1074
20	91	7.565
21	91	1.1314
23	91	1.4666
26	91	1.2321
27	91	1.1057
32	91	8.2348
35	91	2.3319
38	91	7.7369
43	91	6.4298
48	91	5.8068
60	91	7.3417
67	91	7.6749
68	91	7.5561
72	91	-1.3411
73	91	-1.2924
75	91	4.0496
78	91	-1.6391
80	91	4.6478
84	91	-1.4145
87	91	-2.0979
88	91	-1.9419
89	91	-1.7565
90	91	6.2564
1	92	2.2972
2	92	2.2618
11	92	2.7542
12	92	3.002
13	92	5.2029
15	92	2.3811
16	92	3.0946
17	92	6.2592
18	92	2.4612
20	92	8.1718
21	92	1.9329
23	92	1.1817
26	92	1.9586
27	92	1.7755
32	92	8.8486
35	92	3.6951
38	92	8.3568
43	92	7.1847
48	92	6.7267
60	92	8.0273
67	92	8.1926
68	92	8.1307
72	92	-1.5325
73	92	-1.6233
75	92	6.3224
78	92	-1.9881
80	92	6.6034
84	92	-1.5402
87	92	-2.1311
88	92	-2.1549
89	92	-1.9876
90	92	6.2714
3	93	4.0925
6	93	4.1162
23	93	0.90968
81	93	-1.9045
82	93	-1.6323
84	93	-1.3347
91	93	-2.0217
92	93	-1.9898
23	94	0.17609
25	94	2.399
29	94	1.8717
36	94	1.8175
37	94	2.5461
41	94	1.5626
84	94	-1.6
3	95	3.9225
6	95	3.9399
23	95	0.7972
81	95	-1.9301
82	95	-1.7425
84	95	-1.3988
91	95	-2.064
92	95	-2.093
23	96	0.094505
25	96	2.1444
29	96	1.6246
36	96	1.5612
37	96	2.2395
41	96	1.3275
84	96	-1.6048
1	97	0.8055
2	97	0.81893
3	97	0.97437
4	97	0.76336
5	97	0.55288
6	97	0.84894
7	97	1.0747
8	97	0.71881
9	97	0.18286
10	97	0.96435
11	97	1.6054
12	97	1.4367
13	97	5.8574
14	97	0.22542
15	97	1.692
16	97	1.2513
17	97	6.6886
18	97	1.4146
19	97	0.93024
20	97	4.7917
21	97	-0.13149
22	97	1.0491
24	97	1.9297
25	97	0.68567
26	97	-0.20792
27	97	-0.27085
28	97	1.6214
29	97	0.70194
30	97	0.41342
31	97	0.33227
32	97	6.2608
33	97	1.8678
34	97	1.5227
35	97	-0.34304
36	97	0.63446
37	97	0.7059
38	97	5.0332
39	97	1.6547
40	97	1.4173
41	97	0.48517
42	97	3.7664
43	97	2.1436
44	97	-1.6757
45	97	1.2197
46	97	-1.5078
47	97	-2.0293
48	97	0.41258
49	97	-1.2178
50	97	3.9956
51	97	-1.8245
52	97	3.1805
53	97	-1.7066
54	97	-2.3045
55	97	-1.8501
56	97	-1.9243
57	97	1.0053
58	97	-2.2091
59	97	3.272
60	97	1.6102
61	97	2.4975
62	97	2.1628
63	97	-1.817
64	97	0.65597
65	97	-1.4377
66	97	-1.4395
67	97	1.5662
68	97	0.88484
69	97	-1.9296
70	97	2.3644
71	97	1.7586
72	97	-1.814
73	97	-2.0254
74	97	0.58303
75	97	-1.0843
76	97	-2.1236
77	97	1.7649
78	97	-1.986
79	97	0.44316
80	97	-1.3502
81	97	-1.6319
82	97	-1.5822
83	97	-2.2671
85	97	1.5777
86	97	1.3307
87	97	-1.9027
88	97	-1.7951
89	97	-1.5889
90	97	-1.1709
91	97	-1.7091
92	97	-1.6798
93	97	-1.4381
94	97	-1.4492
95	97	-1.4719
96	97	-1.377
1	98	0.89897
2	98	0.92107
3	98	1.1104
4	98	0.89305
5	98	0.65176
6	98	0.98538
7	98	1.3046
8	98	0.86433
9	98	0.19395
10	98	1.2235
11	98	1.8723
12	98	1.6651
13	98	6.2146
14	98	0.25367
15	98	1.9723
16	98	1.4606
17	98	7.0262
18	98	1.6527
19	98	0.98551
20	98	5.3171
21	98	-0.0079761
22	98	0.89724
24	98	2.092
25	98	0.67832
26	98	-0.10167
27	98	-0.17168
28	98	1.7453
29	98	0.70705
30	98	0.42493
31	98	0.3324
32	98	6.7739
33	98	2.0556
34	98	1.6336
35	98	-0.16663
36	98	0.63084
37	98	0.67348
38	98	5.7402
39	98	1.8066
40	98	1.5327
41	98	0.48191
42	98	4.7045
43	98	2.8062
44	98	-1.2957
45	98	1.3056
46	98	-0.65538
47	98	-1.5824
48	98	0.76066
49	98	-0.55297
50	98	4.7878
51	98	-1.107
52	98	4.1745
53	98	-1.0367
54	98	-1.7116
55	98	-1.695
56	98	-1.6073
57	98	1.0674
58	98	-1.2892
59	98	4.5367
60	98	2.416
61	98	2.7132
62	98	2.3052
63	98	-1.6793
64	98	0.67202
65	98	-1.5287
66	98	-0.28138
67	98	2.5339
68	98	1.532
69	98	-1.7775
70	98	2.5847
71	98	1.8369
72	98	-1.5538
73	98	-1.8028
74	98	0.6012
75	98	-0.91285
76	98	-2.2689
77	98	1.8511
78	98	-1.8675
79	98	0.43588
80	98	-1.1728
81	98	-1.5782
82	98	-1.6057
83	98	-2.3085
85	98	1.6547
86	98	1.3628
87	98	-1.786
88	98	-1.7032
89	98	-1.5209
90	98	-1.0406
91	98	-1.6079
92	98	-1.7436
93	98	-1.5224
94	98	-1.5318
95	98	-1.5852
96	98	-1.4734
3	99	8.2676
6	99	8.4838
23	99	4.6006
81	99	7.5754
82	99	7.3189
84	99	1.8944
91	99	7.858
92	99	7.8289
97	99	-0.063493
98	99	0.054045
23	100	-1.8179
42	100	-1.0891
50	100	-1.2943
52	100	-1.2284
57	100	-1.7538
59	100	-1.3974
64	100	-2.0884
74	100	-2.132
79	100	-1.8299
84	100	0.55977
97	100	0.91777
98	100	0.8968
23	101	0.58828
25	101	0.45918
29	101	0.48481
36	101	0.37802
37	101	0.21972
41	101	0.27798
84	101	-1.6762
97	101	-1.3945
98	101	-1.4019
1	102	2.1705
2	102	2.123
11	102	2.8338
12	102	3.1074
13	102	4.8885
15	102	2.462
16	102	3.2205
17	102	5.7789
18	102	2.5762
20	102	7.7853
21	102	1.7399
23	102	1.264
26	102	1.7989
27	102	1.638
32	102	8.4297
35	102	3.2473
38	102	7.9324
43	102	6.6459
48	102	6.1226
60	102	7.4685
67	102	7.7715
68	102	7.6515
72	102	-1.4831
73	102	-1.5218
75	102	5.3158
78	102	-1.8332
80	102	5.6393
84	102	-1.4827
87	102	-1.9837
88	102	-1.9658
89	102	-1.7945
90	102	6.1408
93	102	-2.1639
95	102	-2.0947
97	102	-1.6888
98	102	-1.6573
99	102	8.1207
3	103	4.2537
6	103	4.3003
23	103	1.0346
81	103	-1.8231
82	103	-1.708
84	103	-1.278
91	103	-1.9518
92	103	-1.9601
97	103	-1.4188
98	103	-1.4692
102	103	-1.7547
3	104	9.6356
6	104	9.823
23	104	6.5755
81	104	7.9021
82	104	7.631
84	104	8.4628
91	104	8.0871
92	104	8.0486
97	104	8.8166
98	104	9.1617
102	104	8.3338
1	105	0.83784
2	105	0.85329
3	105	0.98083
4	105	0.74508
5	105	0.54713
6	105	0.85776
7	105	1.0307
8	105	0.70075
9	105	0.2024
10	105	0.9188
11	105	1.5553
12	105	1.4087
13	105	5.6524
14	105	0.23991
15	105	1.6506
16	105	1.2375
17	105	6.4943
18	105	1.3982
19	105	1.0171
20	105	4.6202
21	105	-0.042447
22	105	0.7218
24	105	1.9468
25	105	0.76668
26	105	-0.11639
27	105	-0.18471
28	105	1.6541
29	105	0.78964
30	105	0.49761
31	105	0.41315
32	105	5.9595
33	105	1.8992
34	105	1.5667
35	105	-0.20506
36	105	0.72684
37	105	0.79
38	105	4.7559
39	105	1.7039
40	105	1.4717
41	105	0.58826
42	105	3.4222
43	105	2.1371
44	105	-1.6091
45	105	1.2864
46	105	-1.5854
47	105	-1.9681
48	105	0.55621
49	105	-1.3996
50	105	3.5713
51	105	-1.9475
52	105	2.9232
53	105	-1.765
54	105	-2.1703
55	105	-1.9673
56	105	-1.7773
57	105	1.1141
58	105	-2.4424
59	105	2.9576
60	105	1.7171
61	105	2.5162
62	105	2.1875
63	105	-1.8818
64	105	0.77135
65	105	-1.092
66	105	-2.0241
67	105	1.7272
68	105	1.1041
69	105	-2.0588
70	105	2.4199
71	105	1.8117
72	105	-1.5962
73	105	-1.8529
74	105	0.71388
75	105	-0.8611
76	105	-1.9258
77	105	1.8527
78	105	-1.7995
79	105	0.58824
80	105	-1.0772
81	105	-1.7379
82	105	-1.718
83	105	-1.4515
85	105	1.7305
86	105	1.4557
87	105	-1.7048
88	105	-1.5808
89	105	-1.3763
90	105	-0.92679
91	105	-1.5557
92	105	-1.607
93	105	-1.5003
94	105	-1.2789
95	105	-1.5382
96	105	-1.2193
99	105	0.88087
100	105	1.1014
101	105	-1.1805
102	105	-1.4945
103	105	-1.474
104	105	8.9998
23	106	1.0315
25	106	0.55683
29	106	0.51553
36	106	0.42607
37	106	0.38968
41	106	0.31428
84	106	-1.8223
97	106	-1.5356
98	106	-1.5114
105	106	-1.2497
19	107	1.2711
23	107	0.84532
24	107	2.768
28	107	3.2692
30	107	0.68103
31	107	0.64966
33	107	2.1178
34	107	3.2735
39	107	2.4399
40	107	3.0096
45	107	3.2778
84	107	-1.548
94	107	-1.4126
96	107	-1.3931
97	107	-1.8762
98	107	-1.6896
101	107	-0.78386
105	107	-1.529
106	107	-1.9221
23	108	0.65457
25	108	3.6622
29	108	3.2727
36	108	3.3204
37	108	3.9645
41	108	3.137
84	108	-1.3995
97	108	-1.5172
98	108	-1.5632
105	108	-1.3215
107	108	-2.0226
3	109	7.1005
6	109	7.2634
23	109	4.2134
81	109	4.6553
82	109	4.3736
84	109	6.532
91	109	4.7767
92	109	4.7862
97	109	6.7841
98	109	7.1045
102	109	5.1576
105	109	7.2335
3	110	7.0981
6	110	7.2605
23	110	6.4731
81	110	4.6667
82	110	4.3859
84	110	8.0337
91	110	4.7878
92	110	4.7339
97	110	8.241
98	110	8.5755
102	110	5.0224
105	110	8.6558
1	111	0.97343
2	111	0.98513
3	111	1.1245
4	111	1.005
5	111	0.81146
6	111	1.0052
7	111	1.2289
8	111	0.96236
9	111	0.27541
10	111	1.1238
11	111	1.7023
12	111	1.5639
13	111	5.5122
14	111	0.31564
15	111	1.8059
16	111	1.3995
17	111	6.3534
18	111	1.5639
19	111	1.1237
20	111	4.5753
21	111	0.084482
22	111	0.51426
24	111	2.1231
25	111	0.90754
26	111	0.019525
27	111	-0.038429
28	111	1.8337
29	111	0.93205
30	111	0.63929
31	111	0.56241
32	111	5.8163
33	111	2.0922
34	111	1.7512
35	111	-0.11211
36	111	0.8722
37	111	0.93451
38	111	4.701
39	111	1.9021
40	111	1.6657
41	111	0.73759
42	111	3.5097
43	111	2.2507
44	111	-1.2684
45	111	1.4824
46	111	-1.277
47	111	-1.5912
48	111	0.69666
49	111	-1.2549
50	111	3.6664
51	111	-1.7193
52	111	3.0702
53	111	-1.5375
54	111	-1.7977
55	111	-1.7904
56	111	-1.7264
57	111	1.2107
58	111	-2.0932
59	111	3.1151
60	111	1.9374
61	111	2.6537
62	111	2.313
63	111	-1.8294
64	111	0.86044
65	111	-1.0325
66	111	-1.9057
67	111	2.0075
68	111	1.371
69	111	-1.8707
70	111	2.585
71	111	1.9428
72	111	-1.2798
73	111	-1.5229
74	111	0.81645
75	111	-0.73633
76	111	-1.7685
77	111	2.0132
78	111	-1.5767
79	111	0.6944
80	111	-0.95067
81	111	-1.7421
82	111	-1.8092
83	111	-0.9907
85	111	1.9386
86	111	1.6332
87	111	-1.5048
88	111	-1.3768
89	111	-1.181
90	111	-0.81208
91	111	-1.4303
92	111	-1.4478
93	111	-1.5529
94	111	-1.1498
95	111	-1.4127
96	111	-1.0745
99	111	1.618
100	111	1.3131
101	111	-0.89858
102	111	-1.3474
103	111	-1.4292
104	111	7.9991
106	111	-0.91245
107	111	-1.3537
108	111	-1.2503
109	111	7.1749
110	111	8.6162
23	112	1.1061
25	112	0.54701
29	112	0.51996
36	112	0.43616
37	112	0.3821
41	112	0.33562
84	112	-1.8523
97	112	-1.7463
98	112	-1.7573
105	112	-1.432
107	112	-2.1572
111	112	-1.0981
23	113	0.90572
25	113	0.65268
29	113	0.68081
36	113	0.59724
37	113	0.45515
41	113	0.5187
84	113	-1.8576
97	113	-1.8237
98	113	-1.8993
105	113	-1.5592
107	113	-2.0805
111	113	-1.2635
3	114	5.1955
6	114	5.2869
23	114	1.6955
81	114	1.0102
82	114	2.01
84	114	-0.62529
91	114	0.1441
92	114	2.963
97	114	-0.87453
98	114	-0.77608
102	114	2.2984
105	114	-1.0433
111	114	-1.3245
23	115	0.91923
25	115	4.0024
29	115	3.6805
36	115	3.7554
37	115	4.3088
41	115	3.6267
84	115	-1.1384
97	115	-1.3947
98	115	-1.2689
105	115	-1.494
107	115	-1.6539
111	115	-1.4044
3	116	6.4294
6	116	6.5793
23	116	6.187
81	116	5.0462
82	116	4.8191
84	116	7.5249
91	116	5.3008
92	116	5.3302
97	116	7.6457
98	116	8.0542
102	116	5.6788
105	116	7.9221
111	116	8.4263
3	117	6.4663
6	117	6.6144
23	117	5.2906
81	117	4.7169
82	117	4.4989
84	117	6.6443
91	117	4.9793
92	117	5.0219
97	117	6.693
98	117	7.3138
102	117	5.378
105	117	6.8836
111	117	7.6185
3	118	8.8109
6	118	9.0139
23	118	5.3252
81	118	7.7193
82	118	7.4971
84	118	5.6572
91	118	7.9383
92	118	7.9719
97	118	4.9992
98	118	6.5682
102	118	8.2894
105	118	3.7581
111	118	2.6831
3	119	8.0728
6	119	8.2672
23	119	4.6697
81	119	7.0317
82	119	6.8327
84	119	3.2859
91	119	7.2575
92	119	7.3252
97	119	2.3285
98	119	3.5046
102	119	7.6515
105	119	1.3801
111	119	0.54215
23	120	0.89203
25	120	0.53183
29	120	0.55252
36	120	0.47384
37	120	0.34753
41	120	0.39737
84	120	-2.1183
97	120	-1.8049
98	120	-1.8672
105	120	-1.5012
107	120	-2.127
111	120	-1.2094
23	121	0.044548
61	121	0.97487
62	121	1.2144
70	121	0.6043
71	121	1.486
77	121	0.85167
84	121	-1.9679
85	121	0.3662
86	121	0.76487
97	121	-1.7127
98	121	-1.6945
100	121	0.3115
105	121	-1.4455
111	121	-1.1981
23	122	0.064212
61	122	0.58694
62	122	0.7015
70	122	0.26632
71	122	0.88927
77	122	0.4016
84	122	-2.1461
85	122	0.094539
86	122	0.35349
97	122	-1.9954
98	122	-1.9714
100	122	0.035704
105	122	-1.7234
111	122	-1.5091
19	123	1.0842
23	123	0.88511
24	123	2.7988
28	123	3.2576
30	123	0.48116
31	123	0.43007
33	123	2.2355
34	123	3.2775
39	123	2.5616
40	123	3.0721
45	123	3.3285
84	123	-1.4491
94	123	-1.4726
96	123	-1.4912
97	123	-1.7808
98	123	-1.566
101	123	0.20373
105	123	-1.5269
106	123	-1.22
108	123	-1.9511
111	123	-1.3692
112	123	-1.4392
113	123	-1.001
115	123	-2.1587
120	123	-1.4118
23	124	-0.6258
61	124	1.6829
62	124	1.3168
70	124	1.6419
71	124	0.93615
77	124	1.0291
84	124	-1.8752
85	124	1.0817
86	124	0.68808
97	124	-2.3336
98	124	-1.488
100	124	0.44525
105	124	-1.6905
111	124	-1.1921
23	125	0.20212
61	125	0.70885
62	125	0.81351
70	125	0.41348
71	125	1.0128
77	125	0.5733
84	125	-1.923
85	125	0.27968
86	125	0.55226
97	125	-2.035
98	125	-1.9791
100	125	0.25388
105	125	-1.7687
111	125	-1.5133
3	126	5.8629
6	126	5.9876
23	126	2.5138
81	126	3.7652
82	126	4.0573
84	126	0.22531
91	126	3.6907
92	126	4.7371
97	126	-0.085028
98	126	0.073374
102	126	4.9684
105	126	-0.31757
111	126	-0.64
19	127	1.0036
23	127	0.90782
24	127	2.5931
28	127	3.0195
30	127	0.34042
31	127	0.26402
33	127	2.0613
34	127	3.0376
39	127	2.381
40	127	2.8537
45	127	3.0896
84	127	-1.3435
94	127	-1.5404
96	127	-1.5949
97	127	-1.73
98	127	-1.4523
101	127	0.22955
105	127	-1.6234
106	127	-1.0844
108	127	-1.677
111	127	-1.4624
112	127	-1.2549
113	127	-0.73577
115	127	-1.5571
120	127	-1.0822
23	128	-0.79447
61	128	1.4837
62	128	1.1385
70	128	1.4383
71	128	0.77847
77	128	0.87122
84	128	-1.7542
85	128	0.92295
86	128	0.55228
97	128	-2.2988
98	128	-1.3608
100	128	0.33181
105	128	-1.9267
111	128	-1.7129
23	129	0.1099
42	129	0.90141
50	129	0.86659
52	129	0.99744
57	129	0.27853
59	129	0.94106
64	129	-0.1257
74	129	-0.11436
79	129	-0.25647
84	129	-2.0096
97	129	-1.9307
98	129	-1.9725
105	129	-1.4943
111	129	-1.2009
121	129	-2.1359
122	129	-2.2895
124	129	-2.6513
125	129	-2.5591
128	129	-2.4647
23	130	0.12098
42	130	0.57683
50	130	0.57271
52	130	0.61614
57	130	0.4462
59	130	0.60573
64	130	-0.054953
74	130	0.034941
79	130	-0.11831
84	130	-1.9842
97	130	-1.9852
98	130	-2.1033
105	130	-1.6345
111	130	-1.3799
121	130	-2.0231
122	130	-2.4023
124	130	-2.6647
125	130	-2.5478
128	130	-2.4914
23	131	0.35239
42	131	0.61955
50	131	0.65546
52	131	0.65991
57	131	0.67186
59	131	0.68642
64	131	0.14758
74	131	0.30104
79	131	0.17294
84	131	-1.7201
97	131	-2.0545
98	131	-1.831
105	131	-2.0072
111	131	-1.7649
121	131	-1.3015
122	131	-1.912
124	131	-2.3853
125	131	-2.3846
128	131	-2.324
23	132	0.31032
42	132	0.96424
50	132	0.99496
52	132	1.0608
57	132	0.2081
59	132	1.0653
64	132	-0.25031
74	132	-0.15834
79	132	-0.28009
84	132	-1.6963
97	132	-2.2233
98	132	-1.5918
105	132	-1.8829
111	132	-1.5766
121	132	-1.846
122	132	-2.3073
124	132	-1.8292
125	132	-2.3121
128	132	-1.8801
offset
60
