152
detection	body_part	cost
1	3	-2.5287
2	14	0.93192
3	3	-4.2676
4	11	9.2102
5	14	0.71552
6	14	1.1766
7	3	-0.41808
8	4	0.025659
9	4	-1.8421
10	1	-2.0776
11	9	-1.1181
12	9	-1.4787
13	13	-2.6877
14	2	0.87103
15	1	-4.9537
16	4	-3.5025
17	9	-1.0595
18	13	-1.5325
19	13	1.3805
20	2	0.35027
21	11	9.2102
22	1	-2.7963
23	11	9.2102
24	6	-0.77346
25	12	-0.44111
26	13	0.61035
27	2	-2.8537
28	12	-1.1047
29	12	-1.4523
30	13	1.3769
31	13	0.88973
32	13	0.3963
33	10	-1.325
34	2	-0.91029
35	6	-1.2669
36	6	-2.3329
37	5	0.15974
38	5	0.36046
39	10	0.092135
40	2	-0.16203
41	2	0.14163
42	6	-1.4096
43	12	0.080138
44	12	-1.1033
45	12	-0.09763
46	10	0.60541
47	6	-0.82539
48	5	-0.37749
49	8	-0.22161
50	7	-0.21625
51	8	-0.54532
52	8	-2.8128
53	8	0.5155
54	7	-2.3994
55	12	-0.6927
56	2	-4.4352
57	7	-3.2025
58	1	-3.7054
59	1	-4.6887
60	8	0.49155
61	7	-1.1592
62	1	-2.7874
63	1	0.16023
64	5	0.46567
65	1	-1.0346
66	5	0.15958
67	5	-0.047302
68	9	-0.93818
69	3	-0.94254
70	3	-2.0428
71	7	0.67105
72	9	-0.42015
73	10	-0.38196
74	13	-0.13211
75	3	-2.0229
76	8	-0.42588
77	7	-1.6074
78	10	0.13832
79	13	-0.69906
80	8	0.085669
81	7	-3.107
82	11	0.23744
83	6	-2.6349
84	6	-1.3609
85	6	-4.0151
86	7	-0.97815
87	13	0.1937
88	14	-1.8294
89	2	-4.6769
90	5	-0.12717
91	12	-2.3305
92	12	-3.1853
93	13	-2.2716
94	1	-6.1737
95	1	-4.4196
96	12	-2.3754
97	10	-0.55314
98	13	-0.45909
99	11	0.025796
100	3	-0.66819
101	4	0.022251
102	9	-0.40325
103	10	-2.8469
104	14	-2.0682
105	3	-3.2199
106	4	-1.0283
107	9	-0.91683
108	9	-2.901
109	3	-1.9112
110	4	-0.68501
111	11	-1.4405
112	5	-0.81539
113	5	-2.0787
114	5	-1.5138
115	11	-3.3832
116	5	-2.7695
117	5	-0.60238
118	11	9.2102
119	4	-1.9064
120	4	-0.85856
121	4	-3.3952
122	4	-4.9762
123	14	-0.17668
124	14	0.85625
125	4	-3.1944
126	11	-0.56487
127	3	-5.0187
128	10	-0.96994
129	10	-2.9526
130	11	-3.6688
131	3	-1.0712
132	10	-3.9618
133	2	-5.8282
134	9	-1.5339
135	10	0.40191
136	1	-7.0793
137	9	-1.125
138	9	-3.721
139	8	0.30669
140	6	-1.0601
141	6	-3.7028
142	8	-5.1206
143	6	-5.0428
144	12	-2.7598
145	13	0.46565
146	13	-3.4597
147	14	-1.6239
148	14	-3.7319
149	7	-0.32163
150	7	-5.6055
151	7	-0.20377
152	7	-1.8834
detection1	detection2	cost
1	3	-4.8231
2	5	-5.6071
2	6	-0.67521
5	6	-1.5143
1	7	-0.67521
3	7	-3.2674
8	9	-4.8231
11	12	-3.7143
10	15	-4.8231
8	16	-0.67521
9	16	-3.2674
11	17	-3.2674
12	17	-5.6071
13	18	-5.6071
13	19	-3.2674
18	19	-3.7143
14	20	-4.8231
4	21	70.9338
10	22	-2.1462
15	22	-4.8231
4	23	71.2301
21	23	-5.6071
13	26	-0.67521
18	26	-2.1462
19	26	0.96511
14	27	-1.8214
20	27	-3.2674
25	28	-3.2674
25	29	-4.8231
28	29	-5.6071
13	30	6.1496
18	30	5.1977
19	30	8.6726
26	30	0.30445
13	31	4.6202
18	31	3.5372
19	31	6.9156
26	31	-1.5143
30	31	-5.6071
13	32	1.9643
18	32	0.53071
19	32	3.5372
26	32	-4.8231
30	32	-1.8214
31	32	-3.7143
14	34	0.30445
20	34	-1.8214
27	34	-4.8231
24	35	-2.1462
24	36	-3.7143
35	36	-3.7143
37	38	-5.6071
33	39	-1.5143
14	40	2.1517
20	40	0.96511
27	40	-3.2674
34	40	-3.2674
14	41	2.1517
20	41	0.071429
27	41	-3.2674
34	41	-5.6071
40	41	-3.7143
24	42	-1.5143
35	42	-4.8231
36	42	-4.8231
25	43	1.9643
28	43	-2.1462
29	43	-0.67521
25	44	-0.67521
28	44	-3.7143
29	44	-3.2674
43	44	-3.7143
25	45	-1.8214
28	45	-2.1462
29	45	-3.2674
43	45	0.071429
44	45	-3.7143
33	46	-2.1462
39	46	-4.8231
24	47	8.783
35	47	3.5372
36	47	6.9156
42	47	4.4715
37	48	-0.67521
38	48	0.53071
49	51	-3.2674
49	52	-3.7143
51	52	-3.2674
49	53	-0.67521
51	53	-4.8231
52	53	-1.8214
50	54	-3.7143
25	55	15.6053
28	55	11.4286
29	55	12.9744
43	55	6.1496
44	55	9.4302
45	55	12.8867
14	56	14.5743
20	56	14.0819
27	56	9.9513
34	56	9.9513
40	56	5.8845
41	56	8.783
50	57	-1.5143
54	57	-4.8231
10	58	20.8929
15	58	18.2456
22	58	15.6053
10	59	19.7992
15	59	17.1798
22	59	14.5743
58	59	-5.6071
49	60	0.96511
51	60	1.9643
52	60	-2.1462
53	60	2.6933
50	61	0.071429
54	61	-3.7143
57	61	-4.8231
10	62	20.4477
15	62	17.8953
22	62	15.3715
58	62	-3.2674
59	62	-4.8231
10	63	19.6016
15	63	17.1071
22	63	14.6553
58	63	-1.5143
59	63	-3.2674
62	63	-5.6071
37	64	8.6726
38	64	9.4302
48	64	2.1517
10	65	23.0214
15	65	20.4477
22	65	17.8953
58	65	-3.2674
59	65	-3.7143
62	65	-4.8231
63	65	-3.2674
37	66	11.1425
38	66	11.9882
48	66	4.4715
64	66	-4.8231
37	67	10.4572
38	67	11.1425
48	67	4.0138
64	67	-5.6071
66	67	-5.6071
11	68	25.6115
12	68	27.7092
17	68	26.2014
1	69	35.7467
3	69	33.2734
7	69	29.0571
1	70	35.0367
3	70	32.6089
7	70	28.4144
69	70	-5.6071
50	71	9.4302
54	71	6.1496
57	71	5.8845
61	71	3.2076
11	72	26.3605
12	72	28.2144
17	72	26.624
68	72	-4.8231
33	73	23.3135
39	73	26.2014
46	73	23.5452
13	74	28.2144
18	74	26.624
19	74	28.8606
26	74	21.3932
30	74	16.443
31	74	17.1071
32	74	18.7964
1	75	36.8106
3	75	34.4002
7	75	30.2149
69	75	-4.8231
70	75	-5.6071
49	76	9.9513
51	76	9.4302
52	76	6.2802
53	76	8.783
60	76	1.9643
50	77	11.1425
54	77	7.7607
57	77	7.2837
61	77	4.6202
71	77	-5.6071
33	78	24.7342
39	78	27.4026
46	78	24.7342
73	78	-5.6071
13	79	29.833
18	79	28.2144
19	79	30.3571
26	79	23.0214
30	79	18.2456
31	79	18.8644
32	79	20.4477
74	79	-5.6071
49	80	11.8034
51	80	11.1425
52	80	8.1089
53	80	10.3572
60	80	3.8571
76	80	-5.6071
50	81	12.8867
54	81	9.4302
57	81	8.783
61	81	6.1496
71	81	-3.7143
77	81	-5.6071
4	82	34.1859
21	82	74.0468
23	82	73.3629
24	83	24.8452
35	83	20.0604
36	83	21.3311
42	83	18.8644
47	83	13.4073
24	84	28.0636
35	84	23.08
36	84	24.6786
42	84	22.1279
47	84	15.293
83	84	-3.2674
24	85	26.624
35	85	21.885
36	85	23.08
42	85	20.6393
47	85	15.293
83	85	-5.6071
84	85	-3.7143
50	86	16.443
54	86	12.8867
57	86	11.9882
61	86	9.4302
71	86	0.071429
77	86	-1.8214
81	86	-3.7143
13	87	34.0136
18	87	32.295
19	87	34.0567
26	87	27.2998
30	87	23.3135
31	87	23.7178
32	87	24.8452
74	87	0.30445
79	87	-1.5143
2	88	40.1609
5	88	38.2821
6	88	36.0357
14	89	32.024
20	89	30.8274
27	89	26.624
34	89	25.5573
40	89	22.4287
41	89	23.8324
56	89	11.4286
37	90	23.3135
38	90	23.7178
48	90	17.1798
64	90	7.6429
66	90	5.8845
67	90	5.75
25	91	33.4488
28	91	29.833
29	91	30.8274
43	91	24.6786
44	91	26.624
45	91	28.8606
55	91	13.6628
25	92	32.4299
28	92	28.9098
29	92	29.833
43	92	23.8324
44	92	25.6115
45	92	27.7092
55	92	13.4073
91	92	-5.6071
13	93	36.5267
18	93	34.8256
19	93	36.6486
26	93	29.785
30	93	25.5573
31	93	26.0415
32	93	27.2998
74	93	1.9643
79	93	0.071429
87	93	-4.8231
10	94	36.8106
15	94	34.4002
22	94	32.024
58	94	11.523
59	94	11.4286
62	94	9.6406
63	94	9.9513
65	94	7.6429
10	95	36.2
15	95	33.8406
22	95	31.5222
58	95	11.8034
59	95	11.523
62	95	9.5357
63	95	9.6406
65	95	7.7607
94	95	-5.6071
25	96	34.0567
28	96	30.593
29	96	31.4763
43	96	25.5573
44	96	27.2482
45	96	29.2526
55	96	15.293
91	96	-4.8231
92	96	-5.6071
33	97	33.4488
39	97	35.414
46	97	32.7427
73	97	4.0138
78	97	2.1517
13	98	39.0581
18	98	37.3731
19	98	39.2501
26	98	32.295
30	98	27.8615
31	98	28.4144
32	98	29.785
74	98	4.0138
79	98	2.1517
87	98	-2.1462
93	98	-4.8231
4	99	41.8597
21	99	75.4624
23	99	74.616
82	99	0.30445
1	100	49.9756
3	100	47.6208
7	100	43.4667
69	100	7.6429
70	100	7.7607
75	100	5.8845
8	101	43.9913
9	101	42.7945
16	101	39.9726
11	102	42.4729
12	102	44.1649
17	102	42.5087
68	102	9.9513
72	102	8.6726
33	103	36.6486
39	103	38.3212
46	103	35.6638
73	103	7.7607
78	103	5.8845
97	103	-3.7143
2	104	47.9126
5	104	46.0381
6	104	43.6422
88	104	0.30445
1	105	51.2701
3	105	48.9694
7	105	44.8538
69	105	9.6406
70	105	9.5357
75	105	7.6429
100	105	-4.8231
8	106	44.8538
9	106	43.4667
16	106	40.3859
101	106	-3.2674
11	107	44.1996
12	107	45.8369
17	107	44.1649
68	107	11.8034
72	107	10.4572
102	107	-5.6071
11	108	42.7945
12	108	44.1996
17	108	42.4729
68	108	11.4286
72	108	9.6406
102	108	-3.2674
107	108	-3.7143
1	109	53.6015
3	109	51.2701
7	109	47.1311
69	109	11.4286
70	109	11.523
75	109	9.6406
100	109	-3.7143
105	109	-4.8231
8	110	46.7032
9	110	45.2968
16	110	42.1852
101	110	-2.1462
106	110	-5.6071
4	111	53.8064
21	111	76.5565
23	111	75.4624
82	111	12.8867
99	111	5.1977
37	112	42.1852
38	112	42.7945
48	112	35.6638
64	112	26.0415
66	112	23.7178
67	112	24.2301
90	112	11.9882
37	113	41.6414
38	113	42.1852
48	113	35.2048
64	113	25.5573
66	113	23.3135
67	113	23.7178
90	113	11.1425
112	113	-5.6071
37	114	41.1652
38	114	41.6414
48	114	34.8256
64	114	25.1758
66	114	23.0214
67	114	23.3135
90	114	10.4572
112	114	-3.7143
113	114	-5.6071
4	115	57.5493
21	115	78.8276
23	115	77.6786
82	115	16.443
99	115	8.6726
111	115	-3.7143
37	116	43.0077
38	116	43.4667
48	116	36.6892
64	116	27.0414
66	116	24.9005
67	116	25.1758
90	116	12.262
112	116	-3.2674
113	116	-4.8231
114	116	-5.6071
37	117	46.7032
38	117	47.1311
48	117	40.4233
64	117	30.7807
66	117	28.663
67	117	28.9098
90	117	15.9133
112	117	-0.67521
113	117	-1.5143
114	117	-1.8214
116	117	-3.7143
4	118	80.1865
21	118	61.9191
23	118	60.2209
82	118	48.1706
99	118	42.5087
111	118	32.6089
115	118	31.5222
8	119	68.7095
9	119	67.3816
16	119	64.3289
101	119	17.3966
106	119	16.443
110	119	14.6553
8	120	67.8585
9	120	66.4184
16	120	63.223
101	120	17.1071
106	120	15.5276
110	120	13.6628
119	120	-3.7143
8	121	69.7137
9	121	68.2616
16	121	65.0485
101	121	19
106	121	17.3966
110	121	15.5276
119	121	-3.2674
120	121	-5.6071
8	122	71.9549
9	122	70.5445
16	122	67.3816
101	122	20.9559
106	122	19.6016
110	122	17.7539
119	122	-3.2674
120	122	-3.2674
121	122	-4.8231
2	123	90.2162
5	123	88.6079
6	123	84.0642
88	123	50.4412
104	123	44.4761
2	124	89.2396
5	124	87.6149
6	124	83.14
88	124	48.9694
104	124	42.9012
123	124	-5.6071
8	125	74.2223
9	125	72.8517
16	125	69.7369
101	125	23.0214
106	125	21.885
110	125	20.0604
119	125	-1.8214
120	125	-0.67521
121	125	-2.1462
122	125	-4.8231
4	126	85.2693
21	126	103.6641
23	126	102.2857
82	126	43.6071
99	126	36.0768
111	126	25.5573
115	126	21.885
118	126	41.7143
1	127	90.2162
3	127	88.0659
7	127	84.0642
69	127	49.3173
70	127	49.2857
75	127	47.3929
100	127	34.1859
105	127	32.25
109	127	30.4044
33	128	78.0982
39	128	78.2654
46	128	75.8072
73	128	51.4527
78	128	49.5689
97	128	39.9726
103	128	36.2
33	129	77.5312
39	129	77.5733
46	129	75.1379
73	129	51.3006
78	129	49.4118
97	129	39.8593
103	129	36.0768
128	129	-5.6071
4	130	89.2026
21	130	103.9859
23	130	102.5465
82	130	47.5232
99	130	39.8593
111	130	28.663
115	130	24.9005
118	130	39.9349
126	130	-2.1462
1	131	93.6926
3	131	91.5816
7	131	87.6149
69	131	53.1896
70	131	53.101
75	131	51.2091
100	131	38.086
105	131	36.0768
109	131	34.3146
127	131	-3.2674
33	132	78.8276
39	132	78.703
46	132	76.3004
73	132	53.101
78	132	51.2091
97	132	41.7143
103	132	37.9286
128	132	-3.2674
129	132	-4.8231
14	133	83.8487
20	133	82.1863
27	133	78.2028
34	133	76.5565
40	133	74.2443
41	133	74.6814
56	133	64.4535
89	133	45.5338
11	134	86.1916
12	134	86.8015
17	134	84.9404
68	134	56.9684
72	134	54.993
102	134	40.4233
107	134	38.5552
108	134	38.086
33	135	79.7564
39	135	79.3448
46	135	77.0029
73	135	54.993
78	135	53.101
97	135	43.7472
103	135	39.9726
128	135	0.96511
129	135	-0.67521
132	135	-3.2674
10	136	88.3466
15	136	86.1916
22	136	84.0642
58	136	64.4535
59	136	64.4286
62	136	62.5613
63	136	62.638
65	136	60.6429
94	136	45.5
95	136	45.5338
11	137	89.4062
12	137	90.2895
17	137	88.4587
68	137	58.8581
72	137	57.1072
102	137	41.7143
107	137	39.8214
108	137	39.9726
134	137	0.30445
11	138	88.6638
12	138	89.4062
17	138	87.5584
68	138	58.75
72	138	56.885
102	138	41.8597
107	138	39.9726
108	138	39.8214
134	138	-3.2674
137	138	-3.7143
49	139	76.1292
51	139	73.9808
52	139	72.3597
53	139	72.0225
60	139	69.0613
76	139	59.7164
80	139	57.8516
24	140	90.5273
35	140	86.1916
36	140	86.8015
42	140	84.6104
47	140	79.6537
83	140	58.9929
84	140	56.885
85	140	57.1072
24	141	89.9408
35	141	85.7316
36	141	86.1916
42	141	84.0642
47	141	79.5714
83	141	58.777
84	141	56.885
85	141	56.885
140	141	-3.7143
49	142	79.7564
51	142	77.6996
52	142	75.9791
53	142	75.7857
60	142	72.5614
76	142	63.1723
80	142	61.297
139	142	-3.2674
24	143	91.8164
35	143	87.6149
36	143	88.0659
42	143	85.9427
47	143	81.4643
83	143	60.6691
84	143	58.777
85	143	58.777
140	143	-3.2674
141	143	-5.6071
25	144	93.1067
28	144	90.5273
29	144	90.874
43	144	86.1916
44	144	86.8015
45	144	87.5584
55	144	77.6996
91	144	56.885
92	144	56.8571
96	144	54.9643
13	145	99.4757
18	145	97.6345
19	145	98.5845
26	145	93.1067
30	145	89.9408
31	145	90.2162
32	145	90.874
74	145	66.5395
79	145	64.6524
87	145	59.1812
93	145	57.1072
98	145	55.0789
13	146	100.5256
18	146	98.6689
19	146	99.4757
26	146	94.2576
30	146	91.3825
31	146	91.5816
32	146	92.0866
74	146	68.2379
79	146	66.3457
87	146	60.7479
93	146	58.777
98	146	56.8571
145	146	-3.2674
2	147	108.2123
5	147	106.3235
6	147	104.1946
88	147	60.6691
104	147	53.0714
123	147	46.637
124	147	45.1269
2	148	110.2381
5	148	108.3515
6	148	106.1345
88	148	62.638
104	148	54.993
123	148	46.3051
124	148	44.8538
147	148	-4.8231
50	149	92.0866
54	149	88.3466
57	149	86.8015
61	149	84.6104
71	149	76.1292
77	149	74.2443
81	149	72.3597
86	149	68.5919
50	150	91.5816
54	150	87.8219
57	150	86.1916
61	150	84.0642
71	150	75.8717
77	150	73.9808
81	150	72.0901
86	150	68.3089
149	150	-3.7143
50	151	91.2194
54	151	87.4452
57	151	85.7316
61	151	83.6721
71	151	75.7857
77	151	73.8929
81	151	72
86	151	68.2143
149	151	0.071429
150	151	-3.7143
50	152	93.6926
54	152	89.9408
57	152	88.3466
61	152	86.1916
71	152	77.8676
77	152	75.9791
81	152	74.0907
86	152	70.3146
149	152	-4.8231
150	152	-4.8231
151	152	-1.5143
1	8	-1.4866
3	8	-2.1446
7	8	-1.1723
1	9	-1.8898
3	9	-2.2122
7	9	-1.3726
1	10	-2.0098
2	10	-0.79717
3	10	-2.0521
4	10	-1.1017
5	10	-0.94678
6	10	-1.0186
7	10	-1.4362
8	10	-1.3091
9	10	-1.6602
10	11	-1.6918
10	12	-1.6275
2	13	-2.0949
5	13	-2.0188
6	13	-1.2214
10	13	-1.26
10	14	-1.4123
1	15	-2.3038
2	15	-0.92172
3	15	-2.363
4	15	-1.2111
5	15	-1.0711
6	15	-1.2043
7	15	-2.2899
8	15	-1.6681
9	15	-2.0715
11	15	-1.913
12	15	-1.8242
13	15	-1.5475
14	15	-1.3343
1	16	-1.9991
3	16	-2.4624
7	16	-1.6772
10	16	-1.9745
15	16	-2.199
10	17	-1.5772
15	17	-1.8033
2	18	-1.8981
5	18	-2.1594
6	18	-0.95571
10	18	-1.4003
15	18	-1.5262
2	19	-1.0263
5	19	-1.2163
6	19	0.43452
10	19	-1.337
15	19	-1.6088
10	20	-1.909
15	20	-1.8204
10	21	8.6672
15	21	8.8075
1	22	-2.3517
2	22	-0.90299
3	22	-2.4146
4	22	-1.2553
5	22	-1.053
6	22	-1.1337
7	22	-2.2192
8	22	-1.7626
9	22	-1.8038
11	22	-1.8105
12	22	-1.829
13	22	-1.3504
14	22	-1.3038
16	22	-1.8419
17	22	-1.684
18	22	-1.3156
19	22	-1.3877
20	22	-1.7638
21	22	8.6215
10	23	7.9576
15	23	8.0422
22	23	8.0578
10	24	-1.1884
15	24	-1.8477
22	24	-1.587
10	25	-1.684
13	25	-1.2055
15	25	-2.0251
18	25	-1.4796
19	25	-1.6087
22	25	-1.8147
2	26	-0.7897
5	26	-0.98123
6	26	-0.48206
10	26	-1.3913
15	26	-1.6835
22	26	-1.5374
25	26	-2.0806
10	27	-1.9011
15	27	-2.0958
22	27	-2.1653
10	28	-1.8127
13	28	-0.89767
15	28	-2.0285
18	28	-1.1214
19	28	-1.2165
22	28	-1.9574
26	28	-1.6718
10	29	-1.754
13	29	-0.99208
15	29	-2.0118
18	29	-1.2328
19	29	-1.3633
22	29	-1.9289
26	29	-1.7691
2	30	-0.55589
5	30	-0.76783
6	30	-0.59602
10	30	-0.91543
15	30	-1.181
22	30	-1.3395
25	30	-1.0673
28	30	-1.8224
29	30	-1.8643
2	31	-0.44966
5	31	-0.612
6	31	-0.43365
10	31	-0.90652
15	31	-1.171
22	31	-1.3191
25	31	-1.2392
28	31	-1.8773
29	31	-1.9197
2	32	-0.18912
5	32	-0.34122
6	32	-0.031439
10	32	-1.1067
15	32	-1.3839
22	32	-1.5066
25	32	-1.5958
28	32	-2.0045
29	32	-2.0484
4	33	0.80582
10	33	-1.3195
11	33	-1.9479
12	33	-1.7925
15	33	-1.4637
17	33	-1.9953
21	33	5.6199
22	33	-1.696
23	33	5.9046
10	34	-1.1542
15	34	-1.2477
22	34	-1.227
10	35	-1.1258
15	35	-1.4566
22	35	-1.9744
10	36	-1.6098
15	36	-2.1365
22	36	-2.1652
8	37	-1.4723
9	37	-1.9356
10	37	0.069005
15	37	-0.50304
16	37	-1.9678
22	37	-1.154
8	38	-1.7733
9	38	-2.1191
10	38	0.013113
15	38	-0.55426
16	38	-1.7844
22	38	-1.1606
4	39	1.6514
10	39	-1.2342
11	39	-1.8264
12	39	-1.8388
15	39	-1.3589
17	39	-2.0283
21	39	5.2158
22	39	-1.5158
23	39	5.4875
10	40	-1.167
15	40	-1.2627
22	40	-1.2263
10	41	-0.51334
15	41	-0.54323
22	41	-0.44767
10	42	-1.4052
15	42	-1.754
22	42	-2.0125
10	43	-0.90219
13	43	0.014714
15	43	-1.1824
18	43	-0.14366
19	43	-0.20822
22	43	-1.5282
26	43	-0.60693
30	43	-0.88689
31	43	-0.97649
32	43	-0.95946
10	44	-0.98516
13	44	-0.19589
15	44	-1.2163
18	44	-0.37786
19	44	-0.50657
22	44	-1.5314
26	44	-0.82775
30	44	-0.85452
31	44	-1.013
32	44	-1.1487
10	45	-0.93998
13	45	-0.28484
15	45	-1.1338
18	45	-0.49035
19	45	-0.68826
22	45	-1.3946
26	45	-0.91417
30	45	-0.67493
31	45	-0.92878
32	45	-1.2139
4	46	1.3033
10	46	-1.2062
11	46	-1.8611
12	46	-1.8607
15	46	-1.3146
17	46	-1.9275
21	46	4.9503
22	46	-1.4506
23	46	5.2252
10	47	2.4837
15	47	2.6266
22	47	2.8211
8	48	-0.6455
9	48	-1.1125
10	48	0.5209
15	48	0.14012
16	48	-1.6073
22	48	-0.38114
10	49	1.1082
15	49	0.74036
22	49	0.22783
10	50	-0.68928
15	50	-1.0956
22	50	-1.4527
24	50	-2.0847
35	50	-2.4132
36	50	-2.3099
42	50	-2.1144
47	50	-1.4605
49	50	-2.0397
10	51	0.4623
15	51	0.12097
22	51	-0.32892
50	51	-2.3388
10	52	1.0887
15	52	0.88318
22	52	0.51845
50	52	-2.1704
10	53	0.26927
15	53	0.015617
22	53	-0.3655
50	53	-0.95481
10	54	0.19856
15	54	-0.064751
22	54	-0.29821
24	54	-1.2028
35	54	-1.7267
36	54	-1.3327
42	54	-1.8551
47	54	-1.1103
49	54	-1.9145
51	54	-1.7832
52	54	-1.7504
53	54	-1.0523
10	55	1.7681
13	55	0.085687
15	55	1.4624
18	55	-0.023944
19	55	-0.058879
22	55	1.0695
26	55	-0.38103
30	55	-0.69882
31	55	-0.74107
32	55	-0.66722
10	56	0.35122
15	56	0.33395
22	56	0.46093
10	57	0.12554
15	57	-0.10302
22	57	-0.30453
24	57	-1.281
35	57	-1.6319
36	57	-1.3347
42	57	-1.7081
47	57	-0.86943
49	57	-1.8741
51	57	-1.56
52	57	-1.6897
53	57	-1.2644
1	58	1.4072
2	58	0.069986
3	58	1.3983
4	58	0.38081
5	58	0.11415
6	58	0.1312
7	58	1.4396
8	58	1.5567
9	58	1.7828
11	58	0.94169
12	58	0.85745
13	58	0.3694
14	58	3.8596
16	58	2.0063
17	58	0.87982
18	58	0.42086
19	58	0.40094
20	58	4.305
21	58	2.8507
23	58	1.1964
24	58	0.77834
25	58	0.57144
26	58	0.2122
27	58	4.1735
28	58	0.53194
29	58	0.52035
30	58	-0.21717
31	58	-0.28002
32	58	-0.1453
33	58	0.36908
34	58	4.5857
35	58	1.0999
36	58	0.98037
37	58	2.1233
38	58	1.9601
39	58	0.48451
40	58	3.4959
41	58	4.3791
42	58	1.0445
43	58	0.083845
44	58	-0.0074432
45	58	-0.07396
46	58	0.45224
47	58	-1.924
48	58	1.7412
49	58	0.66589
50	58	0.54695
51	58	0.5729
52	58	0.61709
53	58	0.55668
54	58	-0.014364
55	58	-1.2329
56	58	-2.2885
57	58	0.028698
1	59	1.4294
2	59	0.096022
3	59	1.4198
4	59	0.4118
5	59	0.13872
6	59	0.168
7	59	1.4604
8	59	1.6227
9	59	1.8333
11	59	1.0281
12	59	0.93438
13	59	0.37727
14	59	3.6285
16	59	2.0384
17	59	0.95288
18	59	0.42692
19	59	0.39908
20	59	4.0502
21	59	3.2461
23	59	1.4956
24	59	0.83067
25	59	0.60872
26	59	0.21839
27	59	3.8276
28	59	0.57249
29	59	0.55611
30	59	-0.20729
31	59	-0.27338
32	59	-0.13974
33	59	0.38362
34	59	4.1907
35	59	1.1404
36	59	1.0244
37	59	2.2059
38	59	2.0387
39	59	0.48343
40	59	3.0449
41	59	3.919
42	59	1.084
43	59	0.11617
44	59	0.017944
45	59	-0.059439
46	59	0.4481
47	59	-2.228
48	59	1.8124
49	59	0.70714
50	59	0.5129
51	59	0.60234
52	59	0.63945
53	59	0.57751
54	59	-0.056285
55	59	-1.2726
56	59	-2.3074
57	59	-0.020757
10	60	1.7638
15	60	1.7042
22	60	1.4864
50	60	-1.4665
54	60	-1.1014
57	60	-0.9994
58	60	0.4733
59	60	0.47278
10	61	0.43761
15	61	0.23448
22	61	0.059965
24	61	-0.67015
35	61	-0.99702
36	61	-0.6366
42	61	-1.0026
47	61	-0.64746
49	61	-1.828
51	61	-1.4712
52	61	-1.0352
53	61	-0.72183
58	61	0.041624
59	61	-0.015911
60	61	-0.40684
1	62	1.8571
2	62	0.36258
3	62	1.7117
4	62	0.70274
5	62	0.40701
6	62	0.43744
7	62	1.6745
8	62	1.722
9	62	1.9193
11	62	1.3578
12	62	1.2476
13	62	0.67036
14	62	3.218
16	62	2.1122
17	62	1.2635
18	62	0.71967
19	62	0.67975
20	62	3.5945
21	62	3.6107
23	62	2.0158
24	62	1.1242
25	62	0.89576
26	62	0.52022
27	62	3.3381
28	62	0.87447
29	62	0.84754
30	62	0.10578
31	62	0.039523
32	62	0.17036
33	62	0.71705
34	62	3.6144
35	62	1.4112
36	62	1.3082
37	62	2.1308
38	62	1.9615
39	62	0.78821
40	62	2.5585
41	62	3.2857
42	62	1.3589
43	62	0.42978
44	62	0.31237
45	62	0.20918
46	62	0.75043
47	62	-1.7066
48	62	1.8192
49	62	0.98534
50	62	0.70892
51	62	0.88367
52	62	0.95173
53	62	0.86097
54	62	0.17897
55	62	-1.0019
56	62	-2.2175
57	62	0.20943
60	62	0.86721
61	62	0.22242
1	63	2.0893
2	63	0.41108
3	63	1.9604
4	63	0.74242
5	63	0.45495
6	63	0.49255
7	63	1.7109
8	63	1.7238
9	63	1.907
11	63	1.3964
12	63	1.2777
13	63	0.74373
14	63	2.937
16	63	2.0836
17	63	1.2908
18	63	0.79091
19	63	0.74177
20	63	3.284
21	63	3.9315
23	63	2.4612
24	63	1.2333
25	63	0.95952
26	63	0.59292
27	63	2.968
28	63	0.94305
29	63	0.91113
30	63	0.18445
31	63	0.11581
32	63	0.24465
33	63	0.75476
34	63	3.1904
35	63	1.5073
36	63	1.4038
37	63	2.2087
38	63	2.0278
39	63	0.81017
40	63	2.134
41	63	2.8108
42	63	1.4477
43	63	0.49464
44	63	0.37035
45	63	0.2544
46	63	0.76934
47	63	-1.2869
48	63	1.9257
49	63	1.0032
50	63	0.69134
51	63	0.89154
52	63	0.9685
53	63	0.86091
54	63	0.15173
55	63	-0.92973
56	63	-2.3401
57	63	0.17304
60	63	0.89958
61	63	0.17575
8	64	1.2329
9	64	0.95589
10	64	1.593
15	64	1.4316
16	64	0.92848
22	64	1.2086
58	64	-0.72266
59	64	-0.83369
62	64	-0.58239
63	64	-0.52871
1	65	1.5044
2	65	0.42326
3	65	1.3725
4	65	0.79764
5	65	0.46847
6	65	0.50754
7	65	1.4123
8	65	1.9605
9	65	2.1745
11	65	1.4726
12	65	1.3691
13	65	0.72987
14	65	3.4137
16	65	2.3897
17	65	1.3907
18	65	0.78007
19	65	0.74173
20	65	3.8053
21	65	3.4093
23	65	1.6947
24	65	1.1359
25	65	1.0276
26	65	0.58705
27	65	3.64
28	65	1.01
29	65	0.98526
30	65	0.18965
31	65	0.12124
32	65	0.2435
33	65	0.81293
34	65	3.9386
35	65	1.4251
36	65	1.3181
37	65	2.4782
38	65	2.3099
39	65	0.88093
40	65	2.9955
41	65	3.6581
42	65	1.368
43	65	0.5872
44	65	0.47178
45	65	0.37217
46	65	0.84647
47	65	-1.8435
48	65	2.2215
49	65	1.1847
50	65	0.95855
51	65	1.0981
52	65	1.2003
53	65	1.093
54	65	0.45678
55	65	-0.80895
56	65	-1.7119
57	65	0.49686
60	65	1.1842
61	65	0.52041
64	65	-0.016305
8	66	1.4676
9	66	1.131
10	66	2.1855
15	66	2.0773
16	66	1.1174
22	66	1.9098
58	66	-1.6572
59	66	-1.8272
62	66	-1.2189
63	66	-1.2096
65	66	-0.85864
8	67	1.555
9	67	1.3437
10	67	1.9016
15	67	1.7645
16	67	1.345
22	67	1.5728
58	67	-1.5333
59	67	-1.7332
62	67	-1.1143
63	67	-1.1047
65	67	-0.83518
10	68	3.1851
15	68	2.9469
22	68	2.5923
33	68	1.516
39	68	1.4875
46	68	1.5839
58	68	-1.6346
59	68	-1.7306
62	68	-1.618
63	68	-1.6094
65	68	-1.3897
8	69	3.6201
9	69	3.6228
10	69	4.1731
15	69	4.2321
16	69	3.3608
22	69	3.7943
58	69	-1.8587
59	69	-1.7818
62	69	-1.3287
63	69	-0.59975
65	69	-1.8516
8	70	3.7729
9	70	3.7688
10	70	4.4017
15	70	4.2824
16	70	3.4982
22	70	3.839
58	70	-2.1202
59	70	-2.0704
62	70	-1.8814
63	70	-1.1036
65	70	-1.9416
10	71	3.2804
15	71	3.2452
22	71	3.2605
24	71	1.9837
35	71	1.8927
36	71	2.229
42	71	2.052
47	71	1.4474
49	71	1.0488
51	71	2.0497
52	71	1.1732
53	71	3.486
58	71	1.0234
59	71	1.0993
60	71	-0.43108
62	71	0.97021
63	71	1.0606
65	71	0.6021
10	72	3.2246
15	72	3.0099
22	72	2.6799
33	72	1.6216
39	72	1.5663
46	72	1.6636
58	72	-1.608
59	72	-1.6283
62	72	-1.9295
63	72	-1.8795
65	72	-1.716
4	73	1.4968
10	73	1.9965
11	73	3.6112
12	73	3.8598
15	73	1.8401
17	73	3.9164
21	73	5.492
22	73	1.5735
23	73	5.2761
58	73	-1.6155
59	73	-1.6398
62	73	-1.9573
63	73	-1.9102
65	73	-1.8495
68	73	-2.1691
72	73	-2.4025
2	74	2.2403
5	74	2.2017
6	74	2.15
10	74	1.6553
15	74	1.5317
22	74	1.2296
25	74	3.4075
28	74	2.7641
29	74	3.1052
43	74	1.615
44	74	2.416
45	74	3.1679
55	74	0.011698
58	74	-1.1589
59	74	-1.1603
62	74	-1.4307
63	74	-1.4363
65	74	-1.5446
8	75	3.7727
9	75	3.7773
10	75	4.5742
15	75	4.3972
16	75	3.5218
22	75	3.9605
58	75	-2.0021
59	75	-1.6579
62	75	-1.5623
63	75	-0.99206
65	75	-2.4523
10	76	4.0761
15	76	4.1635
22	76	4.1031
50	76	0.73519
54	76	1.0751
57	76	0.9012
58	76	2.9356
59	76	3.1286
61	76	1.3199
62	76	3.1609
63	76	3.4088
65	76	2.7304
71	76	-0.051016
10	77	3.8093
15	77	3.7955
22	77	3.8353
24	77	2.4152
35	77	2.3622
36	77	2.6586
42	77	2.5075
47	77	2.0148
49	77	1.8708
51	77	2.7229
52	77	2.0337
53	77	4.0328
58	77	1.9944
59	77	2.0777
60	77	0.85713
62	77	2.0139
63	77	2.1118
65	77	1.6931
76	77	-1.9284
4	78	1.3813
10	78	2.0611
11	78	3.5687
12	78	3.8019
15	78	1.9077
17	78	3.8593
21	78	5.1651
22	78	1.6426
23	78	4.9464
58	78	-1.5357
59	78	-1.5557
62	78	-1.8769
63	78	-1.83
65	78	-1.7468
68	78	-2.0243
72	78	-2.2971
2	79	2.063
5	79	2.0251
6	79	1.9838
10	79	1.7917
15	79	1.6755
22	79	1.3766
25	79	3.4126
28	79	2.8026
29	79	3.1272
43	79	1.7126
44	79	2.4692
45	79	3.1761
55	79	0.23167
58	79	-0.96158
59	79	-0.96009
62	79	-1.2372
63	79	-1.2468
65	79	-1.4419
10	80	4.144
15	80	4.2408
22	80	4.1897
50	80	0.7358
54	80	1.1004
57	80	0.94991
58	80	3.2453
59	80	3.4487
61	80	1.3752
62	80	3.5391
63	80	3.7964
65	80	3.1397
71	80	0.4088
77	80	-1.0986
10	81	3.9386
15	81	3.9358
22	81	3.9879
24	81	2.5782
35	81	2.5629
36	81	2.8226
42	81	2.6963
47	81	2.3098
49	81	2.0465
51	81	2.846
52	81	2.2267
53	81	4.0956
58	81	2.3382
59	81	2.4328
60	81	1.2039
62	81	2.4119
63	81	2.5248
65	81	2.1028
76	81	-2.1338
80	81	-2.2817
10	82	1.2259
15	82	1.1097
22	82	0.88452
33	82	3.5472
39	82	4.3637
46	82	4.2339
58	82	-1.5096
59	82	-1.5268
62	82	-1.4331
63	82	-1.4052
65	82	-1.3925
73	82	-1.6016
78	82	-1.9775
10	83	3.197
15	83	3.2887
22	83	3.4166
50	83	1.397
54	83	0.83948
57	83	0.50433
58	83	2.5996
59	83	2.8989
61	83	0.33765
62	83	3.3036
63	83	3.743
65	83	2.6763
71	83	-1.395
77	83	-2.1259
81	83	-2.4847
10	84	3.8004
15	84	3.9072
22	84	4.0542
50	84	1.4394
54	84	0.90779
57	84	0.61808
58	84	3.5716
59	84	3.8848
61	84	0.45768
62	84	4.3976
63	84	4.8376
65	84	3.8551
71	84	-1.1903
77	84	-1.865
81	84	-2.1721
10	85	3.3738
15	85	3.4685
22	85	3.6001
50	85	1.2038
54	85	0.65778
57	85	0.31696
58	85	2.9164
59	85	3.1978
61	85	0.17038
62	85	3.5994
63	85	3.9979
65	85	3.036
71	85	-1.397
77	85	-2.2546
81	85	-2.5947
10	86	3.6617
15	86	3.67
22	86	3.7343
24	86	2.2841
35	86	2.3409
36	86	2.5329
42	86	2.452
47	86	2.2726
49	86	0.77994
51	86	1.6207
52	86	0.96623
53	86	2.8514
58	86	2.2842
59	86	2.399
60	86	-0.080082
62	86	2.4363
63	86	2.5753
65	86	2.1314
76	86	-1.5235
80	86	-1.0449
83	86	-1.5422
84	86	-2.1047
85	86	-1.638
2	87	3.077
5	87	3.0546
6	87	2.9987
10	87	2.6427
15	87	2.5625
22	87	2.288
25	87	3.8474
28	87	3.301
29	87	3.5892
43	87	2.3238
44	87	2.9712
45	87	3.5797
55	87	1.1883
58	87	0.25823
59	87	0.27887
62	87	0.047579
63	87	0.032862
65	87	-0.13613
10	88	1.046
13	88	4.063
15	88	0.92346
18	88	4.0273
19	88	4.1979
22	88	0.68034
26	88	3.0916
30	88	2.1597
31	88	2.2473
32	88	2.5317
58	88	-1.2264
59	88	-1.1967
62	88	-1.229
63	88	-1.232
65	88	-1.1339
74	88	-2.2029
79	88	-2.2216
87	88	-0.30383
10	89	2.5022
15	89	2.5552
22	89	2.7353
58	89	2.5024
59	89	2.191
62	89	1.9784
63	89	1.802
65	89	2.0887
8	90	2.7303
9	90	2.8081
10	90	3.167
15	90	3.1114
16	90	2.908
22	90	3.0218
58	90	0.84472
59	90	1.0426
62	90	1.4381
63	90	1.7343
65	90	0.67611
10	91	4.652
13	91	2.2584
15	91	4.5527
18	91	2.2097
19	91	2.1265
22	91	4.3481
26	91	2.0268
30	91	1.8935
31	91	1.8262
32	91	1.8478
58	91	1.6676
59	91	1.7215
62	91	1.4796
63	91	1.5527
65	91	1.1689
74	91	-0.38076
79	91	-0.6347
87	91	-2.0461
10	92	4.4788
13	92	2.2829
15	92	4.378
18	92	2.2354
19	92	2.1464
22	92	4.172
26	92	2.0593
30	92	1.9409
31	92	1.8696
32	92	1.8847
58	92	1.5353
59	92	1.5807
62	92	1.334
63	92	1.3974
65	92	1.0402
74	92	-0.31915
79	92	-0.58914
87	92	-2.0602
2	93	3.0067
5	93	2.9839
6	93	2.923
10	93	2.9727
15	93	2.8971
22	93	2.6275
25	93	4.1421
28	93	3.6221
29	93	3.9004
43	93	2.689
44	93	3.3177
45	93	3.9014
55	93	1.5722
58	93	0.60147
59	93	0.62735
62	93	0.39242
63	93	0.37959
65	93	0.21133
88	93	-0.22137
91	93	-2.3164
92	93	-2.3576
1	94	3.4826
2	94	1.7454
3	94	3.3411
4	94	2.2339
5	94	1.7957
6	94	1.8863
7	94	3.0206
8	94	3.8852
9	94	4.1125
11	94	3.369
12	94	3.2353
13	94	2.2058
14	94	4.3508
16	94	4.3596
17	94	3.265
18	94	2.2509
19	94	2.1645
20	94	4.6309
21	94	4.1366
23	94	2.479
24	94	2.5988
25	94	2.9069
26	94	2.1166
27	94	4.6068
28	94	2.9552
29	94	2.8996
30	94	1.8601
31	94	1.7701
32	94	1.8272
33	94	2.3789
34	94	4.7289
35	94	2.9557
36	94	2.6412
37	94	4.1875
38	94	4.0381
39	94	2.3485
40	94	4.2211
41	94	4.4233
42	94	2.7176
43	94	2.6507
44	94	2.4722
45	94	2.2977
46	94	2.3248
47	94	0.21049
48	94	4.164
49	94	2.8174
50	94	2.5027
51	94	2.3553
52	94	2.5401
53	94	2.0979
54	94	1.8031
55	94	1.8257
56	94	1.6826
57	94	1.597
60	94	2.5407
61	94	1.5376
64	94	2.9499
66	94	2.6085
67	94	2.4773
68	94	1.5594
69	94	3.9884
70	94	3.5527
71	94	-0.99698
72	94	1.1301
73	94	0.32551
74	94	-0.21108
75	94	3.2729
76	94	-1.9513
77	94	-2.273
78	94	0.23973
79	94	-0.39686
80	94	-1.7681
81	94	-2.1023
82	94	0.11675
83	94	-2.2794
84	94	-1.9192
85	94	-2.055
86	94	-1.9617
87	94	-1.6725
88	94	-0.40276
89	94	-2.3882
90	94	-1.0902
91	94	-1.7807
92	94	-1.8598
93	94	-1.946
1	95	3.8421
2	95	1.7606
3	95	3.7103
4	95	2.2853
5	95	1.8106
6	95	1.9058
7	95	3.4048
8	95	3.9712
9	95	4.1923
11	95	3.5038
12	95	3.3634
13	95	2.2105
14	95	4.217
16	95	4.4332
17	95	3.3916
18	95	2.2554
19	95	2.1657
20	95	4.4843
21	95	4.3038
23	95	2.7094
24	95	2.4916
25	95	3.0114
26	95	2.1231
27	95	4.442
28	95	3.0639
29	95	3.0056
30	95	1.8679
31	95	1.7781
32	95	1.8358
33	95	2.4229
34	95	4.5487
35	95	2.8531
36	95	2.5365
37	95	4.1567
38	95	4.0095
39	95	2.3835
40	95	4.0375
41	95	4.2331
42	95	2.6168
43	95	2.7626
44	95	2.5809
45	95	2.3992
46	95	2.3581
47	95	0.21106
48	95	4.1467
49	95	2.897
50	95	2.5653
51	95	2.4333
52	95	2.6284
53	95	2.1753
54	95	1.8766
55	95	1.9649
56	95	1.4994
57	95	1.6642
60	95	2.6516
61	95	1.6096
64	95	2.9748
66	95	2.659
67	95	2.5129
68	95	1.7098
69	95	4.6258
70	95	4.1483
71	95	-0.84485
72	95	1.2656
73	95	0.36118
74	95	-0.21217
75	95	3.9147
76	95	-1.683
77	95	-2.0359
78	95	0.27091
79	95	-0.40328
80	95	-2.0003
81	95	-2.191
82	95	0.16557
83	95	-1.8744
84	95	-1.1253
85	95	-2.2854
86	95	-1.8424
87	95	-1.6432
88	95	-0.38898
89	95	-2.3365
90	95	-1.1647
91	95	-1.7485
92	95	-1.8122
93	95	-1.8575
10	96	4.432
13	96	2.162
15	96	4.337
18	96	2.1157
19	96	2.0218
22	96	4.1365
26	96	1.9464
30	96	1.8382
31	96	1.7649
32	96	1.7759
58	96	1.5511
59	96	1.6012
62	96	1.3662
63	96	1.4356
65	96	1.0732
74	96	-0.33883
79	96	-0.60061
87	96	-2.069
93	96	-2.2581
94	96	-2.018
95	96	-2.0023
4	97	2.3165
10	97	3.5169
11	97	4.874
12	97	5.0163
15	97	3.405
17	97	5.0814
21	97	5.7152
22	97	3.1776
23	97	5.5073
58	97	0.28531
59	97	0.30906
62	97	0.024596
63	97	0.056664
65	97	-0.2051
68	97	0.69719
72	97	0.63259
82	97	-0.62744
94	97	-1.6266
95	97	-1.5902
2	98	2.8185
5	98	2.7946
6	98	2.73
10	98	3.1183
15	98	3.0444
22	98	2.7765
25	98	4.2833
28	98	3.7891
29	98	4.0573
43	98	2.899
44	98	3.5071
45	98	4.0658
55	98	1.82
58	98	0.72898
59	98	0.75932
62	98	0.51993
63	98	0.51059
65	98	0.33723
88	98	-0.33419
91	98	-2.0081
92	98	-1.9733
94	98	-1.8344
95	98	-1.7716
96	98	-1.9717
10	99	2.3749
15	99	2.276
22	99	2.0667
33	99	4.1251
39	99	4.818
46	99	4.7355
58	99	-0.41692
59	99	-0.4059
62	99	-0.60924
63	99	-0.56905
65	99	-0.82285
73	99	-0.55485
78	99	-0.60919
94	99	-1.0866
95	99	-1.0193
97	99	-1.787
8	100	5.081
9	100	5.117
10	100	5.2584
15	100	4.93
16	100	4.9168
22	100	4.5265
58	100	-0.3966
59	100	-0.2691
62	100	-0.33466
63	100	-0.17772
65	100	-0.36281
94	100	-2.2297
95	100	-1.476
1	101	4.8145
3	101	4.9518
7	101	5.164
10	101	4.9107
15	101	4.8827
22	101	4.7909
37	101	2.8139
38	101	2.9623
48	101	2.1231
58	101	0.84702
59	101	1.0923
62	101	1.35
63	101	1.7359
64	101	0.36955
65	101	0.72269
66	101	0.14727
67	101	-0.024848
69	101	1.4534
70	101	1.6196
75	101	1.5233
90	101	-0.84155
94	101	-1.4024
95	101	-1.6549
100	101	-1.9862
10	102	5.1161
15	102	5.0122
22	102	4.791
33	102	2.9494
39	102	2.8696
46	102	2.9796
58	102	1.3749
59	102	1.4479
62	102	1.2625
63	102	1.4263
65	102	0.91107
73	102	0.29658
78	102	0.23743
94	102	-1.6891
95	102	-1.5752
97	102	-1.9378
4	103	2.7366
10	103	3.5491
11	103	4.8896
12	103	5.0179
15	103	3.442
17	103	5.0835
21	103	5.9501
22	103	3.218
23	103	5.7453
58	103	0.35919
59	103	0.3886
62	103	0.11734
63	103	0.15697
65	103	-0.11632
68	103	0.9654
72	103	0.94566
82	103	0.11806
94	103	-1.7368
95	103	-1.7282
99	103	-1.1701
102	103	-2.0756
10	104	2.2259
13	104	4.5292
15	104	2.1247
18	104	4.4971
19	104	4.631
22	104	1.8993
26	104	3.6253
30	104	2.7949
31	104	2.8688
32	104	3.1112
58	104	0.15905
59	104	0.16531
62	104	-0.034373
63	104	-0.017331
65	104	-0.19913
74	104	-1.0546
79	104	-0.85566
87	104	-1.5926
93	104	-1.6398
94	104	-1.6036
95	104	-1.5516
98	104	-1.7498
8	105	4.9817
9	105	5.0216
10	105	5.3626
15	105	4.9628
16	105	4.8296
22	105	4.5618
58	105	-0.32758
59	105	-0.22453
62	105	-0.32795
63	105	-0.18846
65	105	-0.34653
94	105	-2.1592
95	105	-2.1667
101	105	-1.725
1	106	4.6898
3	106	4.8188
7	106	5.0216
10	106	4.921
15	106	4.8801
22	106	4.777
37	106	2.7397
38	106	2.9934
48	106	1.8557
58	106	0.90265
59	106	1.1152
62	106	1.3239
63	106	1.6647
64	106	0.008044
65	106	0.74393
66	106	-0.22885
67	106	-0.41302
69	106	1.208
70	106	1.316
75	106	1.2209
90	106	-2.0058
94	106	-2.0836
95	106	-2.2941
100	106	-1.9318
105	106	-2.4406
10	107	5.0787
15	107	4.9795
22	107	4.763
33	107	2.9753
39	107	2.8956
46	107	3.0064
58	107	1.4004
59	107	1.4769
62	107	1.3034
63	107	1.4713
65	107	0.95782
73	107	0.42153
78	107	0.3697
94	107	-1.7884
95	107	-1.6675
97	107	-2.0665
103	107	-2.3097
10	108	4.8438
15	108	4.7415
22	108	4.5225
33	108	3.0168
39	108	2.9161
46	108	3.027
58	108	1.2163
59	108	1.2745
62	108	1.0824
63	108	1.23
65	108	0.76613
73	108	0.58613
78	108	0.51634
94	108	-1.829
95	108	-1.7151
97	108	-2.0043
103	108	-2.3522
8	109	4.7228
9	109	4.7713
10	109	5.0148
15	109	4.6186
16	109	4.591
22	109	4.2143
58	109	-0.57906
59	109	-0.56909
62	109	-0.64414
63	109	-0.50121
65	109	-0.65417
94	109	-2.0287
95	109	-2.0543
101	109	-1.5004
106	109	-2.0932
1	110	4.6313
3	110	4.7607
7	110	4.9649
10	110	4.8783
15	110	4.8394
22	110	4.739
37	110	2.7388
38	110	2.9872
48	110	1.9901
58	110	0.9294
59	110	1.1402
62	110	1.3565
63	110	1.6918
64	110	0.18758
65	110	0.79348
66	110	-0.0459
67	110	-0.23339
69	110	1.2373
70	110	1.3419
75	110	1.266
90	110	-1.8394
94	110	-2.1776
95	110	-2.1634
100	110	-1.8645
105	110	-2.1375
109	110	-1.9493
10	111	3.2045
15	111	3.1172
22	111	2.9175
33	111	4.2865
39	111	4.9118
46	111	4.8718
58	111	0.47183
59	111	0.4918
62	111	0.25555
63	111	0.28968
65	111	0.072763
73	111	0.33108
78	111	0.38936
94	111	-1.6113
95	111	-1.5989
97	111	-1.4006
103	111	-2.3041
8	112	4.031
9	112	3.9648
10	112	7.0932
15	112	7.1746
16	112	4.0923
22	112	7.2078
58	112	6.3934
59	112	6.5042
62	112	7.0004
63	112	7.1835
65	112	6.5349
94	112	5.3215
95	112	5.6658
101	112	6.004
106	112	4.3239
110	112	4.0945
8	113	4.2153
9	113	4.2133
10	113	7.1472
15	113	7.1721
16	113	4.3457
22	113	7.1709
58	113	6.3059
59	113	6.4193
62	113	6.9073
63	113	7.0893
65	113	6.4328
94	113	5.1019
95	113	5.4362
101	113	6.2695
106	113	4.8002
110	113	4.5694
8	114	4.2721
9	114	4.3362
10	114	6.8658
15	114	6.8854
16	114	4.4747
22	114	6.8783
58	114	5.9679
59	114	6.0827
62	114	6.5618
63	114	6.7417
65	114	6.0799
94	114	4.6462
95	114	4.9694
101	114	6.0873
106	114	5.2164
110	114	5.0023
10	115	3.25
15	115	3.1637
22	115	2.9642
33	115	4.1006
39	115	4.7151
46	115	4.6747
58	115	0.52468
59	115	0.55347
62	115	0.33296
63	115	0.37654
65	115	0.14436
73	115	0.25507
78	115	0.33319
94	115	-1.4842
95	115	-1.445
97	115	-1.3138
103	115	-2.0536
8	116	4.4373
9	116	4.5213
10	116	7.2728
15	116	7.2954
16	116	4.6637
22	116	7.2915
58	116	6.4293
59	116	6.5385
62	116	7.0149
63	116	7.1866
65	116	6.5434
94	116	5.186
95	116	5.4963
101	116	6.2216
106	116	5.5897
110	116	5.4445
8	117	4.5519
9	117	4.6732
10	117	7.5129
15	117	7.5381
16	117	4.8241
22	117	7.5372
58	117	6.7355
59	117	6.8381
62	117	7.3126
63	117	7.4741
65	117	6.8543
94	117	5.6014
95	117	5.8945
101	117	6.2848
106	117	5.9987
110	117	5.9398
10	118	6.9648
15	118	6.927
22	118	6.7776
33	118	7.6758
39	118	8.2423
46	118	8.3082
58	118	4.6186
59	118	4.6744
62	118	4.4548
63	118	4.4985
65	118	4.3463
73	118	5.249
78	118	5.5516
94	118	3.0471
95	118	3.076
97	118	5.1982
103	118	5.056
1	119	8.0922
3	119	8.2614
7	119	8.5132
10	119	9.869
15	119	9.9127
22	119	9.8982
37	119	3.9259
38	119	4.0953
48	119	3.2213
58	119	7.1218
59	119	7.2351
62	119	7.4451
63	119	7.6578
64	119	1.4545
65	119	7.1041
66	119	1.2247
67	119	1.0551
69	119	5.8518
70	119	5.8648
75	119	5.9137
90	119	-0.42907
94	119	5.6533
95	119	5.7911
100	119	4.5837
105	119	4.8997
109	119	4.9451
112	119	-1.6807
113	119	-1.8723
114	119	-2.0834
116	119	-2.0581
117	119	-2.0067
1	120	7.72
3	120	7.882
7	120	8.1254
10	120	9.4787
15	120	9.5122
22	120	9.4903
37	120	3.9243
38	120	4.0788
48	120	3.223
58	120	6.6631
59	120	6.7793
62	120	6.9806
63	120	7.1943
64	120	1.4367
65	120	6.6325
66	120	1.2071
67	120	1.0272
69	120	5.361
70	120	5.3731
75	120	5.4131
90	120	-0.5282
94	120	5.0946
95	120	5.2359
100	120	3.9933
105	120	4.2741
109	120	4.3027
112	120	-1.3066
113	120	-1.3332
114	120	-1.5309
116	120	-1.3652
117	120	-1.0874
1	121	7.8006
3	121	7.9636
7	121	8.2085
10	121	9.5474
15	121	9.5823
22	121	9.562
37	121	3.9925
38	121	4.2116
48	121	3.1802
58	121	6.7586
59	121	6.872
62	121	7.0718
63	121	7.2821
64	121	1.3498
65	121	6.7285
66	121	1.1056
67	121	0.94706
69	121	5.4718
70	121	5.479
75	121	5.5212
90	121	-0.53783
94	121	5.2153
95	121	5.3505
100	121	4.1336
105	121	4.4126
109	121	4.4623
112	121	-1.6448
113	121	-1.65
114	121	-1.792
116	121	-1.65
117	121	-1.4144
1	122	8.0717
3	122	8.2396
7	122	8.49
10	122	9.7914
15	122	9.8327
22	122	9.8167
37	122	4.0536
38	122	4.2714
48	122	3.2487
58	122	7.0639
59	122	7.1724
62	122	7.3733
63	122	7.579
64	122	1.4401
65	122	7.0386
66	122	1.1846
67	122	1.0444
69	122	5.8271
70	122	5.8292
75	122	5.877
90	122	-0.39215
94	122	5.5818
95	122	5.7081
100	122	4.5534
105	122	4.8424
109	122	4.919
112	122	-1.896
113	122	-2.1379
114	122	-2.2473
116	122	-2.1503
117	122	-2.0274
10	123	5.9459
13	123	7.421
15	123	5.8943
18	123	7.4103
19	123	7.4818
22	123	5.7253
26	123	6.7661
30	123	6.1549
31	123	6.2282
32	123	6.4079
58	123	4.1866
59	123	4.2536
62	123	4.0856
63	123	4.1348
65	123	3.9695
74	123	4.5639
79	123	4.7858
87	123	4.3684
93	123	4.3951
94	123	2.7186
95	123	2.8145
98	123	4.4794
10	124	5.8614
13	124	7.392
15	124	5.8088
18	124	7.3808
19	124	7.4533
22	124	5.6383
26	124	6.7306
30	124	6.1146
31	124	6.1877
32	124	6.3685
58	124	4.0977
59	124	4.1617
62	124	3.9903
63	124	4.0371
65	124	3.874
74	124	4.4877
79	124	4.7105
87	124	4.281
93	124	4.3031
94	124	2.6049
95	124	2.696
98	124	4.384
1	125	8.282
3	125	8.4817
7	125	8.7389
10	125	10.0146
15	125	10.0616
22	125	10.0513
37	125	4.1566
38	125	4.3724
48	125	3.3592
58	125	7.3396
59	125	7.4439
62	125	7.6462
63	125	7.8483
64	125	1.5756
65	125	7.319
66	125	1.3445
67	125	1.1808
69	125	6.1392
70	125	6.1372
75	125	6.1899
90	125	-0.21684
94	125	5.9126
95	125	6.0307
100	125	4.9216
105	125	5.2187
109	125	5.3197
112	125	-1.6827
113	125	-2.0273
114	125	-2.2321
116	125	-2.3148
117	125	-2.4319
10	126	6.2275
15	126	6.1943
22	126	6.0481
33	126	6.3503
39	126	6.7518
46	126	6.7335
58	126	4.2092
59	126	4.2155
62	126	4.036
63	126	4.0569
65	126	3.9008
73	126	3.6153
78	126	3.7566
94	126	2.6063
95	126	2.6308
97	126	2.7929
103	126	2.4219
8	127	6.0771
9	127	6.1617
10	127	10.4222
15	127	10.0886
16	127	6.0415
22	127	9.7558
58	127	5.656
59	127	5.6142
62	127	5.3787
63	127	5.3539
65	127	5.5584
94	127	3.9796
95	127	3.8557
101	127	2.2221
106	127	1.9451
110	127	1.9861
119	127	-2.1237
120	127	-2.0285
121	127	-2.1368
122	127	-2.0444
125	127	-1.9751
4	128	4.8112
10	128	7.5904
11	128	8.0578
12	128	8.0554
15	128	7.5719
17	128	8.1222
21	128	6.8299
22	128	7.4331
23	128	6.633
58	128	5.4503
59	128	5.4803
62	128	5.2954
63	128	5.3285
65	128	5.1561
68	128	5.6565
72	128	5.7206
82	128	3.5199
94	128	3.7808
95	128	3.8339
99	128	3.0198
102	128	4.3696
107	128	4.3687
108	128	4.5847
111	128	3.1998
115	128	3.2223
118	128	5.4739
126	128	-1.5783
4	129	4.8274
10	129	7.4891
11	129	7.9452
12	129	7.9453
15	129	7.4694
17	129	8.0106
21	129	6.841
22	129	7.3297
23	129	6.6434
58	129	5.3524
59	129	5.3813
62	129	5.1974
63	129	5.2298
65	129	5.0568
68	129	5.5399
72	129	5.6001
82	129	3.5567
94	129	3.6739
95	129	3.7263
99	129	3.0691
102	129	4.233
107	129	4.2287
108	129	4.44
111	129	3.265
115	129	3.2901
118	129	5.6328
126	129	-1.6591
10	130	6.3524
15	130	6.3214
22	130	6.1766
33	130	6.3562
39	130	6.7617
46	130	6.7492
58	130	4.3262
59	130	4.3354
62	130	4.1511
63	130	4.1726
65	130	4.0211
73	130	3.6355
78	130	3.7876
94	130	2.7333
95	130	2.7562
97	130	2.8468
103	130	2.4776
128	130	-2.0042
129	130	-2.0695
8	131	6.2412
9	131	6.3305
10	131	10.2775
15	131	9.9464
16	131	6.2787
22	131	9.6154
58	131	5.5324
59	131	5.4897
62	131	5.253
63	131	5.225
65	131	5.4318
94	131	3.8446
95	131	3.7184
101	131	2.4705
106	131	2.2074
110	131	2.2519
119	131	-1.8928
120	131	-1.6139
121	131	-1.7308
122	131	-2.195
125	131	-2.3032
4	132	4.7791
10	132	7.3698
11	132	7.7321
12	132	7.7354
15	132	7.3496
17	132	7.7993
21	132	6.7341
22	132	7.2094
23	132	6.5358
58	132	5.2457
59	132	5.2737
62	132	5.0922
63	132	5.1241
65	132	4.9508
68	132	5.325
72	132	5.3827
82	132	3.5512
94	132	3.5707
95	132	3.6233
99	132	3.0841
102	132	4.008
107	132	4.0025
108	132	4.2108
111	132	3.3026
115	132	3.3386
118	132	5.5436
126	132	-1.9888
130	132	-2.2662
10	133	6.4966
15	133	6.5516
22	133	6.7121
58	133	6.7279
59	133	6.5874
62	133	6.6287
63	133	6.5596
65	133	6.7608
94	133	5.7109
95	133	5.5865
10	134	8.0253
15	134	8.0252
22	134	7.9085
33	134	6.6476
39	134	6.5222
46	134	6.6423
58	134	5.7893
59	134	5.803
62	134	5.6787
63	134	5.7691
65	134	5.5483
73	134	5.0701
78	134	5.0909
94	134	4.07
95	134	4.0845
97	134	3.857
103	134	3.8258
128	134	-1.7168
129	134	-1.8181
132	134	-2.11
4	135	4.7161
10	135	7.252
11	135	7.6048
12	135	7.6048
15	135	7.2308
17	135	7.6659
21	135	6.5682
22	135	7.09
23	135	6.3681
58	135	5.1538
59	135	5.1796
62	135	5.0022
63	135	5.0327
65	135	4.8599
68	135	5.2086
72	135	5.2596
82	135	3.5533
94	135	3.4846
95	135	3.5365
99	135	3.1173
102	135	3.8787
107	135	3.8705
108	135	4.0682
111	135	3.3662
115	135	3.4168
118	135	5.4945
126	135	-1.8326
130	135	-1.8774
134	135	-1.8411
1	136	5.0756
2	136	5.4579
3	136	4.9231
4	136	5.5033
5	136	5.518
6	136	5.6426
7	136	4.6204
8	136	5.5139
9	136	5.7834
11	136	6.6504
12	136	6.5378
13	136	6.6211
14	136	6.9045
16	136	6.0981
17	136	6.5903
18	136	6.6745
19	136	6.5604
20	136	7.092
21	136	5.9968
23	136	4.3754
24	136	9.2535
25	136	7.7981
26	136	6.6267
27	136	7.1752
28	136	7.8856
29	136	7.828
30	136	6.4842
31	136	6.3991
32	136	6.4203
33	136	6.0331
34	136	7.1752
35	136	9.5925
36	136	9.3238
37	136	6.0118
38	136	5.9326
39	136	5.9437
40	136	6.9439
41	136	6.8596
42	136	9.4009
43	136	7.7038
44	136	7.5407
45	136	7.3579
46	136	5.9469
47	136	6.8158
48	136	6.007
49	136	8.7772
50	136	9.2961
51	136	8.5189
52	136	8.6446
53	136	8.386
54	136	8.8065
55	136	7.2327
56	136	5.4713
57	136	8.6853
60	136	8.6157
61	136	8.6991
64	136	5.2031
66	136	4.9116
67	136	4.9051
68	136	5.9722
69	136	5.3149
70	136	5.1416
71	136	7.1213
72	136	5.7255
73	136	4.921
74	136	5.2881
75	136	4.9714
76	136	5.7529
77	136	6.4341
78	136	4.8874
79	136	5.1835
80	136	5.6714
81	136	6.283
82	136	4.1538
83	136	5.6939
84	136	5.0413
85	136	5.4337
86	136	6.662
87	136	4.2935
88	136	4.1762
89	136	4.3341
90	136	3.5147
91	136	5.3373
92	136	5.2763
93	136	4.1279
96	136	5.3301
97	136	3.776
98	136	4.1468
99	136	3.2721
100	136	4.1601
101	136	4.1984
102	136	4.6736
103	136	3.7477
104	136	3.2054
105	136	3.9555
106	136	3.7807
107	136	4.6874
108	136	4.4574
109	136	4.1721
110	136	3.7661
111	136	2.7415
112	136	-1.32
113	136	-1.5597
114	136	-1.2914
115	136	2.7026
116	136	-1.9835
117	136	-2.0713
118	136	1.6114
119	136	-1.7366
120	136	-2.1264
121	136	-2.0899
122	136	-1.9196
123	136	2.4021
124	136	2.2698
125	136	-1.6664
126	136	-1.2781
127	136	-2.4649
128	136	-1.4753
129	136	-1.5838
130	136	-1.4603
131	136	-1.4881
132	136	-1.821
133	136	-2.1303
134	136	-1.6491
135	136	-1.7536
10	137	8.2603
15	137	8.2658
22	137	8.1546
33	137	6.5597
39	137	6.4541
46	137	6.5735
58	137	6.0485
59	137	6.0651
62	137	5.9485
63	137	6.0417
65	137	5.8179
73	137	4.8525
78	137	4.8763
94	137	4.3912
95	137	4.4097
97	137	3.5723
103	137	3.5343
128	137	-1.8512
129	137	-1.9547
132	137	-2.3368
135	137	-2.1593
136	137	-1.6595
10	138	8.1732
15	138	8.1765
22	138	8.0631
33	138	6.6097
39	138	6.4955
46	138	6.6149
58	138	5.956
59	138	5.9708
62	138	5.8503
63	138	5.9417
65	138	5.7207
73	138	4.9653
78	138	4.988
94	138	4.2726
95	138	4.2885
97	138	3.7209
103	138	3.6873
128	138	-1.9673
129	138	-2.0716
132	138	-2.2855
135	138	-2.2063
136	138	-1.6576
10	139	5.7801
15	139	5.9573
22	139	5.9971
50	139	7.1874
54	139	7.6098
57	139	7.6874
58	139	6.8301
59	139	6.9309
61	139	7.9775
62	139	7.1368
63	139	7.208
65	139	7.1629
71	139	7.3041
77	139	6.74
81	139	6.6011
86	139	7.303
94	139	5.4357
95	139	5.5917
136	139	-1.1478
10	140	4.7305
15	140	4.845
22	140	5.066
50	140	8.0477
54	140	7.7862
57	140	7.7096
58	140	5.658
59	140	5.7508
61	140	7.6664
62	140	6.0236
63	140	6.1529
65	140	5.8058
71	140	6.6479
77	140	6.2283
81	140	6.0619
86	140	6.2963
94	140	4.0689
95	140	4.2719
136	140	-1.8492
10	141	5.6385
15	141	5.7606
22	141	5.924
50	141	8.439
54	141	8.1839
57	141	8.1103
58	141	6.0263
59	141	6.1974
61	141	8.0698
62	141	6.5424
63	141	6.7523
65	141	6.2425
71	141	7.0611
77	141	6.6418
81	141	6.4779
86	141	6.7221
94	141	4.4765
95	141	4.7809
136	141	-2.3469
10	142	5.8518
15	142	6.0315
22	142	6.0737
50	142	7.3444
54	142	7.772
57	142	7.851
58	142	6.9383
59	142	7.0392
61	142	8.1455
62	142	7.2506
63	142	7.3218
65	142	7.2827
71	142	7.4701
77	142	6.9011
81	142	6.7605
86	142	7.4713
94	142	5.5866
95	142	5.7417
136	142	-1.7344
10	143	5.5699
15	143	5.6911
22	143	5.8537
50	143	8.4448
54	143	8.1904
57	143	8.1176
58	143	5.9509
59	143	6.1229
61	143	8.0772
62	143	6.4687
63	143	6.6793
65	143	6.1681
71	143	7.0677
77	143	6.6486
81	143	6.4852
86	143	6.7307
94	143	4.4025
95	143	4.7074
136	143	-2.4536
10	144	7.8147
13	144	6.8924
15	144	7.8397
18	144	6.9036
19	144	6.8259
22	144	7.7597
26	144	6.8184
30	144	6.6595
31	144	6.6207
32	144	6.6928
58	144	6.5795
59	144	6.603
62	144	6.4823
63	144	6.5092
65	144	6.3841
74	144	5.729
79	144	5.6913
87	144	4.9542
93	144	4.8511
94	144	4.8796
95	144	4.9114
98	144	4.8885
136	144	-1.9199
2	145	5.643
5	145	5.6473
6	145	5.5278
10	145	6.9659
15	145	6.9969
22	145	6.8157
25	145	7.5059
28	145	7.2088
29	145	7.374
43	145	6.6151
44	145	6.9594
45	145	7.278
55	145	6.3673
58	145	5.7678
59	145	5.8066
62	145	5.672
63	145	5.663
65	145	5.5869
88	145	4.5267
91	145	4.7965
92	145	4.8764
94	145	4.3206
95	145	4.4195
96	145	4.9808
104	145	4.1111
123	145	5.2715
124	145	5.1101
136	145	-1.5017
144	145	-1.8892
2	146	5.7309
5	146	5.737
6	146	5.6199
10	146	6.7808
15	146	6.8104
22	146	6.6273
25	146	7.3639
28	146	7.0672
29	146	7.232
43	146	6.4759
44	146	6.8161
45	146	7.1335
55	146	6.2471
58	146	5.5893
59	146	5.6264
62	146	5.4937
63	146	5.4839
65	146	5.407
88	146	4.6843
91	146	4.6569
92	146	4.7345
94	146	4.1319
95	146	4.2299
96	146	4.8411
104	146	4.2857
123	146	5.4868
124	146	5.3362
136	146	-1.707
144	146	-2.2831
10	147	5.8201
13	147	7.3472
15	147	5.7882
18	147	7.314
19	147	7.336
22	147	5.6177
26	147	6.5681
30	147	6.0301
31	147	6.0383
32	147	6.137
58	147	4.5429
59	147	4.555
62	147	4.4101
63	147	4.4236
65	147	4.3124
74	147	3.7285
79	147	3.96
87	147	2.9493
93	147	2.9793
94	147	3.1642
95	147	3.2242
98	147	3.1455
136	147	-1.5053
145	147	-1.7958
146	147	-1.8287
10	148	5.8926
13	148	7.3525
15	148	5.8624
18	148	7.3195
19	148	7.3391
22	148	5.6937
26	148	6.5799
30	148	6.0476
31	148	6.0559
32	148	6.1529
58	148	4.6249
59	148	4.637
62	148	4.4902
63	148	4.5027
65	148	4.3954
74	148	3.7777
79	148	4.0074
87	148	3.0142
93	148	3.0461
94	148	3.2556
95	148	3.3148
98	148	3.2114
136	148	-1.457
145	148	-2.0835
146	148	-2.0622
10	149	5.8768
15	149	5.9825
22	149	6.1584
24	149	6.1027
35	149	6.4292
36	149	6.3396
42	149	6.4221
47	149	7.0307
49	149	5.7823
51	149	6.0723
52	149	6.0315
53	149	6.9259
58	149	6.4164
59	149	6.47
60	149	5.8793
62	149	6.6578
63	149	6.6891
65	149	6.6821
76	149	4.638
80	149	4.789
83	149	5.8364
84	149	5.6038
85	149	5.9892
94	149	5.0905
95	149	5.2451
136	149	-1.9474
139	149	-1.8865
140	149	-1.7843
141	149	-1.7654
142	149	-2.1425
143	149	-1.9507
10	150	5.9007
15	150	6.0017
22	150	6.1712
24	150	6.0299
35	150	6.3631
36	150	6.2704
42	150	6.356
47	150	6.9895
49	150	5.1095
51	150	5.3827
52	150	5.3548
53	150	6.2136
58	150	6.4266
59	150	6.4761
60	150	5.2228
62	150	6.654
63	150	6.6817
65	150	6.6781
76	150	3.9938
80	150	4.1435
83	150	5.7687
84	150	5.5355
85	150	5.9238
94	150	5.0577
95	150	5.2079
136	150	-2.1302
139	150	-2.4417
140	150	-2.2793
141	150	-2.7508
142	150	-2.604
143	150	-2.6778
10	151	6.1051
15	151	6.2093
22	151	6.3772
24	151	6.1038
35	151	6.4433
36	151	6.3483
42	151	6.4367
47	151	7.0923
49	151	4.5362
51	151	4.7926
52	151	4.7787
53	151	5.6015
58	151	6.6392
59	151	6.6833
60	151	4.6681
62	151	6.8509
63	151	6.8739
65	151	6.8769
76	151	3.4547
80	151	3.6037
83	151	5.8463
84	151	5.6112
85	151	6.0038
94	151	5.2359
95	151	5.3801
136	151	-2.2043
139	151	-1.9843
140	151	-2.3352
141	151	-1.9566
142	151	-2.1997
143	151	-1.9996
10	152	5.723
15	152	5.8307
22	152	5.997
24	152	5.9819
35	152	6.3143
36	152	6.2204
42	152	6.3058
47	152	6.9354
49	152	5.3185
51	152	5.5964
52	152	5.5654
53	152	6.4359
58	152	6.2502
59	152	6.3025
60	152	5.4264
62	152	6.4864
63	152	6.5166
65	152	6.51
76	152	4.1908
80	152	4.3412
83	152	5.7283
84	152	5.4997
85	152	5.8822
94	152	4.9043
95	152	5.0574
136	152	-1.8548
139	152	-2.2601
140	152	-1.6936
141	152	-2.0365
142	152	-2.5261
143	152	-2.1181
offset
60
