118
detection	body_part	cost
1	14	1.1934
2	14	0.33108
3	14	-2.4339
4	14	-1.4481
5	11	9.2102
6	4	-2.098
7	11	9.2102
8	3	-1.3525
9	4	-3.8009
10	11	9.2102
11	3	-5.1754
12	4	-4.6433
13	1	-3.6633
14	3	0.3543
15	1	-3.1764
16	7	0.65111
17	4	-0.15189
18	9	0.29316
19	9	-2.0967
20	12	-0.34165
21	11	9.2102
22	13	1.1366
23	2	-4.6535
24	1	-2.0706
25	1	-5.1396
26	9	-1.6259
27	13	-0.0023456
28	11	-4.4547
29	6	-2.4342
30	7	-1.0887
31	7	1.097
32	5	1.3705
33	9	-0.55167
34	9	-0.67327
35	12	-0.33817
36	9	-0.31905
37	13	-0.55326
38	13	-1.4357
39	13	1.3579
40	11	-0.11506
41	2	0.74638
42	11	9.2102
43	6	-0.6996
44	11	9.2102
45	7	-0.91107
46	7	-1.7384
47	9	-0.86609
48	9	-0.62585
49	12	-0.059181
50	13	0.98146
51	2	0.70474
52	11	9.2102
53	1	-1.2164
54	3	-0.11052
55	6	-1.0555
56	1	-0.56182
57	7	-0.019032
58	7	-1.1804
59	7	-1.7866
60	5	-0.65414
61	7	-0.046689
62	5	-2.4373
63	9	-0.74833
64	9	-0.29852
65	12	-0.099024
66	11	9.2102
67	11	9.2102
68	10	1.197
69	10	-2.7445
70	2	-0.52085
71	1	-3.5002
72	3	-0.1891
73	6	-2.753
74	6	-1.1133
75	5	-3.6209
76	9	0.31608
77	12	-0.041687
78	11	9.2102
79	10	-4.2453
80	10	-2.5394
81	1	-1.829
82	6	-1.7558
83	1	0.19491
84	7	-0.80007
85	5	-2.1096
86	8	-0.74383
87	5	-2.6679
88	8	0.20794
89	12	-0.93492
90	12	-1.2132
91	10	-3.7287
92	2	-2.9257
93	11	9.2102
94	7	-0.49184
95	7	-1.1564
96	7	-1.3202
97	12	-0.70508
98	8	0.0067084
99	12	-2.2366
100	12	-1.384
101	11	9.2102
102	6	-0.024483
103	7	-0.084093
104	8	-2.1943
105	8	-1.9513
106	12	-1.5358
107	8	0.25313
108	11	9.2102
109	11	9.2102
110	8	-0.78331
111	8	0.17107
112	11	9.2102
113	8	0.096037
114	8	-0.33927
115	13	-2.8885
116	13	1.3683
117	14	-3.2134
118	14	-2.3781
detection1	detection2	cost
1	2	-1.5143
1	3	2.1517
2	3	-3.7143
1	4	-3.7143
2	4	-1.5143
3	4	2.1517
5	7	10.4572
6	9	-5.6071
5	10	76.3217
7	10	58.8581
8	11	-3.2674
6	12	-3.2674
9	12	-4.8231
8	14	0.96511
11	14	-3.2674
13	15	-5.6071
6	17	-1.5143
9	17	-3.2674
12	17	-3.2674
18	19	-1.8214
5	21	21.3311
7	21	3.5372
10	21	49.3173
13	24	-4.8231
15	24	-3.2674
13	25	-5.6071
15	25	-4.8231
24	25	-5.6071
18	26	0.30445
19	26	-4.8231
22	27	-3.2674
5	28	5.8845
7	28	12.8867
10	28	77.7627
21	28	20.9559
16	30	-3.7143
16	31	-0.67521
30	31	-1.8214
18	33	-3.2674
19	33	-2.1462
26	33	-1.5143
18	34	-2.1462
19	34	-3.2674
26	34	-3.2674
33	34	-5.6071
20	35	-3.2674
18	36	0.96511
19	36	-3.2674
26	36	-5.6071
33	36	-1.8214
34	36	-3.7143
22	37	-3.7143
27	37	-3.2674
22	38	-3.2674
27	38	-4.8231
37	38	-5.6071
22	39	0.96511
27	39	-3.2674
37	39	0.071429
38	39	-1.8214
5	40	7.7607
7	40	10.3572
10	40	74.0907
21	40	17.3966
28	40	-3.2674
23	41	-2.1462
5	42	75.6566
7	42	57.8516
10	42	0.30445
21	42	47.6858
28	42	75.8717
40	42	72.0225
29	43	-4.8231
5	44	59.0737
7	44	41.1652
10	44	12.8867
21	44	30.7807
28	44	58.8581
40	44	54.993
42	44	9.5357
16	45	-1.5143
30	45	-4.8231
31	45	0.30445
16	46	-1.8214
30	46	-5.6071
31	46	-1.5143
45	46	-5.6071
18	47	-1.5143
19	47	-0.67521
26	47	-0.67521
33	47	-5.6071
34	47	-4.8231
36	47	-1.5143
18	48	-0.67521
19	48	-1.5143
26	48	-2.1462
33	48	-4.8231
34	48	-5.6071
36	48	-3.2674
47	48	-5.6071
20	49	-1.5143
35	49	-5.6071
22	50	0.53071
27	50	-3.2674
37	50	-1.5143
38	50	-3.2674
39	50	-4.8231
23	51	-1.5143
41	51	-1.5143
5	52	76.0649
7	52	58.207
10	52	2.1517
21	52	47.9126
28	52	75.9791
40	52	72.0901
42	52	-5.6071
44	52	9.6406
13	53	0.96511
15	53	1.9643
24	53	-1.5143
25	53	-0.67521
8	54	7.2837
11	54	3.5372
14	54	0.30445
29	55	-0.67521
43	55	0.30445
13	56	0.071429
15	56	0.30445
24	56	-1.5143
25	56	-1.8214
53	56	-3.7143
16	57	0.96511
30	57	-2.1462
31	57	2.6933
45	57	-4.8231
46	57	-3.2674
16	58	0.30445
30	58	-3.2674
31	58	0.96511
45	58	-5.6071
46	58	-4.8231
57	58	-5.6071
16	59	0.071429
30	59	-3.7143
31	59	-0.67521
45	59	-4.8231
46	59	-5.6071
57	59	-3.7143
58	59	-5.6071
32	60	-2.1462
16	61	0.96511
30	61	-2.1462
31	61	-3.2674
45	61	-1.5143
46	61	-3.2674
57	61	0.071429
58	61	-1.8214
59	61	-3.7143
32	62	-3.7143
60	62	-3.7143
18	63	0.30445
19	63	0.96511
26	63	0.53071
33	63	-3.7143
34	63	-3.2674
36	63	-0.67521
47	63	-5.6071
48	63	-4.8231
18	64	0.96511
19	64	0.30445
26	64	-0.67521
33	64	-3.2674
34	64	-3.7143
36	64	-2.1462
47	64	-4.8231
48	64	-5.6071
63	64	-5.6071
20	65	0.30445
35	65	-3.7143
49	65	-5.6071
5	66	29.833
7	66	12.6213
10	66	44.4761
21	66	1.9643
28	66	27.0414
40	66	23.0214
42	66	41.7507
44	66	24.7342
52	66	41.7143
5	67	26.624
7	67	9.9513
10	67	48.2028
21	67	0.30445
28	67	23.3135
40	67	19.269
42	67	45.5338
44	67	28.5141
52	67	45.5
66	67	-3.7143
68	69	-1.8214
23	70	0.30445
41	70	-0.67521
51	70	-5.6071
13	71	2.6933
15	71	3.5372
24	71	0.30445
25	71	0.96511
53	71	-5.6071
56	71	-3.2674
8	72	7.7607
11	72	4.4715
14	72	1.9643
54	72	-4.8231
29	73	-0.67521
43	73	-0.67521
55	73	-4.8231
29	74	-1.8214
43	74	-3.2674
55	74	-1.5143
73	74	-3.7143
32	75	-1.8214
60	75	-3.2674
62	75	-5.6071
18	76	2.6933
19	76	2.1517
26	76	0.96511
33	76	-1.5143
34	76	-1.8214
36	76	-0.67521
47	76	-3.2674
48	76	-3.7143
63	76	-4.8231
64	76	-5.6071
20	77	2.1517
35	77	-1.8214
49	77	-3.7143
65	77	-5.6071
5	78	30.8274
7	78	13.9152
10	78	44.8538
21	78	3.5372
28	78	27.4026
40	78	23.3135
42	78	41.8597
44	78	24.9005
52	78	41.7507
66	78	-5.6071
67	78	-3.2674
68	79	-1.5143
69	79	-5.6071
68	80	2.1517
69	80	-3.2674
79	80	-3.7143
13	81	5.1977
15	81	6.1496
24	81	2.6933
25	81	3.5372
53	81	-3.2674
56	81	-0.67521
71	81	-4.8231
29	82	1.9643
43	82	1.9643
55	82	-3.7143
73	82	-4.8231
74	82	-1.5143
13	83	3.8571
15	83	4.0138
24	83	2.1517
25	83	1.9643
53	83	-2.1462
56	83	-3.7143
71	83	-3.2674
81	83	-1.8214
16	84	4.4715
30	84	0.96511
31	84	4.6202
45	84	-1.5143
46	84	-0.67521
57	84	-3.7143
58	84	-3.2674
59	84	-2.1462
61	84	0.96511
32	85	0.30445
60	85	-3.2674
62	85	-3.2674
75	85	-4.8231
32	87	0.071429
60	87	-2.1462
62	87	-3.7143
75	87	-5.6071
85	87	-5.6071
86	88	-5.6071
20	89	5.1977
35	89	0.96511
49	89	-0.67521
65	89	-2.1462
77	89	-3.2674
20	90	4.4715
35	90	0.30445
49	90	-1.5143
65	90	-3.2674
77	90	-4.8231
89	90	-5.6071
68	91	-0.67521
69	91	-3.7143
79	91	-5.6071
80	91	-3.2674
23	92	4.4715
41	92	3.2076
51	92	-1.5143
70	92	-3.2674
5	93	63.1723
7	93	45.2289
10	93	15.293
21	93	34.4002
28	93	61.5828
40	93	57.5493
42	93	9.4302
44	93	0.30445
52	93	8.6726
66	93	27.0414
67	93	30.7807
78	93	26.7811
16	94	6.2802
30	94	2.6933
31	94	5.8845
45	94	0.30445
46	94	0.96511
57	94	-1.8214
58	94	-1.5143
59	94	-0.67521
61	94	1.9643
84	94	-5.6071
16	95	5.8845
30	95	2.1517
31	95	4.6202
45	95	0.071429
46	95	0.30445
57	95	-1.5143
58	95	-1.8214
59	95	-1.5143
61	95	0.53071
84	95	-4.8231
94	95	-5.6071
16	96	5.75
30	96	1.9643
31	96	3.5372
45	96	0.30445
46	96	0.071429
57	96	-0.67521
58	96	-1.5143
59	96	-1.8214
61	96	-0.67521
84	96	-3.2674
94	96	-3.7143
95	96	-5.6071
20	97	7.7607
35	97	3.5372
49	97	1.9643
65	97	0.53071
77	97	-0.67521
89	97	-4.8231
90	97	-3.2674
86	98	-3.2674
88	98	-4.8231
20	99	6.2802
35	99	2.1517
49	99	0.30445
65	99	-1.5143
77	99	-3.2674
89	99	-4.8231
90	99	-5.6071
97	99	-3.7143
20	100	5.8845
35	100	1.9643
49	100	0.071429
65	100	-1.8214
77	100	-3.7143
89	100	-3.2674
90	100	-4.8231
97	100	-1.8214
99	100	-5.6071
5	101	81.7056
7	101	63.7529
10	101	9.6406
21	101	53.101
28	101	80.5738
40	101	76.5565
42	101	2.6933
44	101	15.3715
52	101	0.96511
66	101	46.0381
67	101	49.7883
78	101	45.8033
93	101	11.523
29	102	4.0138
43	102	2.6933
55	102	0.96511
73	102	-1.5143
74	102	-1.5143
82	102	-2.1462
16	103	8.1089
30	103	4.4715
31	103	7.2837
45	103	2.1517
46	103	2.6933
57	103	0.071429
58	103	0.30445
59	103	0.96511
61	103	3.2076
84	103	-3.7143
94	103	-5.6071
95	103	-4.8231
96	103	-3.2674
86	104	-3.7143
88	104	-3.2674
98	104	-3.2674
86	105	-3.2674
88	105	-3.7143
98	105	-4.8231
104	105	-5.6071
20	106	8.6726
35	106	4.4715
49	106	2.6933
65	106	0.96511
77	106	-0.67521
89	106	-3.7143
90	106	-3.2674
97	106	-4.8231
99	106	-4.8231
100	106	-3.2674
86	107	-0.67521
88	107	-2.1462
98	107	-4.8231
104	107	-1.8214
105	107	-3.7143
5	108	35.6638
7	108	19.4026
10	108	44.5794
21	108	9.4302
28	108	30.8274
40	108	26.624
42	108	40.7586
44	108	24.2301
52	108	40.4233
66	108	0.30445
67	108	1.9643
78	108	-1.5143
93	108	24.7342
101	108	43.6071
5	109	66.3214
7	109	48.4274
10	109	16.7404
21	109	37.4927
28	109	64.1541
40	109	60.062
42	109	9.9513
44	109	4.4715
52	109	8.783
66	109	29.6887
67	109	33.3612
78	109	29.2526
93	109	-3.2674
101	109	9.6406
108	109	26.624
86	110	-1.5143
88	110	-0.67521
98	110	-0.67521
104	110	-4.8231
105	110	-3.2674
107	110	0.30445
86	111	0.53071
88	111	-0.67521
98	111	-3.2674
104	111	-1.5143
105	111	-3.2674
107	111	-5.6071
110	111	0.071429
5	112	25.6115
7	112	15.2143
10	112	61.401
21	112	11.9882
28	112	16.7404
40	112	12.6213
42	112	57.8516
44	112	41.1652
52	112	57.5493
66	112	10.3572
67	112	7.2837
78	112	9.4302
93	112	41.8597
101	112	60.6691
108	112	9.6406
109	112	43.6071
86	113	1.9643
88	113	3.2076
98	113	3.5372
104	113	-0.67521
105	113	0.96511
107	113	4.4715
110	113	-3.2674
111	113	4.0138
86	114	0.96511
88	114	1.9643
98	114	1.9643
104	114	-2.1462
105	114	-0.67521
107	114	2.6933
110	114	-4.8231
111	114	2.1517
113	114	-5.6071
22	115	13.6628
27	115	14.0819
37	115	10.3572
38	115	11.4286
39	115	15.293
50	115	12.6213
22	116	14.0819
27	116	13.6628
37	116	10.4572
38	116	11.1425
39	116	14.0819
50	116	11.4286
115	116	-3.2674
1	117	28.663
2	117	26.624
3	117	27.0414
4	117	24.9005
1	118	28.9098
2	118	26.5714
3	118	26.7811
4	118	25.1758
117	118	-5.6071
6	8	-1.6236
8	9	-1.729
6	11	-1.9738
9	11	-2.1986
8	12	-1.8699
11	12	-2.4057
1	13	-0.5842
2	13	-0.50709
3	13	-0.23445
4	13	-0.87945
5	13	-0.7558
6	13	-1.6508
7	13	-1.2307
8	13	-1.7475
9	13	-1.7692
10	13	8.6846
11	13	-1.7981
12	13	-1.9816
6	14	-1.7701
9	14	-1.9032
12	14	-1.9801
13	14	-0.31721
1	15	-0.63412
2	15	-0.57162
3	15	-0.29999
4	15	-0.91982
5	15	-0.81615
6	15	-1.6518
7	15	-1.1748
8	15	-1.8963
9	15	-1.7592
10	15	8.851
11	15	-2.171
12	15	-1.9367
14	15	-0.6004
13	16	-1.2657
15	16	-1.2753
8	17	-2.0502
11	17	-2.1588
13	17	-1.9726
14	17	-1.8191
15	17	-1.9886
13	18	-1.5763
15	18	-1.5375
13	19	-1.8043
15	19	-1.7807
13	20	-1.6987
15	20	-1.6744
13	21	-0.95181
15	21	-0.87741
1	22	0.06168
2	22	-1.1832
3	22	-1.464
4	22	-0.29305
13	22	-1.1759
15	22	-1.1579
20	22	-1.9232
13	23	-1.8512
15	23	-1.8998
1	24	-0.71386
2	24	-0.62593
3	24	-0.35575
4	24	-1.0001
5	24	-0.88458
6	24	-1.8701
7	24	-1.3653
8	24	-1.861
9	24	-2.0141
10	24	7.8613
11	24	-2.087
12	24	-2.1887
14	24	-1.1983
16	24	-1.5134
17	24	-2.2155
18	24	-1.8549
19	24	-2.0473
20	24	-1.6426
21	24	-1.1363
22	24	-1.3939
23	24	-1.8918
1	25	-0.74942
2	25	-0.65811
3	25	-0.38098
4	25	-1.043
5	25	-0.93247
6	25	-1.9908
7	25	-1.2987
8	25	-2.0453
9	25	-2.1199
10	25	8.1277
11	25	-2.4868
12	25	-2.3916
14	25	-1.6023
16	25	-1.5767
17	25	-2.2301
18	25	-1.9383
19	25	-2.0333
20	25	-1.6017
21	25	-1.0971
22	25	-1.3547
23	25	-2.0261
13	26	-1.6668
15	26	-1.6565
24	26	-1.8827
25	26	-1.8984
1	27	0.44069
2	27	-0.85942
3	27	-1.5365
4	27	0.27892
13	27	-0.96457
15	27	-0.95802
20	27	-2.1748
24	27	-1.1722
25	27	-1.137
13	28	-1.3168
15	28	-1.3743
24	28	-1.4396
25	28	-1.4768
13	29	-2.0381
15	29	-1.7836
16	29	-0.43573
24	29	-1.7882
25	29	-1.9273
13	30	-1.1333
15	30	-1.0764
24	30	-1.4284
25	30	-1.4117
29	30	-1.4547
13	31	-1.4953
15	31	-1.499
24	31	-1.7245
25	31	-1.7279
29	31	-1.5783
6	32	-1.4044
9	32	-1.4436
12	32	-1.9689
13	32	-1.3354
15	32	-1.1383
17	32	-1.1249
24	32	-1.6359
25	32	-1.6066
13	33	-1.1327
15	33	-1.0689
24	33	-1.3795
25	33	-1.3703
13	34	-1.2682
15	34	-1.2156
24	34	-1.4969
25	34	-1.4902
13	35	-1.697
15	35	-1.6585
22	35	-0.93794
24	35	-2.0089
25	35	-2.0095
27	35	-1.3436
13	36	-1.3197
15	36	-1.2964
24	36	-1.5367
25	36	-1.5291
1	37	0.13816
2	37	-0.99075
3	37	-1.4091
4	37	-0.14204
13	37	-1.0591
15	37	-1.0418
20	37	-2.1133
24	37	-1.2796
25	37	-1.2358
35	37	-1.6119
1	38	0.17257
2	38	-1.0347
3	38	-1.6252
4	38	-0.045059
13	38	-1.0798
15	38	-1.0638
20	38	-2.1529
24	38	-1.3002
25	38	-1.2536
35	38	-1.5627
1	39	0.76476
2	39	-0.4305
3	39	-1.1826
4	39	0.75603
13	39	-0.99687
15	39	-1.0053
20	39	-2.1431
24	39	-1.1801
25	39	-1.1647
35	39	-1.4373
13	40	-1.5387
15	40	-1.5427
24	40	-1.6312
25	40	-1.6599
13	41	-1.336
15	41	-1.5885
24	41	-1.2238
25	41	-1.5595
13	42	7.8013
15	42	8.1334
24	42	7.9858
25	42	8.3369
13	43	-1.9891
15	43	-1.739
16	43	0.30688
24	43	-2.0413
25	43	-2.21
30	43	-0.98244
31	43	-1.3164
13	44	2.5591
15	44	2.9464
24	44	1.8498
25	44	2.087
13	45	-0.9982
15	45	-0.75153
24	45	-1.5988
25	45	-1.5122
29	45	-2.2267
43	45	-1.6914
13	46	-1.3384
15	46	-1.1317
24	46	-1.8134
25	46	-1.7724
29	46	-2.12
43	46	-1.7299
13	47	-0.91157
15	47	-0.83657
24	47	-1.1638
25	47	-1.1384
13	48	-1.0163
15	48	-0.95078
24	48	-1.2559
25	48	-1.2291
13	49	-1.7874
15	49	-1.7126
22	49	-0.49461
24	49	-2.0872
25	49	-2.0591
27	49	-0.91135
37	49	-1.1209
38	49	-1.0937
39	49	-1.0313
1	50	0.53025
2	50	-0.60348
3	50	-1.264
4	50	0.44303
13	50	-1.0964
15	50	-1.0893
20	50	-1.9224
24	50	-1.3017
25	50	-1.2676
35	50	-1.7143
49	50	-1.2832
13	51	-1.3362
15	51	-1.4334
24	51	-1.1733
25	51	-1.3222
13	52	7.5028
15	52	7.8454
24	52	7.5463
25	52	7.926
1	53	-0.74063
2	53	-0.82772
3	53	-0.5545
4	53	-0.66764
5	53	-0.91013
6	53	-1.2218
7	53	-0.89835
8	53	-1.7838
9	53	-1.2956
10	53	6.3584
11	53	-1.7301
12	53	-1.2571
14	53	-1.5259
16	53	-0.52027
17	53	-1.2425
18	53	-0.95093
19	53	-0.99167
20	53	-0.60277
21	53	-0.82367
22	53	-1.0074
23	53	0.81397
26	53	-1.208
27	53	-1.2993
28	53	-1.3797
29	53	-0.05545
30	53	-1.1836
31	53	-0.95535
32	53	-1.574
33	53	-1.6134
34	53	-1.5724
35	53	-0.97203
36	53	-1.5298
37	53	-1.4167
38	53	-1.3707
39	53	-1.2296
40	53	-1.4227
41	53	0.25562
42	53	7.7527
43	53	-0.48434
44	53	-0.04326
45	53	-1.1571
46	53	-1.1064
47	53	-1.8059
48	53	-1.7908
49	53	-1.1196
50	53	-1.3476
51	53	-1.4906
52	53	9.1467
6	54	-0.31532
9	54	-0.37274
12	54	-0.31864
13	54	2.8104
15	54	3.3536
17	54	-0.44058
24	54	2.2191
25	54	2.9819
53	54	-0.40249
13	55	0.13152
15	55	0.49848
16	55	-0.39232
24	55	-0.43864
25	55	0.0744
30	55	-1.2606
31	55	-1.2753
45	55	-1.5922
46	55	-1.6845
53	55	-1.1571
1	56	-0.60937
2	56	-0.83823
3	56	-0.60901
4	56	-0.53489
5	56	-1.0677
6	56	-1.028
7	56	-0.7707
8	56	-1.6537
9	56	-1.1306
10	56	7.0722
11	56	-1.4861
12	56	-1.0982
14	56	-1.6025
16	56	-0.36461
17	56	-1.1963
18	56	-0.85206
19	56	-0.94294
20	56	-0.52958
21	56	-0.6708
22	56	-0.93229
23	56	-0.13191
26	56	-1.2001
27	56	-1.2616
28	56	-1.4936
29	56	0.5235
30	56	-1.1768
31	56	-1.0624
32	56	-1.4939
33	56	-1.6046
34	56	-1.582
35	56	-0.94406
36	56	-1.5512
37	56	-1.3611
38	56	-1.3116
39	56	-1.2595
40	56	-1.5059
41	56	-0.75078
42	56	8.4569
43	56	-0.16411
44	56	-0.078193
45	56	-1.1946
46	56	-1.1891
47	56	-1.8351
48	56	-1.8472
49	56	-1.1204
50	56	-1.3528
51	56	-2.1912
52	56	9.2598
54	56	-0.65237
55	56	2.1355
13	57	-0.96151
15	57	-0.58762
24	57	-1.7099
25	57	-1.5
29	57	-1.1369
43	57	-1.3883
53	57	-0.86112
55	57	-2.0074
56	57	-0.97461
13	58	-1.1551
15	58	-0.85139
24	58	-1.8103
25	58	-1.6607
29	58	-1.6608
43	58	-2.0118
53	58	-1.0199
55	58	-2.0667
56	58	-1.1626
13	59	-1.483
15	59	-1.2229
24	59	-2.0811
25	59	-1.9725
29	59	-2.0432
43	59	-2.3911
53	59	-0.98458
55	59	-2.1102
56	59	-1.1523
6	60	-1.6855
9	60	-1.6588
12	60	-2.0456
13	60	-1.0939
15	60	-1.0563
17	60	-0.88109
24	60	-1.4579
25	60	-1.4112
53	60	-1.5486
56	60	-1.5684
13	61	-1.5836
15	61	-1.4284
24	61	-2.0395
25	61	-1.9784
29	61	-2.4619
43	61	-2.3819
53	61	-1.1254
55	61	-2.0566
56	61	-1.3421
6	62	-2.1522
9	62	-2.1892
12	62	-2.1814
13	62	-1.6826
15	62	-1.6838
17	62	-1.8159
24	62	-1.9936
25	62	-1.9819
53	62	-1.4381
56	62	-1.444
13	63	-0.67317
15	63	-0.5842
24	63	-0.93263
25	63	-0.88745
53	63	-1.9129
56	63	-1.9329
13	64	-0.76453
15	64	-0.68616
24	64	-1.0099
25	64	-0.96613
53	64	-1.9075
56	64	-1.9201
13	65	-1.6117
15	65	-1.5139
22	65	0.060015
24	65	-1.8656
25	65	-1.8809
27	65	-0.36517
37	65	-0.51213
38	65	-0.50809
39	65	-0.50525
50	65	-0.72749
53	65	-1.3096
56	65	-1.3434
13	66	0.013197
15	66	0.10301
24	66	-0.17468
25	66	-0.13976
53	66	-0.99958
56	66	-0.91688
13	67	-0.17174
15	67	-0.078978
24	67	-0.35007
25	67	-0.30801
53	67	-1.1422
56	67	-1.0208
5	68	-1.1596
7	68	-0.25212
10	68	7.0155
13	68	-1.1346
15	68	-1.0909
18	68	-1.8834
19	68	-1.5323
21	68	2.0026
24	68	-1.3044
25	68	-1.2781
26	68	-1.67
28	68	-1.6658
33	68	-2.0187
34	68	-2.0256
36	68	-1.9467
40	68	-1.8391
42	68	8.5718
44	68	7.8475
47	68	-1.6417
48	68	-1.605
52	68	8.4936
53	68	-1.7824
56	68	-1.7641
63	68	-1.2857
64	68	-1.2256
66	68	6.333
67	68	6.2545
5	69	-1.0881
7	69	0.73593
10	69	6.9371
13	69	-1.3422
15	69	-1.3536
18	69	-1.9991
19	69	-2.2384
21	69	3.5381
24	69	-1.5001
25	69	-1.4745
26	69	-1.9283
28	69	-2.0016
33	69	-1.6144
34	69	-1.6355
36	69	-1.5285
40	69	-1.8652
42	69	8.435
44	69	7.7289
47	69	-1.2594
48	69	-1.2529
52	69	8.3468
53	69	-1.6779
56	69	-1.7173
63	69	-0.96222
64	69	-0.91333
66	69	6.1926
67	69	6.1145
13	70	-0.75001
15	70	-0.86854
24	70	-0.53258
25	70	-0.70554
53	70	-1.9469
56	70	-2.3971
1	71	-0.60396
2	71	-0.80343
3	71	-0.65607
4	71	-0.52318
5	71	-0.99277
6	71	-0.95844
7	71	-0.72797
8	71	-1.4874
9	71	-1.0193
10	71	6.1733
11	71	-1.3908
12	71	-0.95962
14	71	-1.5494
16	71	-0.21877
17	71	-0.96957
18	71	-0.56096
19	71	-0.61938
20	71	-0.25378
21	71	-0.63248
22	71	-0.80263
23	71	1.1044
26	71	-0.84425
27	71	-1.1031
28	71	-1.2685
29	71	0.20231
30	71	-0.82921
31	71	-0.68343
32	71	-1.2084
33	71	-1.2088
34	71	-1.174
35	71	-0.60217
36	71	-1.1662
37	71	-1.2104
38	71	-1.1632
39	71	-1.0461
40	71	-1.2918
41	71	1.0251
42	71	6.9247
43	71	-0.22157
44	71	0.16385
45	71	-0.76295
46	71	-0.74995
47	71	-1.4033
48	71	-1.3927
49	71	-0.74488
50	71	-1.1521
51	71	-1.0707
52	71	7.8185
54	71	-1.4969
55	71	-0.24603
57	71	-0.44116
58	71	-0.63643
59	71	-0.63521
60	71	-1.1522
61	71	-0.82528
62	71	-1.0786
63	71	-1.6283
64	71	-1.6143
65	71	-0.93072
66	71	-1.1976
67	71	-1.3145
68	71	-1.5862
69	71	-1.454
70	71	-1.874
6	72	-0.028937
9	72	-0.083373
12	72	-0.0049022
13	72	1.8709
15	72	2.3525
17	72	-0.1978
24	72	1.3194
25	72	1.936
53	72	-0.69266
56	72	0.76061
71	72	-1.6028
13	73	-0.327
15	73	-0.011335
16	73	0.11566
24	73	-0.8433
25	73	-0.49924
30	73	-0.71281
31	73	-0.88973
45	73	-0.9442
46	73	-1.1192
53	73	-1.9024
56	73	-2.0046
57	73	-1.2368
58	73	-1.4198
59	73	-1.5484
61	73	-1.6588
71	73	-1.2173
13	74	-0.92747
15	74	-0.67065
16	74	0.5492
24	74	-1.4271
25	74	-1.2324
30	74	-0.31199
31	74	-0.75961
45	74	-0.48432
46	74	-0.79067
53	74	-1.7141
56	74	-1.9039
57	74	-0.77823
58	74	-1.1366
59	74	-1.3764
61	74	-1.6539
71	74	-1.3194
6	75	-2.3268
9	75	-2.286
12	75	-2.2923
13	75	-1.883
15	75	-1.8481
17	75	-1.915
24	75	-1.8019
25	75	-1.8925
53	75	-1.1847
56	75	-1.2778
71	75	-0.93466
13	76	-0.50213
15	76	-0.41199
24	76	-0.74965
25	76	-0.69049
53	76	-1.8526
56	76	-1.8147
68	76	-0.88169
69	76	-0.67549
71	76	-1.8202
13	77	-1.2322
15	77	-1.1241
22	77	0.35726
24	77	-1.4972
25	77	-1.4829
27	77	-0.080178
37	77	-0.18059
38	77	-0.19489
39	77	-0.23974
50	77	-0.44048
53	77	-1.6706
56	77	-1.7354
71	77	-1.2871
13	78	0.11442
15	78	0.21566
24	78	-0.078739
25	78	-0.030661
53	78	-0.91852
56	78	-0.79593
68	78	6.2252
69	78	6.7544
71	78	-1.1308
5	79	-0.90444
7	79	0.79269
10	79	6.7541
13	79	-1.3283
15	79	-1.3418
18	79	-1.7972
19	79	-2.275
21	79	3.2341
24	79	-1.4717
25	79	-1.4623
26	79	-2.1025
28	79	-2.2789
33	79	-1.6403
34	79	-1.711
36	79	-1.711
40	79	-2.2231
42	79	8.2896
44	79	7.5049
47	79	-1.331
48	79	-1.3625
52	79	8.1979
53	79	-1.6259
56	79	-1.6739
63	79	-1.0419
64	79	-1.0216
66	79	5.63
67	79	5.344
71	79	-1.4141
76	79	-0.78716
78	79	6.2686
5	80	-0.84702
7	80	1.2584
10	80	6.4955
13	80	-1.2595
15	80	-1.282
18	80	-1.7594
19	80	-2.1757
21	80	3.596
24	80	-1.4101
25	80	-1.3941
26	80	-1.9534
28	80	-2.0088
33	80	-1.5599
34	80	-1.6174
36	80	-1.6434
40	80	-1.8558
42	80	7.9908
44	80	7.2256
47	80	-1.2627
48	80	-1.2982
52	80	7.8924
53	80	-1.5548
56	80	-1.604
63	80	-1.0078
64	80	-0.99306
66	80	5.4579
67	80	5.28
71	80	-1.3531
76	80	-0.79423
78	80	5.9672
1	81	-0.51646
2	81	-0.70755
3	81	-0.69801
4	81	-0.42922
5	81	-0.95976
6	81	-0.75764
7	81	-0.65862
8	81	-1.375
9	81	-0.79684
10	81	5.6309
11	81	-1.3144
12	81	-0.72035
14	81	-1.3783
16	81	-0.11513
17	81	-0.70687
18	81	-0.3856
19	81	-0.43741
20	81	-0.1277
21	81	-0.55168
22	81	-0.6642
23	81	1.5332
26	81	-0.64212
27	81	-0.94859
28	81	-1.1143
29	81	0.17882
30	81	-0.62987
31	81	-0.49449
32	81	-0.96035
33	81	-0.97769
34	81	-0.94325
35	81	-0.43816
36	81	-0.94113
37	81	-1.049
38	81	-1.0029
39	81	-0.88607
40	81	-1.1319
41	81	2.0646
42	81	5.7029
43	81	-0.16421
44	81	0.41786
45	81	-0.52106
46	81	-0.51498
47	81	-1.1479
48	81	-1.1375
49	81	-0.56145
50	81	-0.98325
51	81	-0.63817
52	81	6.1328
54	81	-1.7152
55	81	-0.13312
57	81	-0.1592
58	81	-0.36057
59	81	-0.37045
60	81	-0.86433
61	81	-0.57105
62	81	-0.79818
63	81	-1.3452
64	81	-1.334
65	81	-0.72497
66	81	-1.206
67	81	-1.2883
68	81	-1.4321
69	81	-1.2567
70	81	-1.5663
72	81	-1.9908
73	81	-0.81471
74	81	-1.0502
75	81	-0.64369
76	81	-1.5372
77	81	-1.0507
78	81	-1.2669
79	81	-1.2012
80	81	-1.1469
13	82	-0.093761
15	82	0.16532
16	82	-0.10428
24	82	-0.47527
25	82	-0.16582
30	82	-0.85045
31	82	-1.0266
45	82	-1.0226
46	82	-1.198
53	82	-2.1084
56	82	-0.5085
57	82	-1.1952
58	82	-1.4083
59	82	-1.5537
61	82	-1.7067
71	82	-1.6714
81	82	-1.0392
1	83	-0.44498
2	83	-0.69338
3	83	-0.92038
4	83	-0.3657
5	83	-1.0215
6	83	-0.44612
7	83	-0.55002
8	83	-1.1562
9	83	-0.51186
10	83	6.5348
11	83	-0.9874
12	83	-0.42819
14	83	-1.2315
16	83	0.28403
17	83	-0.55488
18	83	-0.21009
19	83	-0.32349
20	83	-0.016496
21	83	-0.4103
22	83	-0.62354
23	83	0.57966
26	83	-0.57268
27	83	-0.93931
28	83	-1.1927
29	83	0.68393
30	83	-0.33864
31	83	-0.38438
32	83	-0.65633
33	83	-0.90016
34	83	-0.88038
35	83	-0.37281
36	83	-0.89955
37	83	-1.0364
38	83	-0.98676
39	83	-0.92949
40	83	-1.172
41	83	0.4865
42	83	7.2419
43	83	0.17649
44	83	1.2678
45	83	-0.24597
46	83	-0.31865
47	83	-1.1219
48	83	-1.1106
49	83	-0.52862
50	83	-1.0076
51	83	-1.2225
52	83	7.7757
54	83	-0.91743
55	83	1.5001
57	83	0.068795
58	83	-0.21391
59	83	-0.2788
60	83	-0.63711
61	83	-0.55926
62	83	-0.60826
63	83	-1.3636
64	83	-1.3442
65	83	-0.72706
66	83	-1.1561
67	83	-1.1526
68	83	-1.4064
69	83	-1.2717
70	83	-1.9147
72	83	-1.148
73	83	0.1172
74	83	-0.82426
75	83	-0.492
76	83	-1.5013
77	83	-1.0814
78	83	-1.1459
79	83	-1.2565
80	83	-1.1967
82	83	1.6193
13	84	0.13361
15	84	0.4856
24	84	-0.49152
25	84	-0.23318
29	84	0.27839
43	84	0.56543
53	84	-2.1685
55	84	-1.5962
56	84	-1.7832
71	84	-1.7787
73	84	-2.1577
74	84	-1.5123
81	84	-1.3368
82	84	-2.373
83	84	-1.4351
6	85	-1.9407
9	85	-1.9807
12	85	-2.2181
13	85	-1.4922
15	85	-1.4355
17	85	-1.4902
24	85	-1.7697
25	85	-1.775
53	85	-1.1421
56	85	-1.2355
71	85	-0.96312
81	85	-0.74295
83	85	-0.69864
13	86	-1.4899
15	86	-1.3704
16	86	-1.3292
24	86	-1.989
25	86	-1.8301
30	86	-2.1534
31	86	-1.2097
45	86	-2.4568
46	86	-2.5264
53	86	-1.0861
56	86	-1.3451
57	86	-1.9922
58	86	-2.1742
59	86	-2.4151
61	86	-2.1418
71	86	-0.79773
81	86	-0.5785
83	86	-0.56947
84	86	-0.9402
6	87	-2.0833
9	87	-2.1255
12	87	-2.3925
13	87	-1.5358
15	87	-1.5011
17	87	-1.7595
24	87	-1.9793
25	87	-1.7858
53	87	-1.2473
56	87	-1.3381
71	87	-1.1009
81	87	-0.85884
83	87	-0.83878
13	88	-1.7739
15	88	-1.6698
16	88	-1.7878
24	88	-1.8679
25	88	-1.9076
30	88	-2.5257
31	88	-2.0223
45	88	-2.0628
46	88	-2.3457
53	88	-0.92174
56	88	-1.189
57	88	-1.7157
58	88	-1.8096
59	88	-1.8707
61	88	-1.5674
71	88	-0.64642
81	88	-0.45728
83	88	-0.43491
84	88	-0.86868
13	89	-0.75749
15	89	-0.61101
22	89	0.60152
24	89	-1.0561
25	89	-1.0105
27	89	0.20873
37	89	0.13778
38	89	0.12214
39	89	0.078103
50	89	-0.092856
53	89	-1.8431
56	89	-1.9219
71	89	-1.5563
81	89	-1.3098
83	89	-1.4631
13	90	-0.81316
15	90	-0.68066
22	90	0.5928
24	90	-1.0919
25	90	-1.0544
27	90	0.17556
37	90	0.10846
38	90	0.087284
39	90	0.025703
50	90	-0.15032
53	90	-1.9947
56	90	-2.0256
71	90	-1.6393
81	90	-1.3676
83	90	-1.439
5	91	-0.72677
7	91	0.82112
10	91	6.5554
13	91	-1.2228
15	91	-1.244
18	91	-1.6069
19	91	-2.148
21	91	2.9792
24	91	-1.3505
25	91	-1.3504
26	91	-2.0171
28	91	-2.1681
33	91	-1.5063
34	91	-1.5913
36	91	-1.8413
40	91	-2.1364
42	91	8.1281
44	91	7.268
47	91	-1.3309
48	91	-1.4207
52	91	8.0327
53	91	-1.5651
56	91	-1.6154
63	91	-1.1161
64	91	-1.1291
66	91	5.1092
67	91	4.6855
71	91	-1.3928
76	91	-0.90237
78	91	5.6987
81	91	-1.1527
83	91	-1.2296
13	92	-0.35067
15	92	-0.45114
24	92	-0.076036
25	92	-0.23006
53	92	-1.7359
56	92	-1.5194
71	92	-2.0351
81	92	-1.9174
83	92	-2.1901
13	93	3.8846
15	93	4.2643
24	93	3.4086
25	93	3.7481
53	93	1.8617
56	93	2.6043
68	93	8.0732
69	93	7.9874
71	93	1.3432
79	93	7.8066
80	93	7.4737
81	93	0.54686
83	93	1.12
91	93	7.6115
13	94	0.21019
15	94	0.5607
24	94	-0.38567
25	94	-0.11184
29	94	0.54908
43	94	0.87309
53	94	-2.0747
55	94	-1.1023
56	94	-1.4713
71	94	-1.756
73	94	-1.4715
74	94	-0.60134
81	94	-1.3542
82	94	-1.7901
83	94	-1.4151
86	94	-0.42276
88	94	-0.44395
13	95	-0.10178
15	95	0.21856
24	95	-0.67601
25	95	-0.43377
29	95	0.097622
43	95	0.30754
53	95	-2.0744
55	95	-1.3557
56	95	-1.7579
71	95	-1.7704
73	95	-1.7426
74	95	-1.0769
81	95	-1.3953
82	95	-1.8762
83	95	-1.4095
86	95	-0.25475
88	95	-0.31405
13	96	-0.38405
15	96	-0.092964
24	96	-0.93394
25	96	-0.719
29	96	-0.29739
43	96	-0.17581
53	96	-2.043
55	96	-1.5521
56	96	-1.9943
71	96	-1.7419
73	96	-1.9412
74	96	-1.417
81	96	-1.3484
82	96	-1.9088
83	96	-1.3577
86	96	-0.21396
88	96	-0.36648
13	97	-0.30776
15	97	-0.13295
22	97	0.79258
24	97	-0.6266
25	97	-0.54671
27	97	0.4232
37	97	0.36951
38	97	0.35357
39	97	0.30634
50	97	0.15336
53	97	-1.8791
56	97	-1.7059
71	97	-1.8039
81	97	-1.5004
83	97	-1.5199
13	98	-1.0692
15	98	-1.0182
16	98	-1.4276
24	98	-1.5011
25	98	-1.3753
30	98	-2.0561
31	98	-1.3313
45	98	-2.0441
46	98	-2.0818
53	98	-1.6809
56	98	-1.9029
57	98	-2.1598
58	98	-2.1621
59	98	-2.0725
61	98	-1.2623
71	98	-1.3974
81	98	-1.1702
83	98	-1.2198
84	98	-1.6684
94	98	-1.3316
95	98	-1.2979
96	98	-1.5205
13	99	-0.60257
15	99	-0.46275
22	99	0.91714
24	99	-0.87824
25	99	-0.82993
27	99	0.50134
37	99	0.46724
38	99	0.43647
39	99	0.34543
50	99	0.18949
53	99	-1.9614
56	99	-1.93
71	99	-1.8424
81	99	-1.4874
83	99	-1.5084
13	100	-0.69288
15	100	-0.56701
22	100	0.97365
24	100	-0.9543
25	100	-0.91366
27	100	0.5296
37	100	0.50922
38	100	0.46767
39	100	0.34749
50	100	0.19021
53	100	-1.9595
56	100	-1.9534
71	100	-1.7853
81	100	-1.4538
83	100	-1.4653
13	101	7.1985
15	101	7.4543
24	101	7.1823
25	101	7.4285
53	101	7.3549
56	101	7.9781
68	101	8.6895
69	101	8.5486
71	101	7.7247
79	101	8.3865
80	101	8.0529
81	101	7.8314
83	101	8.7053
91	101	8.2074
13	102	-0.58181
15	102	-0.39036
16	102	0.44869
24	102	-0.9138
25	102	-0.73971
30	102	-0.14962
31	102	-0.6621
45	102	-0.085084
46	102	-0.41434
53	102	-1.9323
56	102	-1.5842
57	102	0.091383
58	102	-0.35187
59	102	-0.71004
61	102	-1.2328
71	102	-1.6937
81	102	-1.187
83	102	-1.5695
84	102	-1.3733
94	102	-2.2138
95	102	-2.112
96	102	-2.0475
13	103	0.10943
15	103	0.4621
24	103	-0.46824
25	103	-0.18018
29	103	0.67512
43	103	0.99996
53	103	-1.7795
55	103	-0.75479
56	103	-1.3784
71	103	-1.4778
73	103	-0.98539
74	103	-0.067161
81	103	-1.0698
82	103	-1.2382
83	103	-1.1985
86	103	-0.38523
88	103	-0.4799
98	103	-1.4432
102	103	-1.3541
13	104	-0.56222
15	104	-0.45816
16	104	-0.65924
24	104	-1.0254
25	104	-0.84447
30	104	-1.2275
31	104	-0.87253
45	104	-1.7073
46	104	-1.3697
53	104	-2.0648
56	104	-1.9085
57	104	-2.0113
58	104	-1.8127
59	104	-1.5585
61	104	-1.4259
71	104	-1.8215
81	104	-1.4563
83	104	-1.5651
84	104	-2.5705
94	104	-2
95	104	-2.1062
96	104	-2.3727
103	104	-1.9709
13	105	-0.66315
15	105	-0.58433
16	105	-0.91459
24	105	-1.1059
25	105	-0.94594
30	105	-1.5721
31	105	-1.3873
45	105	-2.0115
46	105	-1.744
53	105	-2.0863
56	105	-1.9703
57	105	-2.2168
58	105	-2.1037
59	105	-1.9512
61	105	-1.8551
71	105	-1.7797
81	105	-1.4784
83	105	-1.5868
84	105	-2.3243
94	105	-1.9233
95	105	-1.9808
96	105	-2.3761
103	105	-1.9793
13	106	-0.34861
15	106	-0.18546
22	106	0.77761
24	106	-0.63986
25	106	-0.56852
27	106	0.37066
37	106	0.34851
38	106	0.31541
39	106	0.2186
50	106	0.072783
53	106	-1.8362
56	106	-1.6746
71	106	-1.7615
81	106	-1.4236
83	106	-1.4724
13	107	-0.97949
15	107	-0.94236
16	107	-1.3208
24	107	-1.3759
25	107	-1.2653
30	107	-1.8663
31	107	-1.0257
45	107	-1.9222
46	107	-1.934
53	107	-1.7353
56	107	-1.8536
57	107	-2.1067
58	107	-2.0921
59	107	-1.9796
61	107	-1.1185
71	107	-1.4786
81	107	-1.2432
83	107	-1.3555
84	107	-1.992
94	107	-1.7526
95	107	-1.7798
96	107	-2.1185
103	107	-1.9577
13	108	0.63014
15	108	0.74133
24	108	0.4425
25	108	0.49945
53	108	-0.39927
56	108	-0.27557
68	108	4.7668
69	108	6.0877
71	108	-0.60955
79	108	6.5063
80	108	6.3247
81	108	-0.83759
83	108	-0.78825
91	108	6.4648
13	109	4.4064
15	109	4.7406
24	109	4.0511
25	109	4.3614
53	109	2.8772
56	109	3.72
68	109	7.5154
69	109	7.8057
71	109	2.5264
79	109	7.6207
80	109	7.2667
81	109	1.7357
83	109	2.9507
91	109	7.4208
13	110	-0.39886
15	110	-0.26858
16	110	-0.40248
24	110	-0.87073
25	110	-0.6638
30	110	-0.80683
31	110	-0.57126
45	110	-1.184
46	110	-0.85325
53	110	-1.8221
56	110	-1.7081
57	110	-1.4563
58	110	-1.201
59	110	-0.91704
61	110	-0.79233
71	110	-1.5874
81	110	-1.1898
83	110	-1.3769
84	110	-1.8105
94	110	-1.9564
95	110	-1.8361
96	110	-1.3217
103	110	-1.6687
13	111	-0.69511
15	111	-0.6497
16	111	-1.109
24	111	-1.0876
25	111	-0.9589
30	111	-1.773
31	111	-1.0933
45	111	-2.0438
46	111	-1.9056
53	111	-1.9704
56	111	-1.8473
57	111	-2.0675
58	111	-2.0478
59	111	-2.0394
61	111	-1.2716
71	111	-1.7228
81	111	-1.3818
83	111	-1.5133
84	111	-2.3614
94	111	-2.1549
95	111	-2.2318
96	111	-2.4841
103	111	-2.1148
13	112	-0.0063768
15	112	0.071032
24	112	-0.12886
25	112	-0.096548
53	112	-0.85261
56	112	-0.76541
68	112	0.64011
69	112	2.1166
71	112	-1.0168
79	112	1.9048
80	112	3.4524
81	112	-1.1689
83	112	-1.1342
91	112	1.5624
13	113	-0.11858
15	113	0.066646
16	113	-0.20767
24	113	-0.61743
25	113	-0.3494
30	113	-0.42567
31	113	-0.33721
45	113	-0.66057
46	113	-0.37513
53	113	-1.4831
56	113	-1.3155
57	113	-0.59984
58	113	-0.56204
59	113	-0.31385
61	113	-0.28673
71	113	-1.2356
81	113	-0.80796
83	113	-1.0807
84	113	-0.60776
94	113	-0.6078
95	113	-0.42754
96	113	0.18746
103	113	-0.32284
13	114	-0.26751
15	114	-0.10734
16	114	-0.29604
24	114	-0.75082
25	114	-0.5075
30	114	-0.59034
31	114	-0.49203
45	114	-0.8639
46	114	-0.5753
53	114	-1.5713
56	114	-1.469
57	114	-0.95639
58	114	-0.8064
59	114	-0.55747
61	114	-0.54329
71	114	-1.3301
81	114	-0.91863
83	114	-1.155
84	114	-1.0377
94	114	-1.0846
95	114	-0.92778
96	114	-0.38848
103	114	-0.7831
1	115	1.5129
2	115	1.0756
3	115	0.91524
4	115	1.2897
13	115	-0.6874
15	115	-0.58837
20	115	1.1597
24	115	-0.90572
25	115	-0.86621
35	115	0.3151
49	115	-0.04785
53	115	-1.671
56	115	-1.5935
65	115	-0.59199
71	115	-1.5753
77	115	-0.94112
81	115	-1.3463
83	115	-1.4056
89	115	-1.894
90	115	-1.6132
97	115	-2.287
99	115	-2.1137
100	115	-1.8486
106	115	-2.0212
1	116	1.7121
2	116	1.2431
3	116	1.0551
4	116	1.5093
13	116	-0.67992
15	116	-0.59592
20	116	0.9851
24	116	-0.87637
25	116	-0.847
35	116	0.17843
49	116	-0.16239
53	116	-1.5915
56	116	-1.5629
65	116	-0.69049
71	116	-1.6036
77	116	-1.0051
81	116	-1.364
83	116	-1.4556
89	116	-1.8477
90	116	-1.5902
97	116	-2.255
99	116	-2.0447
100	116	-1.8174
106	116	-1.9708
13	117	-0.81686
15	117	-0.74351
22	117	2.5839
24	117	-0.9378
25	117	-0.93596
27	117	3.0485
37	117	2.4259
38	117	2.7784
39	117	3.6132
50	117	3.2594
53	117	-1.4711
56	117	-1.5185
71	117	-1.4127
81	117	-1.2392
83	117	-1.362
115	117	-2.077
116	117	-2.1004
13	118	-0.81548
15	118	-0.74587
22	118	2.4563
24	118	-0.93206
25	118	-0.93263
27	118	2.9002
37	118	2.2817
38	118	2.627
39	118	3.4374
50	118	3.0705
53	118	-1.45
56	118	-1.5104
71	118	-1.4646
81	118	-1.289
83	118	-1.4109
115	118	-2.0655
116	118	-2.0851
offset
60
